0.3530136636343668 43.958694534207
0.3551229587580971 33.401250444631884
0.3572368034089756 23.6950539750447
0.3615552928140099 18.633606245054306
0.365917737219902 13.68085256908754
0.37256659438437595 9.06159730028926
0.3770703993539794 7.1259696737837315
0.38162434722789074 5.414666341349075
0.38857173904621906 3.975554757919834
0.3980365517626505 2.725276725747875
0.4052872927803991 2.070847549327622
0.41266546359782236 1.5204570898093146
0.42018268881311144 1.1553449998459784
0.42784649521437973 0.9403124213348458
0.44091150888744773 0.5815142844137737
0.4571368016831839 0.3721944336572996
0.48262558426501856 0.22242611174355337
0.5188583322025919 0.12844569627808883
0.5478132495313836 0.08806054708922406
0.6070336556316398 0.054473726221357224
0.6605921290105816 0.038655326107926435
0.7320455587365383 0.028390461560659226
0.8112003684652633 0.018810533823952525
0.9153920886587325 0.01335002636582356
1.014406141969721 0.009804946653780346
1.1447237051947834 0.00745331027385343
1.2533211994828384 0.005862943293628177
1.3639630077110267 0.004772916945049683
1.5207169690427067 0.003885896454753845
1.6350495028077257 0.0030565277586241963
1.7900420890422752 0.0019567076752041077
2.06925295457878 0.0010921083931165441
2.3068285901136836 0.0006527843871659593
2.618822435704919 0.0004179517116277201
3.0828002149453315 0.0002498723721776152
3.6509938951822005 0.00014938953050406867
4.5932104123476485 0.0000752423907509722
5.606723819926855 0.00004347123533012057
7.0964442651613675 0.000021895466198958723
8.714459104050906 0.000011027002097376758
10.832216966050645 0.000006593829400494626
13.143712256740425 0.000004844485733012762
16.340614650511895 0.000004848419086764024
19.471292512201114 0.0000036863132368292494
