0.09979070294538815 5.908623941022487e-32
0.21215858028862394 2.555537777602419e-32
0.49048738657149205 7.269026274020392e-33
1.58555745381592 7.776761617543578e-34
5.125498653337512 8.319961845817969e-35
12.885464862395434 2.058012115866273e-35
27.394956151986015 1.3534614951119803e-35
81.43817364198956 1.3534614951119803e-35
222.6325788786348 3.1293198102410896e-35
816.0897883098128 1.0259409050237734e-34
10515.696291825887 1.1824990728520367e-33
300404.89589395805 3.379224045680513e-32
10648723321.884253 1.1991335193505799e-27
9792663220.179045 7.544912302384238e-17
661.8295176854238 5.234895153283342e-24
173.14045087585458 1.968958681696223e-24
81.43817364198956 1.4890247659206908e-24
29.789782607505586 1.712258228223836e-24
10.020973602593578 2.6035821424567768e-24
5.57356214738522 3.9588888292576054e-24
2.0387884120527424 5.234895153283342e-24
1.0427936121607875 6.0197066598528106e-24
0.45105668024723417 4.8817363151955375e-24
0.23070516886580072 3.4427537944473704e-24
0.09979070294538815 1.968958681696223e-24
