2702796.684052734 6.909013772217918e-30
2693183.3858266245 1.0438874832137583e-26
116339708.67966475 9.159707166769271e-27
763549594.7856203 1.6250540190603889e-25
158370772576.9317 1.851995395876484e-25
145974534398.18887 9.833332623923164e-23
123793890010140770 1.1206573155123603e-22
132262760198388600 1.0150518803706922e-11
8628449751.910728 4.2278071244028055e-19
7349704123.470868 5.605065569970487e-16
116100.48736344666 1.988195300794834e-21
115886.4567335523 8.807445398151378e-20
67.3847771562692 1.6587813054473969e-22
0.09234611299722907 3.5273232052167815e-20
0.10032215455699221 4.267468423506726e-24
0.4841536760086406 1.592012495072095e-28
2.1522630485295062 1.1654790214816629e-29
2.339942452923723 2.9374082796519636e-34
