# mx [GeV]: 30.0
# sigma_p [cm^2]: 1e-31
# depth [m]: 10.6
# target: full
# Columns: gamma/pi, v [km/s], f(v, gamma) [s/km]
0.000000000000000000e+00 1.000000000000000000e+00 2.133379935904250718e-03
0.000000000000000000e+00 1.229210141393693778e+00 1.725097043483746640e-03
0.000000000000000000e+00 1.510957571705104696e+00 1.396895465816818923e-03
0.000000000000000000e+00 1.857284370355503977e+00 1.194998248649626780e-03
0.000000000000000000e+00 2.282992783492986621e+00 1.161752490449793895e-03
0.000000000000000000e+00 2.806277882198196405e+00 1.041445537157960257e-03
0.000000000000000000e+00 3.449505232366840701e+00 9.122715076145562719e-04
0.000000000000000000e+00 4.240166814415931462e+00 8.142292073437117257e-04
0.000000000000000000e+00 5.212056049481054387e+00 7.882105767169100309e-04
0.000000000000000000e+00 6.406712153534463106e+00 7.187387868225693539e-04
0.000000000000000000e+00 7.875195552114794495e+00 6.687247750405855189e-04
0.000000000000000000e+00 9.680270238118016124e+00 6.199030528640499336e-04
0.000000000000000000e+00 1.189908634812621102e+01 5.796479585149431728e-04
0.000000000000000000e+00 1.462647761243598765e+01 5.733582947942931921e-04
0.000000000000000000e+00 1.797901461407414558e+01 5.454308740168035529e-04
0.000000000000000000e+00 2.209998709588536414e+01 5.617942819400136619e-04
0.000000000000000000e+00 2.716552826293205314e+01 5.631666067875421228e-04
0.000000000000000000e+00 3.027246663311663966e+01 5.681296648816186283e-04
0.000000000000000000e+00 3.339214283711309150e+01 5.706215255190208750e-04
0.000000000000000000e+00 3.461928235479492599e+01 5.709791064218044162e-04
0.000000000000000000e+00 3.896609807647321588e+01 5.657066400986593196e-04
0.000000000000000000e+00 4.104596061824619113e+01 5.667056892320193606e-04
0.000000000000000000e+00 4.331291379815149867e+01 5.664771869362753964e-04
0.000000000000000000e+00 4.765972951982978856e+01 5.512346308039118735e-04
0.000000000000000000e+00 5.045411105519441008e+01 5.499974468288035441e-04
0.000000000000000000e+00 5.200654524150807845e+01 5.485962645974612820e-04
0.000000000000000000e+00 5.635336096318636123e+01 5.402350927949748499e-04
0.000000000000000000e+00 6.070017668486465112e+01 5.303184019234157736e-04
0.000000000000000000e+00 6.504699240654294101e+01 5.042772329600216314e-04
0.000000000000000000e+00 6.939380812822122380e+01 4.897834097779656115e-04
0.000000000000000000e+00 7.374062384989950658e+01 4.722599077676799739e-04
0.000000000000000000e+00 7.808743957157780358e+01 4.651431538693555725e-04
0.000000000000000000e+00 8.243425529325608636e+01 4.233038906630371746e-04
0.000000000000000000e+00 8.678107101493436915e+01 4.029181734868721057e-04
0.000000000000000000e+00 9.112788673661266614e+01 3.810021465529251456e-04
0.000000000000000000e+00 9.547470245829094893e+01 3.609444559988284106e-04
0.000000000000000000e+00 9.982151817996923171e+01 3.298893398543830649e-04
0.000000000000000000e+00 1.041683339016475145e+02 3.089068995285236215e-04
0.000000000000000000e+00 1.085151496233258115e+02 2.881890156530178917e-04
0.000000000000000000e+00 1.128619653450040943e+02 2.721276540208106449e-04
0.000000000000000000e+00 1.172087810666823771e+02 2.418205663982538045e-04
0.000000000000000000e+00 1.215555967883606741e+02 2.235164736825557099e-04
0.000000000000000000e+00 1.259024125100389568e+02 2.058172026986844006e-04
0.000000000000000000e+00 1.302492282317172396e+02 1.841173528303378893e-04
0.000000000000000000e+00 1.345960439533955366e+02 1.689675197476456757e-04
0.000000000000000000e+00 1.389428596750738336e+02 1.545314477922829510e-04
0.000000000000000000e+00 1.432896753967521022e+02 1.392191900958788674e-04
0.000000000000000000e+00 1.476364911184303992e+02 1.241594196364429327e-04
0.000000000000000000e+00 1.519833068401086962e+02 1.110749823452584291e-04
0.000000000000000000e+00 1.563301225617869648e+02 1.008388241575034047e-04
0.000000000000000000e+00 1.606769382834652617e+02 8.801646564000245967e-05
0.000000000000000000e+00 1.650237540051435303e+02 7.966584377037703112e-05
0.000000000000000000e+00 1.693705697268218273e+02 6.846165959927685710e-05
0.000000000000000000e+00 1.737173854485001243e+02 5.880201739692053045e-05
0.000000000000000000e+00 1.780642011701783929e+02 5.303892500004943935e-05
0.000000000000000000e+00 1.824110168918566899e+02 4.241317750636581602e-05
0.000000000000000000e+00 1.867578326135349869e+02 3.639551864311821859e-05
0.000000000000000000e+00 1.911046483352132555e+02 3.059629134124875691e-05
0.000000000000000000e+00 1.954514640568915524e+02 2.405103326319626500e-05
0.000000000000000000e+00 1.997982797785698210e+02 1.510563670466473537e-05
0.000000000000000000e+00 2.018164442207776119e+02 0.000000000000000000e+00
1.000000000000000056e-01 1.000000000000000000e+00 2.428709697885294942e-03
1.000000000000000056e-01 1.237119645945865098e+00 1.985210855548563691e-03
1.000000000000000056e-01 1.530465018385222864e+00 1.539150133665835541e-03
1.000000000000000056e-01 1.893368341677259092e+00 1.308152521824443391e-03
1.000000000000000056e-01 2.342323172500880624e+00 1.286327468906624553e-03
1.000000000000000056e-01 2.897734013855084889e+00 1.153739998877723787e-03
1.000000000000000056e-01 3.584843677265693973e+00 9.969992240963234612e-04
1.000000000000000056e-01 4.434880540790207881e+00 8.948041586387399686e-04
1.000000000000000056e-01 5.486477844434589635e+00 8.596429031101551071e-04
1.000000000000000056e-01 6.787429528396754286e+00 7.952848023415543584e-04
1.000000000000000056e-01 8.396862415052702033e+00 7.296686530919956797e-04
1.000000000000000056e-01 1.038792345796614214e+01 6.663014748232232772e-04
1.000000000000000056e-01 1.285110419043182262e+01 6.368568900049364915e-04
1.000000000000000056e-01 1.589835346608044375e+01 6.239035766996364838e-04
1.000000000000000056e-01 1.966816541107964866e+01 6.141973732033851078e-04
1.000000000000000056e-01 2.433187382975956936e+01 6.164169406211979577e-04
1.000000000000000056e-01 3.010143913747162259e+01 6.202279738336560723e-04
1.000000000000000056e-01 3.419586714108814363e+01 6.217731196736872449e-04
1.000000000000000056e-01 3.723908172820991069e+01 6.222799955690772608e-04
1.000000000000000056e-01 3.910604293570592915e+01 6.218081944069587998e-04
1.000000000000000056e-01 4.401621873032371468e+01 6.179253489694207062e-04
1.000000000000000056e-01 4.606919960295218885e+01 6.169450381313552065e-04
1.000000000000000056e-01 4.892639452494150021e+01 6.132458583052866541e-04
1.000000000000000056e-01 5.383657031955928574e+01 6.029923271611841058e-04
1.000000000000000056e-01 5.699311190181357745e+01 5.923133566894705137e-04
1.000000000000000056e-01 5.874674611417707126e+01 5.879690648684334680e-04
1.000000000000000056e-01 6.365692190879484968e+01 5.726719528097819938e-04
1.000000000000000056e-01 6.856709770341262811e+01 5.536093172541131082e-04
1.000000000000000056e-01 7.347727349803042785e+01 5.266591493311559074e-04
1.000000000000000056e-01 7.838744929264819916e+01 5.046496680346498681e-04
1.000000000000000056e-01 8.329762508726599890e+01 4.799248687502508906e-04
1.000000000000000056e-01 8.820780088188377022e+01 4.517950985164585613e-04
1.000000000000000056e-01 9.311797667650155574e+01 4.217134391066526154e-04
1.000000000000000056e-01 9.802815247111934127e+01 3.955863661299401850e-04
1.000000000000000056e-01 1.029383282657371268e+02 3.663807920590647920e-04
1.000000000000000056e-01 1.078485040603549123e+02 3.393969351674433216e-04
1.000000000000000056e-01 1.127586798549726979e+02 3.121535617265310306e-04
1.000000000000000056e-01 1.176688556495904834e+02 2.851155634012303560e-04
1.000000000000000056e-01 1.225790314442082689e+02 2.610093556766033846e-04
1.000000000000000056e-01 1.274892072388260544e+02 2.369465527294387205e-04
1.000000000000000056e-01 1.323993830334438258e+02 2.143969344235995304e-04
1.000000000000000056e-01 1.373095588280616255e+02 1.929677829154588064e-04
1.000000000000000056e-01 1.422197346226794252e+02 1.736351134437197775e-04
1.000000000000000056e-01 1.471299104172971965e+02 1.554907466065898560e-04
1.000000000000000056e-01 1.520400862119149679e+02 1.377507238126681008e-04
1.000000000000000056e-01 1.569502620065327392e+02 1.227111216108091893e-04
1.000000000000000056e-01 1.618604378011505389e+02 1.082305123031362726e-04
1.000000000000000056e-01 1.667706135957683387e+02 9.495251047977621567e-05
1.000000000000000056e-01 1.716807893903861100e+02 8.284882834232436960e-05
1.000000000000000056e-01 1.765909651850039097e+02 7.162703748095510426e-05
1.000000000000000056e-01 1.815011409796216810e+02 6.156787794618789216e-05
1.000000000000000056e-01 1.864113167742394808e+02 5.148725662021955748e-05
1.000000000000000056e-01 1.913214925688572521e+02 4.301014172983455715e-05
1.000000000000000056e-01 1.962316683634750234e+02 3.419068154999533758e-05
1.000000000000000056e-01 2.011418441580928231e+02 2.684645421696152162e-05
1.000000000000000056e-01 2.060520199527105945e+02 2.012939981279340018e-05
1.000000000000000056e-01 2.109621957473283942e+02 1.442757407268638014e-05
1.000000000000000056e-01 2.158723715419461655e+02 9.501654073273715060e-06
1.000000000000000056e-01 2.207825473365639652e+02 5.192364398067612143e-06
1.000000000000000056e-01 2.256927231311817366e+02 1.550278666740899204e-06
1.000000000000000056e-01 2.279724476072542814e+02 0.000000000000000000e+00
2.000000000000000111e-01 1.000000000000000000e+00 3.346022468401496554e-03
2.000000000000000111e-01 1.247687383881772361e+00 2.845929936972750769e-03
2.000000000000000111e-01 1.556723807897741008e+00 2.184476728546226251e-03
2.000000000000000111e-01 1.942304655302403038e+00 1.817213186614668628e-03
2.000000000000000111e-01 2.423389014075643111e+00 1.701051499650665976e-03
2.000000000000000111e-01 3.023631899099866516e+00 1.546194986677228937e-03
2.000000000000000111e-01 3.772547374009386889e+00 1.336067446458155195e-03
2.000000000000000111e-01 4.706959763647822648e+00 1.196341728960411853e-03
2.000000000000000111e-01 5.872814313542517262e+00 1.126304412416056231e-03
2.000000000000000111e-01 7.327436326887290186e+00 1.048336374337441009e-03
2.000000000000000111e-01 9.142349861254267296e+00 9.440829890776314881e-04
2.000000000000000111e-01 1.140679458092021825e+01 8.685177558308332163e-04
2.000000000000000111e-01 1.423211368914512143e+01 8.199095243258814995e-04
2.000000000000000111e-01 1.775722869591744058e+01 8.051750337542978473e-04
2.000000000000000111e-01 2.215547021659956428e+01 7.933521579775758888e-04
2.000000000000000111e-01 2.764310067321963871e+01 7.949909981767305919e-04
2.000000000000000111e-01 3.448994796134986274e+01 7.991855590341984898e-04
2.000000000000000111e-01 4.019399189188047927e+01 8.017683995943939356e-04
2.000000000000000111e-01 4.303267294211507021e+01 8.018519389894049115e-04
2.000000000000000111e-01 4.596543688148383211e+01 8.003046647898183008e-04
2.000000000000000111e-01 5.173688187108718495e+01 7.936278263500493512e-04
2.000000000000000111e-01 5.369132312458749823e+01 7.911047723372632021e-04
2.000000000000000111e-01 5.750832686069053068e+01 7.833817129638402958e-04
2.000000000000000111e-01 6.327977185029388352e+01 7.652524585842135829e-04
2.000000000000000111e-01 6.698998648646747256e+01 7.508410818178649047e-04
2.000000000000000111e-01 6.905121683989723635e+01 7.430881392041132271e-04
2.000000000000000111e-01 7.482266182950058919e+01 7.179484008294342509e-04
2.000000000000000111e-01 8.059410681910394203e+01 6.868150379781928728e-04
2.000000000000000111e-01 8.636555180870729487e+01 6.510509326492346658e-04
2.000000000000000111e-01 9.213699679831064770e+01 6.151003621962410333e-04
2.000000000000000111e-01 9.790844178791400054e+01 5.774880677383318955e-04
2.000000000000000111e-01 1.036798867775173534e+02 5.384079935474397113e-04
2.000000000000000111e-01 1.094513317671207062e+02 4.975075557470865937e-04
2.000000000000000111e-01 1.152227767567240448e+02 4.592159361682237391e-04
2.000000000000000111e-01 1.209942217463274119e+02 4.212427553990203571e-04
2.000000000000000111e-01 1.267656667359307505e+02 3.844256138443665383e-04
2.000000000000000111e-01 1.325371117255341176e+02 3.483873410190188201e-04
2.000000000000000111e-01 1.383085567151374562e+02 3.139547132588972264e-04
2.000000000000000111e-01 1.440800017047408232e+02 2.820742559631797932e-04
2.000000000000000111e-01 1.498514466943441619e+02 2.527171050200913778e-04
2.000000000000000111e-01 1.556228916839475289e+02 2.249868377902910707e-04
2.000000000000000111e-01 1.613943366735508675e+02 1.983836332769771101e-04
2.000000000000000111e-01 1.671657816631542346e+02 1.751708450074943339e-04
2.000000000000000111e-01 1.729372266527575732e+02 1.537651045726201105e-04
2.000000000000000111e-01 1.787086716423609118e+02 1.340295303839826645e-04
2.000000000000000111e-01 1.844801166319642789e+02 1.158172923525681178e-04
2.000000000000000111e-01 1.902515616215676175e+02 1.000621906457955422e-04
2.000000000000000111e-01 1.960230066111709846e+02 8.520084718272872475e-05
2.000000000000000111e-01 2.017944516007743232e+02 7.203693404768689214e-05
2.000000000000000111e-01 2.075658965903776902e+02 6.072027865919179211e-05
2.000000000000000111e-01 2.133373415799810289e+02 5.064909769312545587e-05
2.000000000000000111e-01 2.191087865695843959e+02 4.164300897859692639e-05
2.000000000000000111e-01 2.248802315591877345e+02 3.377353887851288785e-05
2.000000000000000111e-01 2.306516765487910732e+02 2.694640199898045576e-05
2.000000000000000111e-01 2.364231215383944402e+02 2.092607936872757586e-05
2.000000000000000111e-01 2.421945665279977788e+02 1.566307937975345091e-05
2.000000000000000111e-01 2.479660115176011459e+02 1.122776773085374985e-05
2.000000000000000111e-01 2.537374565072044845e+02 7.405747905205607628e-06
2.000000000000000111e-01 2.595089014968078800e+02 4.062239499597446292e-06
2.000000000000000111e-01 2.652803464864111902e+02 1.231065801542437027e-06
2.000000000000000111e-01 2.679599459458698902e+02 0.000000000000000000e+00
3.000000000000000444e-01 1.000000000000000000e+00 5.138932296979746052e-03
3.000000000000000444e-01 1.259276683022620524e+00 4.400345483298225176e-03
3.000000000000000444e-01 1.585777764404453505e+00 3.360680028778145669e-03
3.000000000000000444e-01 1.996932963170267028e+00 2.629025759232188949e-03
3.000000000000000444e-01 2.514691118079586563e+00 2.414665958713537244e-03
3.000000000000000444e-01 3.166691890001706700e+00 2.251016343881527635e-03
3.000000000000000444e-01 3.987741259395982674e+00 1.921573636267012372e-03
3.000000000000000444e-01 5.021669585884620979e+00 1.695895357277713272e-03
3.000000000000000444e-01 6.323671419348362299e+00 1.595733541422324295e-03
3.000000000000000444e-01 7.963251969481953019e+00 1.485584787301789814e-03
3.000000000000000444e-01 1.002793752620258161e+01 1.330837462173837691e-03
3.000000000000000444e-01 1.262794790555445346e+01 1.214660760756419884e-03
3.000000000000000444e-01 1.590208035188905811e+01 1.150808318709914922e-03
3.000000000000000444e-01 2.002511899868604672e+01 1.123592420979821179e-03
3.000000000000000444e-01 2.521716542979861941e+01 1.111519449039306221e-03
3.000000000000000444e-01 3.175538843766950947e+01 1.120445575990717006e-03
3.000000000000000444e-01 3.998882021988332980e+01 1.130546413435038443e-03
3.000000000000000444e-01 4.791299595322481508e+01 1.138605172724079613e-03
3.000000000000000444e-01 5.035698888448256838e+01 1.139785668393365108e-03
3.000000000000000444e-01 5.479281075676478707e+01 1.137669641050425857e-03
3.000000000000000444e-01 6.167262556030475906e+01 1.133105244823381322e-03
3.000000000000000444e-01 6.341338192945820396e+01 1.129197253918905186e-03
3.000000000000000444e-01 6.855244036384473816e+01 1.116646398484547227e-03
3.000000000000000444e-01 7.543225516738471015e+01 1.088196025604335100e-03
3.000000000000000444e-01 7.985499325537469417e+01 1.068461845921474945e-03
3.000000000000000444e-01 8.231206997092468214e+01 1.055508970346748406e-03
3.000000000000000444e-01 8.919188477446465413e+01 1.014932760118541968e-03
3.000000000000000444e-01 9.607169957800462612e+01 9.657169950392040627e-04
3.000000000000000444e-01 1.029515143815445981e+02 9.119575959671957560e-04
3.000000000000000444e-01 1.098313291850845701e+02 8.558100510392873056e-04
3.000000000000000444e-01 1.167111439886245421e+02 7.972384603505632515e-04
3.000000000000000444e-01 1.235909587921645141e+02 7.354374632579447268e-04
3.000000000000000444e-01 1.304707735957044861e+02 6.741579865841843466e-04
3.000000000000000444e-01 1.373505883992444581e+02 6.148150895837423352e-04
3.000000000000000444e-01 1.442304032027844301e+02 5.583834584571163153e-04
3.000000000000000444e-01 1.511102180063244020e+02 5.023220837248490271e-04
3.000000000000000444e-01 1.579900328098643740e+02 4.486607740297195277e-04
3.000000000000000444e-01 1.648698476134043460e+02 3.999992258230504211e-04
3.000000000000000444e-01 1.717496624169443180e+02 3.551097496767874361e-04
3.000000000000000444e-01 1.786294772204843184e+02 3.127941084202139695e-04
3.000000000000000444e-01 1.855092920240242904e+02 2.727390291380914406e-04
3.000000000000000444e-01 1.923891068275642624e+02 2.385351537075760511e-04
3.000000000000000444e-01 1.992689216311042344e+02 2.067825298667673244e-04
3.000000000000000444e-01 2.061487364346442064e+02 1.787708295002900954e-04
3.000000000000000444e-01 2.130285512381841784e+02 1.530363577525126759e-04
3.000000000000000444e-01 2.199083660417241504e+02 1.308526745286384704e-04
3.000000000000000444e-01 2.267881808452641224e+02 1.111304228083011080e-04
3.000000000000000444e-01 2.336679956488040943e+02 9.353159601612383441e-05
3.000000000000000444e-01 2.405478104523440663e+02 7.823732178654539747e-05
3.000000000000000444e-01 2.474276252558840383e+02 6.487283354713188285e-05
3.000000000000000444e-01 2.543074400594240103e+02 5.360973694877662840e-05
3.000000000000000444e-01 2.611872548629639823e+02 4.329794686977436237e-05
3.000000000000000444e-01 2.680670696665039259e+02 3.504173268673904434e-05
3.000000000000000444e-01 2.749468844700439263e+02 2.739175762350735596e-05
3.000000000000000444e-01 2.818266992735838699e+02 2.132165391792442206e-05
3.000000000000000444e-01 2.887065140771238703e+02 1.582841622924518072e-05
3.000000000000000444e-01 2.955863288806638138e+02 1.124429900890939815e-05
3.000000000000000444e-01 3.024661436842038142e+02 7.296409427861029881e-06
3.000000000000000444e-01 3.093459584877438147e+02 4.019410635573413927e-06
3.000000000000000444e-01 3.162257732912837582e+02 1.207826215464839417e-06
3.000000000000000444e-01 3.194199730214987767e+02 0.000000000000000000e+00
4.000000000000000222e-01 1.000000000000000000e+00 7.124916927022742659e-03
4.000000000000000222e-01 1.270473927909304690e+00 6.263787518892257981e-03
4.000000000000000222e-01 1.614104001497297380e+00 4.807186989018946352e-03
4.000000000000000222e-01 2.050677050836397619e+00 3.588135009939822512e-03
4.000000000000000222e-01 2.605331727649587314e+00 3.301331261073656414e-03
4.000000000000000222e-01 3.310006033533706482e+00 3.090289266479229278e-03
4.000000000000000222e-01 4.205276366827065182e+00 2.603703428535021451e-03
4.000000000000000222e-01 5.342693983706952920e+00 2.289455314020394892e-03
4.000000000000000222e-01 6.787753411097583012e+00 2.163740698979953712e-03
4.000000000000000222e-01 8.623663737876928082e+00 2.015207678901471695e-03
4.000000000000000222e-01 1.095613994202953911e+01 1.788668264397771240e-03
4.000000000000000222e-01 1.391949014687429376e+01 1.638063932740063287e-03
4.000000000000000222e-01 1.768434932139424376e+01 1.565443300434443295e-03
4.000000000000000222e-01 2.246750474487199511e+01 1.528479090263806101e-03
4.000000000000000222e-01 2.854437900353847368e+01 1.530192819113451643e-03
4.000000000000000222e-01 3.626488931235739699e+01 1.560636008461114199e-03
4.000000000000000222e-01 4.607359636986687690e+01 1.598577702767315159e-03
4.000000000000000222e-01 5.668924003511109078e+01 1.635695452742555412e-03
4.000000000000000222e-01 5.853530295293266761e+01 1.639614982262725543e-03
4.000000000000000222e-01 6.482923347605012054e+01 1.653063571729162899e-03
4.000000000000000222e-01 7.296922691698914321e+01 1.656380446019434976e-03
4.000000000000000222e-01 7.436757626397346144e+01 1.654848657868559104e-03
4.000000000000000222e-01 8.110922035792816587e+01 1.640929415783561615e-03
4.000000000000000222e-01 8.924921379886720274e+01 1.610216204594080427e-03
4.000000000000000222e-01 9.448206672518516314e+01 1.583264668972935883e-03
4.000000000000000222e-01 9.738920723980623961e+01 1.566579618799802216e-03
4.000000000000000222e-01 1.055292006807452481e+02 1.504511489880317344e-03
4.000000000000000222e-01 1.136691941216842849e+02 1.429364157241712731e-03
4.000000000000000222e-01 1.218091875626233218e+02 1.349727689700275625e-03
4.000000000000000222e-01 1.299491810035623303e+02 1.260168934751708424e-03
4.000000000000000222e-01 1.380891744445013671e+02 1.169696938032226781e-03
4.000000000000000222e-01 1.462291678854404040e+02 1.074190344364807977e-03
4.000000000000000222e-01 1.543691613263794125e+02 9.784098634361315834e-04
4.000000000000000222e-01 1.625091547673184493e+02 8.830779261328572686e-04
4.000000000000000222e-01 1.706491482082574862e+02 7.959275644878093447e-04
4.000000000000000222e-01 1.787891416491965231e+02 7.080957602782254152e-04
4.000000000000000222e-01 1.869291350901355315e+02 6.282734713039731097e-04
4.000000000000000222e-01 1.950691285310745684e+02 5.541142304616423651e-04
4.000000000000000222e-01 2.032091219720135769e+02 4.851165175969962507e-04
4.000000000000000222e-01 2.113491154129526137e+02 4.204008035769070287e-04
4.000000000000000222e-01 2.194891088538916506e+02 3.644958410840540741e-04
4.000000000000000222e-01 2.276291022948306590e+02 3.147998556364807140e-04
4.000000000000000222e-01 2.357690957357696959e+02 2.693120564855783802e-04
4.000000000000000222e-01 2.439090891767087328e+02 2.290316652232061198e-04
4.000000000000000222e-01 2.520490826176477412e+02 1.950031631580578545e-04
4.000000000000000222e-01 2.601890760585868065e+02 1.636854749197276515e-04
4.000000000000000222e-01 2.683290694995258150e+02 1.371376654569414618e-04
4.000000000000000222e-01 2.764690629404648803e+02 1.141778017361944975e-04
4.000000000000000222e-01 2.846090563814038887e+02 9.423488317853679296e-05
4.000000000000000222e-01 2.927490498223428972e+02 7.740151318779872039e-05
4.000000000000000222e-01 3.008890432632819625e+02 6.164622286007989021e-05
4.000000000000000222e-01 3.090290367042209709e+02 5.072361741421440846e-05
4.000000000000000222e-01 3.171690301451599794e+02 3.998237637055479629e-05
4.000000000000000222e-01 3.253090235860989878e+02 3.137077352559459000e-05
4.000000000000000222e-01 3.334490170270380531e+02 2.381782541983308913e-05
4.000000000000000222e-01 3.415890104679770616e+02 1.765561791558786445e-05
4.000000000000000222e-01 3.497290039089160700e+02 1.224103629400283071e-05
4.000000000000000222e-01 3.578689973498551353e+02 7.983298687781821866e-06
4.000000000000000222e-01 3.660089907907941438e+02 4.278752541022539667e-06
4.000000000000000222e-01 3.741489842317332091e+02 1.257144117790927865e-06
4.000000000000000222e-01 3.779282669007405957e+02 0.000000000000000000e+00
5.000000000000000000e-01 1.000000000000000000e+00 8.297332319496615941e-03
5.000000000000000000e-01 1.280175938336513219e+00 7.366571150691808567e-03
5.000000000000000000e-01 1.638850433095772052e+00 5.642823856032957129e-03
5.000000000000000000e-01 2.098016890981580840e+00 4.142906320195859429e-03
5.000000000000000000e-01 2.685830742058199938e+00 3.844932404185667264e-03
5.000000000000000000e-01 3.438335890427409502e+00 3.584267586217671549e-03
5.000000000000000000e-01 4.401674874844019314e+00 2.993004906585762688e-03
5.000000000000000000e-01 5.634918263155697993e+00 2.656372870511862841e-03
5.000000000000000000e-01 7.213686774984899408e+00 2.531991061673059817e-03
5.000000000000000000e-01 9.234788236031988617e+00 2.340976402047512291e-03
5.000000000000000000e-01 1.182215369540124783e+01 2.070491670439072139e-03
5.000000000000000000e-01 1.513443670016876830e+01 1.931133142510545924e-03
5.000000000000000000e-01 1.937474170383311289e+01 1.866482485782837387e-03
5.000000000000000000e-01 2.480307814073212924e+01 1.843776812790705712e-03
5.000000000000000000e-01 3.175230383244562304e+01 1.884849222477367981e-03
5.000000000000000000e-01 4.064853535304713716e+01 1.964421387753449624e-03
5.000000000000000000e-01 5.203727688759204284e+01 2.071703656619909746e-03
5.000000000000000000e-01 6.550505152251217567e+01 2.189082625132781224e-03
5.000000000000000000e-01 6.661686976805009408e+01 2.199024536916672525e-03
5.000000000000000000e-01 7.491090507446264724e+01 2.256106876419488542e-03
5.000000000000000000e-01 8.431675862641310459e+01 2.292159725561473526e-03
5.000000000000000000e-01 8.528131376435482025e+01 2.290000305871972650e-03
5.000000000000000000e-01 9.372261217836357616e+01 2.301925493765373445e-03
5.000000000000000000e-01 1.031284657303140477e+02 2.267647709221564528e-03
5.000000000000000000e-01 1.091750858708535787e+02 2.255439740783319810e-03
5.000000000000000000e-01 1.125343192822645051e+02 2.234375244656058683e-03
5.000000000000000000e-01 1.219401728342149767e+02 2.159595444437680499e-03
5.000000000000000000e-01 1.313460263861654198e+02 2.066701409016853588e-03
5.000000000000000000e-01 1.407518799381159056e+02 1.952745232563421300e-03
5.000000000000000000e-01 1.501577334900663914e+02 1.819904104531678245e-03
5.000000000000000000e-01 1.595635870420168203e+02 1.694019117222307115e-03
5.000000000000000000e-01 1.689694405939673061e+02 1.548488798126305922e-03
5.000000000000000000e-01 1.783752941459177919e+02 1.408299877008443090e-03
5.000000000000000000e-01 1.877811476978682208e+02 1.270583070583997023e-03
5.000000000000000000e-01 1.971870012498187066e+02 1.132416495673416613e-03
5.000000000000000000e-01 2.065928548017691924e+02 1.004464380866057060e-03
5.000000000000000000e-01 2.159987083537196213e+02 8.834198953798805699e-04
5.000000000000000000e-01 2.254045619056701071e+02 7.718775117879777973e-04
5.000000000000000000e-01 2.348104154576205929e+02 6.697154475860004697e-04
5.000000000000000000e-01 2.442162690095710218e+02 5.799921970436277109e-04
5.000000000000000000e-01 2.536221225615215076e+02 4.976957365979263557e-04
5.000000000000000000e-01 2.630279761134719934e+02 4.236273333427805583e-04
5.000000000000000000e-01 2.724338296654224223e+02 3.596865502286219541e-04
5.000000000000000000e-01 2.818396832173729081e+02 3.041049418748104321e-04
5.000000000000000000e-01 2.912455367693233939e+02 2.543789229659984791e-04
5.000000000000000000e-01 3.006513903212738228e+02 2.125383620043521033e-04
5.000000000000000000e-01 3.100572438732243086e+02 1.761322330822670968e-04
5.000000000000000000e-01 3.194630974251747375e+02 1.453549905735877735e-04
5.000000000000000000e-01 3.288689509771252233e+02 1.186402624196036007e-04
5.000000000000000000e-01 3.382748045290757091e+02 9.628850904291761043e-05
5.000000000000000000e-01 3.476806580810261948e+02 7.767922021337814458e-05
5.000000000000000000e-01 3.570865116329766238e+02 6.174397011352986727e-05
5.000000000000000000e-01 3.664923651849271096e+02 4.846894421601863611e-05
5.000000000000000000e-01 3.758982187368775953e+02 3.755531482163075547e-05
5.000000000000000000e-01 3.853040722888280243e+02 2.840309268076327042e-05
5.000000000000000000e-01 3.947099258407785101e+02 2.074198323713287984e-05
5.000000000000000000e-01 4.041157793927289958e+02 1.427634945517347102e-05
5.000000000000000000e-01 4.135216329446794248e+02 9.150723445119427128e-06
5.000000000000000000e-01 4.229274864966299106e+02 5.008693409800049853e-06
5.000000000000000000e-01 4.323333400485803395e+02 1.437030155023045838e-06
5.000000000000000000e-01 4.367003434834144855e+02 0.000000000000000000e+00
6.000000000000000888e-01 1.000000000000000000e+00 7.787593403983306649e-03
6.000000000000000888e-01 1.287784472382655254e+00 6.853873976978406939e-03
6.000000000000000888e-01 1.658388847309873571e+00 5.153641983680271391e-03
6.000000000000000888e-01 2.135647406738224952e+00 3.868252875739003858e-03
6.000000000000000888e-01 2.750253568881770860e+00 3.632086360708774563e-03
6.000000000000000888e-01 3.541733841120926041e+00 3.335432504774579060e-03
6.000000000000000888e-01 4.560989845907705842e+00 2.788008406107289529e-03
6.000000000000000888e-01 5.873571902254903776e+00 2.533659467046196594e-03
6.000000000000000888e-01 7.563894693146918868e+00 2.423925733406074971e-03
6.000000000000000888e-01 9.740666136572169620e+00 2.210909080899485946e-03
6.000000000000000888e-01 1.254387860134118959e+01 1.980733447767788705e-03
6.000000000000000888e-01 1.615381208626023835e+01 1.894091284803301909e-03
6.000000000000000888e-01 2.080262837447319768e+01 1.859559597988982328e-03
6.000000000000000888e-01 2.678930180539341777e+01 1.887333982420013549e-03
6.000000000000000888e-01 3.449884689095829060e+01 1.986041555837138491e-03
6.000000000000000888e-01 4.442707934128272029e+01 2.132852227159416462e-03
6.000000000000000888e-01 5.721250292901611800e+01 2.348184490666067360e-03
6.000000000000000888e-01 7.331144010801381228e+01 2.609023350939449620e-03
6.000000000000000888e-01 7.367737289813412360e+01 2.614344867888706431e-03
6.000000000000000888e-01 8.383821099531836296e+01 2.751800359269455758e-03
6.000000000000000888e-01 9.436498188262291364e+01 2.856314961055154283e-03
6.000000000000000888e-01 9.488057678416379304e+01 2.858093636715270270e-03
6.000000000000000888e-01 1.048917527699274501e+02 2.919491320778557549e-03
6.000000000000000888e-01 1.154185236572320008e+02 2.933596881989464656e-03
6.000000000000000888e-01 1.221857335133563538e+02 2.922835819590821355e-03
6.000000000000000888e-01 1.259452945445365515e+02 2.909742595097767389e-03
6.000000000000000888e-01 1.364720654318410880e+02 2.843500430923985838e-03
6.000000000000000888e-01 1.469988363191456529e+02 2.732963017171300118e-03
6.000000000000000888e-01 1.575256072064501893e+02 2.608835053146955907e-03
6.000000000000000888e-01 1.680523780937547258e+02 2.448690590416377575e-03
6.000000000000000888e-01 1.785791489810592907e+02 2.275920280579934573e-03
6.000000000000000888e-01 1.891059198683638272e+02 2.089504924048213221e-03
6.000000000000000888e-01 1.996326907556683636e+02 1.898654515312770590e-03
6.000000000000000888e-01 2.101594616429729285e+02 1.710845524079847779e-03
6.000000000000000888e-01 2.206862325302774650e+02 1.528900477831826761e-03
6.000000000000000888e-01 2.312130034175820299e+02 1.348827972310002619e-03
6.000000000000000888e-01 2.417397743048865664e+02 1.186458916714076654e-03
6.000000000000000888e-01 2.522665451921911028e+02 1.036087743526198281e-03
6.000000000000000888e-01 2.627933160794956393e+02 8.981619965803842648e-04
6.000000000000000888e-01 2.733200869668002042e+02 7.696374338953744813e-04
6.000000000000000888e-01 2.838468578541047691e+02 6.591736255373210375e-04
6.000000000000000888e-01 2.943736287414093340e+02 5.601843920763021180e-04
6.000000000000000888e-01 3.049003996287138420e+02 4.714097192609505486e-04
6.000000000000000888e-01 3.154271705160184069e+02 3.959380178956794887e-04
6.000000000000000888e-01 3.259539414033229150e+02 3.298950980349491077e-04
6.000000000000000888e-01 3.364807122906274799e+02 2.737128275324441111e-04
6.000000000000000888e-01 3.470074831779320448e+02 2.253099599052640607e-04
6.000000000000000888e-01 3.575342540652366097e+02 1.844648088619398713e-04
6.000000000000000888e-01 3.680610249525411177e+02 1.493555499185330693e-04
6.000000000000000888e-01 3.785877958398456826e+02 1.209902345266687207e-04
6.000000000000000888e-01 3.891145667271502475e+02 9.636307902520301972e-05
6.000000000000000888e-01 3.996413376144547556e+02 7.639923079733738941e-05
6.000000000000000888e-01 4.101681085017593205e+02 5.966082089275950368e-05
6.000000000000000888e-01 4.206948793890638854e+02 4.565628760446010891e-05
6.000000000000000888e-01 4.312216502763683934e+02 3.411000065396030845e-05
6.000000000000000888e-01 4.417484211636729583e+02 2.494363986376105466e-05
6.000000000000000888e-01 4.522751920509775232e+02 1.716538471792401082e-05
6.000000000000000888e-01 4.628019629382820312e+02 1.090906063952230712e-05
6.000000000000000888e-01 4.733287338255865961e+02 5.747390080902244072e-06
6.000000000000000888e-01 4.838555047128911610e+02 1.686940202633889634e-06
6.000000000000000888e-01 4.887429340534254152e+02 0.000000000000000000e+00
7.000000000000000666e-01 1.000000000000000000e+00 6.047285962120904981e-03
7.000000000000000666e-01 1.293219821789505675e+00 5.158057239541385605e-03
7.000000000000000666e-01 1.672417507469280640e+00 3.797313625867927440e-03
7.000000000000000666e-01 2.162803470967072261e+00 3.032444401689567918e-03
7.000000000000000666e-01 2.796980319289761319e+00 2.890609064368655518e-03
7.000000000000000666e-01 3.617110390060659597e+00 2.554950188892728125e-03
7.000000000000000666e-01 4.677718854027214768e+00 2.178849802557249020e-03
7.000000000000000666e-01 6.049318742786485181e+00 2.020784140725971536e-03
7.000000000000000666e-01 7.823098906494254656e+00 1.932099159072816173e-03
7.000000000000000666e-01 1.011698657369817589e+01 1.744365741857988993e-03
7.000000000000000666e-01 1.308348757388477779e+01 1.612067560843563662e-03
7.000000000000000666e-01 1.691982546868448267e+01 1.573470082136060964e-03
7.000000000000000666e-01 2.188105367732167750e+01 1.589106566455806809e-03
7.000000000000000666e-01 2.829701233715254816e+01 1.666529481411979435e-03
7.000000000000000666e-01 3.659425725182786238e+01 1.814852263365193848e-03
7.000000000000000666e-01 4.732441884172815350e+01 2.036021138283921911e-03
7.000000000000000666e-01 6.120087650079160113e+01 2.353301003338895917e-03
7.000000000000000666e-01 7.914618660171525732e+01 2.765830994721758460e-03
7.000000000000000666e-01 7.941928087328356867e+01 2.770437684509804467e-03
7.000000000000000666e-01 9.082307504996018110e+01 2.997985294137688484e-03
7.000000000000000666e-01 1.022268692266367935e+02 3.183225032800979844e-03
7.000000000000000666e-01 1.023534173323891707e+02 3.184429196127366423e-03
7.000000000000000666e-01 1.136306634033134060e+02 3.312148576815058827e-03
7.000000000000000666e-01 1.250344575799900326e+02 3.390292371382808232e-03
7.000000000000000666e-01 1.323654681221392195e+02 3.409127616333816960e-03
7.000000000000000666e-01 1.364382517566666309e+02 3.409948741788727984e-03
7.000000000000000666e-01 1.478420459333432575e+02 3.370293532113426572e-03
7.000000000000000666e-01 1.592458401100198557e+02 3.283340214001711360e-03
7.000000000000000666e-01 1.706496342866964824e+02 3.155253553753716717e-03
7.000000000000000666e-01 1.820534284633731090e+02 2.982800555499167793e-03
7.000000000000000666e-01 1.934572226400497073e+02 2.792016667642616135e-03
7.000000000000000666e-01 2.048610168167263055e+02 2.579379178789921803e-03
7.000000000000000666e-01 2.162648109934029321e+02 2.354565972709788887e-03
7.000000000000000666e-01 2.276686051700795588e+02 2.126846876997023992e-03
7.000000000000000666e-01 2.390723993467561854e+02 1.905433303379563872e-03
7.000000000000000666e-01 2.504761935234327552e+02 1.691856069805439252e-03
7.000000000000000666e-01 2.618799877001093819e+02 1.486162169427456946e-03
7.000000000000000666e-01 2.732837818767860085e+02 1.294013027928406657e-03
7.000000000000000666e-01 2.846875760534626352e+02 1.122722648373304958e-03
7.000000000000000666e-01 2.960913702301392618e+02 9.633339686425551910e-04
7.000000000000000666e-01 3.074951644068158316e+02 8.236433602091007078e-04
7.000000000000000666e-01 3.188989585834924583e+02 6.982053403529534224e-04
7.000000000000000666e-01 3.303027527601690849e+02 5.879612919523703914e-04
7.000000000000000666e-01 3.417065469368457116e+02 4.928700661789001038e-04
7.000000000000000666e-01 3.531103411135223382e+02 4.081214014209419015e-04
7.000000000000000666e-01 3.645141352901989649e+02 3.383575970771810588e-04
7.000000000000000666e-01 3.759179294668755347e+02 2.778859194129254724e-04
7.000000000000000666e-01 3.873217236435521613e+02 2.267733572146995167e-04
7.000000000000000666e-01 3.987255178202287880e+02 1.834892111223152184e-04
7.000000000000000666e-01 4.101293119969054146e+02 1.475950781448637477e-04
7.000000000000000666e-01 4.215331061735819844e+02 1.172223316751732172e-04
7.000000000000000666e-01 4.329369003502586111e+02 9.223740007965072849e-05
7.000000000000000666e-01 4.443406945269352377e+02 7.150537323933695293e-05
7.000000000000000666e-01 4.557444887036118644e+02 5.455549812455487104e-05
7.000000000000000666e-01 4.671482828802884910e+02 4.088778220921142814e-05
7.000000000000000666e-01 4.785520770569650608e+02 2.950920897455167768e-05
7.000000000000000666e-01 4.899558712336416875e+02 2.031134313071783861e-05
7.000000000000000666e-01 5.013596654103183141e+02 1.279836214088567250e-05
7.000000000000000666e-01 5.127634595869949408e+02 6.817318715253730578e-06
7.000000000000000666e-01 5.241672537636715106e+02 1.934658461465397028e-06
7.000000000000000666e-01 5.294618724885571055e+02 0.000000000000000000e+00
8.000000000000000444e-01 1.000000000000000000e+00 4.104015454797005531e-03
8.000000000000000444e-01 1.296731996533088349e+00 3.452139942057038183e-03
8.000000000000000444e-01 1.681513870832689772e+00 2.550842142605657531e-03
8.000000000000000444e-01 2.180472838922955514e+00 2.193762920855693490e-03
8.000000000000000444e-01 2.827488897802735490e+00 2.078662867751740907e-03
8.000000000000000444e-01 3.666495323622882996e+00 1.785364954514910910e-03
8.000000000000000444e-01 4.754461801280733368e+00 1.579849124829905884e-03
8.000000000000000444e-01 6.165262744015068463e+00 1.500180911189217658e-03
8.000000000000000444e-01 7.994693467197728332e+00 1.402934036284285684e-03
8.000000000000000444e-01 1.036697482138934667e+01 1.274337272519141971e-03
8.000000000000000444e-01 1.344318795814846723e+01 1.220500202348396299e-03
8.000000000000000444e-01 1.743221196073943702e+01 1.222388635320454916e-03
8.000000000000000444e-01 2.260490701983763628e+01 1.267928285760202591e-03
8.000000000000000444e-01 2.931250621127888678e+01 1.377204658155398815e-03
8.000000000000000444e-01 3.801046470274021516e+01 1.550499120276084553e-03
8.000000000000000444e-01 4.928938578313481145e+01 1.818441019717961273e-03
8.000000000000000444e-01 6.391512363445403366e+01 2.210873867233599521e-03
8.000000000000000444e-01 8.288078587916477602e+01 2.723101594639788705e-03
8.000000000000000444e-01 8.361911464879786138e+01 2.744383280150308312e-03
8.000000000000000444e-01 9.562596188042012102e+01 3.036304751274169263e-03
8.000000000000000444e-01 1.074741669473206969e+02 3.283771860217807141e-03
8.000000000000000444e-01 1.076328091120423807e+02 3.287285825392189526e-03
8.000000000000000444e-01 1.196396563436646261e+02 3.482235341150532060e-03
8.000000000000000444e-01 1.316465035752868857e+02 3.611281102451970992e-03
8.000000000000000444e-01 1.393651910813297263e+02 3.665485501460638215e-03
8.000000000000000444e-01 1.436533508069091454e+02 3.681167394525154679e-03
8.000000000000000444e-01 1.556601980385314050e+02 3.679784849906483045e-03
8.000000000000000444e-01 1.676670452701536647e+02 3.617651145364967399e-03
8.000000000000000444e-01 1.796738925017759243e+02 3.505710716248459403e-03
8.000000000000000444e-01 1.916807397333981839e+02 3.341005372017930106e-03
8.000000000000000444e-01 2.036875869650204436e+02 3.141917501662410545e-03
8.000000000000000444e-01 2.156944341966427032e+02 2.919767174316938250e-03
8.000000000000000444e-01 2.277012814282649629e+02 2.681135658929822019e-03
8.000000000000000444e-01 2.397081286598872225e+02 2.435129088709323594e-03
8.000000000000000444e-01 2.517149758915094822e+02 2.186450899929732669e-03
8.000000000000000444e-01 2.637218231231317418e+02 1.946214985496718449e-03
8.000000000000000444e-01 2.757286703547540014e+02 1.717588052952167535e-03
8.000000000000000444e-01 2.877355175863762611e+02 1.501141071330842382e-03
8.000000000000000444e-01 2.997423648179985207e+02 1.302780497018743997e-03
8.000000000000000444e-01 3.117492120496207804e+02 1.121089343389512815e-03
8.000000000000000444e-01 3.237560592812430400e+02 9.583578815795757919e-04
8.000000000000000444e-01 3.357629065128652996e+02 8.137332685754419120e-04
8.000000000000000444e-01 3.477697537444875024e+02 6.844574257504039763e-04
8.000000000000000444e-01 3.597766009761097621e+02 5.739143218378929458e-04
8.000000000000000444e-01 3.717834482077320217e+02 4.775099786456660634e-04
8.000000000000000444e-01 3.837902954393542814e+02 3.941632730064203137e-04
8.000000000000000444e-01 3.957971426709765410e+02 3.236249166135667901e-04
8.000000000000000444e-01 4.078039899025988007e+02 2.637300346725407149e-04
8.000000000000000444e-01 4.198108371342210603e+02 2.128817583416816835e-04
8.000000000000000444e-01 4.318176843658433199e+02 1.707927389935985879e-04
8.000000000000000444e-01 4.438245315974655796e+02 1.357184981115327376e-04
8.000000000000000444e-01 4.558313788290878392e+02 1.064565824528561946e-04
8.000000000000000444e-01 4.678382260607100989e+02 8.244786097657291909e-05
8.000000000000000444e-01 4.798450732923323585e+02 6.274092886191218979e-05
8.000000000000000444e-01 4.918519205239546181e+02 4.676957264706014763e-05
8.000000000000000444e-01 5.038587677555768778e+02 3.364309243613731326e-05
8.000000000000000444e-01 5.158656149871991374e+02 2.315305442355775577e-05
8.000000000000000444e-01 5.278724622188213971e+02 1.453957790617455887e-05
8.000000000000000444e-01 5.398793094504436567e+02 7.712393083603037963e-06
8.000000000000000444e-01 5.518861566820659164e+02 2.182840500200896354e-06
8.000000000000000444e-01 5.574607643253191327e+02 0.000000000000000000e+00
9.000000000000000222e-01 1.000000000000000000e+00 3.059379166539647615e-03
9.000000000000000222e-01 1.298660463632231421e+00 2.417583124191431503e-03
9.000000000000000222e-01 1.686518999801482455e+00 1.829048034357471948e-03
9.000000000000000222e-01 2.190215546206760511e+00 1.676698457110093170e-03
9.000000000000000222e-01 2.844346336691392807e+00 1.544947570060741524e-03
9.000000000000000222e-01 3.693840132338283677e+00 1.316771918830928660e-03
9.000000000000000222e-01 4.797044138845778960e+00 1.195045693317086299e-03
9.000000000000000222e-01 6.229731565417738537e+00 1.149769365569188991e-03
9.000000000000000222e-01 8.090306083049746633e+00 1.059348116570758792e-03
9.000000000000000222e-01 1.050656064874004691e+01 9.780203509682121928e-04
9.000000000000000222e-01 1.364445492327291021e+01 9.593341815010817970e-04
9.000000000000000222e-01 1.771951415666667984e+01 9.846857022760579538e-04
9.000000000000000222e-01 2.301163247003464107e+01 1.044428337887549126e-03
9.000000000000000222e-01 2.988429729246970012e+01 1.169281338593128675e-03
9.000000000000000222e-01 3.880955537716214110e+01 1.355497785411407781e-03
9.000000000000000222e-01 5.040043517946615026e+01 1.644248380022915327e-03
9.000000000000000222e-01 6.545305251743174324e+01 2.065057861464553689e-03
9.000000000000000222e-01 8.500129152843270219e+01 2.633991958952028919e-03
9.000000000000000222e-01 8.601377590221993330e+01 2.658422657755146919e-03
9.000000000000000222e-01 9.836447192920536509e+01 2.996655073242008357e-03
9.000000000000000222e-01 1.103878166656528919e+02 3.280740247026051829e-03
9.000000000000000222e-01 1.107151679561907827e+02 3.287328539567669142e-03
9.000000000000000222e-01 1.230658639831762144e+02 3.519010235622239535e-03
9.000000000000000222e-01 1.354165600101616462e+02 3.688468971615360085e-03
9.000000000000000222e-01 1.433562931703665697e+02 3.756217859318460636e-03
9.000000000000000222e-01 1.477672560371470638e+02 3.782420568716879025e-03
9.000000000000000222e-01 1.601179520641325098e+02 3.812082629485132480e-03
9.000000000000000222e-01 1.724686480911179274e+02 3.770959073688193511e-03
9.000000000000000222e-01 1.848193441181033450e+02 3.675297233226297328e-03
9.000000000000000222e-01 1.971700401450887625e+02 3.521455198338327690e-03
9.000000000000000222e-01 2.095207361720741801e+02 3.327712765139078863e-03
9.000000000000000222e-01 2.218714321990595977e+02 3.107061193567108460e-03
9.000000000000000222e-01 2.342221282260450721e+02 2.862255653029170416e-03
9.000000000000000222e-01 2.465728242530304897e+02 2.607934862566362640e-03
9.000000000000000222e-01 2.589235202800159072e+02 2.350298603314775539e-03
9.000000000000000222e-01 2.712742163070013248e+02 2.099380625807619784e-03
9.000000000000000222e-01 2.836249123339867424e+02 1.854792361706352659e-03
9.000000000000000222e-01 2.959756083609721600e+02 1.625718471029853748e-03
9.000000000000000222e-01 3.083263043879576344e+02 1.414216490106818668e-03
9.000000000000000222e-01 3.206770004149430520e+02 1.219447292441856994e-03
9.000000000000000222e-01 3.330276964419284695e+02 1.042389921942366753e-03
9.000000000000000222e-01 3.453783924689138871e+02 8.873531258976615583e-04
9.000000000000000222e-01 3.577290884958993047e+02 7.478865316644761315e-04
9.000000000000000222e-01 3.700797845228847791e+02 6.271679269949920329e-04
9.000000000000000222e-01 3.824304805498701967e+02 5.217875509626647163e-04
9.000000000000000222e-01 3.947811765768556143e+02 4.313454040663784175e-04
9.000000000000000222e-01 4.071318726038410318e+02 3.535618400564023277e-04
9.000000000000000222e-01 4.194825686308264494e+02 2.884137116307469023e-04
9.000000000000000222e-01 4.318332646578118670e+02 2.328617310556435984e-04
9.000000000000000222e-01 4.441839606847973414e+02 1.860835426921582478e-04
9.000000000000000222e-01 4.565346567117827590e+02 1.479593163392888542e-04
9.000000000000000222e-01 4.688853527387681766e+02 1.160307165907104748e-04
9.000000000000000222e-01 4.812360487657535941e+02 8.982225416110392819e-05
9.000000000000000222e-01 4.935867447927390117e+02 6.825543902445908309e-05
9.000000000000000222e-01 5.059374408197244293e+02 5.076679609576637741e-05
9.000000000000000222e-01 5.182881368467097900e+02 3.648855524611794383e-05
9.000000000000000222e-01 5.306388328736952644e+02 2.505415635934454713e-05
9.000000000000000222e-01 5.429895289006807388e+02 1.567968946280458398e-05
9.000000000000000222e-01 5.553402249276660996e+02 8.322754989198345737e-06
9.000000000000000222e-01 5.676909209546515740e+02 2.388910911443066409e-06
9.000000000000000222e-01 5.734251726814662788e+02 0.000000000000000000e+00
1.000000000000000000e+00 1.000000000000000000e+00 2.706556224277253606e-03
1.000000000000000000e+00 1.299271959326786963e+00 2.088063253404791753e-03
1.000000000000000000e+00 1.688107624292867648e+00 1.449621219287017043e-03
1.000000000000000000e+00 2.193310900569481525e+00 1.521049889764111793e-03
1.000000000000000000e+00 2.849707351195709837e+00 1.369629146387289689e-03
1.000000000000000000e+00 3.702544853695997507e+00 1.181951360483580148e-03
1.000000000000000000e+00 4.810612706556910645e+00 1.087768695427484070e-03
1.000000000000000000e+00 6.250294196810534331e+00 1.040802359035767656e-03
1.000000000000000000e+00 8.120831987458867474e+00 9.510226065190340418e-04
1.000000000000000000e+00 1.055116928770932461e+01 8.942351782344976421e-04
1.000000000000000000e+00 1.370883839363071743e+01 8.809748665983068664e-04
1.000000000000000000e+00 1.781150931978686813e+01 9.110025872390212481e-04
1.000000000000000000e+00 2.314199461248680123e+01 9.754721182055346761e-04
1.000000000000000000e+00 3.006774468289566471e+01 1.094989142692991742e-03
1.000000000000000000e+00 3.906617754668344134e+01 1.291093117837753979e-03
1.000000000000000000e+00 5.075758904448753128e+01 1.584732145795554386e-03
1.000000000000000000e+00 6.594791216853515436e+01 2.017155400362717448e-03
1.000000000000000000e+00 8.568427305672349803e+01 2.595744471620624154e-03
1.000000000000000000e+00 8.678656477742812569e+01 2.630649785704129023e-03
1.000000000000000000e+00 9.924822536085370928e+01 2.965005138319454139e-03
1.000000000000000000e+00 1.113271733379005184e+02 3.263853878141926516e-03
1.000000000000000000e+00 1.117098859442792786e+02 3.272719808388573851e-03
1.000000000000000000e+00 1.241715465277048622e+02 3.512672074008581485e-03
1.000000000000000000e+00 1.366332071111304458e+02 3.698780354475328033e-03
1.000000000000000000e+00 1.446442746290469472e+02 3.787806220196139433e-03
1.000000000000000000e+00 1.490948676945560010e+02 3.802987541989127050e-03
1.000000000000000000e+00 1.615565282779816130e+02 3.846550641408976075e-03
1.000000000000000000e+00 1.740181888614071681e+02 3.810926328143139467e-03
1.000000000000000000e+00 1.864798494448327517e+02 3.722565934299099620e-03
1.000000000000000000e+00 1.989415100282583353e+02 3.575821554949004579e-03
1.000000000000000000e+00 2.114031706116838905e+02 3.383335371487489977e-03
1.000000000000000000e+00 2.238648311951095025e+02 3.161704955933933130e-03
1.000000000000000000e+00 2.363264917785350576e+02 2.921147401385161459e-03
1.000000000000000000e+00 2.487881523619606696e+02 2.662605750612108673e-03
1.000000000000000000e+00 2.612498129453862248e+02 2.400952051546919978e-03
1.000000000000000000e+00 2.737114735288117799e+02 2.149687493181874631e-03
1.000000000000000000e+00 2.861731341122373919e+02 1.900594289189883870e-03
1.000000000000000000e+00 2.986347946956629471e+02 1.668303052818441348e-03
1.000000000000000000e+00 3.110964552790885591e+02 1.446786134497960764e-03
1.000000000000000000e+00 3.235581158625141143e+02 1.253574501558303708e-03
1.000000000000000000e+00 3.360197764459396694e+02 1.071829708353289274e-03
1.000000000000000000e+00 3.484814370293652814e+02 9.100737016580582196e-04
1.000000000000000000e+00 3.609430976127908366e+02 7.688636204413425634e-04
1.000000000000000000e+00 3.734047581962163918e+02 6.427989606546524867e-04
1.000000000000000000e+00 3.858664187796420038e+02 5.381047086822567278e-04
1.000000000000000000e+00 3.983280793630675589e+02 4.446192360100857622e-04
1.000000000000000000e+00 4.107897399464931709e+02 3.659372958016724798e-04
1.000000000000000000e+00 4.232514005299187261e+02 2.975482756826265392e-04
1.000000000000000000e+00 4.357130611133442812e+02 2.404698389537722480e-04
1.000000000000000000e+00 4.481747216967698932e+02 1.900689127390246575e-04
1.000000000000000000e+00 4.606363822801954484e+02 1.517470755414305691e-04
1.000000000000000000e+00 4.730980428636210604e+02 1.196947646940771533e-04
1.000000000000000000e+00 4.855597034470466156e+02 9.252212820235047527e-05
1.000000000000000000e+00 4.980213640304721707e+02 6.865795597982240659e-05
1.000000000000000000e+00 5.104830246138977827e+02 5.209389070051015098e-05
1.000000000000000000e+00 5.229446851973233379e+02 3.660847901111867909e-05
1.000000000000000000e+00 5.354063457807490067e+02 2.470066217112187342e-05
1.000000000000000000e+00 5.478680063641745619e+02 1.621168468099735806e-05
1.000000000000000000e+00 5.603296669476001171e+02 7.530602769299439421e-06
1.000000000000000000e+00 5.727913275310256722e+02 2.654520459900743254e-06
1.000000000000000000e+00 5.785770985161875615e+02 0.000000000000000000e+00
