# mx [GeV]: 10000000.0
# sigma_p [cm^2]: 1e-26
# depth [m]: 10.6
# target: full
# Columns: gamma/pi, v [km/s], f(v, gamma) [s/km]
0.000000000000000000e+00 0.000000000000000000e+00 0.000000000000000000e+00
0.000000000000000000e+00 1.666666666666666644e-02 0.000000000000000000e+00
0.000000000000000000e+00 3.333333333333333287e-02 0.000000000000000000e+00
0.000000000000000000e+00 5.000000000000000278e-02 0.000000000000000000e+00
0.000000000000000000e+00 6.666666666666666574e-02 0.000000000000000000e+00
0.000000000000000000e+00 8.333333333333332871e-02 0.000000000000000000e+00
0.000000000000000000e+00 1.000000000000000056e-01 0.000000000000000000e+00
0.000000000000000000e+00 1.166666666666666685e-01 0.000000000000000000e+00
0.000000000000000000e+00 1.333333333333333315e-01 0.000000000000000000e+00
0.000000000000000000e+00 1.499999999999999944e-01 0.000000000000000000e+00
0.000000000000000000e+00 1.666666666666666574e-01 0.000000000000000000e+00
0.000000000000000000e+00 1.833333333333333204e-01 0.000000000000000000e+00
0.000000000000000000e+00 2.000000000000000111e-01 0.000000000000000000e+00
0.000000000000000000e+00 2.166666666666666741e-01 0.000000000000000000e+00
0.000000000000000000e+00 2.333333333333333370e-01 0.000000000000000000e+00
0.000000000000000000e+00 2.500000000000000000e-01 0.000000000000000000e+00
0.000000000000000000e+00 2.666666666666666630e-01 0.000000000000000000e+00
0.000000000000000000e+00 2.833333333333333259e-01 0.000000000000000000e+00
0.000000000000000000e+00 2.999999999999999889e-01 0.000000000000000000e+00
0.000000000000000000e+00 3.166666666666666519e-01 0.000000000000000000e+00
0.000000000000000000e+00 3.333333333333333148e-01 0.000000000000000000e+00
0.000000000000000000e+00 3.499999999999999778e-01 0.000000000000000000e+00
0.000000000000000000e+00 3.666666666666666408e-01 0.000000000000000000e+00
0.000000000000000000e+00 3.833333333333333037e-01 0.000000000000000000e+00
0.000000000000000000e+00 4.000000000000000222e-01 0.000000000000000000e+00
0.000000000000000000e+00 4.166666666666666852e-01 0.000000000000000000e+00
0.000000000000000000e+00 4.333333333333333481e-01 0.000000000000000000e+00
0.000000000000000000e+00 4.500000000000000111e-01 0.000000000000000000e+00
0.000000000000000000e+00 4.666666666666666741e-01 0.000000000000000000e+00
0.000000000000000000e+00 4.833333333333333370e-01 0.000000000000000000e+00
0.000000000000000000e+00 5.000000000000000000e-01 0.000000000000000000e+00
0.000000000000000000e+00 5.166666666666666075e-01 0.000000000000000000e+00
0.000000000000000000e+00 5.333333333333333259e-01 0.000000000000000000e+00
0.000000000000000000e+00 5.500000000000000444e-01 0.000000000000000000e+00
0.000000000000000000e+00 5.666666666666666519e-01 0.000000000000000000e+00
0.000000000000000000e+00 5.833333333333333703e-01 0.000000000000000000e+00
0.000000000000000000e+00 5.999999999999999778e-01 0.000000000000000000e+00
0.000000000000000000e+00 6.166666666666666963e-01 0.000000000000000000e+00
0.000000000000000000e+00 6.333333333333333037e-01 0.000000000000000000e+00
0.000000000000000000e+00 6.500000000000000222e-01 0.000000000000000000e+00
0.000000000000000000e+00 6.666666666666666297e-01 0.000000000000000000e+00
0.000000000000000000e+00 6.833333333333333481e-01 0.000000000000000000e+00
0.000000000000000000e+00 6.999999999999999556e-01 0.000000000000000000e+00
0.000000000000000000e+00 7.166666666666666741e-01 0.000000000000000000e+00
0.000000000000000000e+00 7.333333333333332815e-01 0.000000000000000000e+00
0.000000000000000000e+00 7.500000000000000000e-01 0.000000000000000000e+00
0.000000000000000000e+00 7.666666666666666075e-01 0.000000000000000000e+00
0.000000000000000000e+00 7.833333333333333259e-01 0.000000000000000000e+00
0.000000000000000000e+00 8.000000000000000444e-01 0.000000000000000000e+00
0.000000000000000000e+00 8.166666666666666519e-01 0.000000000000000000e+00
0.000000000000000000e+00 8.333333333333333703e-01 0.000000000000000000e+00
0.000000000000000000e+00 8.499999999999999778e-01 0.000000000000000000e+00
0.000000000000000000e+00 8.666666666666666963e-01 0.000000000000000000e+00
0.000000000000000000e+00 8.833333333333333037e-01 0.000000000000000000e+00
0.000000000000000000e+00 9.000000000000000222e-01 0.000000000000000000e+00
0.000000000000000000e+00 9.166666666666666297e-01 0.000000000000000000e+00
0.000000000000000000e+00 9.333333333333333481e-01 0.000000000000000000e+00
0.000000000000000000e+00 9.499999999999999556e-01 0.000000000000000000e+00
0.000000000000000000e+00 9.666666666666666741e-01 0.000000000000000000e+00
0.000000000000000000e+00 9.833333333333332815e-01 0.000000000000000000e+00
0.000000000000000000e+00 1.000000000000000000e+00 0.000000000000000000e+00
1.000000000000000056e-01 0.000000000000000000e+00 0.000000000000000000e+00
1.000000000000000056e-01 1.666666666666666644e-02 0.000000000000000000e+00
1.000000000000000056e-01 3.333333333333333287e-02 0.000000000000000000e+00
1.000000000000000056e-01 5.000000000000000278e-02 0.000000000000000000e+00
1.000000000000000056e-01 6.666666666666666574e-02 0.000000000000000000e+00
1.000000000000000056e-01 8.333333333333332871e-02 0.000000000000000000e+00
1.000000000000000056e-01 1.000000000000000056e-01 0.000000000000000000e+00
1.000000000000000056e-01 1.166666666666666685e-01 0.000000000000000000e+00
1.000000000000000056e-01 1.333333333333333315e-01 0.000000000000000000e+00
1.000000000000000056e-01 1.499999999999999944e-01 0.000000000000000000e+00
1.000000000000000056e-01 1.666666666666666574e-01 0.000000000000000000e+00
1.000000000000000056e-01 1.833333333333333204e-01 0.000000000000000000e+00
1.000000000000000056e-01 2.000000000000000111e-01 0.000000000000000000e+00
1.000000000000000056e-01 2.166666666666666741e-01 0.000000000000000000e+00
1.000000000000000056e-01 2.333333333333333370e-01 0.000000000000000000e+00
1.000000000000000056e-01 2.500000000000000000e-01 0.000000000000000000e+00
1.000000000000000056e-01 2.666666666666666630e-01 0.000000000000000000e+00
1.000000000000000056e-01 2.833333333333333259e-01 0.000000000000000000e+00
1.000000000000000056e-01 2.999999999999999889e-01 0.000000000000000000e+00
1.000000000000000056e-01 3.166666666666666519e-01 0.000000000000000000e+00
1.000000000000000056e-01 3.333333333333333148e-01 0.000000000000000000e+00
1.000000000000000056e-01 3.499999999999999778e-01 0.000000000000000000e+00
1.000000000000000056e-01 3.666666666666666408e-01 0.000000000000000000e+00
1.000000000000000056e-01 3.833333333333333037e-01 0.000000000000000000e+00
1.000000000000000056e-01 4.000000000000000222e-01 0.000000000000000000e+00
1.000000000000000056e-01 4.166666666666666852e-01 0.000000000000000000e+00
1.000000000000000056e-01 4.333333333333333481e-01 0.000000000000000000e+00
1.000000000000000056e-01 4.500000000000000111e-01 0.000000000000000000e+00
1.000000000000000056e-01 4.666666666666666741e-01 0.000000000000000000e+00
1.000000000000000056e-01 4.833333333333333370e-01 0.000000000000000000e+00
1.000000000000000056e-01 5.000000000000000000e-01 0.000000000000000000e+00
1.000000000000000056e-01 5.166666666666666075e-01 0.000000000000000000e+00
1.000000000000000056e-01 5.333333333333333259e-01 0.000000000000000000e+00
1.000000000000000056e-01 5.500000000000000444e-01 0.000000000000000000e+00
1.000000000000000056e-01 5.666666666666666519e-01 0.000000000000000000e+00
1.000000000000000056e-01 5.833333333333333703e-01 0.000000000000000000e+00
1.000000000000000056e-01 5.999999999999999778e-01 0.000000000000000000e+00
1.000000000000000056e-01 6.166666666666666963e-01 0.000000000000000000e+00
1.000000000000000056e-01 6.333333333333333037e-01 0.000000000000000000e+00
1.000000000000000056e-01 6.500000000000000222e-01 0.000000000000000000e+00
1.000000000000000056e-01 6.666666666666666297e-01 0.000000000000000000e+00
1.000000000000000056e-01 6.833333333333333481e-01 0.000000000000000000e+00
1.000000000000000056e-01 6.999999999999999556e-01 0.000000000000000000e+00
1.000000000000000056e-01 7.166666666666666741e-01 0.000000000000000000e+00
1.000000000000000056e-01 7.333333333333332815e-01 0.000000000000000000e+00
1.000000000000000056e-01 7.500000000000000000e-01 0.000000000000000000e+00
1.000000000000000056e-01 7.666666666666666075e-01 0.000000000000000000e+00
1.000000000000000056e-01 7.833333333333333259e-01 0.000000000000000000e+00
1.000000000000000056e-01 8.000000000000000444e-01 0.000000000000000000e+00
1.000000000000000056e-01 8.166666666666666519e-01 0.000000000000000000e+00
1.000000000000000056e-01 8.333333333333333703e-01 0.000000000000000000e+00
1.000000000000000056e-01 8.499999999999999778e-01 0.000000000000000000e+00
1.000000000000000056e-01 8.666666666666666963e-01 0.000000000000000000e+00
1.000000000000000056e-01 8.833333333333333037e-01 0.000000000000000000e+00
1.000000000000000056e-01 9.000000000000000222e-01 0.000000000000000000e+00
1.000000000000000056e-01 9.166666666666666297e-01 0.000000000000000000e+00
1.000000000000000056e-01 9.333333333333333481e-01 0.000000000000000000e+00
1.000000000000000056e-01 9.499999999999999556e-01 0.000000000000000000e+00
1.000000000000000056e-01 9.666666666666666741e-01 0.000000000000000000e+00
1.000000000000000056e-01 9.833333333333332815e-01 0.000000000000000000e+00
1.000000000000000056e-01 1.000000000000000000e+00 0.000000000000000000e+00
2.000000000000000111e-01 0.000000000000000000e+00 0.000000000000000000e+00
2.000000000000000111e-01 1.666666666666666644e-02 0.000000000000000000e+00
2.000000000000000111e-01 3.333333333333333287e-02 0.000000000000000000e+00
2.000000000000000111e-01 5.000000000000000278e-02 0.000000000000000000e+00
2.000000000000000111e-01 6.666666666666666574e-02 0.000000000000000000e+00
2.000000000000000111e-01 8.333333333333332871e-02 0.000000000000000000e+00
2.000000000000000111e-01 1.000000000000000056e-01 0.000000000000000000e+00
2.000000000000000111e-01 1.166666666666666685e-01 0.000000000000000000e+00
2.000000000000000111e-01 1.333333333333333315e-01 0.000000000000000000e+00
2.000000000000000111e-01 1.499999999999999944e-01 0.000000000000000000e+00
2.000000000000000111e-01 1.666666666666666574e-01 0.000000000000000000e+00
2.000000000000000111e-01 1.833333333333333204e-01 0.000000000000000000e+00
2.000000000000000111e-01 2.000000000000000111e-01 0.000000000000000000e+00
2.000000000000000111e-01 2.166666666666666741e-01 0.000000000000000000e+00
2.000000000000000111e-01 2.333333333333333370e-01 0.000000000000000000e+00
2.000000000000000111e-01 2.500000000000000000e-01 0.000000000000000000e+00
2.000000000000000111e-01 2.666666666666666630e-01 0.000000000000000000e+00
2.000000000000000111e-01 2.833333333333333259e-01 0.000000000000000000e+00
2.000000000000000111e-01 2.999999999999999889e-01 0.000000000000000000e+00
2.000000000000000111e-01 3.166666666666666519e-01 0.000000000000000000e+00
2.000000000000000111e-01 3.333333333333333148e-01 0.000000000000000000e+00
2.000000000000000111e-01 3.499999999999999778e-01 0.000000000000000000e+00
2.000000000000000111e-01 3.666666666666666408e-01 0.000000000000000000e+00
2.000000000000000111e-01 3.833333333333333037e-01 0.000000000000000000e+00
2.000000000000000111e-01 4.000000000000000222e-01 0.000000000000000000e+00
2.000000000000000111e-01 4.166666666666666852e-01 0.000000000000000000e+00
2.000000000000000111e-01 4.333333333333333481e-01 0.000000000000000000e+00
2.000000000000000111e-01 4.500000000000000111e-01 0.000000000000000000e+00
2.000000000000000111e-01 4.666666666666666741e-01 0.000000000000000000e+00
2.000000000000000111e-01 4.833333333333333370e-01 0.000000000000000000e+00
2.000000000000000111e-01 5.000000000000000000e-01 0.000000000000000000e+00
2.000000000000000111e-01 5.166666666666666075e-01 0.000000000000000000e+00
2.000000000000000111e-01 5.333333333333333259e-01 0.000000000000000000e+00
2.000000000000000111e-01 5.500000000000000444e-01 0.000000000000000000e+00
2.000000000000000111e-01 5.666666666666666519e-01 0.000000000000000000e+00
2.000000000000000111e-01 5.833333333333333703e-01 0.000000000000000000e+00
2.000000000000000111e-01 5.999999999999999778e-01 0.000000000000000000e+00
2.000000000000000111e-01 6.166666666666666963e-01 0.000000000000000000e+00
2.000000000000000111e-01 6.333333333333333037e-01 0.000000000000000000e+00
2.000000000000000111e-01 6.500000000000000222e-01 0.000000000000000000e+00
2.000000000000000111e-01 6.666666666666666297e-01 0.000000000000000000e+00
2.000000000000000111e-01 6.833333333333333481e-01 0.000000000000000000e+00
2.000000000000000111e-01 6.999999999999999556e-01 0.000000000000000000e+00
2.000000000000000111e-01 7.166666666666666741e-01 0.000000000000000000e+00
2.000000000000000111e-01 7.333333333333332815e-01 0.000000000000000000e+00
2.000000000000000111e-01 7.500000000000000000e-01 0.000000000000000000e+00
2.000000000000000111e-01 7.666666666666666075e-01 0.000000000000000000e+00
2.000000000000000111e-01 7.833333333333333259e-01 0.000000000000000000e+00
2.000000000000000111e-01 8.000000000000000444e-01 0.000000000000000000e+00
2.000000000000000111e-01 8.166666666666666519e-01 0.000000000000000000e+00
2.000000000000000111e-01 8.333333333333333703e-01 0.000000000000000000e+00
2.000000000000000111e-01 8.499999999999999778e-01 0.000000000000000000e+00
2.000000000000000111e-01 8.666666666666666963e-01 0.000000000000000000e+00
2.000000000000000111e-01 8.833333333333333037e-01 0.000000000000000000e+00
2.000000000000000111e-01 9.000000000000000222e-01 0.000000000000000000e+00
2.000000000000000111e-01 9.166666666666666297e-01 0.000000000000000000e+00
2.000000000000000111e-01 9.333333333333333481e-01 0.000000000000000000e+00
2.000000000000000111e-01 9.499999999999999556e-01 0.000000000000000000e+00
2.000000000000000111e-01 9.666666666666666741e-01 0.000000000000000000e+00
2.000000000000000111e-01 9.833333333333332815e-01 0.000000000000000000e+00
2.000000000000000111e-01 1.000000000000000000e+00 0.000000000000000000e+00
3.000000000000000444e-01 0.000000000000000000e+00 0.000000000000000000e+00
3.000000000000000444e-01 1.666666666666666644e-02 0.000000000000000000e+00
3.000000000000000444e-01 3.333333333333333287e-02 0.000000000000000000e+00
3.000000000000000444e-01 5.000000000000000278e-02 0.000000000000000000e+00
3.000000000000000444e-01 6.666666666666666574e-02 0.000000000000000000e+00
3.000000000000000444e-01 8.333333333333332871e-02 0.000000000000000000e+00
3.000000000000000444e-01 1.000000000000000056e-01 0.000000000000000000e+00
3.000000000000000444e-01 1.166666666666666685e-01 0.000000000000000000e+00
3.000000000000000444e-01 1.333333333333333315e-01 0.000000000000000000e+00
3.000000000000000444e-01 1.499999999999999944e-01 0.000000000000000000e+00
3.000000000000000444e-01 1.666666666666666574e-01 0.000000000000000000e+00
3.000000000000000444e-01 1.833333333333333204e-01 0.000000000000000000e+00
3.000000000000000444e-01 2.000000000000000111e-01 0.000000000000000000e+00
3.000000000000000444e-01 2.166666666666666741e-01 0.000000000000000000e+00
3.000000000000000444e-01 2.333333333333333370e-01 0.000000000000000000e+00
3.000000000000000444e-01 2.500000000000000000e-01 0.000000000000000000e+00
3.000000000000000444e-01 2.666666666666666630e-01 0.000000000000000000e+00
3.000000000000000444e-01 2.833333333333333259e-01 0.000000000000000000e+00
3.000000000000000444e-01 2.999999999999999889e-01 0.000000000000000000e+00
3.000000000000000444e-01 3.166666666666666519e-01 0.000000000000000000e+00
3.000000000000000444e-01 3.333333333333333148e-01 0.000000000000000000e+00
3.000000000000000444e-01 3.499999999999999778e-01 0.000000000000000000e+00
3.000000000000000444e-01 3.666666666666666408e-01 0.000000000000000000e+00
3.000000000000000444e-01 3.833333333333333037e-01 0.000000000000000000e+00
3.000000000000000444e-01 4.000000000000000222e-01 0.000000000000000000e+00
3.000000000000000444e-01 4.166666666666666852e-01 0.000000000000000000e+00
3.000000000000000444e-01 4.333333333333333481e-01 0.000000000000000000e+00
3.000000000000000444e-01 4.500000000000000111e-01 0.000000000000000000e+00
3.000000000000000444e-01 4.666666666666666741e-01 0.000000000000000000e+00
3.000000000000000444e-01 4.833333333333333370e-01 0.000000000000000000e+00
3.000000000000000444e-01 5.000000000000000000e-01 0.000000000000000000e+00
3.000000000000000444e-01 5.166666666666666075e-01 0.000000000000000000e+00
3.000000000000000444e-01 5.333333333333333259e-01 0.000000000000000000e+00
3.000000000000000444e-01 5.500000000000000444e-01 0.000000000000000000e+00
3.000000000000000444e-01 5.666666666666666519e-01 0.000000000000000000e+00
3.000000000000000444e-01 5.833333333333333703e-01 0.000000000000000000e+00
3.000000000000000444e-01 5.999999999999999778e-01 0.000000000000000000e+00
3.000000000000000444e-01 6.166666666666666963e-01 0.000000000000000000e+00
3.000000000000000444e-01 6.333333333333333037e-01 0.000000000000000000e+00
3.000000000000000444e-01 6.500000000000000222e-01 0.000000000000000000e+00
3.000000000000000444e-01 6.666666666666666297e-01 0.000000000000000000e+00
3.000000000000000444e-01 6.833333333333333481e-01 0.000000000000000000e+00
3.000000000000000444e-01 6.999999999999999556e-01 0.000000000000000000e+00
3.000000000000000444e-01 7.166666666666666741e-01 0.000000000000000000e+00
3.000000000000000444e-01 7.333333333333332815e-01 0.000000000000000000e+00
3.000000000000000444e-01 7.500000000000000000e-01 0.000000000000000000e+00
3.000000000000000444e-01 7.666666666666666075e-01 0.000000000000000000e+00
3.000000000000000444e-01 7.833333333333333259e-01 0.000000000000000000e+00
3.000000000000000444e-01 8.000000000000000444e-01 0.000000000000000000e+00
3.000000000000000444e-01 8.166666666666666519e-01 0.000000000000000000e+00
3.000000000000000444e-01 8.333333333333333703e-01 0.000000000000000000e+00
3.000000000000000444e-01 8.499999999999999778e-01 0.000000000000000000e+00
3.000000000000000444e-01 8.666666666666666963e-01 0.000000000000000000e+00
3.000000000000000444e-01 8.833333333333333037e-01 0.000000000000000000e+00
3.000000000000000444e-01 9.000000000000000222e-01 0.000000000000000000e+00
3.000000000000000444e-01 9.166666666666666297e-01 0.000000000000000000e+00
3.000000000000000444e-01 9.333333333333333481e-01 0.000000000000000000e+00
3.000000000000000444e-01 9.499999999999999556e-01 0.000000000000000000e+00
3.000000000000000444e-01 9.666666666666666741e-01 0.000000000000000000e+00
3.000000000000000444e-01 9.833333333333332815e-01 0.000000000000000000e+00
3.000000000000000444e-01 1.000000000000000000e+00 0.000000000000000000e+00
4.000000000000000222e-01 0.000000000000000000e+00 0.000000000000000000e+00
4.000000000000000222e-01 1.666666666666666644e-02 0.000000000000000000e+00
4.000000000000000222e-01 3.333333333333333287e-02 0.000000000000000000e+00
4.000000000000000222e-01 5.000000000000000278e-02 0.000000000000000000e+00
4.000000000000000222e-01 6.666666666666666574e-02 0.000000000000000000e+00
4.000000000000000222e-01 8.333333333333332871e-02 0.000000000000000000e+00
4.000000000000000222e-01 1.000000000000000056e-01 0.000000000000000000e+00
4.000000000000000222e-01 1.166666666666666685e-01 0.000000000000000000e+00
4.000000000000000222e-01 1.333333333333333315e-01 0.000000000000000000e+00
4.000000000000000222e-01 1.499999999999999944e-01 0.000000000000000000e+00
4.000000000000000222e-01 1.666666666666666574e-01 0.000000000000000000e+00
4.000000000000000222e-01 1.833333333333333204e-01 0.000000000000000000e+00
4.000000000000000222e-01 2.000000000000000111e-01 0.000000000000000000e+00
4.000000000000000222e-01 2.166666666666666741e-01 0.000000000000000000e+00
4.000000000000000222e-01 2.333333333333333370e-01 0.000000000000000000e+00
4.000000000000000222e-01 2.500000000000000000e-01 0.000000000000000000e+00
4.000000000000000222e-01 2.666666666666666630e-01 0.000000000000000000e+00
4.000000000000000222e-01 2.833333333333333259e-01 0.000000000000000000e+00
4.000000000000000222e-01 2.999999999999999889e-01 0.000000000000000000e+00
4.000000000000000222e-01 3.166666666666666519e-01 0.000000000000000000e+00
4.000000000000000222e-01 3.333333333333333148e-01 0.000000000000000000e+00
4.000000000000000222e-01 3.499999999999999778e-01 0.000000000000000000e+00
4.000000000000000222e-01 3.666666666666666408e-01 0.000000000000000000e+00
4.000000000000000222e-01 3.833333333333333037e-01 0.000000000000000000e+00
4.000000000000000222e-01 4.000000000000000222e-01 0.000000000000000000e+00
4.000000000000000222e-01 4.166666666666666852e-01 0.000000000000000000e+00
4.000000000000000222e-01 4.333333333333333481e-01 0.000000000000000000e+00
4.000000000000000222e-01 4.500000000000000111e-01 0.000000000000000000e+00
4.000000000000000222e-01 4.666666666666666741e-01 0.000000000000000000e+00
4.000000000000000222e-01 4.833333333333333370e-01 0.000000000000000000e+00
4.000000000000000222e-01 5.000000000000000000e-01 0.000000000000000000e+00
4.000000000000000222e-01 5.166666666666666075e-01 0.000000000000000000e+00
4.000000000000000222e-01 5.333333333333333259e-01 0.000000000000000000e+00
4.000000000000000222e-01 5.500000000000000444e-01 0.000000000000000000e+00
4.000000000000000222e-01 5.666666666666666519e-01 0.000000000000000000e+00
4.000000000000000222e-01 5.833333333333333703e-01 0.000000000000000000e+00
4.000000000000000222e-01 5.999999999999999778e-01 0.000000000000000000e+00
4.000000000000000222e-01 6.166666666666666963e-01 0.000000000000000000e+00
4.000000000000000222e-01 6.333333333333333037e-01 0.000000000000000000e+00
4.000000000000000222e-01 6.500000000000000222e-01 0.000000000000000000e+00
4.000000000000000222e-01 6.666666666666666297e-01 0.000000000000000000e+00
4.000000000000000222e-01 6.833333333333333481e-01 0.000000000000000000e+00
4.000000000000000222e-01 6.999999999999999556e-01 0.000000000000000000e+00
4.000000000000000222e-01 7.166666666666666741e-01 0.000000000000000000e+00
4.000000000000000222e-01 7.333333333333332815e-01 0.000000000000000000e+00
4.000000000000000222e-01 7.500000000000000000e-01 0.000000000000000000e+00
4.000000000000000222e-01 7.666666666666666075e-01 0.000000000000000000e+00
4.000000000000000222e-01 7.833333333333333259e-01 0.000000000000000000e+00
4.000000000000000222e-01 8.000000000000000444e-01 0.000000000000000000e+00
4.000000000000000222e-01 8.166666666666666519e-01 0.000000000000000000e+00
4.000000000000000222e-01 8.333333333333333703e-01 0.000000000000000000e+00
4.000000000000000222e-01 8.499999999999999778e-01 0.000000000000000000e+00
4.000000000000000222e-01 8.666666666666666963e-01 0.000000000000000000e+00
4.000000000000000222e-01 8.833333333333333037e-01 0.000000000000000000e+00
4.000000000000000222e-01 9.000000000000000222e-01 0.000000000000000000e+00
4.000000000000000222e-01 9.166666666666666297e-01 0.000000000000000000e+00
4.000000000000000222e-01 9.333333333333333481e-01 0.000000000000000000e+00
4.000000000000000222e-01 9.499999999999999556e-01 0.000000000000000000e+00
4.000000000000000222e-01 9.666666666666666741e-01 0.000000000000000000e+00
4.000000000000000222e-01 9.833333333333332815e-01 0.000000000000000000e+00
4.000000000000000222e-01 1.000000000000000000e+00 0.000000000000000000e+00
5.000000000000000000e-01 0.000000000000000000e+00 0.000000000000000000e+00
5.000000000000000000e-01 1.666666666666666644e-02 0.000000000000000000e+00
5.000000000000000000e-01 3.333333333333333287e-02 0.000000000000000000e+00
5.000000000000000000e-01 5.000000000000000278e-02 0.000000000000000000e+00
5.000000000000000000e-01 6.666666666666666574e-02 0.000000000000000000e+00
5.000000000000000000e-01 8.333333333333332871e-02 0.000000000000000000e+00
5.000000000000000000e-01 1.000000000000000056e-01 0.000000000000000000e+00
5.000000000000000000e-01 1.166666666666666685e-01 0.000000000000000000e+00
5.000000000000000000e-01 1.333333333333333315e-01 0.000000000000000000e+00
5.000000000000000000e-01 1.499999999999999944e-01 0.000000000000000000e+00
5.000000000000000000e-01 1.666666666666666574e-01 0.000000000000000000e+00
5.000000000000000000e-01 1.833333333333333204e-01 0.000000000000000000e+00
5.000000000000000000e-01 2.000000000000000111e-01 0.000000000000000000e+00
5.000000000000000000e-01 2.166666666666666741e-01 0.000000000000000000e+00
5.000000000000000000e-01 2.333333333333333370e-01 0.000000000000000000e+00
5.000000000000000000e-01 2.500000000000000000e-01 0.000000000000000000e+00
5.000000000000000000e-01 2.666666666666666630e-01 0.000000000000000000e+00
5.000000000000000000e-01 2.833333333333333259e-01 0.000000000000000000e+00
5.000000000000000000e-01 2.999999999999999889e-01 0.000000000000000000e+00
5.000000000000000000e-01 3.166666666666666519e-01 0.000000000000000000e+00
5.000000000000000000e-01 3.333333333333333148e-01 0.000000000000000000e+00
5.000000000000000000e-01 3.499999999999999778e-01 0.000000000000000000e+00
5.000000000000000000e-01 3.666666666666666408e-01 0.000000000000000000e+00
5.000000000000000000e-01 3.833333333333333037e-01 0.000000000000000000e+00
5.000000000000000000e-01 4.000000000000000222e-01 0.000000000000000000e+00
5.000000000000000000e-01 4.166666666666666852e-01 0.000000000000000000e+00
5.000000000000000000e-01 4.333333333333333481e-01 0.000000000000000000e+00
5.000000000000000000e-01 4.500000000000000111e-01 0.000000000000000000e+00
5.000000000000000000e-01 4.666666666666666741e-01 0.000000000000000000e+00
5.000000000000000000e-01 4.833333333333333370e-01 0.000000000000000000e+00
5.000000000000000000e-01 5.000000000000000000e-01 0.000000000000000000e+00
5.000000000000000000e-01 5.166666666666666075e-01 0.000000000000000000e+00
5.000000000000000000e-01 5.333333333333333259e-01 0.000000000000000000e+00
5.000000000000000000e-01 5.500000000000000444e-01 0.000000000000000000e+00
5.000000000000000000e-01 5.666666666666666519e-01 0.000000000000000000e+00
5.000000000000000000e-01 5.833333333333333703e-01 0.000000000000000000e+00
5.000000000000000000e-01 5.999999999999999778e-01 0.000000000000000000e+00
5.000000000000000000e-01 6.166666666666666963e-01 0.000000000000000000e+00
5.000000000000000000e-01 6.333333333333333037e-01 0.000000000000000000e+00
5.000000000000000000e-01 6.500000000000000222e-01 0.000000000000000000e+00
5.000000000000000000e-01 6.666666666666666297e-01 0.000000000000000000e+00
5.000000000000000000e-01 6.833333333333333481e-01 0.000000000000000000e+00
5.000000000000000000e-01 6.999999999999999556e-01 0.000000000000000000e+00
5.000000000000000000e-01 7.166666666666666741e-01 0.000000000000000000e+00
5.000000000000000000e-01 7.333333333333332815e-01 0.000000000000000000e+00
5.000000000000000000e-01 7.500000000000000000e-01 0.000000000000000000e+00
5.000000000000000000e-01 7.666666666666666075e-01 0.000000000000000000e+00
5.000000000000000000e-01 7.833333333333333259e-01 0.000000000000000000e+00
5.000000000000000000e-01 8.000000000000000444e-01 0.000000000000000000e+00
5.000000000000000000e-01 8.166666666666666519e-01 0.000000000000000000e+00
5.000000000000000000e-01 8.333333333333333703e-01 0.000000000000000000e+00
5.000000000000000000e-01 8.499999999999999778e-01 0.000000000000000000e+00
5.000000000000000000e-01 8.666666666666666963e-01 0.000000000000000000e+00
5.000000000000000000e-01 8.833333333333333037e-01 0.000000000000000000e+00
5.000000000000000000e-01 9.000000000000000222e-01 0.000000000000000000e+00
5.000000000000000000e-01 9.166666666666666297e-01 0.000000000000000000e+00
5.000000000000000000e-01 9.333333333333333481e-01 0.000000000000000000e+00
5.000000000000000000e-01 9.499999999999999556e-01 0.000000000000000000e+00
5.000000000000000000e-01 9.666666666666666741e-01 0.000000000000000000e+00
5.000000000000000000e-01 9.833333333333332815e-01 0.000000000000000000e+00
5.000000000000000000e-01 1.000000000000000000e+00 0.000000000000000000e+00
6.000000000000000888e-01 1.000000000000000000e+00 7.964945649995560666e-06
6.000000000000000888e-01 1.256708184937710415e+00 5.631990460257590498e-06
6.000000000000000888e-01 1.579315462089434297e+00 4.162217630507533185e-06
6.000000000000000888e-01 1.984738667806474011e+00 3.205123425288126919e-06
6.000000000000000888e-01 2.494237328794763453e+00 2.499429283344779442e-06
6.000000000000000888e-01 3.134528466273550418e+00 1.968559083560416482e-06
6.000000000000000888e-01 3.939187579486217672e+00 1.557124058238635770e-06
6.000000000000000888e-01 4.950409273145297107e+00 1.225780082383898137e-06
6.000000000000000888e-01 6.221219852353236490e+00 1.030204468738208280e-06
6.000000000000000888e-01 7.818257908749286500e+00 7.715279619085890972e-07
6.000000000000000888e-01 9.825268705879215858e+00 6.143734641973609869e-07
6.000000000000000888e-01 1.234749560189075268e+01 4.859786293871735368e-07
6.000000000000000888e-01 1.551719878637848460e+01 4.560787810577679814e-07
6.000000000000000888e-01 1.950059072214735423e+01 3.419394339173717920e-07
6.000000000000000888e-01 2.450655197164294918e+01 2.764326225830771816e-07
6.000000000000000888e-01 3.079758444736508594e+01 2.818290796306953565e-07
6.000000000000000888e-01 3.870357645131402791e+01 2.241300605474011717e-07
6.000000000000000888e-01 4.608989085919621687e+01 2.282091663515038985e-07
6.000000000000000888e-01 4.863910131272874793e+01 2.213296186995540569e-07
6.000000000000000888e-01 5.270792646974746987e+01 2.484540270025399089e-07
6.000000000000000888e-01 5.932596208029872287e+01 2.837828195114542953e-07
6.000000000000000888e-01 6.112515672772076414e+01 2.845671540058189699e-07
6.000000000000000888e-01 6.594399769084998297e+01 3.337091410923020232e-07
6.000000000000000888e-01 7.256203330140122887e+01 3.695620775717978485e-07
6.000000000000000888e-01 7.681648476532701864e+01 3.896892854690670909e-07
6.000000000000000888e-01 7.918006891195247476e+01 4.338807415401670513e-07
6.000000000000000888e-01 8.579810452250373487e+01 5.285193644525237981e-07
6.000000000000000888e-01 9.241614013305499498e+01 6.453007468541066725e-07
6.000000000000000888e-01 9.903417574360624087e+01 7.590066538040003386e-07
6.000000000000000888e-01 1.056522113541574868e+02 9.239724938407790103e-07
6.000000000000000888e-01 1.122702469647087469e+02 1.056567874209132125e-06
6.000000000000000888e-01 1.188882825752599928e+02 1.193549222969668204e-06
6.000000000000000888e-01 1.255063181858112529e+02 1.366774675431132061e-06
6.000000000000000888e-01 1.321243537963625272e+02 1.489514259831753366e-06
6.000000000000000888e-01 1.387423894069137589e+02 1.673625908434220129e-06
6.000000000000000888e-01 1.453604250174649906e+02 1.787893924139970974e-06
6.000000000000000888e-01 1.519784606280162507e+02 1.968785690008963804e-06
6.000000000000000888e-01 1.585964962385675108e+02 2.126451146754588527e-06
6.000000000000000888e-01 1.652145318491187709e+02 2.279004374893627486e-06
6.000000000000000888e-01 1.718325674596700310e+02 2.468359296066825919e-06
6.000000000000000888e-01 1.784506030702212911e+02 2.644795304135933096e-06
6.000000000000000888e-01 1.850686386807725512e+02 2.762486455456721767e-06
6.000000000000000888e-01 1.916866742913237545e+02 2.876856984747101441e-06
6.000000000000000888e-01 1.983047099018750146e+02 2.955578506043836794e-06
6.000000000000000888e-01 2.049227455124262747e+02 3.005547349021230863e-06
6.000000000000000888e-01 2.115407811229775348e+02 2.990993445157861187e-06
6.000000000000000888e-01 2.181588167335287949e+02 3.002315166651634511e-06
6.000000000000000888e-01 2.247768523440800550e+02 2.996685767992446243e-06
6.000000000000000888e-01 2.313948879546313151e+02 2.932222382339207624e-06
6.000000000000000888e-01 2.380129235651825752e+02 2.833526824306005008e-06
6.000000000000000888e-01 2.446309591757337785e+02 2.700817532735937066e-06
6.000000000000000888e-01 2.512489947862850386e+02 2.550050267440377574e-06
6.000000000000000888e-01 2.578670303968362987e+02 2.356991313731767205e-06
6.000000000000000888e-01 2.644850660073875588e+02 2.127470477170272166e-06
6.000000000000000888e-01 2.711031016179388189e+02 1.884828379714320533e-06
6.000000000000000888e-01 2.777211372284900790e+02 1.525312135181725526e-06
6.000000000000000888e-01 2.843391728390413391e+02 1.252219174760296926e-06
6.000000000000000888e-01 2.909572084495925992e+02 8.950752593130234073e-07
6.000000000000000888e-01 2.975752440601438025e+02 5.497048310488926015e-07
6.000000000000000888e-01 3.041932796706950626e+02 1.836402565665932003e-07
6.000000000000000888e-01 3.072659390613081314e+02 0.000000000000000000e+00
7.000000000000000666e-01 1.000000000000000000e+00 2.788681117307620602e-05
7.000000000000000666e-01 1.273625712635287011e+00 1.927600534744413642e-05
7.000000000000000666e-01 1.622122455885742554e+00 1.413775661793062668e-05
7.000000000000000666e-01 2.065976868859181081e+00 1.088550954919243151e-05
7.000000000000000666e-01 2.631281261888793299e+00 8.300775121053334345e-06
7.000000000000000666e-01 3.351267472316991292e+00 6.570619029471902941e-06
7.000000000000000666e-01 4.268260422661185771e+00 5.150074747032365148e-06
7.000000000000000666e-01 5.436166222524843050e+00 3.957514210089299611e-06
7.000000000000000666e-01 6.923641079167079937e+00 3.124223579291211799e-06
7.000000000000000666e-01 8.818127303485120194e+00 2.438133179890108146e-06
7.000000000000000666e-01 1.123099367100991586e+01 1.918902499676603377e-06
7.000000000000000666e-01 1.430408231784240414e+01 1.390951397682484816e-06
7.000000000000000666e-01 1.821804703565584305e+01 1.312237744622154195e-06
7.000000000000000666e-01 2.320297313861034993e+01 1.071684889579714403e-06
7.000000000000000666e-01 2.955190319892001938e+01 8.890560049100623149e-07
7.000000000000000666e-01 3.763806377145353110e+01 7.529017827541026640e-07
7.000000000000000666e-01 4.793680579312988499e+01 8.830918778125567289e-07
7.000000000000000666e-01 5.942179916136068840e+01 1.020263830187372028e-06
7.000000000000000666e-01 6.105354843973440637e+01 1.000314099252806070e-06
7.000000000000000666e-01 6.795416006658170716e+01 1.220208075245364637e-06
7.000000000000000666e-01 7.648652097180273302e+01 1.339421517137977918e-06
7.000000000000000666e-01 7.775936914046975801e+01 1.464109702059723794e-06
7.000000000000000666e-01 8.501888187702375888e+01 1.794707283129489949e-06
7.000000000000000666e-01 9.355124278224477052e+01 2.322138310501674345e-06
7.000000000000000666e-01 9.903633193560115444e+01 2.658568287777367554e-06
7.000000000000000666e-01 1.020836036874657964e+02 2.843472083222942906e-06
7.000000000000000666e-01 1.106159645926868222e+02 3.444881824192630929e-06
7.000000000000000666e-01 1.191483254979078481e+02 4.246884393701429231e-06
7.000000000000000666e-01 1.276806864031288740e+02 5.224138778970407048e-06
7.000000000000000666e-01 1.362130473083498998e+02 5.983625819906181615e-06
7.000000000000000666e-01 1.447454082135709257e+02 6.587042694519186164e-06
7.000000000000000666e-01 1.532777691187919231e+02 7.494241362866230184e-06
7.000000000000000666e-01 1.618101300240129490e+02 8.298793772060421319e-06
7.000000000000000666e-01 1.703424909292339748e+02 9.338598153756060141e-06
7.000000000000000666e-01 1.788748518344550007e+02 1.020679518469196975e-05
7.000000000000000666e-01 1.874072127396760266e+02 1.112904179462989041e-05
7.000000000000000666e-01 1.959395736448970524e+02 1.203073838827487890e-05
7.000000000000000666e-01 2.044719345501180783e+02 1.262357687594855303e-05
7.000000000000000666e-01 2.130042954553391041e+02 1.303602819637569681e-05
7.000000000000000666e-01 2.215366563605601300e+02 1.351441638275262442e-05
7.000000000000000666e-01 2.300690172657811559e+02 1.368387239752351221e-05
7.000000000000000666e-01 2.386013781710021533e+02 1.395419613206884864e-05
7.000000000000000666e-01 2.471337390762231792e+02 1.406871579740866894e-05
7.000000000000000666e-01 2.556660999814442050e+02 1.397706238812750802e-05
7.000000000000000666e-01 2.641984608866652025e+02 1.380793973834165954e-05
7.000000000000000666e-01 2.727308217918862283e+02 1.333545187374289349e-05
7.000000000000000666e-01 2.812631826971072542e+02 1.275240370665889822e-05
7.000000000000000666e-01 2.897955436023282800e+02 1.209909666379579527e-05
7.000000000000000666e-01 2.983279045075493059e+02 1.140334592132056023e-05
7.000000000000000666e-01 3.068602654127703317e+02 1.055491121798089960e-05
7.000000000000000666e-01 3.153926263179913576e+02 9.588548938281258178e-06
7.000000000000000666e-01 3.239249872232123835e+02 8.658816994732016490e-06
7.000000000000000666e-01 3.324573481284334093e+02 7.691364619457944385e-06
7.000000000000000666e-01 3.409897090336544352e+02 6.640560356355007788e-06
7.000000000000000666e-01 3.495220699388754610e+02 5.575023797528859226e-06
7.000000000000000666e-01 3.580544308440964869e+02 4.541412506748436292e-06
7.000000000000000666e-01 3.665867917493175128e+02 3.457160000108177405e-06
7.000000000000000666e-01 3.751191526545385386e+02 2.436284416422656398e-06
7.000000000000000666e-01 3.836515135597595645e+02 1.448049547291489022e-06
7.000000000000000666e-01 3.921838744649805903e+02 4.320065470799376587e-07
7.000000000000000666e-01 3.961453277424046178e+02 0.000000000000000000e+00
8.000000000000000444e-01 1.000000000000000000e+00 5.802930010937641940e-05
8.000000000000000444e-01 1.281966615740246285e+00 4.015616265344042592e-05
8.000000000000000444e-01 1.643438403872500286e+00 2.901405806631180965e-05
8.000000000000000444e-01 2.106833168789981503e+00 2.298987496218880483e-05
8.000000000000000444e-01 2.700889787322991342e+00 1.678623572812668342e-05
8.000000000000000444e-01 3.462450540141849054e+00 1.301517780511395323e-05
8.000000000000000444e-01 4.438746001113633710e+00 1.030127035737311282e-05
8.000000000000000444e-01 5.690324189178197933e+00 7.640478834741930593e-06
8.000000000000000444e-01 7.294805643265634743e+00 6.290099312026394575e-06
8.000000000000000444e-01 9.351697302980094051e+00 4.847761756673786080e-06
8.000000000000000444e-01 1.198856374292858362e+01 3.612938693624961901e-06
8.000000000000000444e-01 1.536893848910837868e+01 3.456048317356012464e-06
8.000000000000000444e-01 1.970246606240227649e+01 2.571040345410586257e-06
8.000000000000000444e-01 2.525790373975490510e+01 1.979924367098295496e-06
8.000000000000000444e-01 3.237978937794650847e+01 1.650341670812294713e-06
8.000000000000000444e-01 4.150980900722804989e+01 1.880002797450995580e-06
8.000000000000000444e-01 5.321418937302014740e+01 1.941591097405203588e-06
8.000000000000000444e-01 6.726805153281010519e+01 2.342033301198397323e-06
8.000000000000000444e-01 6.821881425989123215e+01 2.542799206300883372e-06
8.000000000000000444e-01 7.692705380418796324e+01 2.767852730051113835e-06
8.000000000000000444e-01 8.658605607556583550e+01 4.036253989710568812e-06
8.000000000000000444e-01 8.745424244656517487e+01 4.184678676190674822e-06
8.000000000000000444e-01 9.624505834694369355e+01 5.473605182876237739e-06
8.000000000000000444e-01 1.059040606183215516e+02 6.672761278529234888e-06
8.000000000000000444e-01 1.121134192213501848e+02 7.966256435337057184e-06
8.000000000000000444e-01 1.155630628896994097e+02 8.582481342979823009e-06
8.000000000000000444e-01 1.252220651610772677e+02 1.029574895380078788e-05
8.000000000000000444e-01 1.348810674324551542e+02 1.174611145037410385e-05
8.000000000000000444e-01 1.445400697038330122e+02 1.376384107553368779e-05
8.000000000000000444e-01 1.541990719752108703e+02 1.580656329995120990e-05
8.000000000000000444e-01 1.638580742465887283e+02 1.815068992146126015e-05
8.000000000000000444e-01 1.735170765179665864e+02 2.044975869873702810e-05
8.000000000000000444e-01 1.831760787893444444e+02 2.282572400060234511e-05
8.000000000000000444e-01 1.928350810607223025e+02 2.491327702478250477e-05
8.000000000000000444e-01 2.024940833321001605e+02 2.686046359422583721e-05
8.000000000000000444e-01 2.121530856034780186e+02 2.832103362382327121e-05
8.000000000000000444e-01 2.218120878748558766e+02 2.971833752851114151e-05
8.000000000000000444e-01 2.314710901462337347e+02 3.075784825835550822e-05
8.000000000000000444e-01 2.411300924176115927e+02 3.179428257512215638e-05
8.000000000000000444e-01 2.507890946889894508e+02 3.210105992576098478e-05
8.000000000000000444e-01 2.604480969603673088e+02 3.192963791833660215e-05
8.000000000000000444e-01 2.701070992317452237e+02 3.164045658268445680e-05
8.000000000000000444e-01 2.797661015031230818e+02 3.096326352006903518e-05
8.000000000000000444e-01 2.894251037745009398e+02 3.004069413434465888e-05
8.000000000000000444e-01 2.990841060458787979e+02 2.867077632518820774e-05
8.000000000000000444e-01 3.087431083172566559e+02 2.710963103060150492e-05
8.000000000000000444e-01 3.184021105886345140e+02 2.556850270474977550e-05
8.000000000000000444e-01 3.280611128600123720e+02 2.355345808679836888e-05
8.000000000000000444e-01 3.377201151313902301e+02 2.166256895217170538e-05
8.000000000000000444e-01 3.473791174027680881e+02 1.947905220820605500e-05
8.000000000000000444e-01 3.570381196741459462e+02 1.734409190219732749e-05
8.000000000000000444e-01 3.666971219455238042e+02 1.527333438972524070e-05
8.000000000000000444e-01 3.763561242169016623e+02 1.326601413019960409e-05
8.000000000000000444e-01 3.860151264882795203e+02 1.126024126452159947e-05
8.000000000000000444e-01 3.956741287596573784e+02 9.220059405077336704e-06
8.000000000000000444e-01 4.053331310310352364e+02 7.382815560050100700e-06
8.000000000000000444e-01 4.149921333024130945e+02 5.564897540835957824e-06
8.000000000000000444e-01 4.246511355737909525e+02 3.787475059222939073e-06
8.000000000000000444e-01 4.343101378451688106e+02 2.239574957995893288e-06
8.000000000000000444e-01 4.439691401165466687e+02 6.507913374772566896e-07
8.000000000000000444e-01 4.484536768854006823e+02 0.000000000000000000e+00
9.000000000000000222e-01 1.000000000000000000e+00 8.633221134337681283e-05
9.000000000000000222e-01 1.286098655083780073e+00 5.884084697766827049e-05
9.000000000000000222e-01 1.654049750608307834e+00 4.294034297648561708e-05
9.000000000000000222e-01 2.127271159699006375e+00 3.310248194806206847e-05
9.000000000000000222e-01 2.735880577487405318e+00 2.499335653451137618e-05
9.000000000000000222e-01 3.518612331176387720e+00 1.912382740879601200e-05
9.000000000000000222e-01 4.525282586887155567e+00 1.499337940545558179e-05
9.000000000000000222e-01 5.819959848869619812e+00 1.064545880059371549e-05
9.000000000000000222e-01 7.485042534272817960e+00 8.681633399353231109e-06
9.000000000000000222e-01 9.626503136573159480e+00 7.107697066006148497e-06
9.000000000000000222e-01 1.238063273710653256e+01 5.381277675924467911e-06
9.000000000000000222e-01 1.592271511227892411e+01 4.505405802946699681e-06
9.000000000000000222e-01 2.047818249118411060e+01 3.338152632804977532e-06
9.000000000000000222e-01 2.633696296047208563e+01 2.500522962922246612e-06
9.000000000000000222e-01 3.387193264245448887e+01 2.736249188788087368e-06
9.000000000000000222e-01 4.356264701654909288e+01 2.552131625408065682e-06
9.000000000000000222e-01 5.602586173987324258e+01 2.847341724044209599e-06
9.000000000000000222e-01 7.150931992590983555e+01 3.642698718118071823e-06
9.000000000000000222e-01 7.205478543356079513e+01 3.771356699276499248e-06
9.000000000000000222e-01 8.177732483834816435e+01 4.859051217323263512e-06
9.000000000000000222e-01 9.204532975078650736e+01 6.277463312133512233e-06
9.000000000000000222e-01 9.266956263845285946e+01 6.686547408675796215e-06
9.000000000000000222e-01 1.023133346632248504e+02 8.906609629829826826e-06
9.000000000000000222e-01 1.125813395756631792e+02 1.183887115753936150e-05
9.000000000000000222e-01 1.191821998765163642e+02 1.351889374847191175e-05
9.000000000000000222e-01 1.228493444881015080e+02 1.452626792916063490e-05
9.000000000000000222e-01 1.331173494005398652e+02 1.742280196409077758e-05
9.000000000000000222e-01 1.433853543129781940e+02 2.014943531990483495e-05
9.000000000000000222e-01 1.536533592254165228e+02 2.411870874910613521e-05
9.000000000000000222e-01 1.639213641378548516e+02 2.725568565714203445e-05
9.000000000000000222e-01 1.741893690502931804e+02 3.165743577338098820e-05
9.000000000000000222e-01 1.844573739627315376e+02 3.521744886597188290e-05
9.000000000000000222e-01 1.947253788751698664e+02 3.862415655649244190e-05
9.000000000000000222e-01 2.049933837876081952e+02 4.155308728690978976e-05
9.000000000000000222e-01 2.152613887000465525e+02 4.402089815017501656e-05
9.000000000000000222e-01 2.255293936124848813e+02 4.566973249113828005e-05
9.000000000000000222e-01 2.357973985249232101e+02 4.789723648305636893e-05
9.000000000000000222e-01 2.460654034373615389e+02 4.909572597638506297e-05
9.000000000000000222e-01 2.563334083497998677e+02 4.983317144012016579e-05
9.000000000000000222e-01 2.666014132622382249e+02 4.942553347354247662e-05
9.000000000000000222e-01 2.768694181746765253e+02 4.890174714861649267e-05
9.000000000000000222e-01 2.871374230871148825e+02 4.785945686976603533e-05
9.000000000000000222e-01 2.974054279995532397e+02 4.574942116319314560e-05
9.000000000000000222e-01 3.076734329119915401e+02 4.375095484778300091e-05
9.000000000000000222e-01 3.179414378244298973e+02 4.163280838662273468e-05
9.000000000000000222e-01 3.282094427368682545e+02 3.895937101080148516e-05
9.000000000000000222e-01 3.384774476493065549e+02 3.591220921944203464e-05
9.000000000000000222e-01 3.487454525617449121e+02 3.295008436516662131e-05
9.000000000000000222e-01 3.590134574741832694e+02 2.982321222908849246e-05
9.000000000000000222e-01 3.692814623866215697e+02 2.651832734448262153e-05
9.000000000000000222e-01 3.795494672990599270e+02 2.350888412746523882e-05
9.000000000000000222e-01 3.898174722114982274e+02 2.050372850707223333e-05
9.000000000000000222e-01 4.000854771239365846e+02 1.741147469507261050e-05
9.000000000000000222e-01 4.103534820363749418e+02 1.470940847050554543e-05
9.000000000000000222e-01 4.206214869488132422e+02 1.194916729891035845e-05
9.000000000000000222e-01 4.308894918612515994e+02 9.377214539827694436e-06
9.000000000000000222e-01 4.411574967736898998e+02 7.033507018175815582e-06
9.000000000000000222e-01 4.514255016861282570e+02 4.788952193656838395e-06
9.000000000000000222e-01 4.616935065985666142e+02 2.746837294141510488e-06
9.000000000000000222e-01 4.719615115110049146e+02 8.282053297838346802e-07
9.000000000000000222e-01 4.767287995060655703e+02 0.000000000000000000e+00
1.000000000000000000e+00 1.000000000000000000e+00 9.768808535565893256e-05
1.000000000000000000e+00 1.287356722545576204e+00 6.715425617767846391e-05
1.000000000000000000e+00 1.657287331083287629e+00 4.846296699274256384e-05
1.000000000000000000e+00 2.133519986859686579e+00 3.640870525214112506e-05
1.000000000000000000e+00 2.746601297769166727e+00 2.794249781557275175e-05
1.000000000000000000e+00 3.535855644835540712e+00 2.114672475288983385e-05
1.000000000000000000e+00 4.551907534329757254e+00 1.707713551951340291e-05
1.000000000000000000e+00 5.859928764725270689e+00 1.207575059863015631e-05
1.000000000000000000e+00 7.543818688907271586e+00 9.834010259483803453e-06
1.000000000000000000e+00 9.711585702829731659e+00 7.285717679436036301e-06
1.000000000000000000e+00 1.250227514111535854e+01 6.581853678454363223e-06
1.000000000000000000e+00 1.609488795002929962e+01 5.069825607481193033e-06
1.000000000000000000e+00 2.071986220108800936e+01 3.877472489178796143e-06
1.000000000000000000e+00 2.667385389478863189e+01 3.222784154701570488e-06
1.000000000000000000e+00 3.433876512765463218e+01 2.997918597587985430e-06
1.000000000000000000e+00 4.420624013099979521e+01 2.958808576672665847e-06
1.000000000000000000e+00 5.690920041110662453e+01 3.775401164447021087e-06
1.000000000000000000e+00 7.285014990797967016e+01 4.286514272166591534e-06
1.000000000000000000e+00 7.326244172393158749e+01 4.629099346405435102e-06
1.000000000000000000e+00 8.331068425374085962e+01 5.748828048439135776e-06
1.000000000000000000e+00 9.377121859950203486e+01 8.457591412626989781e-06
1.000000000000000000e+00 9.431489686340685807e+01 7.850383872815376983e-06
1.000000000000000000e+00 1.042317529452632243e+02 1.091894890441645574e-05
1.000000000000000000e+00 1.146922872910243996e+02 1.385827860760578690e-05
1.000000000000000000e+00 1.214169165132994550e+02 1.660561474818329159e-05
1.000000000000000000e+00 1.251528216367855890e+02 1.787541019357253330e-05
1.000000000000000000e+00 1.356133559825467785e+02 2.049818561811569520e-05
1.000000000000000000e+00 1.460738903283079537e+02 2.398464584709627192e-05
1.000000000000000000e+00 1.565344246740691574e+02 2.800726257091240513e-05
1.000000000000000000e+00 1.669949590198303326e+02 3.213499462383122084e-05
1.000000000000000000e+00 1.774554933655915079e+02 3.732375173424612875e-05
1.000000000000000000e+00 1.879160277113526831e+02 4.136660773345458782e-05
1.000000000000000000e+00 1.983765620571138868e+02 4.527217509783907653e-05
1.000000000000000000e+00 2.088370964028750620e+02 4.841072703282844344e-05
1.000000000000000000e+00 2.192976307486362373e+02 5.121715839549080286e-05
1.000000000000000000e+00 2.297581650943974410e+02 5.385886841001987039e-05
1.000000000000000000e+00 2.402186994401586162e+02 5.481696652710233586e-05
1.000000000000000000e+00 2.506792337859197914e+02 5.679373894931079531e-05
1.000000000000000000e+00 2.611397681316809667e+02 5.725104995880180958e-05
1.000000000000000000e+00 2.716003024774421419e+02 5.737302046674244444e-05
1.000000000000000000e+00 2.820608368232033172e+02 5.517061787983415901e-05
1.000000000000000000e+00 2.925213711689645493e+02 5.380928442373276809e-05
1.000000000000000000e+00 3.029819055147257245e+02 5.239323485847882021e-05
1.000000000000000000e+00 3.134424398604868998e+02 4.958026399836092194e-05
1.000000000000000000e+00 3.239029742062481318e+02 4.725266518232947976e-05
1.000000000000000000e+00 3.343635085520093071e+02 4.278705365780285317e-05
1.000000000000000000e+00 3.448240428977704823e+02 4.018816233857575075e-05
1.000000000000000000e+00 3.552845772435316576e+02 3.604557714023795588e-05
1.000000000000000000e+00 3.657451115892928328e+02 3.326663376082925348e-05
1.000000000000000000e+00 3.762056459350540081e+02 2.974228243415170641e-05
1.000000000000000000e+00 3.866661802808151833e+02 2.520940472940420168e-05
1.000000000000000000e+00 3.971267146265763586e+02 2.192034554042144424e-05
1.000000000000000000e+00 4.075872489723375338e+02 1.982453735396806630e-05
1.000000000000000000e+00 4.180477833180987091e+02 1.616233282519852863e-05
1.000000000000000000e+00 4.285083176638598843e+02 1.314249206585003173e-05
1.000000000000000000e+00 4.389688520096210596e+02 1.086061819981159594e-05
1.000000000000000000e+00 4.494293863553823485e+02 7.360727646080442944e-06
1.000000000000000000e+00 4.598899207011435237e+02 5.123963911724097594e-06
1.000000000000000000e+00 4.703504550469046990e+02 3.083960076859401375e-06
1.000000000000000000e+00 4.808109893926658174e+02 7.325534743909421084e-07
1.000000000000000000e+00 4.856676660531978200e+02 0.000000000000000000e+00
