# mx [GeV]: 10000.0
# sigma_p [cm^2]: 1e-29
# depth [m]: 10.6
# target: full
# Columns: gamma/pi, v [km/s], f(v, gamma) [s/km]
0.000000000000000000e+00 0.000000000000000000e+00 0.000000000000000000e+00
0.000000000000000000e+00 1.666666666666666644e-02 0.000000000000000000e+00
0.000000000000000000e+00 3.333333333333333287e-02 0.000000000000000000e+00
0.000000000000000000e+00 5.000000000000000278e-02 0.000000000000000000e+00
0.000000000000000000e+00 6.666666666666666574e-02 0.000000000000000000e+00
0.000000000000000000e+00 8.333333333333332871e-02 0.000000000000000000e+00
0.000000000000000000e+00 1.000000000000000056e-01 0.000000000000000000e+00
0.000000000000000000e+00 1.166666666666666685e-01 0.000000000000000000e+00
0.000000000000000000e+00 1.333333333333333315e-01 0.000000000000000000e+00
0.000000000000000000e+00 1.499999999999999944e-01 0.000000000000000000e+00
0.000000000000000000e+00 1.666666666666666574e-01 0.000000000000000000e+00
0.000000000000000000e+00 1.833333333333333204e-01 0.000000000000000000e+00
0.000000000000000000e+00 2.000000000000000111e-01 0.000000000000000000e+00
0.000000000000000000e+00 2.166666666666666741e-01 0.000000000000000000e+00
0.000000000000000000e+00 2.333333333333333370e-01 0.000000000000000000e+00
0.000000000000000000e+00 2.500000000000000000e-01 0.000000000000000000e+00
0.000000000000000000e+00 2.666666666666666630e-01 0.000000000000000000e+00
0.000000000000000000e+00 2.833333333333333259e-01 0.000000000000000000e+00
0.000000000000000000e+00 2.999999999999999889e-01 0.000000000000000000e+00
0.000000000000000000e+00 3.166666666666666519e-01 0.000000000000000000e+00
0.000000000000000000e+00 3.333333333333333148e-01 0.000000000000000000e+00
0.000000000000000000e+00 3.499999999999999778e-01 0.000000000000000000e+00
0.000000000000000000e+00 3.666666666666666408e-01 0.000000000000000000e+00
0.000000000000000000e+00 3.833333333333333037e-01 0.000000000000000000e+00
0.000000000000000000e+00 4.000000000000000222e-01 0.000000000000000000e+00
0.000000000000000000e+00 4.166666666666666852e-01 0.000000000000000000e+00
0.000000000000000000e+00 4.333333333333333481e-01 0.000000000000000000e+00
0.000000000000000000e+00 4.500000000000000111e-01 0.000000000000000000e+00
0.000000000000000000e+00 4.666666666666666741e-01 0.000000000000000000e+00
0.000000000000000000e+00 4.833333333333333370e-01 0.000000000000000000e+00
0.000000000000000000e+00 5.000000000000000000e-01 0.000000000000000000e+00
0.000000000000000000e+00 5.166666666666666075e-01 0.000000000000000000e+00
0.000000000000000000e+00 5.333333333333333259e-01 0.000000000000000000e+00
0.000000000000000000e+00 5.500000000000000444e-01 0.000000000000000000e+00
0.000000000000000000e+00 5.666666666666666519e-01 0.000000000000000000e+00
0.000000000000000000e+00 5.833333333333333703e-01 0.000000000000000000e+00
0.000000000000000000e+00 5.999999999999999778e-01 0.000000000000000000e+00
0.000000000000000000e+00 6.166666666666666963e-01 0.000000000000000000e+00
0.000000000000000000e+00 6.333333333333333037e-01 0.000000000000000000e+00
0.000000000000000000e+00 6.500000000000000222e-01 0.000000000000000000e+00
0.000000000000000000e+00 6.666666666666666297e-01 0.000000000000000000e+00
0.000000000000000000e+00 6.833333333333333481e-01 0.000000000000000000e+00
0.000000000000000000e+00 6.999999999999999556e-01 0.000000000000000000e+00
0.000000000000000000e+00 7.166666666666666741e-01 0.000000000000000000e+00
0.000000000000000000e+00 7.333333333333332815e-01 0.000000000000000000e+00
0.000000000000000000e+00 7.500000000000000000e-01 0.000000000000000000e+00
0.000000000000000000e+00 7.666666666666666075e-01 0.000000000000000000e+00
0.000000000000000000e+00 7.833333333333333259e-01 0.000000000000000000e+00
0.000000000000000000e+00 8.000000000000000444e-01 0.000000000000000000e+00
0.000000000000000000e+00 8.166666666666666519e-01 0.000000000000000000e+00
0.000000000000000000e+00 8.333333333333333703e-01 0.000000000000000000e+00
0.000000000000000000e+00 8.499999999999999778e-01 0.000000000000000000e+00
0.000000000000000000e+00 8.666666666666666963e-01 0.000000000000000000e+00
0.000000000000000000e+00 8.833333333333333037e-01 0.000000000000000000e+00
0.000000000000000000e+00 9.000000000000000222e-01 0.000000000000000000e+00
0.000000000000000000e+00 9.166666666666666297e-01 0.000000000000000000e+00
0.000000000000000000e+00 9.333333333333333481e-01 0.000000000000000000e+00
0.000000000000000000e+00 9.499999999999999556e-01 0.000000000000000000e+00
0.000000000000000000e+00 9.666666666666666741e-01 0.000000000000000000e+00
0.000000000000000000e+00 9.833333333333332815e-01 0.000000000000000000e+00
0.000000000000000000e+00 1.000000000000000000e+00 0.000000000000000000e+00
1.000000000000000056e-01 0.000000000000000000e+00 0.000000000000000000e+00
1.000000000000000056e-01 1.666666666666666644e-02 0.000000000000000000e+00
1.000000000000000056e-01 3.333333333333333287e-02 0.000000000000000000e+00
1.000000000000000056e-01 5.000000000000000278e-02 0.000000000000000000e+00
1.000000000000000056e-01 6.666666666666666574e-02 0.000000000000000000e+00
1.000000000000000056e-01 8.333333333333332871e-02 0.000000000000000000e+00
1.000000000000000056e-01 1.000000000000000056e-01 0.000000000000000000e+00
1.000000000000000056e-01 1.166666666666666685e-01 0.000000000000000000e+00
1.000000000000000056e-01 1.333333333333333315e-01 0.000000000000000000e+00
1.000000000000000056e-01 1.499999999999999944e-01 0.000000000000000000e+00
1.000000000000000056e-01 1.666666666666666574e-01 0.000000000000000000e+00
1.000000000000000056e-01 1.833333333333333204e-01 0.000000000000000000e+00
1.000000000000000056e-01 2.000000000000000111e-01 0.000000000000000000e+00
1.000000000000000056e-01 2.166666666666666741e-01 0.000000000000000000e+00
1.000000000000000056e-01 2.333333333333333370e-01 0.000000000000000000e+00
1.000000000000000056e-01 2.500000000000000000e-01 0.000000000000000000e+00
1.000000000000000056e-01 2.666666666666666630e-01 0.000000000000000000e+00
1.000000000000000056e-01 2.833333333333333259e-01 0.000000000000000000e+00
1.000000000000000056e-01 2.999999999999999889e-01 0.000000000000000000e+00
1.000000000000000056e-01 3.166666666666666519e-01 0.000000000000000000e+00
1.000000000000000056e-01 3.333333333333333148e-01 0.000000000000000000e+00
1.000000000000000056e-01 3.499999999999999778e-01 0.000000000000000000e+00
1.000000000000000056e-01 3.666666666666666408e-01 0.000000000000000000e+00
1.000000000000000056e-01 3.833333333333333037e-01 0.000000000000000000e+00
1.000000000000000056e-01 4.000000000000000222e-01 0.000000000000000000e+00
1.000000000000000056e-01 4.166666666666666852e-01 0.000000000000000000e+00
1.000000000000000056e-01 4.333333333333333481e-01 0.000000000000000000e+00
1.000000000000000056e-01 4.500000000000000111e-01 0.000000000000000000e+00
1.000000000000000056e-01 4.666666666666666741e-01 0.000000000000000000e+00
1.000000000000000056e-01 4.833333333333333370e-01 0.000000000000000000e+00
1.000000000000000056e-01 5.000000000000000000e-01 0.000000000000000000e+00
1.000000000000000056e-01 5.166666666666666075e-01 0.000000000000000000e+00
1.000000000000000056e-01 5.333333333333333259e-01 0.000000000000000000e+00
1.000000000000000056e-01 5.500000000000000444e-01 0.000000000000000000e+00
1.000000000000000056e-01 5.666666666666666519e-01 0.000000000000000000e+00
1.000000000000000056e-01 5.833333333333333703e-01 0.000000000000000000e+00
1.000000000000000056e-01 5.999999999999999778e-01 0.000000000000000000e+00
1.000000000000000056e-01 6.166666666666666963e-01 0.000000000000000000e+00
1.000000000000000056e-01 6.333333333333333037e-01 0.000000000000000000e+00
1.000000000000000056e-01 6.500000000000000222e-01 0.000000000000000000e+00
1.000000000000000056e-01 6.666666666666666297e-01 0.000000000000000000e+00
1.000000000000000056e-01 6.833333333333333481e-01 0.000000000000000000e+00
1.000000000000000056e-01 6.999999999999999556e-01 0.000000000000000000e+00
1.000000000000000056e-01 7.166666666666666741e-01 0.000000000000000000e+00
1.000000000000000056e-01 7.333333333333332815e-01 0.000000000000000000e+00
1.000000000000000056e-01 7.500000000000000000e-01 0.000000000000000000e+00
1.000000000000000056e-01 7.666666666666666075e-01 0.000000000000000000e+00
1.000000000000000056e-01 7.833333333333333259e-01 0.000000000000000000e+00
1.000000000000000056e-01 8.000000000000000444e-01 0.000000000000000000e+00
1.000000000000000056e-01 8.166666666666666519e-01 0.000000000000000000e+00
1.000000000000000056e-01 8.333333333333333703e-01 0.000000000000000000e+00
1.000000000000000056e-01 8.499999999999999778e-01 0.000000000000000000e+00
1.000000000000000056e-01 8.666666666666666963e-01 0.000000000000000000e+00
1.000000000000000056e-01 8.833333333333333037e-01 0.000000000000000000e+00
1.000000000000000056e-01 9.000000000000000222e-01 0.000000000000000000e+00
1.000000000000000056e-01 9.166666666666666297e-01 0.000000000000000000e+00
1.000000000000000056e-01 9.333333333333333481e-01 0.000000000000000000e+00
1.000000000000000056e-01 9.499999999999999556e-01 0.000000000000000000e+00
1.000000000000000056e-01 9.666666666666666741e-01 0.000000000000000000e+00
1.000000000000000056e-01 9.833333333333332815e-01 0.000000000000000000e+00
1.000000000000000056e-01 1.000000000000000000e+00 0.000000000000000000e+00
2.000000000000000111e-01 0.000000000000000000e+00 0.000000000000000000e+00
2.000000000000000111e-01 1.666666666666666644e-02 0.000000000000000000e+00
2.000000000000000111e-01 3.333333333333333287e-02 0.000000000000000000e+00
2.000000000000000111e-01 5.000000000000000278e-02 0.000000000000000000e+00
2.000000000000000111e-01 6.666666666666666574e-02 0.000000000000000000e+00
2.000000000000000111e-01 8.333333333333332871e-02 0.000000000000000000e+00
2.000000000000000111e-01 1.000000000000000056e-01 0.000000000000000000e+00
2.000000000000000111e-01 1.166666666666666685e-01 0.000000000000000000e+00
2.000000000000000111e-01 1.333333333333333315e-01 0.000000000000000000e+00
2.000000000000000111e-01 1.499999999999999944e-01 0.000000000000000000e+00
2.000000000000000111e-01 1.666666666666666574e-01 0.000000000000000000e+00
2.000000000000000111e-01 1.833333333333333204e-01 0.000000000000000000e+00
2.000000000000000111e-01 2.000000000000000111e-01 0.000000000000000000e+00
2.000000000000000111e-01 2.166666666666666741e-01 0.000000000000000000e+00
2.000000000000000111e-01 2.333333333333333370e-01 0.000000000000000000e+00
2.000000000000000111e-01 2.500000000000000000e-01 0.000000000000000000e+00
2.000000000000000111e-01 2.666666666666666630e-01 0.000000000000000000e+00
2.000000000000000111e-01 2.833333333333333259e-01 0.000000000000000000e+00
2.000000000000000111e-01 2.999999999999999889e-01 0.000000000000000000e+00
2.000000000000000111e-01 3.166666666666666519e-01 0.000000000000000000e+00
2.000000000000000111e-01 3.333333333333333148e-01 0.000000000000000000e+00
2.000000000000000111e-01 3.499999999999999778e-01 0.000000000000000000e+00
2.000000000000000111e-01 3.666666666666666408e-01 0.000000000000000000e+00
2.000000000000000111e-01 3.833333333333333037e-01 0.000000000000000000e+00
2.000000000000000111e-01 4.000000000000000222e-01 0.000000000000000000e+00
2.000000000000000111e-01 4.166666666666666852e-01 0.000000000000000000e+00
2.000000000000000111e-01 4.333333333333333481e-01 0.000000000000000000e+00
2.000000000000000111e-01 4.500000000000000111e-01 0.000000000000000000e+00
2.000000000000000111e-01 4.666666666666666741e-01 0.000000000000000000e+00
2.000000000000000111e-01 4.833333333333333370e-01 0.000000000000000000e+00
2.000000000000000111e-01 5.000000000000000000e-01 0.000000000000000000e+00
2.000000000000000111e-01 5.166666666666666075e-01 0.000000000000000000e+00
2.000000000000000111e-01 5.333333333333333259e-01 0.000000000000000000e+00
2.000000000000000111e-01 5.500000000000000444e-01 0.000000000000000000e+00
2.000000000000000111e-01 5.666666666666666519e-01 0.000000000000000000e+00
2.000000000000000111e-01 5.833333333333333703e-01 0.000000000000000000e+00
2.000000000000000111e-01 5.999999999999999778e-01 0.000000000000000000e+00
2.000000000000000111e-01 6.166666666666666963e-01 0.000000000000000000e+00
2.000000000000000111e-01 6.333333333333333037e-01 0.000000000000000000e+00
2.000000000000000111e-01 6.500000000000000222e-01 0.000000000000000000e+00
2.000000000000000111e-01 6.666666666666666297e-01 0.000000000000000000e+00
2.000000000000000111e-01 6.833333333333333481e-01 0.000000000000000000e+00
2.000000000000000111e-01 6.999999999999999556e-01 0.000000000000000000e+00
2.000000000000000111e-01 7.166666666666666741e-01 0.000000000000000000e+00
2.000000000000000111e-01 7.333333333333332815e-01 0.000000000000000000e+00
2.000000000000000111e-01 7.500000000000000000e-01 0.000000000000000000e+00
2.000000000000000111e-01 7.666666666666666075e-01 0.000000000000000000e+00
2.000000000000000111e-01 7.833333333333333259e-01 0.000000000000000000e+00
2.000000000000000111e-01 8.000000000000000444e-01 0.000000000000000000e+00
2.000000000000000111e-01 8.166666666666666519e-01 0.000000000000000000e+00
2.000000000000000111e-01 8.333333333333333703e-01 0.000000000000000000e+00
2.000000000000000111e-01 8.499999999999999778e-01 0.000000000000000000e+00
2.000000000000000111e-01 8.666666666666666963e-01 0.000000000000000000e+00
2.000000000000000111e-01 8.833333333333333037e-01 0.000000000000000000e+00
2.000000000000000111e-01 9.000000000000000222e-01 0.000000000000000000e+00
2.000000000000000111e-01 9.166666666666666297e-01 0.000000000000000000e+00
2.000000000000000111e-01 9.333333333333333481e-01 0.000000000000000000e+00
2.000000000000000111e-01 9.499999999999999556e-01 0.000000000000000000e+00
2.000000000000000111e-01 9.666666666666666741e-01 0.000000000000000000e+00
2.000000000000000111e-01 9.833333333333332815e-01 0.000000000000000000e+00
2.000000000000000111e-01 1.000000000000000000e+00 0.000000000000000000e+00
3.000000000000000444e-01 0.000000000000000000e+00 0.000000000000000000e+00
3.000000000000000444e-01 1.666666666666666644e-02 0.000000000000000000e+00
3.000000000000000444e-01 3.333333333333333287e-02 0.000000000000000000e+00
3.000000000000000444e-01 5.000000000000000278e-02 0.000000000000000000e+00
3.000000000000000444e-01 6.666666666666666574e-02 0.000000000000000000e+00
3.000000000000000444e-01 8.333333333333332871e-02 0.000000000000000000e+00
3.000000000000000444e-01 1.000000000000000056e-01 0.000000000000000000e+00
3.000000000000000444e-01 1.166666666666666685e-01 0.000000000000000000e+00
3.000000000000000444e-01 1.333333333333333315e-01 0.000000000000000000e+00
3.000000000000000444e-01 1.499999999999999944e-01 0.000000000000000000e+00
3.000000000000000444e-01 1.666666666666666574e-01 0.000000000000000000e+00
3.000000000000000444e-01 1.833333333333333204e-01 0.000000000000000000e+00
3.000000000000000444e-01 2.000000000000000111e-01 0.000000000000000000e+00
3.000000000000000444e-01 2.166666666666666741e-01 0.000000000000000000e+00
3.000000000000000444e-01 2.333333333333333370e-01 0.000000000000000000e+00
3.000000000000000444e-01 2.500000000000000000e-01 0.000000000000000000e+00
3.000000000000000444e-01 2.666666666666666630e-01 0.000000000000000000e+00
3.000000000000000444e-01 2.833333333333333259e-01 0.000000000000000000e+00
3.000000000000000444e-01 2.999999999999999889e-01 0.000000000000000000e+00
3.000000000000000444e-01 3.166666666666666519e-01 0.000000000000000000e+00
3.000000000000000444e-01 3.333333333333333148e-01 0.000000000000000000e+00
3.000000000000000444e-01 3.499999999999999778e-01 0.000000000000000000e+00
3.000000000000000444e-01 3.666666666666666408e-01 0.000000000000000000e+00
3.000000000000000444e-01 3.833333333333333037e-01 0.000000000000000000e+00
3.000000000000000444e-01 4.000000000000000222e-01 0.000000000000000000e+00
3.000000000000000444e-01 4.166666666666666852e-01 0.000000000000000000e+00
3.000000000000000444e-01 4.333333333333333481e-01 0.000000000000000000e+00
3.000000000000000444e-01 4.500000000000000111e-01 0.000000000000000000e+00
3.000000000000000444e-01 4.666666666666666741e-01 0.000000000000000000e+00
3.000000000000000444e-01 4.833333333333333370e-01 0.000000000000000000e+00
3.000000000000000444e-01 5.000000000000000000e-01 0.000000000000000000e+00
3.000000000000000444e-01 5.166666666666666075e-01 0.000000000000000000e+00
3.000000000000000444e-01 5.333333333333333259e-01 0.000000000000000000e+00
3.000000000000000444e-01 5.500000000000000444e-01 0.000000000000000000e+00
3.000000000000000444e-01 5.666666666666666519e-01 0.000000000000000000e+00
3.000000000000000444e-01 5.833333333333333703e-01 0.000000000000000000e+00
3.000000000000000444e-01 5.999999999999999778e-01 0.000000000000000000e+00
3.000000000000000444e-01 6.166666666666666963e-01 0.000000000000000000e+00
3.000000000000000444e-01 6.333333333333333037e-01 0.000000000000000000e+00
3.000000000000000444e-01 6.500000000000000222e-01 0.000000000000000000e+00
3.000000000000000444e-01 6.666666666666666297e-01 0.000000000000000000e+00
3.000000000000000444e-01 6.833333333333333481e-01 0.000000000000000000e+00
3.000000000000000444e-01 6.999999999999999556e-01 0.000000000000000000e+00
3.000000000000000444e-01 7.166666666666666741e-01 0.000000000000000000e+00
3.000000000000000444e-01 7.333333333333332815e-01 0.000000000000000000e+00
3.000000000000000444e-01 7.500000000000000000e-01 0.000000000000000000e+00
3.000000000000000444e-01 7.666666666666666075e-01 0.000000000000000000e+00
3.000000000000000444e-01 7.833333333333333259e-01 0.000000000000000000e+00
3.000000000000000444e-01 8.000000000000000444e-01 0.000000000000000000e+00
3.000000000000000444e-01 8.166666666666666519e-01 0.000000000000000000e+00
3.000000000000000444e-01 8.333333333333333703e-01 0.000000000000000000e+00
3.000000000000000444e-01 8.499999999999999778e-01 0.000000000000000000e+00
3.000000000000000444e-01 8.666666666666666963e-01 0.000000000000000000e+00
3.000000000000000444e-01 8.833333333333333037e-01 0.000000000000000000e+00
3.000000000000000444e-01 9.000000000000000222e-01 0.000000000000000000e+00
3.000000000000000444e-01 9.166666666666666297e-01 0.000000000000000000e+00
3.000000000000000444e-01 9.333333333333333481e-01 0.000000000000000000e+00
3.000000000000000444e-01 9.499999999999999556e-01 0.000000000000000000e+00
3.000000000000000444e-01 9.666666666666666741e-01 0.000000000000000000e+00
3.000000000000000444e-01 9.833333333333332815e-01 0.000000000000000000e+00
3.000000000000000444e-01 1.000000000000000000e+00 0.000000000000000000e+00
4.000000000000000222e-01 0.000000000000000000e+00 0.000000000000000000e+00
4.000000000000000222e-01 1.666666666666666644e-02 0.000000000000000000e+00
4.000000000000000222e-01 3.333333333333333287e-02 0.000000000000000000e+00
4.000000000000000222e-01 5.000000000000000278e-02 0.000000000000000000e+00
4.000000000000000222e-01 6.666666666666666574e-02 0.000000000000000000e+00
4.000000000000000222e-01 8.333333333333332871e-02 0.000000000000000000e+00
4.000000000000000222e-01 1.000000000000000056e-01 0.000000000000000000e+00
4.000000000000000222e-01 1.166666666666666685e-01 0.000000000000000000e+00
4.000000000000000222e-01 1.333333333333333315e-01 0.000000000000000000e+00
4.000000000000000222e-01 1.499999999999999944e-01 0.000000000000000000e+00
4.000000000000000222e-01 1.666666666666666574e-01 0.000000000000000000e+00
4.000000000000000222e-01 1.833333333333333204e-01 0.000000000000000000e+00
4.000000000000000222e-01 2.000000000000000111e-01 0.000000000000000000e+00
4.000000000000000222e-01 2.166666666666666741e-01 0.000000000000000000e+00
4.000000000000000222e-01 2.333333333333333370e-01 0.000000000000000000e+00
4.000000000000000222e-01 2.500000000000000000e-01 0.000000000000000000e+00
4.000000000000000222e-01 2.666666666666666630e-01 0.000000000000000000e+00
4.000000000000000222e-01 2.833333333333333259e-01 0.000000000000000000e+00
4.000000000000000222e-01 2.999999999999999889e-01 0.000000000000000000e+00
4.000000000000000222e-01 3.166666666666666519e-01 0.000000000000000000e+00
4.000000000000000222e-01 3.333333333333333148e-01 0.000000000000000000e+00
4.000000000000000222e-01 3.499999999999999778e-01 0.000000000000000000e+00
4.000000000000000222e-01 3.666666666666666408e-01 0.000000000000000000e+00
4.000000000000000222e-01 3.833333333333333037e-01 0.000000000000000000e+00
4.000000000000000222e-01 4.000000000000000222e-01 0.000000000000000000e+00
4.000000000000000222e-01 4.166666666666666852e-01 0.000000000000000000e+00
4.000000000000000222e-01 4.333333333333333481e-01 0.000000000000000000e+00
4.000000000000000222e-01 4.500000000000000111e-01 0.000000000000000000e+00
4.000000000000000222e-01 4.666666666666666741e-01 0.000000000000000000e+00
4.000000000000000222e-01 4.833333333333333370e-01 0.000000000000000000e+00
4.000000000000000222e-01 5.000000000000000000e-01 0.000000000000000000e+00
4.000000000000000222e-01 5.166666666666666075e-01 0.000000000000000000e+00
4.000000000000000222e-01 5.333333333333333259e-01 0.000000000000000000e+00
4.000000000000000222e-01 5.500000000000000444e-01 0.000000000000000000e+00
4.000000000000000222e-01 5.666666666666666519e-01 0.000000000000000000e+00
4.000000000000000222e-01 5.833333333333333703e-01 0.000000000000000000e+00
4.000000000000000222e-01 5.999999999999999778e-01 0.000000000000000000e+00
4.000000000000000222e-01 6.166666666666666963e-01 0.000000000000000000e+00
4.000000000000000222e-01 6.333333333333333037e-01 0.000000000000000000e+00
4.000000000000000222e-01 6.500000000000000222e-01 0.000000000000000000e+00
4.000000000000000222e-01 6.666666666666666297e-01 0.000000000000000000e+00
4.000000000000000222e-01 6.833333333333333481e-01 0.000000000000000000e+00
4.000000000000000222e-01 6.999999999999999556e-01 0.000000000000000000e+00
4.000000000000000222e-01 7.166666666666666741e-01 0.000000000000000000e+00
4.000000000000000222e-01 7.333333333333332815e-01 0.000000000000000000e+00
4.000000000000000222e-01 7.500000000000000000e-01 0.000000000000000000e+00
4.000000000000000222e-01 7.666666666666666075e-01 0.000000000000000000e+00
4.000000000000000222e-01 7.833333333333333259e-01 0.000000000000000000e+00
4.000000000000000222e-01 8.000000000000000444e-01 0.000000000000000000e+00
4.000000000000000222e-01 8.166666666666666519e-01 0.000000000000000000e+00
4.000000000000000222e-01 8.333333333333333703e-01 0.000000000000000000e+00
4.000000000000000222e-01 8.499999999999999778e-01 0.000000000000000000e+00
4.000000000000000222e-01 8.666666666666666963e-01 0.000000000000000000e+00
4.000000000000000222e-01 8.833333333333333037e-01 0.000000000000000000e+00
4.000000000000000222e-01 9.000000000000000222e-01 0.000000000000000000e+00
4.000000000000000222e-01 9.166666666666666297e-01 0.000000000000000000e+00
4.000000000000000222e-01 9.333333333333333481e-01 0.000000000000000000e+00
4.000000000000000222e-01 9.499999999999999556e-01 0.000000000000000000e+00
4.000000000000000222e-01 9.666666666666666741e-01 0.000000000000000000e+00
4.000000000000000222e-01 9.833333333333332815e-01 0.000000000000000000e+00
4.000000000000000222e-01 1.000000000000000000e+00 0.000000000000000000e+00
5.000000000000000000e-01 0.000000000000000000e+00 0.000000000000000000e+00
5.000000000000000000e-01 1.666666666666666644e-02 0.000000000000000000e+00
5.000000000000000000e-01 3.333333333333333287e-02 0.000000000000000000e+00
5.000000000000000000e-01 5.000000000000000278e-02 0.000000000000000000e+00
5.000000000000000000e-01 6.666666666666666574e-02 0.000000000000000000e+00
5.000000000000000000e-01 8.333333333333332871e-02 0.000000000000000000e+00
5.000000000000000000e-01 1.000000000000000056e-01 0.000000000000000000e+00
5.000000000000000000e-01 1.166666666666666685e-01 0.000000000000000000e+00
5.000000000000000000e-01 1.333333333333333315e-01 0.000000000000000000e+00
5.000000000000000000e-01 1.499999999999999944e-01 0.000000000000000000e+00
5.000000000000000000e-01 1.666666666666666574e-01 0.000000000000000000e+00
5.000000000000000000e-01 1.833333333333333204e-01 0.000000000000000000e+00
5.000000000000000000e-01 2.000000000000000111e-01 0.000000000000000000e+00
5.000000000000000000e-01 2.166666666666666741e-01 0.000000000000000000e+00
5.000000000000000000e-01 2.333333333333333370e-01 0.000000000000000000e+00
5.000000000000000000e-01 2.500000000000000000e-01 0.000000000000000000e+00
5.000000000000000000e-01 2.666666666666666630e-01 0.000000000000000000e+00
5.000000000000000000e-01 2.833333333333333259e-01 0.000000000000000000e+00
5.000000000000000000e-01 2.999999999999999889e-01 0.000000000000000000e+00
5.000000000000000000e-01 3.166666666666666519e-01 0.000000000000000000e+00
5.000000000000000000e-01 3.333333333333333148e-01 0.000000000000000000e+00
5.000000000000000000e-01 3.499999999999999778e-01 0.000000000000000000e+00
5.000000000000000000e-01 3.666666666666666408e-01 0.000000000000000000e+00
5.000000000000000000e-01 3.833333333333333037e-01 0.000000000000000000e+00
5.000000000000000000e-01 4.000000000000000222e-01 0.000000000000000000e+00
5.000000000000000000e-01 4.166666666666666852e-01 0.000000000000000000e+00
5.000000000000000000e-01 4.333333333333333481e-01 0.000000000000000000e+00
5.000000000000000000e-01 4.500000000000000111e-01 0.000000000000000000e+00
5.000000000000000000e-01 4.666666666666666741e-01 0.000000000000000000e+00
5.000000000000000000e-01 4.833333333333333370e-01 0.000000000000000000e+00
5.000000000000000000e-01 5.000000000000000000e-01 0.000000000000000000e+00
5.000000000000000000e-01 5.166666666666666075e-01 0.000000000000000000e+00
5.000000000000000000e-01 5.333333333333333259e-01 0.000000000000000000e+00
5.000000000000000000e-01 5.500000000000000444e-01 0.000000000000000000e+00
5.000000000000000000e-01 5.666666666666666519e-01 0.000000000000000000e+00
5.000000000000000000e-01 5.833333333333333703e-01 0.000000000000000000e+00
5.000000000000000000e-01 5.999999999999999778e-01 0.000000000000000000e+00
5.000000000000000000e-01 6.166666666666666963e-01 0.000000000000000000e+00
5.000000000000000000e-01 6.333333333333333037e-01 0.000000000000000000e+00
5.000000000000000000e-01 6.500000000000000222e-01 0.000000000000000000e+00
5.000000000000000000e-01 6.666666666666666297e-01 0.000000000000000000e+00
5.000000000000000000e-01 6.833333333333333481e-01 0.000000000000000000e+00
5.000000000000000000e-01 6.999999999999999556e-01 0.000000000000000000e+00
5.000000000000000000e-01 7.166666666666666741e-01 0.000000000000000000e+00
5.000000000000000000e-01 7.333333333333332815e-01 0.000000000000000000e+00
5.000000000000000000e-01 7.500000000000000000e-01 0.000000000000000000e+00
5.000000000000000000e-01 7.666666666666666075e-01 0.000000000000000000e+00
5.000000000000000000e-01 7.833333333333333259e-01 0.000000000000000000e+00
5.000000000000000000e-01 8.000000000000000444e-01 0.000000000000000000e+00
5.000000000000000000e-01 8.166666666666666519e-01 0.000000000000000000e+00
5.000000000000000000e-01 8.333333333333333703e-01 0.000000000000000000e+00
5.000000000000000000e-01 8.499999999999999778e-01 0.000000000000000000e+00
5.000000000000000000e-01 8.666666666666666963e-01 0.000000000000000000e+00
5.000000000000000000e-01 8.833333333333333037e-01 0.000000000000000000e+00
5.000000000000000000e-01 9.000000000000000222e-01 0.000000000000000000e+00
5.000000000000000000e-01 9.166666666666666297e-01 0.000000000000000000e+00
5.000000000000000000e-01 9.333333333333333481e-01 0.000000000000000000e+00
5.000000000000000000e-01 9.499999999999999556e-01 0.000000000000000000e+00
5.000000000000000000e-01 9.666666666666666741e-01 0.000000000000000000e+00
5.000000000000000000e-01 9.833333333333332815e-01 0.000000000000000000e+00
5.000000000000000000e-01 1.000000000000000000e+00 0.000000000000000000e+00
6.000000000000000888e-01 1.000000000000000000e+00 9.177425941921211412e-06
6.000000000000000888e-01 1.257478266022205249e+00 6.509376353059720876e-06
6.000000000000000888e-01 1.581251589518211764e+00 4.854974918159334483e-06
6.000000000000000888e-01 1.988389506932216833e+00 3.692376356444068242e-06
6.000000000000000888e-01 2.500356589353871506e+00 2.902848043776250082e-06
6.000000000000000888e-01 3.144144068417901394e+00 2.294888637112639722e-06
6.000000000000000888e-01 3.953692831278144304e+00 1.765545109225723398e-06
6.000000000000000888e-01 4.971682805860063503e+00 1.412978328925740321e-06
6.000000000000000888e-01 6.251783073925325063e+00 1.140007744486143785e-06
6.000000000000000888e-01 7.861481339346590325e+00 8.945249690306218471e-07
6.000000000000000888e-01 9.885641922967472794e+00 6.914174460026695631e-07
6.000000000000000888e-01 1.243097986380955611e+01 5.756811813983108641e-07
6.000000000000000888e-01 1.563168700410018985e+01 4.596028848250727634e-07
6.000000000000000888e-01 1.965650666891774989e+01 3.958920678566464673e-07
6.000000000000000888e-01 2.471762992208459409e+01 3.040481952335395202e-07
6.000000000000000888e-01 3.108188241460151247e+01 2.681392885284260857e-07
6.000000000000000888e-01 3.908479160341918401e+01 2.737709467876871053e-07
6.000000000000000888e-01 4.662947370292267379e+01 2.202211198830136945e-07
6.000000000000000888e-01 4.914827597330680931e+01 2.555552796556169154e-07
6.000000000000000888e-01 5.332498787565003084e+01 2.898147405274001557e-07
6.000000000000000888e-01 6.002050204837738789e+01 3.016077737638924617e-07
6.000000000000000888e-01 6.180288884889466061e+01 2.930547845342924317e-07
6.000000000000000888e-01 6.671601622110475205e+01 2.999597485512415045e-07
6.000000000000000888e-01 7.341153039383210910e+01 4.099452106942639145e-07
6.000000000000000888e-01 7.771578950487111115e+01 4.548561747928282146e-07
6.000000000000000888e-01 8.010704456655946615e+01 4.606070976944760113e-07
6.000000000000000888e-01 8.680255873928682320e+01 5.746327187426609823e-07
6.000000000000000888e-01 9.349807291201418025e+01 6.475874461913614092e-07
6.000000000000000888e-01 1.001935870847415373e+02 8.086329862038878062e-07
6.000000000000000888e-01 1.068891012574688943e+02 9.931119988701975764e-07
6.000000000000000888e-01 1.135846154301962656e+02 1.226649463811351473e-06
6.000000000000000888e-01 1.202801296029236084e+02 1.322954050342312535e-06
6.000000000000000888e-01 1.269756437756509797e+02 1.526837977546178649e-06
6.000000000000000888e-01 1.336711579483783225e+02 1.631183853854204484e-06
6.000000000000000888e-01 1.403666721211056938e+02 1.840966856565084773e-06
6.000000000000000888e-01 1.470621862938330366e+02 1.970788057094467070e-06
6.000000000000000888e-01 1.537577004665604079e+02 2.171834983730235213e-06
6.000000000000000888e-01 1.604532146392877507e+02 2.340635770850294483e-06
6.000000000000000888e-01 1.671487288120151220e+02 2.541942696169982620e-06
6.000000000000000888e-01 1.738442429847424648e+02 2.708649415372644092e-06
6.000000000000000888e-01 1.805397571574698361e+02 2.823508268452119161e-06
6.000000000000000888e-01 1.872352713301971789e+02 3.022598786024796165e-06
6.000000000000000888e-01 1.939307855029245502e+02 3.176091207473206329e-06
6.000000000000000888e-01 2.006262996756518930e+02 3.237358721132105156e-06
6.000000000000000888e-01 2.073218138483792643e+02 3.285371560692423267e-06
6.000000000000000888e-01 2.140173280211066071e+02 3.285974124962562008e-06
6.000000000000000888e-01 2.207128421938339784e+02 3.233698846267209991e-06
6.000000000000000888e-01 2.274083563665613212e+02 3.205134970618665702e-06
6.000000000000000888e-01 2.341038705392886925e+02 3.161595719157749480e-06
6.000000000000000888e-01 2.407993847120160353e+02 3.062876447792933102e-06
6.000000000000000888e-01 2.474948988847434066e+02 2.920766947601499812e-06
6.000000000000000888e-01 2.541904130574707494e+02 2.723623213567209566e-06
6.000000000000000888e-01 2.608859272301981491e+02 2.505481369760181209e-06
6.000000000000000888e-01 2.675814414029255204e+02 2.264680016746083169e-06
6.000000000000000888e-01 2.742769555756528348e+02 2.001332027169377826e-06
6.000000000000000888e-01 2.809724697483802061e+02 1.615537179676952235e-06
6.000000000000000888e-01 2.876679839211075773e+02 1.324375899244540216e-06
6.000000000000000888e-01 2.943634980938349486e+02 9.613977284567693294e-07
6.000000000000000888e-01 3.010590122665622630e+02 5.812687521440523412e-07
6.000000000000000888e-01 3.077545264392896343e+02 1.936134824683595918e-07
6.000000000000000888e-01 3.108631580194845014e+02 0.000000000000000000e+00
7.000000000000000666e-01 1.000000000000000000e+00 3.156308364838926353e-05
7.000000000000000666e-01 1.274025383899486163e+00 2.196801221496093605e-05
7.000000000000000666e-01 1.623140678820233385e+00 1.616556130909567153e-05
7.000000000000000666e-01 2.067922426456820784e+00 1.225110210696889655e-05
7.000000000000000666e-01 2.634585663241007847e+00 9.365437316486028766e-06
7.000000000000000666e-01 3.356529011026708087e+00 7.311281909000355022e-06
7.000000000000000666e-01 4.276303161843064693e+00 5.664401554423757724e-06
7.000000000000000666e-01 5.448118777437697346e+00 4.429768145517182530e-06
7.000000000000000666e-01 6.941041616955061500e+00 3.512308703380491584e-06
7.000000000000000666e-01 8.843063210703483890e+00 2.706559764756626793e-06
7.000000000000000666e-01 1.126628700186393139e+01 2.092154298425439322e-06
7.000000000000000666e-01 1.435353562267148320e+01 1.724335178404075663e-06
7.000000000000000666e-01 1.828676873198899244e+01 1.248345019154916730e-06
7.000000000000000666e-01 2.329780755405339221e+01 1.240850318298911402e-06
7.000000000000000666e-01 2.968199821306922814e+01 1.132728402858974291e-06
7.000000000000000666e-01 3.781561916830938230e+01 9.993595337354411971e-07
7.000000000000000666e-01 4.817805872830214042e+01 1.037626183076803050e-06
7.000000000000000666e-01 5.977709286444587633e+01 9.304314644413658047e-07
7.000000000000000666e-01 6.138006976685714022e+01 1.129094730495259595e-06
7.000000000000000666e-01 6.836047030139195613e+01 1.262882181190594762e-06
7.000000000000000666e-01 7.694384773833802171e+01 1.412568070959338759e-06
7.000000000000000666e-01 7.819976694849739829e+01 1.591846758803490526e-06
7.000000000000000666e-01 8.552722517528410151e+01 1.832696200478154783e-06
7.000000000000000666e-01 9.411060261223016710e+01 2.376138574211186446e-06
7.000000000000000666e-01 9.962848810740977967e+01 2.948617577208822150e-06
7.000000000000000666e-01 1.026939800491762469e+02 3.058210603050091229e-06
7.000000000000000666e-01 1.112773574861223267e+02 3.873069699355434201e-06
7.000000000000000666e-01 1.198607349230684065e+02 4.743637360068723797e-06
7.000000000000000666e-01 1.284441123600144579e+02 5.596212585318498055e-06
7.000000000000000666e-01 1.370274897969605377e+02 6.192243276608747807e-06
7.000000000000000666e-01 1.456108672339066175e+02 7.121258433562051461e-06
7.000000000000000666e-01 1.541942446708526973e+02 7.980548869779275609e-06
7.000000000000000666e-01 1.627776221077987771e+02 8.829031561941739820e-06
7.000000000000000666e-01 1.713609995447448568e+02 9.800812685511733682e-06
7.000000000000000666e-01 1.799443769816909366e+02 1.079496519103402238e-05
7.000000000000000666e-01 1.885277544186369880e+02 1.196140331231729737e-05
7.000000000000000666e-01 1.971111318555830678e+02 1.257829226150030012e-05
7.000000000000000666e-01 2.056945092925291476e+02 1.332771582758051935e-05
7.000000000000000666e-01 2.142778867294752274e+02 1.384108636771374016e-05
7.000000000000000666e-01 2.228612641664212788e+02 1.419257383845511550e-05
7.000000000000000666e-01 2.314446416033673586e+02 1.461010198539095483e-05
7.000000000000000666e-01 2.400280190403134384e+02 1.474484787396685525e-05
7.000000000000000666e-01 2.486113964772595182e+02 1.479951739014472671e-05
7.000000000000000666e-01 2.571947739142055980e+02 1.461664592909033946e-05
7.000000000000000666e-01 2.657781513511516778e+02 1.435788769844144843e-05
7.000000000000000666e-01 2.743615287880977576e+02 1.399122721376302116e-05
7.000000000000000666e-01 2.829449062250438374e+02 1.332419611235288041e-05
7.000000000000000666e-01 2.915282836619899172e+02 1.254987004935205399e-05
7.000000000000000666e-01 3.001116610989359970e+02 1.184603221151196431e-05
7.000000000000000666e-01 3.086950385358820768e+02 1.100214933193651816e-05
7.000000000000000666e-01 3.172784159728280997e+02 9.967949282002534046e-06
7.000000000000000666e-01 3.258617934097741795e+02 9.002001560911567648e-06
7.000000000000000666e-01 3.344451708467202593e+02 7.918115900370488951e-06
7.000000000000000666e-01 3.430285482836663391e+02 6.897290744384289003e-06
7.000000000000000666e-01 3.516119257206124189e+02 5.720709529344293770e-06
7.000000000000000666e-01 3.601953031575584987e+02 4.656494901267915931e-06
7.000000000000000666e-01 3.687786805945045785e+02 3.536105080968894854e-06
7.000000000000000666e-01 3.773620580314506583e+02 2.524920051467382781e-06
7.000000000000000666e-01 3.859454354683966812e+02 1.471163173170727453e-06
7.000000000000000666e-01 3.945288129053427610e+02 4.400448295690976764e-07
7.000000000000000666e-01 3.985139524296391755e+02 0.000000000000000000e+00
8.000000000000000444e-01 1.000000000000000000e+00 6.525242603423064445e-05
8.000000000000000444e-01 1.282257430048429070e+00 4.491970580673526321e-05
8.000000000000000444e-01 1.644184116914401805e+00 3.259265223870040249e-05
8.000000000000000444e-01 2.108267300281106760e+00 2.489554483623097607e-05
8.000000000000000444e-01 2.703341410313591542e+00 1.885060701174526163e-05
8.000000000000000444e-01 3.466379609332201017e+00 1.486885215854208875e-05
8.000000000000000444e-01 4.444791009434585938e+00 1.151518790249985684e-05
8.000000000000000444e-01 5.699366296859955661e+00 9.002231009043258937e-06
8.000000000000000444e-01 7.308054780716276788e+00 6.860011986831083774e-06
8.000000000000000444e-01 9.370807541774388127e+00 5.489250689581895819e-06
8.000000000000000444e-01 1.201578759599406077e+01 4.027840400052946987e-06
8.000000000000000444e-01 1.540733292284714295e+01 3.550864756546524942e-06
8.000000000000000444e-01 1.975616711755052535e+01 2.992678111124730324e-06
8.000000000000000444e-01 2.533249207575761019e+01 2.043786016583899528e-06
8.000000000000000444e-01 3.248277618578315895e+01 1.832116860703231067e-06
8.000000000000000444e-01 4.165128111282061951e+01 1.836689104603501231e-06
8.000000000000000444e-01 5.340766467795003081e+01 2.123995202873280460e-06
8.000000000000000444e-01 6.755857981494021658e+01 2.677190807498064024e-06
8.000000000000000444e-01 6.848237485483646481e+01 2.713400289038204813e-06
8.000000000000000444e-01 7.725929896785470419e+01 3.082123963023290755e-06
8.000000000000000444e-01 8.696001812076920601e+01 4.194324055909161469e-06
8.000000000000000444e-01 8.781203398497574142e+01 4.220095939254138930e-06
8.000000000000000444e-01 9.666073727368369362e+01 5.600589288488634994e-06
8.000000000000000444e-01 1.063614564265981812e+02 7.198563160321538129e-06
8.000000000000000444e-01 1.125976330249003468e+02 8.230823704667812260e-06
8.000000000000000444e-01 1.160621755795126830e+02 9.064967261084231668e-06
8.000000000000000444e-01 1.257628947324271707e+02 1.105007985487811934e-05
8.000000000000000444e-01 1.354636138853416583e+02 1.279409364835999480e-05
8.000000000000000444e-01 1.451643330382561601e+02 1.471194981939535443e-05
8.000000000000000444e-01 1.548650521911706619e+02 1.675515438618321452e-05
8.000000000000000444e-01 1.645657713440851353e+02 1.881154872844412559e-05
8.000000000000000444e-01 1.742664904969996371e+02 2.149710601791829519e-05
8.000000000000000444e-01 1.839672096499141389e+02 2.382492191728760171e-05
8.000000000000000444e-01 1.936679288028286123e+02 2.630909848573760956e-05
8.000000000000000444e-01 2.033686479557431426e+02 2.811624042292164611e-05
8.000000000000000444e-01 2.130693671086576160e+02 2.980757226461763529e-05
8.000000000000000444e-01 2.227700862615720894e+02 3.123502278017716710e-05
8.000000000000000444e-01 2.324708054144866196e+02 3.208976573810689876e-05
8.000000000000000444e-01 2.421715245674010930e+02 3.303067288434921968e-05
8.000000000000000444e-01 2.518722437203155664e+02 3.327529947907551303e-05
8.000000000000000444e-01 2.615729628732300966e+02 3.343188356517740896e-05
8.000000000000000444e-01 2.712736820261445700e+02 3.296387221771061654e-05
8.000000000000000444e-01 2.809744011790590434e+02 3.185313197798967527e-05
8.000000000000000444e-01 2.906751203319735737e+02 3.099008299719813712e-05
8.000000000000000444e-01 3.003758394848880471e+02 2.953450711835645145e-05
8.000000000000000444e-01 3.100765586378025205e+02 2.804256878183993901e-05
8.000000000000000444e-01 3.197772777907170507e+02 2.616134721433112815e-05
8.000000000000000444e-01 3.294779969436315241e+02 2.427345438769257862e-05
8.000000000000000444e-01 3.391787160965460544e+02 2.220525303961860112e-05
8.000000000000000444e-01 3.488794352494605278e+02 2.011291606328258257e-05
8.000000000000000444e-01 3.585801544023750012e+02 1.789170830273332808e-05
8.000000000000000444e-01 3.682808735552895314e+02 1.576243196087305206e-05
8.000000000000000444e-01 3.779815927082040048e+02 1.356069635466603359e-05
8.000000000000000444e-01 3.876823118611184782e+02 1.152824978803952487e-05
8.000000000000000444e-01 3.973830310140330084e+02 9.461384880411097227e-06
8.000000000000000444e-01 4.070837501669474818e+02 7.538462908214140550e-06
8.000000000000000444e-01 4.167844693198619552e+02 5.703045069214093696e-06
8.000000000000000444e-01 4.264851884727764855e+02 3.933684618281336090e-06
8.000000000000000444e-01 4.361859076256909589e+02 2.277446099010606585e-06
8.000000000000000444e-01 4.458866267786054891e+02 6.855226923222012594e-07
8.000000000000000444e-01 4.503905320996015007e+02 0.000000000000000000e+00
9.000000000000000222e-01 1.000000000000000000e+00 9.688724092816978508e-05
9.000000000000000222e-01 1.286346374542337578e+00 6.641902529284664963e-05
9.000000000000000222e-01 1.654686995298215946e+00 4.826497940921663514e-05
9.000000000000000222e-01 2.128500617404214257e+00 3.641369303101219456e-05
9.000000000000000222e-01 2.737989052409038226e+00 2.785786491536990989e-05
9.000000000000000222e-01 3.522002291102976468e+00 2.178656341697357223e-05
9.000000000000000222e-01 4.530514878290120784e+00 1.661955907499978736e-05
9.000000000000000222e-01 5.827811388498616019e+00 1.295546429830156635e-05
9.000000000000000222e-01 7.496584051111742752e+00 1.050101310560624215e-05
9.000000000000000222e-01 9.643203715599501180e+00 7.615245853019473869e-06
9.000000000000000222e-01 1.240450013853461542e+01 5.984366354992559521e-06
9.000000000000000222e-01 1.595648378121392952e+01 4.906797458925957004e-06
9.000000000000000222e-01 2.052556506240815182e+01 3.910209777134472043e-06
9.000000000000000222e-01 2.640298620346159808e+01 3.399553301385487164e-06
9.000000000000000222e-01 3.396338557991416707e+01 3.256104999064091247e-06
9.000000000000000222e-01 4.368867790790610428e+01 2.855094710696768525e-06
9.000000000000000222e-01 5.619877243538294209e+01 2.944638596443062154e-06
9.000000000000000222e-01 7.177147309564290367e+01 3.855522458707125676e-06
9.000000000000000222e-01 7.229108717598471401e+01 4.197915916203152171e-06
9.000000000000000222e-01 8.207712051450444335e+01 5.333711389796299892e-06
9.000000000000000222e-01 9.238276793336599724e+01 6.999086066799121903e-06
9.000000000000000222e-01 9.299137790055202402e+01 6.868939434339548512e-06
9.000000000000000222e-01 1.026884153522275369e+02 9.297328989724700139e-06
9.000000000000000222e-01 1.129940627710890908e+02 1.227500790233446395e-05
9.000000000000000222e-01 1.196191218260715630e+02 1.486924104927859339e-05
9.000000000000000222e-01 1.232997101899506305e+02 1.560824914002574204e-05
9.000000000000000222e-01 1.336053576088121702e+02 1.854483754100126844e-05
9.000000000000000222e-01 1.439110050276737240e+02 2.187648785050001654e-05
9.000000000000000222e-01 1.542166524465352495e+02 2.472799853344134896e-05
9.000000000000000222e-01 1.645222998653968034e+02 2.846925292515138482e-05
9.000000000000000222e-01 1.748279472842583573e+02 3.247077893729010219e-05
9.000000000000000222e-01 1.851335947031199112e+02 3.640788660621804059e-05
9.000000000000000222e-01 1.954392421219814366e+02 3.992138093997875240e-05
9.000000000000000222e-01 2.057448895408429905e+02 4.362706995252819335e-05
9.000000000000000222e-01 2.160505369597045444e+02 4.608091595175309649e-05
9.000000000000000222e-01 2.263561843785660699e+02 4.815300991771854724e-05
9.000000000000000222e-01 2.366618317974276238e+02 4.970047442936856172e-05
9.000000000000000222e-01 2.469674792162891777e+02 5.090513354924904667e-05
9.000000000000000222e-01 2.572731266351506747e+02 5.145518381770460264e-05
9.000000000000000222e-01 2.675787740540122286e+02 5.147537593150521555e-05
9.000000000000000222e-01 2.778844214728737825e+02 5.105954860556136989e-05
9.000000000000000222e-01 2.881900688917353364e+02 4.912531211146320843e-05
9.000000000000000222e-01 2.984957163105968903e+02 4.732119982528658331e-05
9.000000000000000222e-01 3.088013637294584441e+02 4.526713676581952734e-05
9.000000000000000222e-01 3.191070111483199980e+02 4.255383249680090357e-05
9.000000000000000222e-01 3.294126585671815519e+02 3.991844054751489049e-05
9.000000000000000222e-01 3.397183059860431058e+02 3.677969669370537956e-05
9.000000000000000222e-01 3.500239534049046597e+02 3.369306676381090784e-05
9.000000000000000222e-01 3.603296008237662136e+02 3.050944396645753935e-05
9.000000000000000222e-01 3.706352482426276538e+02 2.721178513253773710e-05
9.000000000000000222e-01 3.809408956614892077e+02 2.401594863609837497e-05
9.000000000000000222e-01 3.912465430803507616e+02 2.089500466996543942e-05
9.000000000000000222e-01 4.015521904992123154e+02 1.772771027991302213e-05
9.000000000000000222e-01 4.118578379180738693e+02 1.500179568859779320e-05
9.000000000000000222e-01 4.221634853369354232e+02 1.221570412012942103e-05
9.000000000000000222e-01 4.324691327557969771e+02 9.588890970663580714e-06
9.000000000000000222e-01 4.427747801746585310e+02 7.137907709243604767e-06
9.000000000000000222e-01 4.530804275935200849e+02 4.859404963681581063e-06
9.000000000000000222e-01 4.633860750123816388e+02 2.780988986454502842e-06
9.000000000000000222e-01 4.736917224312431927e+02 8.370375235220484787e-07
9.000000000000000222e-01 4.784764873042860813e+02 0.000000000000000000e+00
1.000000000000000000e+00 1.000000000000000000e+00 1.092470041682007029e-04
1.000000000000000000e+00 1.287590982995836741e+00 7.485667185632677409e-05
1.000000000000000000e+00 1.657890539492185233e+00 5.415351484672506851e-05
1.000000000000000000e+00 2.134684909444241274e+00 4.103040153391640554e-05
1.000000000000000000e+00 2.748601040937689532e+00 3.075263303805094047e-05
1.000000000000000000e+00 3.539073916164339639e+00 2.437418742380440616e-05
1.000000000000000000e+00 4.556879662608968040e+00 1.906833833398600148e-05
1.000000000000000000e+00 5.867397164172417412e+00 1.422703242713918478e-05
1.000000000000000000e+00 7.554807682243749767e+00 1.169309955831081895e-05
1.000000000000000000e+00 9.727502249924729227e+00 9.073067813106996807e-06
1.000000000000000000e+00 1.252504418407479569e+01 6.744845197653411105e-06
1.000000000000000000e+00 1.612713395303915576e+01 5.606285789413146270e-06
1.000000000000000000e+00 2.076515225949922439e+01 4.549179764987659336e-06
1.000000000000000000e+00 2.673702280986683277e+01 4.096653384155984909e-06
1.000000000000000000e+00 3.442634948213853363e+01 3.405771865721774958e-06
1.000000000000000000e+00 4.432705717066497186e+01 3.477516856838951304e-06
1.000000000000000000e+00 5.707511911568917640e+01 4.136185031410247606e-06
1.000000000000000000e+00 7.310243728859653345e+01 4.752167716818635528e-06
1.000000000000000000e+00 7.348940872677471248e+01 4.888891443713083460e-06
1.000000000000000000e+00 8.359919751465142213e+01 6.209497906034612556e-06
1.000000000000000000e+00 9.409595774070629659e+01 8.148896369837610429e-06
1.000000000000000000e+00 9.462430002229068293e+01 8.943145710359182610e-06
1.000000000000000000e+00 1.045927179667611853e+02 1.147905865850448233e-05
1.000000000000000000e+00 1.150894781928160739e+02 1.450039841100981750e-05
1.000000000000000000e+00 1.218373954809942035e+02 1.771306652313465842e-05
1.000000000000000000e+00 1.255862384188709626e+02 1.819710175056453265e-05
1.000000000000000000e+00 1.360829986449258513e+02 2.188194165326813663e-05
1.000000000000000000e+00 1.465797588709807258e+02 2.518472116101216809e-05
1.000000000000000000e+00 1.570765190970356002e+02 2.900109931069524917e-05
1.000000000000000000e+00 1.675732793230905031e+02 3.266146941088319487e-05
1.000000000000000000e+00 1.780700395491454060e+02 3.817160447774633152e-05
1.000000000000000000e+00 1.885667997752002520e+02 4.315503808670023245e-05
1.000000000000000000e+00 1.990635600012551549e+02 4.696007881647308038e-05
1.000000000000000000e+00 2.095603202273100578e+02 5.007110434641554356e-05
1.000000000000000000e+00 2.200570804533649039e+02 5.334158810600552099e-05
1.000000000000000000e+00 2.305538406794198067e+02 5.596146977568627586e-05
1.000000000000000000e+00 2.410506009054747096e+02 5.698504270539002999e-05
1.000000000000000000e+00 2.515473611315295557e+02 5.882443835891320574e-05
1.000000000000000000e+00 2.620441213575844586e+02 5.922904222704795382e-05
1.000000000000000000e+00 2.725408815836393615e+02 5.928539192098805996e-05
1.000000000000000000e+00 2.830376418096942643e+02 5.689122041525676034e-05
1.000000000000000000e+00 2.935344020357491104e+02 5.561905070069057101e-05
1.000000000000000000e+00 3.040311622618040133e+02 5.372675754932916840e-05
1.000000000000000000e+00 3.145279224878589162e+02 5.068824807094846725e-05
1.000000000000000000e+00 3.250246827139137622e+02 4.830012665786675936e-05
1.000000000000000000e+00 3.355214429399686651e+02 4.392883197355130083e-05
1.000000000000000000e+00 3.460182031660235680e+02 4.120907948608650684e-05
1.000000000000000000e+00 3.565149633920784709e+02 3.676630031920743649e-05
1.000000000000000000e+00 3.670117236181333169e+02 3.393188653775761093e-05
1.000000000000000000e+00 3.775084838441882198e+02 3.014757854815150931e-05
1.000000000000000000e+00 3.880052440702431227e+02 2.569242641843052119e-05
1.000000000000000000e+00 3.985020042962979687e+02 2.335560745436469150e-05
1.000000000000000000e+00 4.089987645223528716e+02 2.013091315691055248e-05
1.000000000000000000e+00 4.194955247484077745e+02 1.630666436516675145e-05
1.000000000000000000e+00 4.299922849744626205e+02 1.325679291925734566e-05
1.000000000000000000e+00 4.404890452005175234e+02 1.094549965985563477e-05
1.000000000000000000e+00 4.509858054265724263e+02 7.394113441185900031e-06
1.000000000000000000e+00 4.614825656526272724e+02 5.173226787030929144e-06
1.000000000000000000e+00 4.719793258786821752e+02 3.124635058768614663e-06
1.000000000000000000e+00 4.824760861047370781e+02 7.400231074085330692e-07
1.000000000000000000e+00 4.873495819239768707e+02 0.000000000000000000e+00
