# mx [GeV]: 1000.0
# sigma_p [cm^2]: 1.58489319246e-31
# depth [m]: 10.6
# target: full
# Columns: gamma/pi, v [km/s], f(v, gamma) [s/km]
0.000000000000000000e+00 1.000000000000000000e+00 1.187739588886525420e-03
0.000000000000000000e+00 1.251475542715303702e+00 8.053498167405786145e-04
0.000000000000000000e+00 1.566191034014563721e+00 5.860094810252818552e-04
0.000000000000000000e+00 1.960049774289218671e+00 4.399682682790621055e-04
0.000000000000000000e+00 2.452954355027608280e+00 3.355013097838929130e-04
0.000000000000000000e+00 3.069812382714043775e+00 2.582074442257819083e-04
0.000000000000000000e+00 3.841795117691216621e+00 1.992328731506966353e-04
0.000000000000000000e+00 4.807912629913619895e+00 1.555405137687861322e-04
0.000000000000000000e+00 6.016985067848909630e+00 1.217593863283219645e-04
0.000000000000000000e+00 7.530109653296091388e+00 9.542194588115228654e-05
0.000000000000000000e+00 9.423748065064474488e+00 7.487141804228319899e-05
0.000000000000000000e+00 1.179359022413885505e+01 5.907235938086754644e-05
0.000000000000000000e+00 1.475938972631607093e+01 4.690339282928243707e-05
0.000000000000000000e+00 1.847101526788807746e+01 3.759341842922340300e-05
0.000000000000000000e+00 2.311602385688290084e+01 3.068849912793891917e-05
0.000000000000000000e+00 2.892913850171243340e+01 2.539490569014881506e-05
0.000000000000000000e+00 3.620410930671675231e+01 2.182443578453674529e-05
0.000000000000000000e+00 4.257711376498342304e+01 2.015540358536202861e-05
0.000000000000000000e+00 4.530855734314751260e+01 1.981451910000311541e-05
0.000000000000000000e+00 4.869075061328873488e+01 1.900763956635669201e-05
0.000000000000000000e+00 5.480438746159404673e+01 1.908533088438665344e-05
0.000000000000000000e+00 5.670255139066298256e+01 1.911154587003347438e-05
0.000000000000000000e+00 6.091802430989935857e+01 1.945099281767583094e-05
0.000000000000000000e+00 6.703166115820467041e+01 2.027467797270516019e-05
0.000000000000000000e+00 7.096185627497237647e+01 2.118395716733279343e-05
0.000000000000000000e+00 7.314529800650998936e+01 2.156245799579513948e-05
0.000000000000000000e+00 7.925893485481529410e+01 2.309192880488292917e-05
0.000000000000000000e+00 8.537257170312059884e+01 2.543194148606444090e-05
0.000000000000000000e+00 9.148620855142591779e+01 2.808483116779123391e-05
0.000000000000000000e+00 9.759984539973123674e+01 3.166204242599187420e-05
0.000000000000000000e+00 1.037134822480365415e+02 3.591219990813005250e-05
0.000000000000000000e+00 1.098271190963418604e+02 4.039965854609792699e-05
0.000000000000000000e+00 1.159407559446471652e+02 4.501225992231701589e-05
0.000000000000000000e+00 1.220543927929524699e+02 4.989453092086892802e-05
0.000000000000000000e+00 1.281680296412577889e+02 5.432164809348819504e-05
0.000000000000000000e+00 1.342816664895631220e+02 5.779768524531192530e-05
0.000000000000000000e+00 1.403953033378684268e+02 6.063990959956089424e-05
0.000000000000000000e+00 1.465089401861737315e+02 6.253021858642234508e-05
0.000000000000000000e+00 1.526225770344790362e+02 6.324010583939133944e-05
0.000000000000000000e+00 1.587362138827843410e+02 6.331077566254626635e-05
0.000000000000000000e+00 1.648498507310896457e+02 6.196923317696283466e-05
0.000000000000000000e+00 1.709634875793949504e+02 6.111721334543939615e-05
0.000000000000000000e+00 1.770771244277003120e+02 6.041470121469032489e-05
0.000000000000000000e+00 1.831907612760056168e+02 5.970951873265942065e-05
0.000000000000000000e+00 1.893043981243109215e+02 5.831583457400987575e-05
0.000000000000000000e+00 1.954180349726162262e+02 5.747360675926258808e-05
0.000000000000000000e+00 2.015316718209215310e+02 5.629593637049147521e-05
0.000000000000000000e+00 2.076453086692268357e+02 5.301810524809908782e-05
0.000000000000000000e+00 2.137589455175321405e+02 5.103168785198946466e-05
0.000000000000000000e+00 2.198725823658374452e+02 4.930012898536999120e-05
0.000000000000000000e+00 2.259862192141428068e+02 4.702369119756416398e-05
0.000000000000000000e+00 2.320998560624481115e+02 4.292620803968727233e-05
0.000000000000000000e+00 2.382134929107534163e+02 4.036175896298545800e-05
0.000000000000000000e+00 2.443271297590587210e+02 3.788660382248152682e-05
0.000000000000000000e+00 2.504407666073640257e+02 3.401464858238722940e-05
0.000000000000000000e+00 2.565544034556693305e+02 3.029788464912956021e-05
0.000000000000000000e+00 2.626680403039746352e+02 2.493023079953163366e-05
0.000000000000000000e+00 2.687816771522799399e+02 1.997482065263689224e-05
0.000000000000000000e+00 2.748953140005853015e+02 1.436027386462255865e-05
0.000000000000000000e+00 2.810089508488906063e+02 7.585805624111960323e-06
0.000000000000000000e+00 2.838474250998895059e+02 0.000000000000000000e+00
1.000000000000000056e-01 1.000000000000000000e+00 1.385127572677076219e-03
1.000000000000000056e-01 1.264610641412614589e+00 9.255714614369238598e-04
1.000000000000000056e-01 1.599240074374024712e+00 6.664941623415046113e-04
1.000000000000000056e-01 2.022416016226892932e+00 4.954045869724866364e-04
1.000000000000000056e-01 2.557568815483835856e+00 3.742322408771380101e-04
1.000000000000000056e-01 3.234328740205914876e+00 2.847959442842659737e-04
1.000000000000000056e-01 4.090166542691055618e+00 2.183592036702153782e-04
1.000000000000000056e-01 5.172468135036952575e+00 1.685516648088082299e-04
1.000000000000000056e-01 6.541158245935391413e+00 1.303180106003342309e-04
1.000000000000000056e-01 8.272018324973767989e+00 1.013519610741116234e-04
1.000000000000000056e-01 1.046088239972197975e+01 7.853156458087312520e-05
1.000000000000000056e-01 1.322894320125434220e+01 6.172719431683086914e-05
1.000000000000000056e-01 1.672946234694930112e+01 4.856216668705281908e-05
1.000000000000000056e-01 2.115625610906374021e+01 3.866877911727505297e-05
1.000000000000000056e-01 2.675442660797265404e+01 3.174484612816982774e-05
1.000000000000000056e-01 3.383393259333502101e+01 2.655722971565855026e-05
1.000000000000000056e-01 4.278675119836856311e+01 2.352566658847705938e-05
1.000000000000000056e-01 5.191956654353748490e+01 2.267906288832287657e-05
1.000000000000000056e-01 5.410858087693081586e+01 2.223109518719993034e-05
1.000000000000000056e-01 5.937468379081466452e+01 2.306585235428640837e-05
1.000000000000000056e-01 6.682980103809184413e+01 2.389328131450823775e-05
1.000000000000000056e-01 6.842628716870180483e+01 2.405222851395529251e-05
1.000000000000000056e-01 7.428491828536901664e+01 2.585260008049932836e-05
1.000000000000000056e-01 8.174003553264620336e+01 2.845734132242343518e-05
1.000000000000000056e-01 8.653261090589579396e+01 3.136506663171600919e-05
1.000000000000000056e-01 8.919515277992337587e+01 3.279711418662693503e-05
1.000000000000000056e-01 9.665027002720054838e+01 3.776472355390780806e-05
1.000000000000000056e-01 1.041053872744777209e+02 4.354828387869393220e-05
1.000000000000000056e-01 1.115605045217549076e+02 5.002545155624725135e-05
1.000000000000000056e-01 1.190156217690320801e+02 5.693222723101649718e-05
1.000000000000000056e-01 1.264707390163092668e+02 6.382314667242527874e-05
1.000000000000000056e-01 1.339258562635864394e+02 6.954428318751248561e-05
1.000000000000000056e-01 1.413809735108636119e+02 7.366959979276798559e-05
1.000000000000000056e-01 1.488360907581408128e+02 7.603301957747892901e-05
1.000000000000000056e-01 1.562912080054179569e+02 7.696483705854597539e-05
1.000000000000000056e-01 1.637463252526951578e+02 7.685699528082002381e-05
1.000000000000000056e-01 1.712014424999723303e+02 7.570546572955216737e-05
1.000000000000000056e-01 1.786565597472495028e+02 7.459217791929531095e-05
1.000000000000000056e-01 1.861116769945266753e+02 7.334304423015174633e-05
1.000000000000000056e-01 1.935667942418038763e+02 7.169695265897157879e-05
1.000000000000000056e-01 2.010219114890810488e+02 7.002187234558546951e-05
1.000000000000000056e-01 2.084770287363582213e+02 6.735254090876660452e-05
1.000000000000000056e-01 2.159321459836353938e+02 6.471636458844197838e-05
1.000000000000000056e-01 2.233872632309125663e+02 6.092472180133757338e-05
1.000000000000000056e-01 2.308423804781897388e+02 5.713090682121192904e-05
1.000000000000000056e-01 2.382974977254669398e+02 5.266673483640039484e-05
1.000000000000000056e-01 2.457526149727441123e+02 4.783158874505206260e-05
1.000000000000000056e-01 2.532077322200212848e+02 4.098622989388791307e-05
1.000000000000000056e-01 2.606628494672984289e+02 3.533029095334065298e-05
1.000000000000000056e-01 2.681179667145756298e+02 3.057690574183416802e-05
1.000000000000000056e-01 2.755730839618528307e+02 2.625645790441779378e-05
1.000000000000000056e-01 2.830282012091299748e+02 2.215218844127837670e-05
1.000000000000000056e-01 2.904833184564071757e+02 1.839727707952249015e-05
1.000000000000000056e-01 2.979384357036843767e+02 1.513091990319741134e-05
1.000000000000000056e-01 3.053935529509615208e+02 1.214570524521173526e-05
1.000000000000000056e-01 3.128486701982387217e+02 9.275685612218482709e-06
1.000000000000000056e-01 3.203037874455158658e+02 6.861168509152558746e-06
1.000000000000000056e-01 3.277589046927930667e+02 4.578630996338891825e-06
1.000000000000000056e-01 3.352140219400702676e+02 2.574592867251979965e-06
1.000000000000000056e-01 3.426691391873474117e+02 7.471915072325108846e-07
1.000000000000000056e-01 3.461304436235832327e+02 0.000000000000000000e+00
2.000000000000000111e-01 1.000000000000000000e+00 2.056853009202075713e-03
2.000000000000000111e-01 1.278352576688119413e+00 1.358011438255181825e-03
2.000000000000000111e-01 1.634185310325154239e+00 9.681578233812627825e-04
2.000000000000000111e-01 2.089065002240034996e+00 7.138339899160073276e-04
2.000000000000000111e-01 2.670561628482520433e+00 5.349338187210547334e-04
2.000000000000000111e-01 3.413919338975049733e+00 4.037840543229466624e-04
2.000000000000000111e-01 4.364192583584157070e+00 3.073101268576430801e-04
2.000000000000000111e-01 5.578976834387986194e+00 2.347888397412372014e-04
2.000000000000000111e-01 7.131899411523210830e+00 1.799639599528955736e-04
2.000000000000000111e-01 9.117081989401180309e+00 1.384140809035778704e-04
2.000000000000000111e-01 1.165484525302784213e+01 1.070265187244776256e-04
2.000000000000000111e-01 1.489900146010943871e+01 8.373492668164172223e-05
2.000000000000000111e-01 1.904617690661095608e+01 6.548532257793788624e-05
2.000000000000000111e-01 2.434772932462387374e+01 5.297257097036789641e-05
2.000000000000000111e-01 3.112498251863780041e+01 4.362093868514949947e-05
2.000000000000000111e-01 3.978870160207330997e+01 3.744260686822837062e-05
2.000000000000000111e-01 5.086398921608512325e+01 3.458478500403037276e-05
2.000000000000000111e-01 6.375490784738278904e+01 3.592190982062322944e-05
2.000000000000000111e-01 6.502211167501913280e+01 3.643273068258868650e-05
2.000000000000000111e-01 7.290945871777621790e+01 3.921664898989343388e-05
2.000000000000000111e-01 8.206400958816963964e+01 4.487551540256426181e-05
2.000000000000000111e-01 8.312118400146337649e+01 4.558321782245564329e-05
2.000000000000000111e-01 9.121856045856307560e+01 5.265919934546974267e-05
2.000000000000000111e-01 1.003731113289564973e+02 6.381508364423430489e-05
2.000000000000000111e-01 1.062581797456379462e+02 7.137200550270036688e-05
2.000000000000000111e-01 1.095276621993499191e+02 7.637681652442573877e-05
2.000000000000000111e-01 1.186822130697433408e+02 9.050676009520506953e-05
2.000000000000000111e-01 1.278367639401367910e+02 1.037060273577259609e-04
2.000000000000000111e-01 1.369913148105302128e+02 1.158982673389928017e-04
2.000000000000000111e-01 1.461458656809236345e+02 1.232767567424799756e-04
2.000000000000000111e-01 1.553004165513170562e+02 1.269817142841752602e-04
2.000000000000000111e-01 1.644549674217104780e+02 1.284795099309407086e-04
2.000000000000000111e-01 1.736095182921038997e+02 1.282162295504795432e-04
2.000000000000000111e-01 1.827640691624973499e+02 1.273647506795759097e-04
2.000000000000000111e-01 1.919186200328907717e+02 1.265008597721906558e-04
2.000000000000000111e-01 2.010731709032841934e+02 1.243077570644460326e-04
2.000000000000000111e-01 2.102277217736776151e+02 1.203046691958928240e-04
2.000000000000000111e-01 2.193822726440710369e+02 1.159160328893016670e-04
2.000000000000000111e-01 2.285368235144644586e+02 1.091526249676095931e-04
2.000000000000000111e-01 2.376913743848579088e+02 1.020187050248762734e-04
2.000000000000000111e-01 2.468459252552513306e+02 9.373068609092015944e-05
2.000000000000000111e-01 2.560004761256447523e+02 8.519726399795863009e-05
2.000000000000000111e-01 2.651550269960382025e+02 7.714542472003405233e-05
2.000000000000000111e-01 2.743095778664315958e+02 6.946753658654730755e-05
2.000000000000000111e-01 2.834641287368250460e+02 6.179501630909076993e-05
2.000000000000000111e-01 2.926186796072184961e+02 5.513761524265687366e-05
2.000000000000000111e-01 3.017732304776118895e+02 4.868146900016848491e-05
2.000000000000000111e-01 3.109277813480053396e+02 4.263173599314230497e-05
2.000000000000000111e-01 3.200823322183987898e+02 3.684871292964538307e-05
2.000000000000000111e-01 3.292368830887921831e+02 3.175063516428073532e-05
2.000000000000000111e-01 3.383914339591856333e+02 2.703925778051293540e-05
2.000000000000000111e-01 3.475459848295790266e+02 2.271366943708252715e-05
2.000000000000000111e-01 3.567005356999724768e+02 1.869947674345865340e-05
2.000000000000000111e-01 3.658550865703659269e+02 1.524980632374313530e-05
2.000000000000000111e-01 3.750096374407593203e+02 1.213978787373917406e-05
2.000000000000000111e-01 3.841641883111527704e+02 9.238602846321946526e-06
2.000000000000000111e-01 3.933187391815461638e+02 6.805886146998931221e-06
2.000000000000000111e-01 4.024732900519396139e+02 4.379643964480623634e-06
2.000000000000000111e-01 4.116278409223330641e+02 2.459523749618698260e-06
2.000000000000000111e-01 4.207823917927264574e+02 7.644981327413336613e-07
2.000000000000000111e-01 4.250327189825519554e+02 0.000000000000000000e+00
3.000000000000000444e-01 1.000000000000000000e+00 3.427633131680553422e-03
3.000000000000000444e-01 1.290399597033714540e+00 2.244960519230886423e-03
3.000000000000000444e-01 1.665131120024772926e+00 1.590660814353150052e-03
3.000000000000000444e-01 2.148684526288264784e+00 1.164454135210032286e-03
3.000000000000000444e-01 2.772661646874954755e+00 8.665024963424767818e-04
3.000000000000000444e-01 3.577841471838277165e+00 6.511766118173933525e-04
3.000000000000000444e-01 4.616845193510624945e+00 4.913151155872333420e-04
3.000000000000000444e-01 5.957575177273152001e+00 3.728813631423516755e-04
3.000000000000000444e-01 7.687652608051336323e+00 2.845742041890190490e-04
3.000000000000000444e-01 9.920143827564631422e+00 2.172101947246329184e-04
3.000000000000000444e-01 1.280094959760588758e+01 1.672365025843755343e-04
3.000000000000000444e-01 1.651834020239952494e+01 1.297235876009099234e-04
3.000000000000000444e-01 2.131525954084216323e+01 1.023323607623283585e-04
3.000000000000000444e-01 2.750520232217176186e+01 8.237303686445111330e-05
3.000000000000000444e-01 3.549270199286122818e+01 6.958339645777606049e-05
3.000000000000000444e-01 4.579976834922586448e+01 6.300766788260054468e-05
3.000000000000000444e-01 5.910000262207852018e+01 6.191699353373512254e-05
3.000000000000000444e-01 7.619235668259361205e+01 7.265073306355217979e-05
3.000000000000000444e-01 7.626261956822158083e+01 7.190523755087276819e-05
3.000000000000000444e-01 8.713279764214551903e+01 8.767946977941000572e-05
3.000000000000000444e-01 9.807323860169742602e+01 1.071776486727708870e-04
3.000000000000000444e-01 9.840925355956863996e+01 1.078130886926816095e-04
3.000000000000000444e-01 1.090136795612493188e+02 1.345962920329781595e-04
3.000000000000000444e-01 1.199541205208012400e+02 1.670831995162486009e-04
3.000000000000000444e-01 1.269872611376559917e+02 1.875576980367516986e-04
3.000000000000000444e-01 1.308945614803531328e+02 1.979745775010927490e-04
3.000000000000000444e-01 1.418350024399050540e+02 2.223350733804845686e-04
3.000000000000000444e-01 1.527754433994569467e+02 2.367332243467508239e-04
3.000000000000000444e-01 1.637158843590088395e+02 2.455053590028453839e-04
3.000000000000000444e-01 1.746563253185607607e+02 2.485078955404208703e-04
3.000000000000000444e-01 1.855967662781126819e+02 2.514823653428035653e-04
3.000000000000000444e-01 1.965372072376645747e+02 2.530792791346107374e-04
3.000000000000000444e-01 2.074776481972164675e+02 2.519772102798325717e-04
3.000000000000000444e-01 2.184180891567683886e+02 2.465353221095755408e-04
3.000000000000000444e-01 2.293585301163202814e+02 2.377365322485253661e-04
3.000000000000000444e-01 2.402989710758722026e+02 2.246030291631357235e-04
3.000000000000000444e-01 2.512394120354240954e+02 2.095119031431401423e-04
3.000000000000000444e-01 2.621798529949759882e+02 1.939630608175146387e-04
3.000000000000000444e-01 2.731202939545279378e+02 1.779827341535575585e-04
3.000000000000000444e-01 2.840607349140798306e+02 1.620927357023563145e-04
3.000000000000000444e-01 2.950011758736317233e+02 1.475029660266041808e-04
3.000000000000000444e-01 3.059416168331836161e+02 1.329229323371807381e-04
3.000000000000000444e-01 3.168820577927355089e+02 1.191155965464640420e-04
3.000000000000000444e-01 3.278224987522874017e+02 1.057407062859181654e-04
3.000000000000000444e-01 3.387629397118392944e+02 9.330067539700827696e-05
3.000000000000000444e-01 3.497033806713911872e+02 8.195863437940300244e-05
3.000000000000000444e-01 3.606438216309431937e+02 7.109641925180520017e-05
3.000000000000000444e-01 3.715842625904950864e+02 6.159038377907287746e-05
3.000000000000000444e-01 3.825247035500469792e+02 5.311840011322026099e-05
3.000000000000000444e-01 3.934651445095988720e+02 4.498242036830497507e-05
3.000000000000000444e-01 4.044055854691507648e+02 3.776765967257681030e-05
3.000000000000000444e-01 4.153460264287026575e+02 3.129694096200139790e-05
3.000000000000000444e-01 4.262864673882545503e+02 2.577581365580916111e-05
3.000000000000000444e-01 4.372269083478064431e+02 2.062774427983667976e-05
3.000000000000000444e-01 4.481673493073583359e+02 1.607220886429386623e-05
3.000000000000000444e-01 4.591077902669103423e+02 1.228022595292849283e-05
3.000000000000000444e-01 4.700482312264622351e+02 8.674206157009813821e-06
3.000000000000000444e-01 4.809886721860141279e+02 5.790396367812119651e-06
3.000000000000000444e-01 4.919291131455660206e+02 3.206166913749861798e-06
3.000000000000000444e-01 5.028695541051179134e+02 9.001657571662637338e-07
3.000000000000000444e-01 5.079490445506241372e+02 0.000000000000000000e+00
4.000000000000000222e-01 1.000000000000000000e+00 5.621669862683264379e-03
4.000000000000000222e-01 1.299674964065149263e+00 3.662384429206853951e-03
4.000000000000000222e-01 1.689155012217747220e+00 2.585093198837152152e-03
4.000000000000000222e-01 2.195352479804567380e+00 1.885624665864867608e-03
4.000000000000000222e-01 2.853244655300338106e+00 1.397059373707352798e-03
4.000000000000000222e-01 3.708290644846546247e+00 1.043988021523739856e-03
4.000000000000000222e-01 4.819572510584064773e+00 7.856335416124110528e-04
4.000000000000000222e-01 6.263877729502726588e+00 5.937521969691393663e-04
4.000000000000000222e-01 8.141005062999944641e+00 4.497030097752745845e-04
4.000000000000000222e-01 1.058066046270865357e+01 3.427520039748812837e-04
4.000000000000000222e-01 1.375141950665641488e+01 2.640832866691355044e-04
4.000000000000000222e-01 1.787237565315846766e+01 2.042936185558729485e-04
4.000000000000000222e-01 2.322827918477758047e+01 1.602125612648633247e-04
4.000000000000000222e-01 3.018921291477105484e+01 1.314127068969004393e-04
4.000000000000000222e-01 3.923616421016023281e+01 1.131050415995910768e-04
4.000000000000000222e-01 5.099426030989429393e+01 1.057383000132103024e-04
4.000000000000000222e-01 6.627596343579072879e+01 1.110982505324418373e-04
4.000000000000000222e-01 8.613721039679447244e+01 1.495128462022314694e-04
4.000000000000000222e-01 8.729946040812005492e+01 1.508541399334458963e-04
4.000000000000000222e-01 9.983476754364498618e+01 1.928368871236329845e-04
4.000000000000000222e-01 1.119503758271261091e+02 2.521600102710544857e-04
4.000000000000000222e-01 1.123700746791699174e+02 2.539359573846643853e-04
4.000000000000000222e-01 1.249053818146948345e+02 3.225385044744266227e-04
4.000000000000000222e-01 1.374406889502197657e+02 3.828137396724636552e-04
4.000000000000000222e-01 1.454991006802000868e+02 4.152478318354148844e-04
4.000000000000000222e-01 1.499759960857446970e+02 4.274579877563320870e-04
4.000000000000000222e-01 1.625113032212696282e+02 4.534561044258772098e-04
4.000000000000000222e-01 1.750466103567945595e+02 4.707644351322690102e-04
4.000000000000000222e-01 1.875819174923194907e+02 4.867317421428509839e-04
4.000000000000000222e-01 2.001172246278444220e+02 4.990260253327012847e-04
4.000000000000000222e-01 2.126525317633693533e+02 5.050293492478834809e-04
4.000000000000000222e-01 2.251878388988942561e+02 4.989315342503784041e-04
4.000000000000000222e-01 2.377231460344191873e+02 4.849071163362143411e-04
4.000000000000000222e-01 2.502584531699441186e+02 4.609756972741868184e-04
4.000000000000000222e-01 2.627937603054690499e+02 4.328812003528672496e-04
4.000000000000000222e-01 2.753290674409939811e+02 4.044704878776600736e-04
4.000000000000000222e-01 2.878643745765189124e+02 3.752062339370303362e-04
4.000000000000000222e-01 3.003996817120438436e+02 3.457144143113098731e-04
4.000000000000000222e-01 3.129349888475687749e+02 3.148011665291999589e-04
4.000000000000000222e-01 3.254702959830937061e+02 2.861350850227144791e-04
4.000000000000000222e-01 3.380056031186186374e+02 2.572046667262604361e-04
4.000000000000000222e-01 3.505409102541435686e+02 2.292317179246493232e-04
4.000000000000000222e-01 3.630762173896684999e+02 2.032763975465828215e-04
4.000000000000000222e-01 3.756115245251934311e+02 1.788551273057198746e-04
4.000000000000000222e-01 3.881468316607183624e+02 1.563460123447183705e-04
4.000000000000000222e-01 4.006821387962432937e+02 1.361480711912405907e-04
4.000000000000000222e-01 4.132174459317682249e+02 1.173161251929218384e-04
4.000000000000000222e-01 4.257527530672931562e+02 1.009309998953286826e-04
4.000000000000000222e-01 4.382880602028180874e+02 8.489399630151083019e-05
4.000000000000000222e-01 4.508233673383430187e+02 7.097887672152381323e-05
4.000000000000000222e-01 4.633586744738679499e+02 5.915280120164203756e-05
4.000000000000000222e-01 4.758939816093928812e+02 4.850404532606282401e-05
4.000000000000000222e-01 4.884292887449178124e+02 4.010849066397318612e-05
4.000000000000000222e-01 5.009645958804427437e+02 3.085687058085136354e-05
4.000000000000000222e-01 5.134999030159676749e+02 2.371227471184871369e-05
4.000000000000000222e-01 5.260352101514926062e+02 1.765773569809265698e-05
4.000000000000000222e-01 5.385705172870175375e+02 1.242637019836563600e-05
4.000000000000000222e-01 5.511058244225424687e+02 8.153460285194549686e-06
4.000000000000000222e-01 5.636411315580674000e+02 4.483874017391015444e-06
4.000000000000000222e-01 5.761764386935923312e+02 1.307314671739680125e-06
4.000000000000000222e-01 5.819964027208003472e+02 0.000000000000000000e+00
5.000000000000000000e-01 1.000000000000000000e+00 8.286747407535039259e-03
5.000000000000000000e-01 1.306099433340898619e+00 5.386186951031831684e-03
5.000000000000000000e-01 1.705895729773416525e+00 3.795456377540279858e-03
5.000000000000000000e-01 2.228069445995717768e+00 2.758591684368429456e-03
5.000000000000000000e-01 2.910080240859177270e+00 2.041350908885119879e-03
5.000000000000000000e-01 3.800854153562716942e+00 1.523187962165747098e-03
5.000000000000000000e-01 4.964293456179665220e+00 1.140964005733272751e-03
5.000000000000000000e-01 6.483860870054192205e+00 8.622940367935706804e-04
5.000000000000000000e-01 8.468567008239006100e+00 6.528018864364760337e-04
5.000000000000000000e-01 1.106079057067039528e+01 4.911729189676451507e-04
5.000000000000000000e-01 1.444649229665495760e+01 3.784740553346190571e-04
5.000000000000000000e-01 1.886855540242469687e+01 2.949770518717350211e-04
5.000000000000000000e-01 2.464420951906824797e+01 2.348790102970321194e-04
5.000000000000000000e-01 3.218778808798941782e+01 1.925674380524888558e-04
5.000000000000000000e-01 4.204045178221990398e+01 1.664271719668311805e-04
5.000000000000000000e-01 5.490901025015278947e+01 1.577800129515574126e-04
5.000000000000000000e-01 7.171662717303415491e+01 1.836195692872123872e-04
5.000000000000000000e-01 9.366904611182040696e+01 2.661899071234607203e-04
5.000000000000000000e-01 9.587377546446215604e+01 2.797406787591750067e-04
5.000000000000000000e-01 1.096402663003849227e+02 3.754020209920675625e-04
5.000000000000000000e-01 1.223410880482311285e+02 4.868323058180982522e-04
5.000000000000000000e-01 1.234067571363077036e+02 4.936209694881406535e-04
5.000000000000000000e-01 1.371732479722304561e+02 6.116545581915653392e-04
5.000000000000000000e-01 1.509397388081532370e+02 6.992762619663240448e-04
5.000000000000000000e-01 1.597896257741036550e+02 7.352686175694982205e-04
5.000000000000000000e-01 1.647062296440760178e+02 7.551551737489503157e-04
5.000000000000000000e-01 1.784727204799987703e+02 7.949480817717320376e-04
5.000000000000000000e-01 1.922392113159215796e+02 8.391464514003543025e-04
5.000000000000000000e-01 2.060057021518443321e+02 8.751517852953135963e-04
5.000000000000000000e-01 2.197721929877670846e+02 8.974328412709576099e-04
5.000000000000000000e-01 2.335386838236898939e+02 8.941193897272431759e-04
5.000000000000000000e-01 2.473051746596126463e+02 8.714015488637215628e-04
5.000000000000000000e-01 2.610716654955353988e+02 8.338252731352521069e-04
5.000000000000000000e-01 2.748381563314582081e+02 7.925347074214188735e-04
5.000000000000000000e-01 2.886046471673809606e+02 7.471307678933874780e-04
5.000000000000000000e-01 3.023711380033037130e+02 6.984542802755976977e-04
5.000000000000000000e-01 3.161376288392265224e+02 6.488753215608935102e-04
5.000000000000000000e-01 3.299041196751492748e+02 5.931635068666982029e-04
5.000000000000000000e-01 3.436706105110720273e+02 5.404950278992150508e-04
5.000000000000000000e-01 3.574371013469948366e+02 4.877767899196025340e-04
5.000000000000000000e-01 3.712035921829175891e+02 4.368312856332162361e-04
5.000000000000000000e-01 3.849700830188403415e+02 3.878966701947019141e-04
5.000000000000000000e-01 3.987365738547631508e+02 3.429128521011776619e-04
5.000000000000000000e-01 4.125030646906859033e+02 3.005088309995087377e-04
5.000000000000000000e-01 4.262695555266086558e+02 2.614946224354144900e-04
5.000000000000000000e-01 4.400360463625314651e+02 2.247356722418263281e-04
5.000000000000000000e-01 4.538025371984542176e+02 1.924970900924280622e-04
5.000000000000000000e-01 4.675690280343769700e+02 1.631909407655405435e-04
5.000000000000000000e-01 4.813355188702997793e+02 1.358271814405307169e-04
5.000000000000000000e-01 4.951020097062225318e+02 1.129524453331718541e-04
5.000000000000000000e-01 5.088685005421452843e+02 9.263733667421586437e-05
5.000000000000000000e-01 5.226349913780680936e+02 7.529837320802482397e-05
5.000000000000000000e-01 5.364014822139909029e+02 5.912354008745302126e-05
5.000000000000000000e-01 5.501679730499135985e+02 4.613774969582547507e-05
5.000000000000000000e-01 5.639344638858364078e+02 3.525453451170657509e-05
5.000000000000000000e-01 5.777009547217592171e+02 2.514304191942261756e-05
5.000000000000000000e-01 5.914674455576819128e+02 1.805169022704592244e-05
5.000000000000000000e-01 6.052339363936047221e+02 1.161174298465794999e-05
5.000000000000000000e-01 6.190004272295275314e+02 6.143859189174134550e-06
5.000000000000000000e-01 6.327669180654502270e+02 1.728355730386765588e-06
5.000000000000000000e-01 6.391585030964143925e+02 0.000000000000000000e+00
6.000000000000000888e-01 1.000000000000000000e+00 1.060369457115408094e-02
6.000000000000000888e-01 1.310085492947094643e+00 6.892084784393339054e-03
6.000000000000000888e-01 1.716323998830432185e+00 4.854074512242683055e-03
6.000000000000000888e-01 2.248531172064695216e+00 3.531342862366228155e-03
6.000000000000000888e-01 2.945768068961285291e+00 2.606824154566899851e-03
6.000000000000000888e-01 3.859208012732956661e+00 1.944786831859456749e-03
6.000000000000000888e-01 5.055892431746633164e+00 1.456577589706494055e-03
6.000000000000000888e-01 6.623651328732274024e+00 1.096645512529749369e-03
6.000000000000000888e-01 8.677549516111898953e+00 8.301477060394477645e-04
6.000000000000000888e-01 1.136833173538827957e+01 6.306084912035942423e-04
6.000000000000000888e-01 1.489348648554225640e+01 4.830798650037880265e-04
6.000000000000000888e-01 1.951174058411252332e+01 3.756450311207205016e-04
6.000000000000000888e-01 2.556204828139287955e+01 2.982976557132330534e-04
6.000000000000000888e-01 3.348846862346603359e+01 2.448226529663071718e-04
6.000000000000000888e-01 4.387275692461681587e+01 2.178350901278401587e-04
6.000000000000000888e-01 5.747706238253466893e+01 2.147734938472998850e-04
6.000000000000000888e-01 7.529986560457385281e+01 2.540940217015288764e-04
6.000000000000000888e-01 9.864926154941814218e+01 3.953354333190640295e-04
6.000000000000000888e-01 1.015884570384998540e+02 4.214793297564916382e-04
6.000000000000000888e-01 1.161755175363357324e+02 5.837663712756700329e-04
6.000000000000000888e-01 1.292389664458362972e+02 7.464690156042256327e-04
6.000000000000000888e-01 1.307625780341716109e+02 7.663946044891891676e-04
6.000000000000000888e-01 1.453496385320074751e+02 9.218103055209659604e-04
6.000000000000000888e-01 1.599366990298433677e+02 1.027128308112179632e-03
6.000000000000000888e-01 1.693140950641665086e+02 1.080380060955861161e-03
6.000000000000000888e-01 1.745237595276792320e+02 1.113980289079505000e-03
6.000000000000000888e-01 1.891108200255151246e+02 1.192304014363273525e-03
6.000000000000000888e-01 2.036978805233509888e+02 1.270153421687394632e-03
6.000000000000000888e-01 2.182849410211868530e+02 1.351919247605081441e-03
6.000000000000000888e-01 2.328720015190227457e+02 1.356642537548535116e-03
6.000000000000000888e-01 2.474590620168586099e+02 1.346778946167428341e-03
6.000000000000000888e-01 2.620461225146945026e+02 1.309889598162555357e-03
6.000000000000000888e-01 2.766331830125303668e+02 1.263232703463389736e-03
6.000000000000000888e-01 2.912202435103662310e+02 1.208289594963242713e-03
6.000000000000000888e-01 3.058073040082020952e+02 1.144988752033452867e-03
6.000000000000000888e-01 3.203943645060380163e+02 1.072426898318002038e-03
6.000000000000000888e-01 3.349814250038738805e+02 9.930174921622765462e-04
6.000000000000000888e-01 3.495684855017097448e+02 9.135607237640258182e-04
6.000000000000000888e-01 3.641555459995456658e+02 8.318675717228281741e-04
6.000000000000000888e-01 3.787426064973815301e+02 7.515914818704786532e-04
6.000000000000000888e-01 3.933296669952173943e+02 6.739016892729718941e-04
6.000000000000000888e-01 4.079167274930532585e+02 5.984211759281279908e-04
6.000000000000000888e-01 4.225037879908891227e+02 5.262846930365080826e-04
6.000000000000000888e-01 4.370908484887249870e+02 4.600528134885522018e-04
6.000000000000000888e-01 4.516779089865608512e+02 3.975364948025491229e-04
6.000000000000000888e-01 4.662649694843967154e+02 3.409858343871059868e-04
6.000000000000000888e-01 4.808520299822326933e+02 2.896615207785814767e-04
6.000000000000000888e-01 4.954390904800685576e+02 2.433712531419138822e-04
6.000000000000000888e-01 5.100261509779044218e+02 2.029484489350726517e-04
6.000000000000000888e-01 5.246132114757402860e+02 1.661310127900463918e-04
6.000000000000000888e-01 5.392002719735761502e+02 1.350919154380020662e-04
6.000000000000000888e-01 5.537873324714120145e+02 1.085763471796664432e-04
6.000000000000000888e-01 5.683743929692478787e+02 8.507588849238539907e-05
6.000000000000000888e-01 5.829614534670837429e+02 6.540490219199805591e-05
6.000000000000000888e-01 5.975485139649196071e+02 4.920659336962592510e-05
6.000000000000000888e-01 6.121355744627555850e+02 3.567027188130750899e-05
6.000000000000000888e-01 6.267226349605914493e+02 2.462002860322551264e-05
6.000000000000000888e-01 6.413096954584273135e+02 1.566930157820478002e-05
6.000000000000000888e-01 6.558967559562631777e+02 8.292117658040717808e-06
6.000000000000000888e-01 6.704838164540990419e+02 2.351283991883954154e-06
6.000000000000000888e-01 6.772563802566656932e+02 0.000000000000000000e+00
7.000000000000000666e-01 1.000000000000000000e+00 1.198066734838474853e-02
7.000000000000000666e-01 1.312300739641276248e+00 7.789868932154764107e-03
7.000000000000000666e-01 1.722133231263040853e+00 5.491759436425226390e-03
7.000000000000000666e-01 2.259956713147309504e+00 3.999154655148253780e-03
7.000000000000000666e-01 2.965742866220482110e+00 2.954574057996020488e-03
7.000000000000000666e-01 3.891946556926977774e+00 2.198441354460677587e-03
7.000000000000000666e-01 5.107404345299590531e+00 1.649271714754189109e-03
7.000000000000000666e-01 6.702450499983721777e+00 1.243391701247194801e-03
7.000000000000000666e-01 8.795630748537680788e+00 9.402586466883653153e-04
7.000000000000000666e-01 1.154251273691755308e+01 7.143418686976825372e-04
7.000000000000000666e-01 1.514724800197575760e+01 5.460488051206567085e-04
7.000000000000000666e-01 1.987774475652263462e+01 4.258890337632338413e-04
7.000000000000000666e-01 2.608557914638514319e+01 3.404502545545723077e-04
7.000000000000000666e-01 3.423212480777227995e+01 2.810599971546356166e-04
7.000000000000000666e-01 4.492284270473204799e+01 2.481963233381395272e-04
7.000000000000000666e-01 5.895227970820857877e+01 2.542813994964166608e-04
7.000000000000000666e-01 7.736312026462152858e+01 3.050990493309852880e-04
7.000000000000000666e-01 1.015236799442198503e+02 4.962681211837230086e-04
7.000000000000000666e-01 1.049023817952325004e+02 5.347275131291302558e-04
7.000000000000000666e-01 1.199652878991633145e+02 7.452955243090075453e-04
7.000000000000000666e-01 1.332296002819039415e+02 9.462102083498884035e-04
7.000000000000000666e-01 1.350281940030941428e+02 9.760761754501993829e-04
7.000000000000000666e-01 1.500911001070249426e+02 1.153857377061820672e-03
7.000000000000000666e-01 1.651540062109557709e+02 1.288570044501610896e-03
7.000000000000000666e-01 1.748373029920541342e+02 1.365595382796546027e-03
7.000000000000000666e-01 1.802169123148865992e+02 1.406949534521720942e-03
7.000000000000000666e-01 1.952798184188173991e+02 1.539653432399007210e-03
7.000000000000000666e-01 2.103427245227482558e+02 1.648048890994974680e-03
7.000000000000000666e-01 2.254056306266790557e+02 1.732190981739057441e-03
7.000000000000000666e-01 2.404685367306098556e+02 1.759150496097684540e-03
7.000000000000000666e-01 2.555314428345407123e+02 1.753894703862804829e-03
7.000000000000000666e-01 2.705943489384715122e+02 1.716180784541901806e-03
7.000000000000000666e-01 2.856572550424023120e+02 1.670486809857130682e-03
7.000000000000000666e-01 3.007201611463331687e+02 1.606273105003228410e-03
7.000000000000000666e-01 3.157830672502639686e+02 1.530466373804321122e-03
7.000000000000000666e-01 3.308459733541947685e+02 1.435013501018407491e-03
7.000000000000000666e-01 3.459088794581256252e+02 1.336975882262152670e-03
7.000000000000000666e-01 3.609717855620564251e+02 1.230622638847830982e-03
7.000000000000000666e-01 3.760346916659872250e+02 1.124470377895350889e-03
7.000000000000000666e-01 3.910975977699180817e+02 1.018188354172383427e-03
7.000000000000000666e-01 4.061605038738488815e+02 9.141308824210679423e-04
7.000000000000000666e-01 4.212234099777796814e+02 8.115750880455051665e-04
7.000000000000000666e-01 4.362863160817105381e+02 7.154293122589525924e-04
7.000000000000000666e-01 4.513492221856413380e+02 6.187567777083522900e-04
7.000000000000000666e-01 4.664121282895721379e+02 5.389085496455431074e-04
7.000000000000000666e-01 4.814750343935029946e+02 4.605247709297222657e-04
7.000000000000000666e-01 4.965379404974337945e+02 3.899890705378124441e-04
7.000000000000000666e-01 5.116008466013645943e+02 3.285704808291827644e-04
7.000000000000000666e-01 5.266637527052954511e+02 2.704153203966256041e-04
7.000000000000000666e-01 5.417266588092262509e+02 2.208197070103756201e-04
7.000000000000000666e-01 5.567895649131570508e+02 1.774708529204754783e-04
7.000000000000000666e-01 5.718524710170879644e+02 1.422796360838299876e-04
7.000000000000000666e-01 5.869153771210187642e+02 1.110784407606122759e-04
7.000000000000000666e-01 6.019782832249495641e+02 8.513200987763208910e-05
7.000000000000000666e-01 6.170411893288803640e+02 6.365149972062556112e-05
7.000000000000000666e-01 6.321040954328111638e+02 4.591938307550450302e-05
7.000000000000000666e-01 6.471670015367419637e+02 3.156428433211566387e-05
7.000000000000000666e-01 6.622299076406727636e+02 1.986135769222552799e-05
7.000000000000000666e-01 6.772928137446036772e+02 1.057582338466157566e-05
7.000000000000000666e-01 6.923557198485344770e+02 2.962030844992022382e-06
7.000000000000000666e-01 6.993492119682166503e+02 0.000000000000000000e+00
8.000000000000000444e-01 1.000000000000000000e+00 1.250414704554670201e-02
8.000000000000000444e-01 1.313439569002756491e+00 8.144349378319209673e-03
8.000000000000000444e-01 1.725123501422146877e+00 5.746823844512512734e-03
8.000000000000000444e-01 2.265845468184430889e+00 4.185035270685973779e-03
8.000000000000000444e-01 2.976051095159008231e+00 3.093499503071247842e-03
8.000000000000000444e-01 3.908863267755829707e+00 2.307338684748790579e-03
8.000000000000000444e-01 5.134055685691922832e+00 1.728867469929790211e-03
8.000000000000000444e-01 6.743271887051351499e+00 1.304135916126138378e-03
8.000000000000000444e-01 8.856880120997132622e+00 9.840939317369899828e-04
8.000000000000000444e-01 1.163297680883155749e+01 7.489352265686468170e-04
8.000000000000000444e-01 1.527921204601078564e+01 5.756593249434815854e-04
8.000000000000000444e-01 2.006832168441413344e+01 4.447420368192145390e-04
8.000000000000000444e-01 2.635852778378556138e+01 3.573274832309037536e-04
8.000000000000000444e-01 3.462033337188249504e+01 2.975127296461433030e-04
8.000000000000000444e-01 4.547171574269709993e+01 2.678305575520366463e-04
8.000000000000000444e-01 5.972435072690394264e+01 2.743216576583041764e-04
8.000000000000000444e-01 7.844432547771418740e+01 3.327665293936487830e-04
8.000000000000000444e-01 1.030318810461608905e+02 5.492221264053409819e-04
8.000000000000000444e-01 1.066456316330779686e+02 5.949872951509354311e-04
8.000000000000000444e-01 1.219588505342378824e+02 8.376029080297552358e-04
8.000000000000000444e-01 1.353261494348128622e+02 1.060237267971891103e-03
8.000000000000000444e-01 1.372720694353977819e+02 1.089527146706597465e-03
8.000000000000000444e-01 1.525852883365577100e+02 1.290292620903463368e-03
8.000000000000000444e-01 1.678985072377176095e+02 1.447502608782255977e-03
8.000000000000000444e-01 1.777427193884632288e+02 1.538615627694568753e-03
8.000000000000000444e-01 1.832117261388775091e+02 1.594045427015519179e-03
8.000000000000000444e-01 1.985249450400374371e+02 1.750753242041035943e-03
8.000000000000000444e-01 2.138381639411973651e+02 1.886957110927064279e-03
8.000000000000000444e-01 2.291513828423572647e+02 1.995925564422856933e-03
8.000000000000000444e-01 2.444646017435171643e+02 2.035344942802201889e-03
8.000000000000000444e-01 2.597778206446770923e+02 2.041853938560358062e-03
8.000000000000000444e-01 2.750910395458370203e+02 2.009088700541900117e-03
8.000000000000000444e-01 2.904042584469968915e+02 1.966157607940075946e-03
8.000000000000000444e-01 3.057174773481568195e+02 1.901403879344488144e-03
8.000000000000000444e-01 3.210306962493167475e+02 1.813728868784410860e-03
8.000000000000000444e-01 3.363439151504766755e+02 1.715674219723116152e-03
8.000000000000000444e-01 3.516571340516365467e+02 1.596571232317507217e-03
8.000000000000000444e-01 3.669703529527964747e+02 1.477906510546223538e-03
8.000000000000000444e-01 3.822835718539564027e+02 1.353753873385639926e-03
8.000000000000000444e-01 3.975967907551163307e+02 1.227449539882703245e-03
8.000000000000000444e-01 4.129100096562762019e+02 1.102872115244004411e-03
8.000000000000000444e-01 4.282232285574361299e+02 9.813509236776347868e-04
8.000000000000000444e-01 4.435364474585960579e+02 8.649220515841020722e-04
8.000000000000000444e-01 4.588496663597559859e+02 7.545799618056140074e-04
8.000000000000000444e-01 4.741628852609158571e+02 6.492771225209587353e-04
8.000000000000000444e-01 4.894761041620757851e+02 5.568164809249855074e-04
8.000000000000000444e-01 5.047893230632357131e+02 4.699078418490436402e-04
8.000000000000000444e-01 5.201025419643955274e+02 3.920777538961867504e-04
8.000000000000000444e-01 5.354157608655555123e+02 3.249717429938129209e-04
8.000000000000000444e-01 5.507289797667153834e+02 2.647668491953166512e-04
8.000000000000000444e-01 5.660421986678753683e+02 2.132200535810599396e-04
8.000000000000000444e-01 5.813554175690352395e+02 1.687442126330986243e-04
8.000000000000000444e-01 5.966686364701951106e+02 1.314420604493571419e-04
8.000000000000000444e-01 6.119818553713550955e+02 1.003733229131268707e-04
8.000000000000000444e-01 6.272950742725149667e+02 7.468347164107568480e-05
8.000000000000000444e-01 6.426082931736749515e+02 5.372582206525670576e-05
8.000000000000000444e-01 6.579215120748348227e+02 3.659671010270434624e-05
8.000000000000000444e-01 6.732347309759946938e+02 2.299875652442453903e-05
8.000000000000000444e-01 6.885479498771546787e+02 1.203642589007647709e-05
8.000000000000000444e-01 7.038611687783145499e+02 3.367111510483605790e-06
8.000000000000000444e-01 7.109708775538531427e+02 0.000000000000000000e+00
9.000000000000000222e-01 1.000000000000000000e+00 1.260190664594999614e-02
9.000000000000000222e-01 1.313973109404479089e+00 8.214691579939576924e-03
9.000000000000000222e-01 1.726525332238075361e+00 5.801699659674821284e-03
9.000000000000000222e-01 2.268607859266465354e+00 4.227837818795165264e-03
9.000000000000000222e-01 2.980889722859796365e+00 3.124362073285276604e-03
9.000000000000000222e-01 3.916808937937942936e+00 2.331046715629691603e-03
9.000000000000000222e-01 5.146581619125574214e+00 1.747915078046647979e-03
9.000000000000000222e-01 6.762469852886369814e+00 1.318686474075667515e-03
9.000000000000000222e-01 8.885703539851153465e+00 9.972145347877307657e-04
9.000000000000000222e-01 1.167557550950460765e+01 7.576448659896095833e-04
9.000000000000000222e-01 1.534139225631055581e+01 5.815841355269662843e-04
9.000000000000000222e-01 2.015817688561817889e+01 4.548995069990326373e-04
9.000000000000000222e-01 2.648730236232121982e+01 3.627005019725055342e-04
9.000000000000000222e-01 3.480360304475581756e+01 3.006645824764666024e-04
9.000000000000000222e-01 4.573099851119700077e+01 2.693950939712747364e-04
9.000000000000000222e-01 6.008930230992912414e+01 2.768507790273216354e-04
9.000000000000000222e-01 7.895572739812332941e+01 3.433630091757412339e-04
9.000000000000000222e-01 1.037457026346045268e+02 5.718896751504087914e-04
9.000000000000000222e-01 1.074717502256899166e+02 6.265650293910554960e-04
9.000000000000000222e-01 1.229035912837376969e+02 8.777895875830649076e-04
9.000000000000000222e-01 1.363190634781437893e+02 1.108704785555791493e-03
9.000000000000000222e-01 1.383354323417854914e+02 1.140266071115868859e-03
9.000000000000000222e-01 1.537672733998332717e+02 1.353688721800425229e-03
9.000000000000000222e-01 1.691991144578810520e+02 1.519329383559480653e-03
9.000000000000000222e-01 1.791195837094831518e+02 1.624549211898966561e-03
9.000000000000000222e-01 1.846309555159288323e+02 1.683185505126026747e-03
9.000000000000000222e-01 2.000627965739766410e+02 1.863154132784036699e-03
9.000000000000000222e-01 2.154946376320244212e+02 2.028325120446962827e-03
9.000000000000000222e-01 2.309264786900722015e+02 2.137512275545089616e-03
9.000000000000000222e-01 2.463583197481199818e+02 2.187110011955672052e-03
9.000000000000000222e-01 2.617901608061677621e+02 2.192338637169797665e-03
9.000000000000000222e-01 2.772220018642155424e+02 2.173445113357260188e-03
9.000000000000000222e-01 2.926538429222633226e+02 2.132695372914554261e-03
9.000000000000000222e-01 3.080856839803111029e+02 2.070273787217137042e-03
9.000000000000000222e-01 3.235175250383588832e+02 1.978889553682673230e-03
9.000000000000000222e-01 3.389493660964066635e+02 1.870953625451738647e-03
9.000000000000000222e-01 3.543812071544544438e+02 1.750465088201096911e-03
9.000000000000000222e-01 3.698130482125022240e+02 1.621504256725144573e-03
9.000000000000000222e-01 3.852448892705500043e+02 1.487369532197003802e-03
9.000000000000000222e-01 4.006767303285977846e+02 1.350267827504773085e-03
9.000000000000000222e-01 4.161085713866455649e+02 1.213016895833229350e-03
9.000000000000000222e-01 4.315404124446933452e+02 1.078882898064820834e-03
9.000000000000000222e-01 4.469722535027411254e+02 9.546462754919260050e-04
9.000000000000000222e-01 4.624040945607889057e+02 8.296472251553026938e-04
9.000000000000000222e-01 4.778359356188367428e+02 7.175171161323751819e-04
9.000000000000000222e-01 4.932677766768845231e+02 6.123200998014195892e-04
9.000000000000000222e-01 5.086996177349323034e+02 5.175742361371096778e-04
9.000000000000000222e-01 5.241314587929800837e+02 4.312716427684638323e-04
9.000000000000000222e-01 5.395632998510278640e+02 3.562623874156633369e-04
9.000000000000000222e-01 5.549951409090756442e+02 2.898213681527768751e-04
9.000000000000000222e-01 5.704269819671234245e+02 2.331665554717579831e-04
9.000000000000000222e-01 5.858588230251712048e+02 1.843930704863005609e-04
9.000000000000000222e-01 6.012906640832189851e+02 1.433700637127983068e-04
9.000000000000000222e-01 6.167225051412667653e+02 1.089654491774906644e-04
9.000000000000000222e-01 6.321543461993145456e+02 8.072515348524583159e-05
9.000000000000000222e-01 6.475861872573623259e+02 5.794637137276044885e-05
9.000000000000000222e-01 6.630180283154101062e+02 3.934105582256019898e-05
9.000000000000000222e-01 6.784498693734578865e+02 2.464314053130012936e-05
9.000000000000000222e-01 6.938817104315056667e+02 1.282590090901707545e-05
9.000000000000000222e-01 7.093135514895534470e+02 3.611370805240341079e-06
9.000000000000000222e-01 7.164783348379328345e+02 0.000000000000000000e+00
1.000000000000000000e+00 1.000000000000000000e+00 1.259115866291116853e-02
1.000000000000000000e+00 1.314129818930014348e+00 8.211183267431435007e-03
1.000000000000000000e+00 1.726937181001032329e+00 5.800749972168478541e-03
1.000000000000000000e+00 2.269419644972396011e+00 4.228003331189140492e-03
1.000000000000000000e+00 2.982312027123792397e+00 3.126017264606030261e-03
1.000000000000000000e+00 3.919145164196993658e+00 2.330846665466439031e-03
1.000000000000000000e+00 5.150265524986636478e+00 1.748809314674783016e-03
1.000000000000000000e+00 6.768117501792184854e+00 1.320457658638916985e-03
1.000000000000000000e+00 8.894185027127223364e+00 9.983113460708507858e-04
1.000000000000000000e+00 1.168811375922874340e+01 7.593903900622549349e-04
1.000000000000000000e+00 1.535969881804867931e+01 5.814673490678773675e-04
1.000000000000000000e+00 2.018463822658187112e+01 4.557847353540618075e-04
1.000000000000000000e+00 2.652523497786587114e+01 3.638657899105207281e-04
1.000000000000000000e+00 3.485760223853896633e+01 3.006677761207757335e-04
1.000000000000000000e+00 4.580741451806568421e+01 2.698889297184003857e-04
1.000000000000000000e+00 6.019688934627774302e+01 2.769904603598526854e-04
1.000000000000000000e+00 7.910652729677410377e+01 3.464574109698889725e-04
1.000000000000000000e+00 1.039562463926919520e+02 5.798302787916803170e-04
1.000000000000000000e+00 1.077155442557064760e+02 6.310929425064969829e-04
1.000000000000000000e+00 1.231823916360130511e+02 8.861314252775222538e-04
1.000000000000000000e+00 1.366120032486722380e+02 1.123775741707519439e-03
1.000000000000000000e+00 1.386492390163196262e+02 1.155366234253969423e-03
1.000000000000000000e+00 1.541160863966262013e+02 1.372050933347417241e-03
1.000000000000000000e+00 1.695829337769327481e+02 1.538296078404439602e-03
1.000000000000000000e+00 1.795259070928442213e+02 1.650297932499512074e-03
1.000000000000000000e+00 1.850497811572393516e+02 1.708602574454088068e-03
1.000000000000000000e+00 2.005166285375458983e+02 1.893606367891615761e-03
1.000000000000000000e+00 2.159834759178524735e+02 2.065393791457369264e-03
1.000000000000000000e+00 2.314503232981590486e+02 2.178664247007562702e-03
1.000000000000000000e+00 2.469171706784656237e+02 2.234217273981980480e-03
1.000000000000000000e+00 2.623840180587721989e+02 2.239831655916056131e-03
1.000000000000000000e+00 2.778508654390788024e+02 2.226040272232440026e-03
1.000000000000000000e+00 2.933177128193852923e+02 2.183875824446589176e-03
1.000000000000000000e+00 3.087845601996918958e+02 2.121023205453023176e-03
1.000000000000000000e+00 3.242514075799984994e+02 2.033364787932924814e-03
1.000000000000000000e+00 3.397182549603050461e+02 1.922387479402259004e-03
1.000000000000000000e+00 3.551851023406115928e+02 1.798980002653706835e-03
1.000000000000000000e+00 3.706519497209181964e+02 1.664496096771766066e-03
1.000000000000000000e+00 3.861187971012247999e+02 1.530850270439788451e-03
1.000000000000000000e+00 4.015856444815312898e+02 1.389647154317437232e-03
1.000000000000000000e+00 4.170524918618378933e+02 1.250937298821803816e-03
1.000000000000000000e+00 4.325193392421444969e+02 1.112775236786944745e-03
1.000000000000000000e+00 4.479861866224511004e+02 9.820795203367130213e-04
1.000000000000000000e+00 4.634530340027575903e+02 8.566660125514399902e-04
1.000000000000000000e+00 4.789198813830641939e+02 7.380707535659589407e-04
1.000000000000000000e+00 4.943867287633707974e+02 6.292854524164303177e-04
1.000000000000000000e+00 5.098535761436772873e+02 5.319119864195964329e-04
1.000000000000000000e+00 5.253204235239838908e+02 4.442251229900931225e-04
1.000000000000000000e+00 5.407872709042904944e+02 3.664794925056162177e-04
1.000000000000000000e+00 5.562541182845970980e+02 2.973911216161564215e-04
1.000000000000000000e+00 5.717209656649035878e+02 2.388786558842751807e-04
1.000000000000000000e+00 5.871878130452101914e+02 1.888344882058848729e-04
1.000000000000000000e+00 6.026546604255167949e+02 1.477645206698700831e-04
1.000000000000000000e+00 6.181215078058232848e+02 1.130516071267255337e-04
1.000000000000000000e+00 6.335883551861298884e+02 8.411687120326650276e-05
1.000000000000000000e+00 6.490552025664364919e+02 6.007895544043293672e-05
1.000000000000000000e+00 6.645220499467430955e+02 3.954282453355710141e-05
1.000000000000000000e+00 6.799888973270496990e+02 2.466161795822677830e-05
1.000000000000000000e+00 6.954557447073561889e+02 1.354488067197277032e-05
1.000000000000000000e+00 7.109225920876627924e+02 3.924730436108178561e-06
1.000000000000000000e+00 7.181036283713765442e+02 0.000000000000000000e+00
