# mx [GeV]: 30.0
# sigma_p [cm^2]: 3.98107170553e-33
# depth [m]: 10.6
# target: full
# Columns: gamma/pi, v [km/s], f(v, gamma) [s/km]
0.000000000000000000e+00 1.000000000000000000e+00 3.344507852822488662e-04
0.000000000000000000e+00 1.277749709284364821e+00 1.902963267394321232e-04
0.000000000000000000e+00 1.632644319576278757e+00 3.421123655915799249e-05
0.000000000000000000e+00 2.086110804703359634e+00 -5.279284380163140334e-05
0.000000000000000000e+00 2.665527474244689721e+00 2.385509516158730661e-06
0.000000000000000000e+00 3.405876955305640053e+00 4.056908447249595100e-05
0.000000000000000000e+00 4.351858289500098564e+00 3.591266312885488509e-05
0.000000000000000000e+00 5.560585664255503602e+00 3.102737717387689479e-05
0.000000000000000000e+00 7.105036715953276349e+00 3.083642407748488068e-05
0.000000000000000000e+00 9.078458598264035118e+00 2.927996415464299056e-05
0.000000000000000000e+00 1.159999783468201606e+01 2.973457546149375807e-05
0.000000000000000000e+00 1.482189386096420591e+01 3.169484244506052802e-05
0.000000000000000000e+00 1.893867057189072511e+01 3.709110668887635574e-05
0.000000000000000000e+00 2.419888081746572794e+01 4.543947101368575348e-05
0.000000000000000000e+00 3.092011292952382107e+01 5.885495131328258680e-05
0.000000000000000000e+00 3.950816530673878901e+01 8.040327962372527967e-05
0.000000000000000000e+00 5.048154673504411249e+01 1.112886126623130760e-04
0.000000000000000000e+00 6.318606004926786568e+01 1.499058049983657186e-04
0.000000000000000000e+00 6.450278166492768150e+01 1.540400602466103085e-04
0.000000000000000000e+00 7.225893021018838169e+01 1.782139271672664475e-04
0.000000000000000000e+00 8.133180037110889771e+01 2.057450525261355029e-04
0.000000000000000000e+00 8.241841052039420390e+01 2.089786318938147971e-04
0.000000000000000000e+00 9.040467053202939951e+01 2.320260028970352634e-04
0.000000000000000000e+00 9.947754069294992973e+01 2.560714104859398033e-04
0.000000000000000000e+00 1.053101000821131237e+02 2.704436064702046621e-04
0.000000000000000000e+00 1.085504108538704315e+02 2.779552149275893750e-04
0.000000000000000000e+00 1.176232810147909476e+02 2.966819739750668587e-04
0.000000000000000000e+00 1.266961511757114636e+02 3.125499609573892021e-04
0.000000000000000000e+00 1.357690213366319654e+02 3.249524171876422220e-04
0.000000000000000000e+00 1.448418914975524956e+02 3.335820265077013265e-04
0.000000000000000000e+00 1.539147616584730258e+02 3.391954815901933773e-04
0.000000000000000000e+00 1.629876318193935276e+02 3.412629140427136964e-04
0.000000000000000000e+00 1.720605019803140294e+02 3.404083075237158539e-04
0.000000000000000000e+00 1.811333721412345312e+02 3.365642931236588887e-04
0.000000000000000000e+00 1.902062423021550615e+02 3.296668614273841748e-04
0.000000000000000000e+00 1.992791124630755917e+02 3.210061874415827453e-04
0.000000000000000000e+00 2.083519826239960935e+02 3.100851590853460080e-04
0.000000000000000000e+00 2.174248527849165953e+02 2.971416835781205473e-04
0.000000000000000000e+00 2.264977229458371255e+02 2.831203279745432349e-04
0.000000000000000000e+00 2.355705931067576273e+02 2.680462899726344201e-04
0.000000000000000000e+00 2.446434632676781575e+02 2.518846181375642627e-04
0.000000000000000000e+00 2.537163334285986593e+02 2.355747810772006439e-04
0.000000000000000000e+00 2.627892035895191611e+02 2.188029328244044276e-04
0.000000000000000000e+00 2.718620737504396629e+02 2.022754702842934115e-04
0.000000000000000000e+00 2.809349439113601647e+02 1.859984955045568364e-04
0.000000000000000000e+00 2.900078140722807234e+02 1.696728324326083562e-04
0.000000000000000000e+00 2.990806842332012252e+02 1.544351435047678505e-04
0.000000000000000000e+00 3.081535543941217838e+02 1.393216513296432720e-04
0.000000000000000000e+00 3.172264245550422856e+02 1.234555162153588056e-04
0.000000000000000000e+00 3.262992947159627874e+02 1.080694197761554573e-04
0.000000000000000000e+00 3.353721648768832893e+02 9.396149580452353950e-05
0.000000000000000000e+00 3.444450350378037911e+02 8.088803115467137412e-05
0.000000000000000000e+00 3.535179051987242929e+02 6.875968933932062100e-05
0.000000000000000000e+00 3.625907753596447947e+02 5.909887430226036634e-05
0.000000000000000000e+00 3.716636455205652965e+02 4.841596684294973915e-05
0.000000000000000000e+00 3.807365156814859120e+02 4.096649130385995462e-05
0.000000000000000000e+00 3.898093858424064138e+02 3.084530769016101572e-05
0.000000000000000000e+00 3.988822560033269156e+02 2.287043836683213540e-05
0.000000000000000000e+00 4.079551261642474174e+02 1.683988665713029791e-05
0.000000000000000000e+00 4.170279963251679192e+02 9.124057831201271595e-06
0.000000000000000000e+00 4.212404003284524379e+02 0.000000000000000000e+00
1.000000000000000056e-01 1.000000000000000000e+00 3.859296995794639904e-04
1.000000000000000056e-01 1.287579962169711489e+00 2.389441441704931381e-04
1.000000000000000056e-01 1.657862158980955902e+00 5.538687890265482573e-05
1.000000000000000056e-01 2.134630095943295558e+00 -3.341283993199906582e-05
1.000000000000000056e-01 2.748506938180996340e+00 -9.177671647743498188e-07
1.000000000000000056e-01 3.538922459486277372e+00 3.694602945449203583e-05
1.000000000000000056e-01 4.556645646506883196e+00 3.933932416555520204e-05
1.000000000000000056e-01 5.867045629150113406e+00 3.522245286324386258e-05
1.000000000000000056e-01 7.554290389229075586e+00 3.367882354066755048e-05
1.000000000000000056e-01 9.726752933582590188e+00 3.238382887443519133e-05
1.000000000000000056e-01 1.252397217425640363e+01 3.259716755849135329e-05
1.000000000000000056e-01 1.612561561834357349e+01 3.560999296323721875e-05
1.000000000000000056e-01 2.076301954783013315e+01 4.201356492142665355e-05
1.000000000000000056e-01 2.673404792392410911e+01 5.249034686135627478e-05
1.000000000000000056e-01 3.442222441452944537e+01 6.971630165122870274e-05
1.000000000000000056e-01 4.432136640945715556e+01 9.647494493403748199e-05
1.000000000000000056e-01 5.706730328479877556e+01 1.351333714101647849e-04
1.000000000000000056e-01 7.309054985163308515e+01 1.868958617952000542e-04
1.000000000000000056e-01 7.347871620456866992e+01 1.881508719279439284e-04
1.000000000000000056e-01 8.358560316366245502e+01 2.203885865114621370e-04
1.000000000000000056e-01 9.408065647569182488e+01 2.522220108930910880e-04
1.000000000000000056e-01 9.460972263095752055e+01 2.537782192037773307e-04
1.000000000000000056e-01 1.045757097877211805e+02 2.814205776346570109e-04
1.000000000000000056e-01 1.150707630997505504e+02 3.072075794315755706e-04
1.000000000000000056e-01 1.218175830860551372e+02 3.217469432304969419e-04
1.000000000000000056e-01 1.255658164117799203e+02 3.290424859221255469e-04
1.000000000000000056e-01 1.360608697238092759e+02 3.465127329373289306e-04
1.000000000000000056e-01 1.465559230358386458e+02 3.593994473854841745e-04
1.000000000000000056e-01 1.570509763478680156e+02 3.678574007765402355e-04
1.000000000000000056e-01 1.675460296598973855e+02 3.715444032522506753e-04
1.000000000000000056e-01 1.780410829719267554e+02 3.712069135372775188e-04
1.000000000000000056e-01 1.885361362839561252e+02 3.668254407400069758e-04
1.000000000000000056e-01 1.990311895959854951e+02 3.588796225054442638e-04
1.000000000000000056e-01 2.095262429080148365e+02 3.475632883965781633e-04
1.000000000000000056e-01 2.200212962200442064e+02 3.336873016475716590e-04
1.000000000000000056e-01 2.305163495320735763e+02 3.176704988131939149e-04
1.000000000000000056e-01 2.410114028441029461e+02 3.000390395404055549e-04
1.000000000000000056e-01 2.515064561561323160e+02 2.810351014828418870e-04
1.000000000000000056e-01 2.620015094681616574e+02 2.613199500184958742e-04
1.000000000000000056e-01 2.724965627801910841e+02 2.411765605817523602e-04
1.000000000000000056e-01 2.829916160922203971e+02 2.210295185036390323e-04
1.000000000000000056e-01 2.934866694042497670e+02 2.011522331211806859e-04
1.000000000000000056e-01 3.039817227162791369e+02 1.817724364024737762e-04
1.000000000000000056e-01 3.144767760283085067e+02 1.616023868079055322e-04
1.000000000000000056e-01 3.249718293403378766e+02 1.417774301699668621e-04
1.000000000000000056e-01 3.354668826523671896e+02 1.233617786340984951e-04
1.000000000000000056e-01 3.459619359643966163e+02 1.061434712873875235e-04
1.000000000000000056e-01 3.564569892764259293e+02 9.020316252199742329e-05
1.000000000000000056e-01 3.669520425884553561e+02 7.529693305367640092e-05
1.000000000000000056e-01 3.774470959004846691e+02 6.171628166739598061e-05
1.000000000000000056e-01 3.879421492125140958e+02 5.057795280490760468e-05
1.000000000000000056e-01 3.984372025245434088e+02 4.096711709988573960e-05
1.000000000000000056e-01 4.089322558365728355e+02 3.272557586373529397e-05
1.000000000000000056e-01 4.194273091486021485e+02 2.565246525513585084e-05
1.000000000000000056e-01 4.299223624606315752e+02 1.954575627865109657e-05
1.000000000000000056e-01 4.404174157726608883e+02 1.440972039133328738e-05
1.000000000000000056e-01 4.509124690846903150e+02 1.004291583972265080e-05
1.000000000000000056e-01 4.614075223967196280e+02 6.488302055007519675e-06
1.000000000000000056e-01 4.719025757087490547e+02 3.484899437548266057e-06
1.000000000000000056e-01 4.823976290207783109e+02 9.312133747092575281e-07
1.000000000000000056e-01 4.872703323442205487e+02 0.000000000000000000e+00
2.000000000000000111e-01 1.000000000000000000e+00 5.377706379566253754e-04
2.000000000000000111e-01 1.296923612414381255e+00 4.055020020523266463e-04
2.000000000000000111e-01 1.682010856437967883e+00 1.419904222730758957e-04
2.000000000000000111e-01 2.181439596051736540e+00 -2.932843158044525479e-05
2.000000000000000111e-01 2.829160521175186460e+00 -2.255401056606756694e-05
2.000000000000000111e-01 3.669205083222676578e+00 3.901652486442799589e-05
2.000000000000000111e-01 4.758678711222362523e+00 5.192960242841537723e-05
2.000000000000000111e-01 6.171642784477918475e+00 4.622212050001691210e-05
2.000000000000000111e-01 8.004149254576253369e+00 4.349672160996059269e-05
2.000000000000000111e-01 1.038077016554890797e+01 4.159663257827328438e-05
2.000000000000000111e-01 1.346306594274712687e+01 4.135698975925191479e-05
2.000000000000000111e-01 1.746056811664062636e+01 4.478619080667837408e-05
2.000000000000000111e-01 2.264502307664092484e+01 5.233888101531638447e-05
2.000000000000000111e-01 2.936886513176418134e+01 6.537941075196042448e-05
2.000000000000000111e-01 3.808917465919835621e+01 8.733495131434961629e-05
2.000000000000000111e-01 4.939874999288985435e+01 1.215817908286353252e-04
2.000000000000000111e-01 6.406640528953357716e+01 1.722208407943572343e-04
2.000000000000000111e-01 8.308923378250570124e+01 2.423868114602244065e-04
2.000000000000000111e-01 8.385419596517213847e+01 2.452269849900504876e-04
2.000000000000000111e-01 9.589479846273530939e+01 2.890267133070422920e-04
2.000000000000000111e-01 1.077603892299503059e+02 3.298205622498418281e-04
2.000000000000000111e-01 1.079354009602984945e+02 3.303986387585335647e-04
2.000000000000000111e-01 1.199760034578616796e+02 3.681209999344614505e-04
2.000000000000000111e-01 1.320166059554248363e+02 4.010718055956118350e-04
2.000000000000000111e-01 1.397569932752869590e+02 4.197438933947222244e-04
2.000000000000000111e-01 1.440572084529880215e+02 4.288236704268447337e-04
2.000000000000000111e-01 1.560978109505512066e+02 4.503511366482520518e-04
2.000000000000000111e-01 1.681384134481143633e+02 4.658339655573872154e-04
2.000000000000000111e-01 1.801790159456775768e+02 4.749543242598099004e-04
2.000000000000000111e-01 1.922196184432407335e+02 4.779658028074027041e-04
2.000000000000000111e-01 2.042602209408039187e+02 4.752826408046088055e-04
2.000000000000000111e-01 2.163008234383671038e+02 4.674836061033187215e-04
2.000000000000000111e-01 2.283414259359302605e+02 4.546070276086757551e-04
2.000000000000000111e-01 2.403820284334934740e+02 4.379386920779745939e-04
2.000000000000000111e-01 2.524226309310566307e+02 4.175908170302938620e-04
2.000000000000000111e-01 2.644632334286197874e+02 3.944621513774152063e-04
2.000000000000000111e-01 2.765038359261830010e+02 3.695357674601115121e-04
2.000000000000000111e-01 2.885444384237461577e+02 3.431645838398382606e-04
2.000000000000000111e-01 3.005850409213093712e+02 3.157912486544765113e-04
2.000000000000000111e-01 3.126256434188725279e+02 2.867472211223335622e-04
2.000000000000000111e-01 3.246662459164356846e+02 2.567406317713728857e-04
2.000000000000000111e-01 3.367068484139988982e+02 2.276400552616235199e-04
2.000000000000000111e-01 3.487474509115620549e+02 2.007355713231497138e-04
2.000000000000000111e-01 3.607880534091252684e+02 1.759678868806049707e-04
2.000000000000000111e-01 3.728286559066884251e+02 1.530524947205206643e-04
2.000000000000000111e-01 3.848692584042515819e+02 1.320026237696149678e-04
2.000000000000000111e-01 3.969098609018147954e+02 1.127881522159257955e-04
2.000000000000000111e-01 4.089504633993779521e+02 9.554296733603993841e-05
2.000000000000000111e-01 4.209910658969411088e+02 8.015681420915410143e-05
2.000000000000000111e-01 4.330316683945043224e+02 6.656979890201632449e-05
2.000000000000000111e-01 4.450722708920674791e+02 5.445393349625590989e-05
2.000000000000000111e-01 4.571128733896306926e+02 4.396956421148327787e-05
2.000000000000000111e-01 4.691534758871938493e+02 3.493615867863521924e-05
2.000000000000000111e-01 4.811940783847570060e+02 2.723481861620669244e-05
2.000000000000000111e-01 4.932346808823202196e+02 2.063412676369096049e-05
2.000000000000000111e-01 5.052752833798833763e+02 1.506177692373470768e-05
2.000000000000000111e-01 5.173158858774465898e+02 1.040007963259270747e-05
2.000000000000000111e-01 5.293564883750096897e+02 6.559723805992472650e-06
2.000000000000000111e-01 5.413970908725729032e+02 3.533128939637099798e-06
2.000000000000000111e-01 5.534376933701361168e+02 1.019293246348904927e-06
2.000000000000000111e-01 5.590279731011476088e+02 0.000000000000000000e+00
3.000000000000000444e-01 1.000000000000000000e+00 7.631588017220055156e-04
3.000000000000000444e-01 1.304870439393502224e+00 6.868430627840285425e-04
3.000000000000000444e-01 1.702686863602991707e+00 3.303638502153180925e-04
3.000000000000000444e-01 2.221785755859179812e+00 -1.036632876240902216e-05
3.000000000000000444e-01 2.899142555486192929e+00 -5.260021633210564906e-05
3.000000000000000444e-01 3.783005420241669192e+00 3.958321419302233800e-05
3.000000000000000444e-01 4.936331944938747718e+00 7.080559401330279010e-05
3.000000000000000444e-01 6.441273633984406111e+00 6.413761141524665116e-05
3.000000000000000444e-01 8.405027557031013785e+00 5.972699950251505210e-05
3.000000000000000444e-01 1.096747200145755308e+01 5.677498110849438928e-05
3.000000000000000444e-01 1.431113000957784820e+01 5.505378944859622598e-05
3.000000000000000444e-01 1.867417050381538957e+01 5.872980570523101421e-05
3.000000000000000444e-01 2.436737307062276159e+01 6.742586124197760865e-05
3.000000000000000444e-01 3.179626480552892787e+01 8.316497891605854366e-05
3.000000000000000444e-01 4.149000602786267677e+01 1.109452721624437074e-04
3.000000000000000444e-01 5.413908239601624217e+01 1.554773447481878988e-04
3.000000000000000444e-01 7.064448823445071923e+01 2.235467183412969858e-04
3.000000000000000444e-01 9.218190440321679091e+01 3.217311415083956723e-04
3.000000000000000444e-01 9.417415061355838191e+01 3.310499297789218582e-04
3.000000000000000444e-01 1.076965927529411289e+02 3.937246350969925471e-04
3.000000000000000444e-01 1.202854421027553542e+02 4.503924980273646080e-04
3.000000000000000444e-01 1.212190348923238616e+02 4.544935951208039148e-04
3.000000000000000444e-01 1.347414770317066086e+02 5.112704024322491754e-04
3.000000000000000444e-01 1.482639191710893556e+02 5.625108179129555781e-04
3.000000000000000444e-01 1.569569176892640314e+02 5.918488311943749004e-04
3.000000000000000444e-01 1.617863613104721026e+02 6.067582745645292005e-04
3.000000000000000444e-01 1.753088034498548495e+02 6.430546164049574581e-04
3.000000000000000444e-01 1.888312455892375965e+02 6.706431700103282533e-04
3.000000000000000444e-01 2.023536877286203435e+02 6.893997548622888237e-04
3.000000000000000444e-01 2.158761298680030905e+02 6.990265526062604999e-04
3.000000000000000444e-01 2.293985720073858374e+02 6.994264046213735783e-04
3.000000000000000444e-01 2.429210141467685844e+02 6.911442271060837033e-04
3.000000000000000444e-01 2.564434562861512745e+02 6.759878655491401373e-04
3.000000000000000444e-01 2.699658984255340215e+02 6.531335189312734634e-04
3.000000000000000444e-01 2.834883405649167685e+02 6.242851295963158060e-04
3.000000000000000444e-01 2.970107827042995154e+02 5.908337511888364212e-04
3.000000000000000444e-01 3.105332248436822624e+02 5.510534135847763686e-04
3.000000000000000444e-01 3.240556669830650094e+02 5.087107598408244832e-04
3.000000000000000444e-01 3.375781091224477564e+02 4.657920053531937202e-04
3.000000000000000444e-01 3.511005512618305033e+02 4.223211904575072660e-04
3.000000000000000444e-01 3.646229934012132503e+02 3.792596830627700377e-04
3.000000000000000444e-01 3.781454355405959973e+02 3.364859971607792695e-04
3.000000000000000444e-01 3.916678776799787443e+02 2.977069566955895690e-04
3.000000000000000444e-01 4.051903198193614912e+02 2.599377197684779074e-04
3.000000000000000444e-01 4.187127619587441814e+02 2.248569287733914507e-04
3.000000000000000444e-01 4.322352040981269283e+02 1.927627361080479652e-04
3.000000000000000444e-01 4.457576462375096753e+02 1.634022964282734664e-04
3.000000000000000444e-01 4.592800883768924223e+02 1.368254308559435390e-04
3.000000000000000444e-01 4.728025305162751692e+02 1.135061036470851438e-04
3.000000000000000444e-01 4.863249726556579162e+02 9.276578558151780279e-05
3.000000000000000444e-01 4.998474147950406632e+02 7.510144025093241460e-05
3.000000000000000444e-01 5.133698569344234102e+02 5.990640796459802229e-05
3.000000000000000444e-01 5.268922990738061571e+02 4.678194069893180755e-05
3.000000000000000444e-01 5.404147412131889041e+02 3.587854925747214368e-05
3.000000000000000444e-01 5.539371833525716511e+02 2.682068847245992050e-05
3.000000000000000444e-01 5.674596254919543981e+02 1.925996720485393402e-05
3.000000000000000444e-01 5.809820676313371450e+02 1.314308835758020360e-05
3.000000000000000444e-01 5.945045097707198920e+02 8.144156580887868755e-06
3.000000000000000444e-01 6.080269519101026390e+02 4.180979129228126584e-06
3.000000000000000444e-01 6.215493940494853859e+02 1.021154473949446624e-06
3.000000000000000444e-01 6.278276707570558983e+02 0.000000000000000000e+00
4.000000000000000222e-01 1.000000000000000000e+00 9.800715847733240584e-04
4.000000000000000222e-01 1.310818314584638600e+00 9.867633262500270872e-04
4.000000000000000222e-01 1.718244653850512726e+00 5.623671076822186424e-04
4.000000000000000222e-01 2.252306561204394875e+00 2.848716790446332979e-05
4.000000000000000222e-01 2.952364690485868248e+00 -9.115121092159476023e-05
4.000000000000000222e-01 3.870013707621883903e+00 3.680691371293724079e-05
4.000000000000000222e-01 5.072884845644366258e+00 9.037650561600632851e-05
4.000000000000000222e-01 6.649630363449503534e+00 8.350283610323731886e-05
4.000000000000000222e-01 8.716457265627715501e+00 7.760009379893184026e-05
4.000000000000000222e-01 1.142569182207915013e+01 7.303186205052104017e-05
4.000000000000000222e-01 1.497700609718128284e+01 6.956557618770699161e-05
4.000000000000000222e-01 1.963213388983102803e+01 7.326232322727767050e-05
4.000000000000000222e-01 2.573416065716826395e+01 8.319747264251130692e-05
4.000000000000000222e-01 3.373280909987962417e+01 1.018236259395173852e-04
4.000000000000000222e-01 4.421758397050957967e+01 1.362139795027752403e-04
4.000000000000000222e-01 5.796121889522808601e+01 1.931397672632812520e-04
4.000000000000000222e-01 7.597662726351420304e+01 2.840140273670356888e-04
4.000000000000000222e-01 9.959155449738500465e+01 4.221075630174842669e-04
4.000000000000000222e-01 1.026735936502762740e+02 4.411363414379247672e-04
4.000000000000000222e-01 1.174164686359569743e+02 5.335791079182898187e-04
4.000000000000000222e-01 1.305464336131263394e+02 6.161386956907384310e-04
4.000000000000000222e-01 1.321593436216376745e+02 6.261359767086064568e-04
4.000000000000000222e-01 1.469022186073183605e+02 7.161443028415258837e-04
4.000000000000000222e-01 1.616450935929990465e+02 8.002127180967009328e-04
4.000000000000000222e-01 1.711226560837937427e+02 8.504285361381188962e-04
4.000000000000000222e-01 1.763879685786797609e+02 8.766049228675095286e-04
4.000000000000000222e-01 1.911308435643604469e+02 9.425349026983090859e-04
4.000000000000000222e-01 2.058737185500411329e+02 9.964792710860663396e-04
4.000000000000000222e-01 2.206165935357218473e+02 1.036969429331253490e-03
4.000000000000000222e-01 2.353594685214025333e+02 1.063482677747919561e-03
4.000000000000000222e-01 2.501023435070832477e+02 1.075201843888580564e-03
4.000000000000000222e-01 2.648452184927639337e+02 1.072829525149231796e-03
4.000000000000000222e-01 2.795880934784446481e+02 1.056684820371405148e-03
4.000000000000000222e-01 2.943309684641253625e+02 1.027799419603207462e-03
4.000000000000000222e-01 3.090738434498060201e+02 9.866356990523583465e-04
4.000000000000000222e-01 3.238167184354867345e+02 9.356669266530411207e-04
4.000000000000000222e-01 3.385595934211673921e+02 8.765136325505426410e-04
4.000000000000000222e-01 3.533024684068481065e+02 8.131801890364996057e-04
4.000000000000000222e-01 3.680453433925288209e+02 7.458975130449341500e-04
4.000000000000000222e-01 3.827882183782095353e+02 6.764336277914159050e-04
4.000000000000000222e-01 3.975310933638902497e+02 6.067479003834315866e-04
4.000000000000000222e-01 4.122739683495708505e+02 5.380789974589785798e-04
4.000000000000000222e-01 4.270168433352515649e+02 4.721167382005314822e-04
4.000000000000000222e-01 4.417597183209322793e+02 4.103913284004969764e-04
4.000000000000000222e-01 4.565025933066129937e+02 3.524301452449174780e-04
4.000000000000000222e-01 4.712454682922937081e+02 2.991598016983441715e-04
4.000000000000000222e-01 4.859883432779744226e+02 2.510159399728734034e-04
4.000000000000000222e-01 5.007312182636551370e+02 2.086689872487216180e-04
4.000000000000000222e-01 5.154740932493357377e+02 1.710159691596903548e-04
4.000000000000000222e-01 5.302169682350164521e+02 1.386257366142493283e-04
4.000000000000000222e-01 5.449598432206971665e+02 1.106921020877997108e-04
4.000000000000000222e-01 5.597027182063778810e+02 8.684002088852088195e-05
4.000000000000000222e-01 5.744455931920585954e+02 6.710817667395397191e-05
4.000000000000000222e-01 5.891884681777393098e+02 5.055695954696508667e-05
4.000000000000000222e-01 6.039313431634199105e+02 3.714133810486904881e-05
4.000000000000000222e-01 6.186742181491007386e+02 2.627903335521551172e-05
4.000000000000000222e-01 6.334170931347813394e+02 1.756442276849154034e-05
4.000000000000000222e-01 6.481599681204620538e+02 1.069436226837240097e-05
4.000000000000000222e-01 6.629028431061427682e+02 5.200054099232402150e-06
4.000000000000000222e-01 6.776457180918234826e+02 1.055333918509342179e-06
4.000000000000000222e-01 6.844906243351751982e+02 0.000000000000000000e+00
5.000000000000000000e-01 1.000000000000000000e+00 1.072633293981245083e-03
5.000000000000000000e-01 1.314315372466933196e+00 1.122802418243538328e-03
5.000000000000000000e-01 1.727424898302893030e+00 6.710900222465693331e-04
5.000000000000000000e-01 2.270381098621621074e+00 4.670872465769157413e-05
5.000000000000000000e-01 2.983996779276760769e+00 -1.085072498798002517e-04
5.000000000000000000e-01 3.921912838395264611e+00 3.698407848652859322e-05
5.000000000000000000e-01 5.154630332978318741e+00 9.969334986500205035e-05
5.000000000000000000e-01 6.774809886017751026e+00 9.218430810900456109e-05
5.000000000000000000e-01 8.904236778734080815e+00 8.569163796961856998e-05
5.000000000000000000e-01 1.170297527837564999e+01 8.038211173499177340e-05
5.000000000000000000e-01 1.538140031196960145e+01 7.635330405608516569e-05
5.000000000000000000e-01 2.021601088008932479e+01 8.054267527037134683e-05
5.000000000000000000e-01 2.657021386966017218e+01 9.170443377869621896e-05
5.000000000000000000e-01 3.492164053862848050e+01 1.132093967890433197e-04
5.000000000000000000e-01 4.589804899168385788e+01 1.538435979720379312e-04
5.000000000000000000e-01 6.032451135601050396e+01 2.230197049575796979e-04
5.000000000000000000e-01 7.928543261176068313e+01 3.378772695658203941e-04
5.000000000000000000e-01 1.042060628943281984e+02 5.212657728391679101e-04
5.000000000000000000e-01 1.080048885586679006e+02 5.516305647939065242e-04
5.000000000000000000e-01 1.235132828132458513e+02 6.802235912569574387e-04
5.000000000000000000e-01 1.369596303662716252e+02 7.955436979939856448e-04
5.000000000000000000e-01 1.390216770678238163e+02 8.135624117554809357e-04
5.000000000000000000e-01 1.545300713224017670e+02 9.469204756384376736e-04
5.000000000000000000e-01 1.700384655769797178e+02 1.076255603717606859e-03
5.000000000000000000e-01 1.800081475977797538e+02 1.155366865721764360e-03
5.000000000000000000e-01 1.855468598315576969e+02 1.197572299833472983e-03
5.000000000000000000e-01 2.010552540861356192e+02 1.307287169880677093e-03
5.000000000000000000e-01 2.165636483407135984e+02 1.401373114451616615e-03
5.000000000000000000e-01 2.320720425952915491e+02 1.476822625927391979e-03
5.000000000000000000e-01 2.475804368498694998e+02 1.532867286285353970e-03
5.000000000000000000e-01 2.630888311044474790e+02 1.566137690231081923e-03
5.000000000000000000e-01 2.785972253590254013e+02 1.578604230774318870e-03
5.000000000000000000e-01 2.941056196136033805e+02 1.567661722650012454e-03
5.000000000000000000e-01 3.096140138681813028e+02 1.535997811744988818e-03
5.000000000000000000e-01 3.251224081227592819e+02 1.485166701320681871e-03
5.000000000000000000e-01 3.406308023773372611e+02 1.418060108596491892e-03
5.000000000000000000e-01 3.561391966319151834e+02 1.336214640742159699e-03
5.000000000000000000e-01 3.716475908864931625e+02 1.244024947458733906e-03
5.000000000000000000e-01 3.871559851410711417e+02 1.144395416201090176e-03
5.000000000000000000e-01 4.026643793956490640e+02 1.040648600262769098e-03
5.000000000000000000e-01 4.181727736502270432e+02 9.342026809966405597e-04
5.000000000000000000e-01 4.336811679048049655e+02 8.285778628840386817e-04
5.000000000000000000e-01 4.491895621593829446e+02 7.273294888021491220e-04
5.000000000000000000e-01 4.646979564139609238e+02 6.306216117144489977e-04
5.000000000000000000e-01 4.802063506685388461e+02 5.403044399101869684e-04
5.000000000000000000e-01 4.957147449231168252e+02 4.582902561314530472e-04
5.000000000000000000e-01 5.112231391776947476e+02 3.831166787345355036e-04
5.000000000000000000e-01 5.267315334322727267e+02 3.163057328684105583e-04
5.000000000000000000e-01 5.422399276868507059e+02 2.578213184553669862e-04
5.000000000000000000e-01 5.577483219414285713e+02 2.080576351355961249e-04
5.000000000000000000e-01 5.732567161960065505e+02 1.650456084627981883e-04
5.000000000000000000e-01 5.887651104505845296e+02 1.290606913055125508e-04
5.000000000000000000e-01 6.042735047051625088e+02 9.914512134579422584e-05
5.000000000000000000e-01 6.197818989597404880e+02 7.450417253902495468e-05
5.000000000000000000e-01 6.352902932143183534e+02 5.452313810129616575e-05
5.000000000000000000e-01 6.507986874688963326e+02 3.848999750298731811e-05
5.000000000000000000e-01 6.663070817234743117e+02 2.585385440892718230e-05
5.000000000000000000e-01 6.818154759780521772e+02 1.582648746685234899e-05
5.000000000000000000e-01 6.973238702326301564e+02 7.974448493033088370e-06
5.000000000000000000e-01 7.128322644872081355e+02 1.811144894183208907e-06
5.000000000000000000e-01 7.200325903911193564e+02 0.000000000000000000e+00
6.000000000000000888e-01 1.000000000000000000e+00 9.823549985331862106e-04
6.000000000000000888e-01 1.315929420708617181e+00 9.866594647656801251e-04
6.000000000000000888e-01 1.731670240286516727e+00 5.477218247366633314e-04
6.000000000000000888e-01 2.278755816158588132e+00 1.347975872556214207e-05
6.000000000000000888e-01 2.998681821093962974e+00 -8.668950535893642966e-05
6.000000000000000888e-01 3.946053631721639476e+00 4.475215585221564891e-05
6.000000000000000888e-01 5.192728069676592284e+00 9.125773876808840866e-05
6.000000000000000888e-01 6.833263640626895175e+00 8.302815886038341720e-05
6.000000000000000888e-01 8.992092664159406112e+00 7.727131162867852273e-05
6.000000000000000888e-01 1.183295929050549056e+01 7.292047644854343278e-05
6.000000000000000888e-01 1.557133926442353911e+01 7.047192014407193566e-05
6.000000000000000888e-01 2.049078345789022038e+01 7.584468540109776265e-05
6.000000000000000888e-01 2.696442480560719090e+01 8.842079783851997880e-05
6.000000000000000888e-01 3.548327991418373273e+01 1.128166622549891141e-04
6.000000000000000888e-01 4.669349198231353171e+01 1.584286726940331081e-04
6.000000000000000888e-01 6.144533985514829766e+01 2.377301921966220504e-04
6.000000000000000888e-01 8.085773048082940306e+01 3.731239783360003185e-04
6.000000000000000888e-01 1.064030664314513643e+02 5.971933783768033997e-04
6.000000000000000888e-01 1.105530141687441130e+02 6.377623179340960935e-04
6.000000000000000888e-01 1.264272931263073758e+02 8.007847959502962555e-04
6.000000000000000888e-01 1.400189255707602172e+02 9.477617553528595602e-04
6.000000000000000888e-01 1.423015720838706386e+02 9.733716827888960624e-04
6.000000000000000888e-01 1.581758510414338730e+02 1.149510144768321317e-03
6.000000000000000888e-01 1.740501299989971358e+02 1.325004954964566694e-03
6.000000000000000888e-01 1.842550236145735596e+02 1.434368900491305972e-03
6.000000000000000888e-01 1.899244089565603986e+02 1.493278628710467161e-03
6.000000000000000888e-01 2.057986879141236614e+02 1.649242613757416400e-03
6.000000000000000888e-01 2.216729668716869242e+02 1.787102127647672211e-03
6.000000000000000888e-01 2.375472458292501869e+02 1.902620406883424788e-03
6.000000000000000888e-01 2.534215247868134497e+02 1.993051907391541269e-03
6.000000000000000888e-01 2.692958037443767125e+02 2.054681972753167555e-03
6.000000000000000888e-01 2.851700827019399753e+02 2.085326186191253581e-03
6.000000000000000888e-01 3.010443616595032381e+02 2.086795515592414912e-03
6.000000000000000888e-01 3.169186406170664441e+02 2.059038124465202048e-03
6.000000000000000888e-01 3.327929195746297637e+02 2.002497435795385673e-03
6.000000000000000888e-01 3.486671985321929697e+02 1.921129030073636225e-03
6.000000000000000888e-01 3.645414774897562893e+02 1.820548655615647233e-03
6.000000000000000888e-01 3.804157564473194952e+02 1.702763157456591318e-03
6.000000000000000888e-01 3.962900354048828149e+02 1.573084179095262910e-03
6.000000000000000888e-01 4.121643143624460208e+02 1.434493597600841651e-03
6.000000000000000888e-01 4.280385933200093405e+02 1.292247593473275571e-03
6.000000000000000888e-01 4.439128722775725464e+02 1.149763677402919392e-03
6.000000000000000888e-01 4.597871512351358660e+02 1.011219122701598498e-03
6.000000000000000888e-01 4.756614301926990720e+02 8.780334640966488751e-04
6.000000000000000888e-01 4.915357091502622779e+02 7.542898130183597763e-04
6.000000000000000888e-01 5.074099881078255976e+02 6.390273134303887589e-04
6.000000000000000888e-01 5.232842670653888035e+02 5.341669185224036257e-04
6.000000000000000888e-01 5.391585460229521232e+02 4.425574914301249447e-04
6.000000000000000888e-01 5.550328249805153291e+02 3.610860456574865721e-04
6.000000000000000888e-01 5.709071039380786488e+02 2.909174675962203360e-04
6.000000000000000888e-01 5.867813828956418547e+02 2.309158558647175785e-04
6.000000000000000888e-01 6.026556618532051743e+02 1.807562742256994554e-04
6.000000000000000888e-01 6.185299408107683803e+02 1.387645328082349387e-04
6.000000000000000888e-01 6.344042197683315862e+02 1.045223368130445362e-04
6.000000000000000888e-01 6.502784987258949059e+02 7.675543367410077355e-05
6.000000000000000888e-01 6.661527776834581118e+02 5.444606152106843181e-05
6.000000000000000888e-01 6.820270566410214315e+02 3.659845522399959991e-05
6.000000000000000888e-01 6.979013355985846374e+02 2.265025286137301616e-05
6.000000000000000888e-01 7.137756145561479570e+02 1.157305113253677195e-05
6.000000000000000888e-01 7.296498935137111630e+02 2.904417888860493755e-06
6.000000000000000888e-01 7.370200944582941247e+02 0.000000000000000000e+00
7.000000000000000666e-01 1.000000000000000000e+00 7.665629218357185824e-04
7.000000000000000666e-01 1.316452267135562071e+00 6.831085208697895532e-04
7.000000000000000666e-01 1.733046571646361000e+00 3.049721164587224195e-04
7.000000000000000666e-01 2.281473088295364882e+00 -2.809045847265344097e-05
7.000000000000000666e-01 3.003450419495205637e+00 -4.332194219677315767e-05
7.000000000000000666e-01 3.953899113973717849e+00 5.012495605072955367e-05
7.000000000000000666e-01 5.205119452615990738e+00 7.192972484800412385e-05
7.000000000000000666e-01 6.852291304107736458e+00 6.340289547394261033e-05
7.000000000000000666e-01 9.020714422365927021e+00 5.978711698910592511e-05
7.000000000000000666e-01 1.187533995250608676e+01 5.675032772705578362e-05
7.000000000000000666e-01 1.563331820348215118e+01 5.704687711383239323e-05
7.000000000000000666e-01 2.058051719182573436e+01 6.364961195836096560e-05
7.000000000000000666e-01 2.709326851600139108e+01 7.783327472639446393e-05
7.000000000000000666e-01 3.566699476200258800e+01 1.047008488291890904e-04
7.000000000000000666e-01 4.695389611635050642e+01 1.537579859258629219e-04
7.000000000000000666e-01 6.181256299321729841e+01 2.402997013229446759e-04
7.000000000000000666e-01 8.137328868988063846e+01 3.905361490285763474e-04
7.000000000000000666e-01 1.071240503800699742e+02 6.447760484170254967e-04
7.000000000000000666e-01 1.113905809512313709e+02 6.923732528012393941e-04
7.000000000000000666e-01 1.273851259083312613e+02 8.814807299353098107e-04
7.000000000000000666e-01 1.410236989875872666e+02 1.053252861161935996e-03
7.000000000000000666e-01 1.433796708654311374e+02 1.083994745367885051e-03
7.000000000000000666e-01 1.593742158225310277e+02 1.294142841703799403e-03
7.000000000000000666e-01 1.753687607796309180e+02 1.505584512381569380e-03
7.000000000000000666e-01 1.856509682520522517e+02 1.638460764707761960e-03
7.000000000000000666e-01 1.913633057367308083e+02 1.710319760152282558e-03
7.000000000000000666e-01 2.073578506938306987e+02 1.902920226933148924e-03
7.000000000000000666e-01 2.233523956509305890e+02 2.075906283991270362e-03
7.000000000000000666e-01 2.393469406080304793e+02 2.224563715819391323e-03
7.000000000000000666e-01 2.553414855651303697e+02 2.342099644472518151e-03
7.000000000000000666e-01 2.713360305222302600e+02 2.427497827573645277e-03
7.000000000000000666e-01 2.873305754793301503e+02 2.476017217881165428e-03
7.000000000000000666e-01 3.033251204364300406e+02 2.488008060769202490e-03
7.000000000000000666e-01 3.193196653935299310e+02 2.464769151038596461e-03
7.000000000000000666e-01 3.353142103506298213e+02 2.407926289844370196e-03
7.000000000000000666e-01 3.513087553077297116e+02 2.320711054267496787e-03
7.000000000000000666e-01 3.673033002648296019e+02 2.205978049085209787e-03
7.000000000000000666e-01 3.832978452219294354e+02 2.069927084348937175e-03
7.000000000000000666e-01 3.992923901790293257e+02 1.917852547326122196e-03
7.000000000000000666e-01 4.152869351361292161e+02 1.752531192519853889e-03
7.000000000000000666e-01 4.312814800932291064e+02 1.584175069547982123e-03
7.000000000000000666e-01 4.472760250503289967e+02 1.412733458430394991e-03
7.000000000000000666e-01 4.632705700074288870e+02 1.245109283961436933e-03
7.000000000000000666e-01 4.792651149645287774e+02 1.084332348466953344e-03
7.000000000000000666e-01 4.952596599216286677e+02 9.333360532462752239e-04
7.000000000000000666e-01 5.112542048787285580e+02 7.916044037004884085e-04
7.000000000000000666e-01 5.272487498358284483e+02 6.640848359315133613e-04
7.000000000000000666e-01 5.432432947929283955e+02 5.501905634278718383e-04
7.000000000000000666e-01 5.592378397500282290e+02 4.500083970949390216e-04
7.000000000000000666e-01 5.752323847071281762e+02 3.634209451869075693e-04
7.000000000000000666e-01 5.912269296642280096e+02 2.889413208224075099e-04
7.000000000000000666e-01 6.072214746213279568e+02 2.263615832376711411e-04
7.000000000000000666e-01 6.232160195784277903e+02 1.743805099375123492e-04
7.000000000000000666e-01 6.392105645355277375e+02 1.314884924967750230e-04
7.000000000000000666e-01 6.552051094926275709e+02 9.664569195841666584e-05
7.000000000000000666e-01 6.711996544497275181e+02 6.871328986546563252e-05
7.000000000000000666e-01 6.871941994068273516e+02 4.641113021993189701e-05
7.000000000000000666e-01 7.031887443639272988e+02 2.873624532213808259e-05
7.000000000000000666e-01 7.191832893210271322e+02 1.493978432654459283e-05
7.000000000000000666e-01 7.351778342781270794e+02 4.164075543292180184e-06
7.000000000000000666e-01 7.426038730082091206e+02 0.000000000000000000e+00
8.000000000000000444e-01 1.000000000000000000e+00 5.411059716727556609e-04
8.000000000000000444e-01 1.316704318275384589e+00 3.957275252380936469e-04
8.000000000000000444e-01 1.733710261765045058e+00 1.145125180588060359e-04
8.000000000000000444e-01 2.282783788304382000e+00 -3.878473938973584580e-05
8.000000000000000444e-01 3.005751271749420805e+00 -3.977640736755778916e-06
8.000000000000000444e-01 3.957685679174191229e+00 4.708722478764068196e-05
8.000000000000000444e-01 5.211101824145305983e+00 5.000585786922310725e-05
8.000000000000000444e-01 6.861480274824856451e+00 4.532641351298584908e-05
8.000000000000000444e-01 9.034540707623261113e+00 4.339643676356883656e-05
8.000000000000000444e-01 1.189581876336229449e+01 4.189985267912094792e-05
8.000000000000000444e-01 1.566327593514047756e+01 4.458927331059869738e-05
8.000000000000000444e-01 2.062390306213838187e+01 5.249758930200120854e-05
8.000000000000000444e-01 2.715558222161053337e+01 6.760657806233284013e-05
8.000000000000000444e-01 3.575587237647685157e+01 9.629246213466678955e-05
8.000000000000000444e-01 4.707991156181058301e+01 1.479062626573013752e-04
8.000000000000000444e-01 6.199032285745920490e+01 2.394012368532646832e-04
8.000000000000000444e-01 8.162292579770181078e+01 3.998818656959444431e-04
8.000000000000000444e-01 1.074732588681052192e+02 6.750312523362149474e-04
8.000000000000000444e-01 1.117964950589790902e+02 7.272839586133803078e-04
8.000000000000000444e-01 1.278493251187299364e+02 9.342483053733809236e-04
8.000000000000000444e-01 1.415105040507624210e+02 1.123388793093412245e-03
8.000000000000000444e-01 1.439021551784807684e+02 1.157215016530617219e-03
8.000000000000000444e-01 1.599549852382316146e+02 1.389609751009152419e-03
8.000000000000000444e-01 1.760078152979824608e+02 1.623752190773529143e-03
8.000000000000000444e-01 1.863274917649651741e+02 1.771636220724381958e-03
8.000000000000000444e-01 1.920606453577333070e+02 1.852448521199624070e-03
8.000000000000000444e-01 2.081134754174841532e+02 2.067833781008298222e-03
8.000000000000000444e-01 2.241663054772349710e+02 2.262376195310710717e-03
8.000000000000000444e-01 2.402191355369858456e+02 2.429372902186819130e-03
8.000000000000000444e-01 2.562719655967366634e+02 2.563907722033488806e-03
8.000000000000000444e-01 2.723247956564875381e+02 2.660367048887734859e-03
8.000000000000000444e-01 2.883776257162383558e+02 2.718359444820793967e-03
8.000000000000000444e-01 3.044304557759891736e+02 2.735573860933278919e-03
8.000000000000000444e-01 3.204832858357400482e+02 2.713362653434138374e-03
8.000000000000000444e-01 3.365361158954908660e+02 2.651136215135041843e-03
8.000000000000000444e-01 3.525889459552417406e+02 2.557880975346693390e-03
8.000000000000000444e-01 3.686417760149925584e+02 2.433039652978817406e-03
8.000000000000000444e-01 3.846946060747433762e+02 2.284827839588333010e-03
8.000000000000000444e-01 4.007474361344942508e+02 2.117204987934332133e-03
8.000000000000000444e-01 4.168002661942450686e+02 1.938146565503305824e-03
8.000000000000000444e-01 4.328530962539959432e+02 1.752159975060720628e-03
8.000000000000000444e-01 4.489059263137467610e+02 1.562864769694079486e-03
8.000000000000000444e-01 4.649587563734976356e+02 1.376996058151831563e-03
8.000000000000000444e-01 4.810115864332484534e+02 1.199075360934638698e-03
8.000000000000000444e-01 4.970644164929992712e+02 1.031309014980285677e-03
8.000000000000000444e-01 5.131172465527502027e+02 8.759672418612897415e-04
8.000000000000000444e-01 5.291700766125010205e+02 7.343334270438669478e-04
8.000000000000000444e-01 5.452229066722518382e+02 6.086046057555188817e-04
8.000000000000000444e-01 5.612757367320026560e+02 4.971712027622494012e-04
8.000000000000000444e-01 5.773285667917535875e+02 4.006421019789718611e-04
8.000000000000000444e-01 5.933813968515044053e+02 3.187198082865821654e-04
8.000000000000000444e-01 6.094342269112552231e+02 2.491659738785677184e-04
8.000000000000000444e-01 6.254870569710060408e+02 1.913896349150633210e-04
8.000000000000000444e-01 6.415398870307568586e+02 1.438057023754457783e-04
8.000000000000000444e-01 6.575927170905076764e+02 1.053355797128305624e-04
8.000000000000000444e-01 6.736455471502586079e+02 7.435729233999915228e-05
8.000000000000000444e-01 6.896983772100094257e+02 4.980156648549333365e-05
8.000000000000000444e-01 7.057512072697602434e+02 3.060449239976844086e-05
8.000000000000000444e-01 7.218040373295110612e+02 1.575406187486178662e-05
8.000000000000000444e-01 7.378568673892619927e+02 4.380046748788344739e-06
8.000000000000000444e-01 7.453099670598605826e+02 0.000000000000000000e+00
9.000000000000000222e-01 1.000000000000000000e+00 3.887768560577326417e-04
9.000000000000000222e-01 1.316809664479828834e+00 2.241433779467134207e-04
9.000000000000000222e-01 1.733987692467479524e+00 2.827396302133709820e-05
9.000000000000000222e-01 2.283331751530254472e+00 -3.438029175736581806e-05
9.000000000000000222e-01 3.006713317628694426e+00 1.829827962746018082e-05
9.000000000000000222e-01 3.959269154973674265e+00 4.289386472372223733e-05
9.000000000000000222e-01 5.213603887546218729e+00 3.710198223091445844e-05
9.000000000000000222e-01 6.865323985890469771e+00 3.462998046700462652e-05
9.000000000000000222e-01 9.040324974405749003e+00 3.336149713001306655e-05
9.000000000000000222e-01 1.190438729633585524e+01 3.334556636027626367e-05
9.000000000000000222e-01 1.567581224152595354e+01 3.683358359034948494e-05
9.000000000000000222e-01 2.064206105821258319e+01 4.558582257591582059e-05
9.000000000000000222e-01 2.718166549623704853e+01 6.147063887209330932e-05
9.000000000000000222e-01 3.579307982210284678e+01 9.099711794377267815e-05
9.000000000000000222e-01 4.713267343124299913e+01 1.441823943996029791e-04
9.000000000000000222e-01 6.206475988703243729e+01 2.385305852360681113e-04
9.000000000000000222e-01 8.172747564286432009e+01 4.050147926820391845e-04
9.000000000000000222e-01 1.076195297800635444e+02 6.920402992763412253e-04
9.000000000000000222e-01 1.119665640646605027e+02 7.469552418459036482e-04
9.000000000000000222e-01 1.280438142893297027e+02 9.639316827062177412e-04
9.000000000000000222e-01 1.417144369011624860e+02 1.162121476485477711e-03
9.000000000000000222e-01 1.441210645139989026e+02 1.197994343623642313e-03
9.000000000000000222e-01 1.601983147386681026e+02 1.442210662222997552e-03
9.000000000000000222e-01 1.762755649633373309e+02 1.688909260893633893e-03
9.000000000000000222e-01 1.866109401077675329e+02 1.844592282481869860e-03
9.000000000000000222e-01 1.923528151880065025e+02 1.929698497523377838e-03
9.000000000000000222e-01 2.084300654126757308e+02 2.156217785598310132e-03
9.000000000000000222e-01 2.245073156373449308e+02 2.360659130944626431e-03
9.000000000000000222e-01 2.405845658620141307e+02 2.536418456878774316e-03
9.000000000000000222e-01 2.566618160866833023e+02 2.677373349163100161e-03
9.000000000000000222e-01 2.727390663113525306e+02 2.778929878692536562e-03
9.000000000000000222e-01 2.888163165360217590e+02 2.839766738524384087e-03
9.000000000000000222e-01 3.048935667606909874e+02 2.857595016566059822e-03
9.000000000000000222e-01 3.209708169853601589e+02 2.833340846072657845e-03
9.000000000000000222e-01 3.370480672100293305e+02 2.770177561929843772e-03
9.000000000000000222e-01 3.531253174346985588e+02 2.671538919160062510e-03
9.000000000000000222e-01 3.692025676593677872e+02 2.540290185230179455e-03
9.000000000000000222e-01 3.852798178840370156e+02 2.384563922275855646e-03
9.000000000000000222e-01 4.013570681087061303e+02 2.210271209075559580e-03
9.000000000000000222e-01 4.174343183333753586e+02 2.021844759635846485e-03
9.000000000000000222e-01 4.335115685580445870e+02 1.827156146499078846e-03
9.000000000000000222e-01 4.495888187827138154e+02 1.629525615350783073e-03
9.000000000000000222e-01 4.656660690073829301e+02 1.435961355285444215e-03
9.000000000000000222e-01 4.817433192320521584e+02 1.249805734094510757e-03
9.000000000000000222e-01 4.978205694567213868e+02 1.074050513672965713e-03
9.000000000000000222e-01 5.138978196813906152e+02 9.117109492951335327e-04
9.000000000000000222e-01 5.299750699060598436e+02 7.641755407679191262e-04
9.000000000000000222e-01 5.460523201307289582e+02 6.319373820959389319e-04
9.000000000000000222e-01 5.621295703553981866e+02 5.155427838943475640e-04
9.000000000000000222e-01 5.782068205800674150e+02 4.153328582016410186e-04
9.000000000000000222e-01 5.942840708047366434e+02 3.292112349264541475e-04
9.000000000000000222e-01 6.103613210294057581e+02 2.568813360243274858e-04
9.000000000000000222e-01 6.264385712540749864e+02 1.967925481408763528e-04
9.000000000000000222e-01 6.425158214787442148e+02 1.475369916195251314e-04
9.000000000000000222e-01 6.585930717034134432e+02 1.076240462084971234e-04
9.000000000000000222e-01 6.746703219280825579e+02 7.582625630957622639e-05
9.000000000000000222e-01 6.907475721527517862e+02 5.063268755099827121e-05
9.000000000000000222e-01 7.068248223774210146e+02 3.115273696527773284e-05
9.000000000000000222e-01 7.229020726020902430e+02 1.591688948666288481e-05
9.000000000000000222e-01 7.389793228267593577e+02 4.429638082803963634e-06
9.000000000000000222e-01 7.464437604310700181e+02 0.000000000000000000e+00
1.000000000000000000e+00 1.000000000000000000e+00 3.370606340944837091e-04
1.000000000000000000e+00 1.316839131993025269e+00 1.708471335312255319e-04
1.000000000000000000e+00 1.734065299548144035e+00 9.332149450370318992e-06
1.000000000000000000e+00 2.283485043876203324e+00 -3.168169241715105156e-05
1.000000000000000000e+00 3.006982463096994795e+00 2.092070451706268939e-05
1.000000000000000000e+00 3.959712176622895541e+00 3.810966778488540310e-05
1.000000000000000000e+00 5.214303945606306279e+00 3.366671259802811732e-05
1.000000000000000000e+00 6.866399481680015349e+00 3.141775422336492952e-05
1.000000000000000000e+00 9.041943533372869268e+00 2.989443449922897367e-05
1.000000000000000000e+00 1.190678507401667652e+01 3.088304309635008573e-05
1.000000000000000000e+00 1.567932052169562951e+01 3.467629426534497893e-05
1.000000000000000000e+00 2.064714282603010531e+01 4.314255384300830139e-05
1.000000000000000000e+00 2.718896563716549153e+01 5.969960616155627102e-05
1.000000000000000000e+00 3.580349390943320032e+01 8.947377725323413429e-05
1.000000000000000000e+00 4.714744184201558852e+01 1.429893409737042370e-04
1.000000000000000000e+00 6.208559639093142124e+01 2.382205638795070312e-04
1.000000000000000000e+00 8.175674286070345431e+01 4.067652552302212479e-04
1.000000000000000000e+00 1.076604783032656485e+02 6.976640277205527077e-04
1.000000000000000000e+00 1.120141797350693622e+02 7.535250058695868326e-04
1.000000000000000000e+00 1.280982670816434279e+02 9.736450883045146129e-04
1.000000000000000000e+00 1.417715307988262907e+02 1.174587233598841816e-03
1.000000000000000000e+00 1.441823544282174794e+02 1.210965035265467241e-03
1.000000000000000000e+00 1.602664417747915309e+02 1.459198009396259037e-03
1.000000000000000000e+00 1.763505291213656108e+02 1.709466417866750080e-03
1.000000000000000000e+00 1.866902995584488849e+02 1.867789262754792007e-03
1.000000000000000000e+00 1.924346164679396907e+02 1.953580883079733370e-03
1.000000000000000000e+00 2.085187038145137421e+02 2.183952205554862483e-03
1.000000000000000000e+00 2.246027911610877936e+02 2.390896407001473749e-03
1.000000000000000000e+00 2.406868785076618451e+02 2.568648244245779616e-03
1.000000000000000000e+00 2.567709658542358966e+02 2.712113397315495545e-03
1.000000000000000000e+00 2.728550532008100049e+02 2.814646909158086997e-03
1.000000000000000000e+00 2.889391405473840564e+02 2.874994887124374468e-03
1.000000000000000000e+00 3.050232278939581079e+02 2.893488378495659343e-03
1.000000000000000000e+00 3.211073152405321594e+02 2.868289668660826790e-03
1.000000000000000000e+00 3.371914025871062108e+02 2.803695812684719579e-03
1.000000000000000000e+00 3.532754899336803192e+02 2.703249908021518235e-03
1.000000000000000000e+00 3.693595772802543706e+02 2.569994077803140591e-03
1.000000000000000000e+00 3.854436646268284221e+02 2.411753657328965118e-03
1.000000000000000000e+00 4.015277519734024736e+02 2.235274345137758419e-03
1.000000000000000000e+00 4.176118393199765819e+02 2.044904897707686565e-03
1.000000000000000000e+00 4.336959266665506334e+02 1.847494373931798592e-03
1.000000000000000000e+00 4.497800140131246849e+02 1.648059617742605662e-03
1.000000000000000000e+00 4.658641013596987364e+02 1.451914265690702841e-03
1.000000000000000000e+00 4.819481887062727878e+02 1.262988843879623560e-03
1.000000000000000000e+00 4.980322760528468393e+02 1.085983692040350590e-03
1.000000000000000000e+00 5.141163633994209476e+02 9.201371181685572042e-04
1.000000000000000000e+00 5.302004507459949991e+02 7.723475416412477462e-04
1.000000000000000000e+00 5.462845380925690506e+02 6.372458839208366326e-04
1.000000000000000000e+00 5.623686254391431021e+02 5.204185809567268752e-04
1.000000000000000000e+00 5.784527127857171536e+02 4.178969410104316977e-04
1.000000000000000000e+00 5.945368001322912050e+02 3.320123118748361424e-04
1.000000000000000000e+00 6.106208874788652565e+02 2.581217598059588089e-04
1.000000000000000000e+00 6.267049748254393080e+02 1.981974934751820497e-04
1.000000000000000000e+00 6.427890621720133595e+02 1.503099636343519744e-04
1.000000000000000000e+00 6.588731495185874110e+02 1.083277751806201552e-04
1.000000000000000000e+00 6.749572368651614624e+02 7.406737147172471247e-05
1.000000000000000000e+00 6.910413242117355139e+02 5.193460240692959111e-05
1.000000000000000000e+00 7.071254115583095654e+02 3.247113475676014784e-05
1.000000000000000000e+00 7.232094989048837306e+02 1.600530478516054640e-05
1.000000000000000000e+00 7.392935862514577821e+02 4.112406555320603625e-06
1.000000000000000000e+00 7.467611982337957670e+02 0.000000000000000000e+00
