# mx [GeV]: 10.0
# sigma_p [cm^2]: 2.51188643151e-32
# depth [m]: 10.6
# target: full
# Columns: gamma/pi, v [km/s], f(v, gamma) [s/km]
0.000000000000000000e+00 1.000000000000000000e+00 1.320518645053625874e-04
0.000000000000000000e+00 1.274624431474082220e+00 1.067001515114891915e-04
0.000000000000000000e+00 1.624667441310627458e+00 8.385299215377566343e-05
0.000000000000000000e+00 2.070840813715010498e+00 7.423977565105435001e-05
0.000000000000000000e+00 2.639544294854820894e+00 7.084189268968585211e-05
0.000000000000000000e+00 3.364427646179983356e+00 6.196181609073322472e-05
0.000000000000000000e+00 4.288381675747846344e+00 5.445959742656492617e-05
0.000000000000000000e+00 5.466076055393969568e+00 4.753386648592797134e-05
0.000000000000000000e+00 6.967194084500633267e+00 4.499795010788733361e-05
0.000000000000000000e+00 8.880555798926209832e+00 4.452193769517306471e-05
0.000000000000000000e+00 1.131937338638018176e+01 4.322954806809948522e-05
0.000000000000000000e+00 1.442794986725769846e+01 4.447863392256493000e-05
0.000000000000000000e+00 1.839021739688990564e+01 4.902961503530076554e-05
0.000000000000000000e+00 2.344062039419557308e+01 5.712836711378913539e-05
0.000000000000000000e+00 2.987798744335129797e+01 7.107945086207403582e-05
0.000000000000000000e+00 3.808321275857142041e+01 9.161144033039751136e-05
0.000000000000000000e+00 4.854179341110061330e+01 1.221234042183405989e-04
0.000000000000000000e+00 6.031339617997769409e+01 1.593969611428628795e-04
0.000000000000000000e+00 6.187255582935647880e+01 1.643808414683727047e-04
0.000000000000000000e+00 6.897378127248731516e+01 1.866788857585980233e-04
0.000000000000000000e+00 7.763416636499692913e+01 2.140383280021105792e-04
0.000000000000000000e+00 7.886427129784192402e+01 2.178096498239259120e-04
0.000000000000000000e+00 8.629455145750654310e+01 2.396341956701268194e-04
0.000000000000000000e+00 9.495493655001615707e+01 2.637087626695688598e-04
0.000000000000000000e+00 1.005223269666295067e+02 2.777974462129158295e-04
0.000000000000000000e+00 1.036153216425257710e+02 2.845573486839878311e-04
0.000000000000000000e+00 1.122757067350353992e+02 3.035295860473702194e-04
0.000000000000000000e+00 1.209360918275450274e+02 3.192616833600918662e-04
0.000000000000000000e+00 1.295964769200546414e+02 3.314903026918682464e-04
0.000000000000000000e+00 1.382568620125642553e+02 3.405586254581461866e-04
0.000000000000000000e+00 1.469172471050738693e+02 3.457374193093488393e-04
0.000000000000000000e+00 1.555776321975834833e+02 3.483300857398178001e-04
0.000000000000000000e+00 1.642380172900930972e+02 3.479090632126077614e-04
0.000000000000000000e+00 1.728984023826027112e+02 3.440040454870582068e-04
0.000000000000000000e+00 1.815587874751123536e+02 3.381279402218919576e-04
0.000000000000000000e+00 1.902191725676219676e+02 3.294517806753350059e-04
0.000000000000000000e+00 1.988795576601315815e+02 3.184585045810358413e-04
0.000000000000000000e+00 2.075399427526411955e+02 3.060991220541608299e-04
0.000000000000000000e+00 2.162003278451508095e+02 2.922874501998114194e-04
0.000000000000000000e+00 2.248607129376604234e+02 2.774075619421885507e-04
0.000000000000000000e+00 2.335210980301700374e+02 2.615209607187483735e-04
0.000000000000000000e+00 2.421814831226796798e+02 2.444660633887484470e-04
0.000000000000000000e+00 2.508418682151892938e+02 2.279803560217834747e-04
0.000000000000000000e+00 2.595022533076988793e+02 2.113560903745475541e-04
0.000000000000000000e+00 2.681626384002084933e+02 1.943410046679842082e-04
0.000000000000000000e+00 2.768230234927181073e+02 1.782875122785758241e-04
0.000000000000000000e+00 2.854834085852277212e+02 1.622402652966455105e-04
0.000000000000000000e+00 2.941437936777373352e+02 1.474392347447417884e-04
0.000000000000000000e+00 3.028041787702470060e+02 1.324927295563376015e-04
0.000000000000000000e+00 3.114645638627566200e+02 1.177174715174530777e-04
0.000000000000000000e+00 3.201249489552662340e+02 1.029314049356967845e-04
0.000000000000000000e+00 3.287853340477758479e+02 8.949325349093522480e-05
0.000000000000000000e+00 3.374457191402854619e+02 7.587394654261166204e-05
0.000000000000000000e+00 3.461061042327950759e+02 6.474846392244220749e-05
0.000000000000000000e+00 3.547664893253046898e+02 5.442827042562337650e-05
0.000000000000000000e+00 3.634268744178143038e+02 4.425538721492711677e-05
0.000000000000000000e+00 3.720872595103239178e+02 3.465220021039630951e-05
0.000000000000000000e+00 3.807476446028335317e+02 2.685890899480282868e-05
0.000000000000000000e+00 3.894080296953431457e+02 1.782358715985649729e-05
0.000000000000000000e+00 3.980684147878527597e+02 1.002318128353424061e-05
0.000000000000000000e+00 4.020893078665179701e+02 0.000000000000000000e+00
1.000000000000000056e-01 1.000000000000000000e+00 1.493030958987807684e-04
1.000000000000000056e-01 1.284234340352530257e+00 1.224376158964205136e-04
1.000000000000000056e-01 1.649257840940698605e+00 9.198476436779097780e-05
1.000000000000000056e-01 2.118033555431716231e+00 8.171141448525521774e-05
1.000000000000000056e-01 2.720051425904374653e+00 7.823887817176180908e-05
1.000000000000000056e-01 3.493183448671263402e+00 6.955138364559956745e-05
1.000000000000000056e-01 4.486066141934717422e+00 5.995690237167637063e-05
1.000000000000000056e-01 5.761160192565352389e+00 5.111698917553735488e-05
1.000000000000000056e-01 7.398679759564420699e+00 4.954742331510971631e-05
1.000000000000000056e-01 9.501638620503829458e+00 4.853605703683761880e-05
1.000000000000000056e-01 1.220233060607085918e+01 4.757576437327737162e-05
1.000000000000000056e-01 1.567065199665090702e+01 4.891618139521931093e-05
1.000000000000000056e-01 2.012478942981303831e+01 5.540538661547804428e-05
1.000000000000000056e-01 2.584494567812951615e+01 6.586068553578092969e-05
1.000000000000000056e-01 3.319096676439964710e+01 8.252896958972095055e-05
1.000000000000000056e-01 4.262497930834153692e+01 1.087780787326654146e-04
1.000000000000000056e-01 5.474046218458823176e+01 1.467952325897299126e-04
1.000000000000000056e-01 6.956528144807933245e+01 1.960435957001915874e-04
1.000000000000000056e-01 7.029958134421728744e+01 1.984852709943796408e-04
1.000000000000000056e-01 7.955414237395739008e+01 2.289228437307004333e-04
1.000000000000000056e-01 8.954300329983544771e+01 2.602452324570364616e-04
1.000000000000000056e-01 9.028113647464992653e+01 2.624564596467936586e-04
1.000000000000000056e-01 9.953186422571350533e+01 2.889048045520678011e-04
1.000000000000000056e-01 1.095207251515915630e+02 3.144092994231118248e-04
1.000000000000000056e-01 1.159421357467988400e+02 3.288248289274255283e-04
1.000000000000000056e-01 1.195095860774696206e+02 3.361096272407269859e-04
1.000000000000000056e-01 1.294984470033476782e+02 3.537920553777477604e-04
1.000000000000000056e-01 1.394873079292257216e+02 3.668215161832746483e-04
1.000000000000000056e-01 1.494761688551037935e+02 3.755392664519971685e-04
1.000000000000000056e-01 1.594650297809818653e+02 3.797272045659290341e-04
1.000000000000000056e-01 1.694538907068599087e+02 3.795416882967182900e-04
1.000000000000000056e-01 1.794427516327379521e+02 3.757360941488726127e-04
1.000000000000000056e-01 1.894316125586160240e+02 3.685537755545085603e-04
1.000000000000000056e-01 1.994204734844940674e+02 3.578375694737248049e-04
1.000000000000000056e-01 2.094093344103721392e+02 3.445201092541564096e-04
1.000000000000000056e-01 2.193981953362502111e+02 3.284523236947065831e-04
1.000000000000000056e-01 2.293870562621282545e+02 3.112959991368176131e-04
1.000000000000000056e-01 2.393759171880062979e+02 2.925408029790408856e-04
1.000000000000000056e-01 2.493647781138843698e+02 2.728936049209555758e-04
1.000000000000000056e-01 2.593536390397624700e+02 2.528416347218581488e-04
1.000000000000000056e-01 2.693424999656405134e+02 2.322982847090605037e-04
1.000000000000000056e-01 2.793313608915185569e+02 2.121204823257491598e-04
1.000000000000000056e-01 2.893202218173966003e+02 1.925533319252186587e-04
1.000000000000000056e-01 2.993090827432746437e+02 1.734575801156275625e-04
1.000000000000000056e-01 3.092979436691526871e+02 1.541033953516712394e-04
1.000000000000000056e-01 3.192868045950307305e+02 1.347611741233835239e-04
1.000000000000000056e-01 3.292756655209087739e+02 1.164116957862240133e-04
1.000000000000000056e-01 3.392645264467869310e+02 9.953765666610557171e-05
1.000000000000000056e-01 3.492533873726649745e+02 8.357150425926202170e-05
1.000000000000000056e-01 3.592422482985430179e+02 6.859885138943888541e-05
1.000000000000000056e-01 3.692311092244210613e+02 5.624144039614012078e-05
1.000000000000000056e-01 3.792199701502991047e+02 4.569038617334930473e-05
1.000000000000000056e-01 3.892088310761771481e+02 3.660103310867050634e-05
1.000000000000000056e-01 3.991976920020551916e+02 2.886840713227040728e-05
1.000000000000000056e-01 4.091865529279332350e+02 2.210048629746695078e-05
1.000000000000000056e-01 4.191754138538113921e+02 1.641917557604014320e-05
1.000000000000000056e-01 4.291642747796894355e+02 1.144260100661286474e-05
1.000000000000000056e-01 4.391531357055674789e+02 7.363728381308102986e-06
1.000000000000000056e-01 4.491419966314455223e+02 4.019556795584416837e-06
1.000000000000000056e-01 4.591308575573236226e+02 1.120860946668601364e-06
1.000000000000000056e-01 4.637685429871955876e+02 0.000000000000000000e+00
2.000000000000000111e-01 1.000000000000000000e+00 2.093251856543676176e-04
2.000000000000000111e-01 1.293541182231583431e+00 1.741889192060625641e-04
2.000000000000000111e-01 1.673248790129082453e+00 1.294142985246332135e-04
2.000000000000000111e-01 2.164416218151139937e+00 1.070848065639500891e-04
2.000000000000000111e-01 2.799761513668438617e+00 1.029695851984954659e-04
2.000000000000000111e-01 3.621606818357159696e+00 9.380922289566611283e-05
2.000000000000000111e-01 4.684697565395683938e+00 7.991036734162582588e-05
2.000000000000000111e-01 6.059849227139353367e+00 6.738499173066700681e-05
2.000000000000000111e-01 7.838664533418985947e+00 6.351563659488264737e-05
2.000000000000000111e-01 1.013963538767557893e+01 6.286873346538725726e-05
2.000000000000000111e-01 1.311603594677107054e+01 6.055017617146334411e-05
2.000000000000000111e-01 1.696613264477819172e+01 6.202018961359636868e-05
2.000000000000000111e-01 2.194639127922424748e+01 6.960481806345689354e-05
2.000000000000000111e-01 2.838856092104463613e+01 8.258166523700061830e-05
2.000000000000000111e-01 3.672177265566141813e+01 1.037824300709715147e-04
2.000000000000000111e-01 4.750112521464369308e+01 1.376976097784965696e-04
2.000000000000000111e-01 6.144466166748068758e+01 1.874478979332963851e-04
2.000000000000000111e-01 7.948120029517264129e+01 2.560590916170684740e-04
2.000000000000000111e-01 7.979509333914290892e+01 2.572162846625456497e-04
2.000000000000000111e-01 9.125285033143009628e+01 3.003654306462895450e-04
2.000000000000000111e-01 1.027106073237172836e+02 3.411774237647381604e-04
2.000000000000000111e-01 1.028122057950028676e+02 3.415345574932037820e-04
2.000000000000000111e-01 1.141683643160044710e+02 3.784440420777408385e-04
2.000000000000000111e-01 1.256261213082916584e+02 4.112999187774135862e-04
2.000000000000000111e-01 1.329918222319049050e+02 4.293493811979332301e-04
2.000000000000000111e-01 1.370838783005788457e+02 4.387570694029427711e-04
2.000000000000000111e-01 1.485416352928660331e+02 4.606444236636288267e-04
2.000000000000000111e-01 1.599993922851532204e+02 4.763661294709054450e-04
2.000000000000000111e-01 1.714571492774404078e+02 4.860929587653874291e-04
2.000000000000000111e-01 1.829149062697275951e+02 4.895112242011416840e-04
2.000000000000000111e-01 1.943726632620147825e+02 4.875097785322380370e-04
2.000000000000000111e-01 2.058304202543019699e+02 4.806129258159397527e-04
2.000000000000000111e-01 2.172881772465891572e+02 4.682913834440721409e-04
2.000000000000000111e-01 2.287459342388763446e+02 4.518644071507823905e-04
2.000000000000000111e-01 2.402036912311635319e+02 4.324165188011880193e-04
2.000000000000000111e-01 2.516614482234507193e+02 4.095192952425876550e-04
2.000000000000000111e-01 2.631192052157379067e+02 3.846286726474910695e-04
2.000000000000000111e-01 2.745769622080250656e+02 3.580856529250918256e-04
2.000000000000000111e-01 2.860347192003122814e+02 3.307620823017186785e-04
2.000000000000000111e-01 2.974924761925994972e+02 3.027060007797855497e-04
2.000000000000000111e-01 3.089502331848866561e+02 2.734520175140716107e-04
2.000000000000000111e-01 3.204079901771738150e+02 2.427630382432476594e-04
2.000000000000000111e-01 3.318657471694610308e+02 2.145477060534711864e-04
2.000000000000000111e-01 3.433235041617482466e+02 1.883708694369518369e-04
2.000000000000000111e-01 3.547812611540354055e+02 1.642888776314995749e-04
2.000000000000000111e-01 3.662390181463225645e+02 1.421976641406347340e-04
2.000000000000000111e-01 3.776967751386097802e+02 1.219710715155195144e-04
2.000000000000000111e-01 3.891545321308969960e+02 1.036105550303284252e-04
2.000000000000000111e-01 4.006122891231841550e+02 8.718259914249734037e-05
2.000000000000000111e-01 4.120700461154713139e+02 7.267483194947098649e-05
2.000000000000000111e-01 4.235278031077585297e+02 5.972297150243052646e-05
2.000000000000000111e-01 4.349855601000457455e+02 4.842676311805670851e-05
2.000000000000000111e-01 4.464433170923329044e+02 3.863803570535771586e-05
2.000000000000000111e-01 4.579010740846200633e+02 3.019794746801545072e-05
2.000000000000000111e-01 4.693588310769072791e+02 2.293407517623722523e-05
2.000000000000000111e-01 4.808165880691944949e+02 1.695024838282098954e-05
2.000000000000000111e-01 4.922743450614816538e+02 1.178806395865077686e-05
2.000000000000000111e-01 5.037321020537688128e+02 7.509318134350919151e-06
2.000000000000000111e-01 5.151898590460559717e+02 3.967880901945395301e-06
2.000000000000000111e-01 5.266476160383432443e+02 1.178251115483194842e-06
2.000000000000000111e-01 5.319672889276193928e+02 0.000000000000000000e+00
3.000000000000000444e-01 1.000000000000000000e+00 3.140248661531045218e-04
3.000000000000000444e-01 1.301588659991922636e+00 2.668914457928705576e-04
3.000000000000000444e-01 1.694133039819568642e+00 1.953980697291304034e-04
3.000000000000000444e-01 2.205064353146795053e+00 1.518555194805566364e-04
3.000000000000000444e-01 2.870086756608292156e+00 1.446584939738494106e-04
3.000000000000000444e-01 3.735672375594350392e+00 1.341784291605702421e-04
3.000000000000000444e-01 4.862308801518692825e+00 1.151971773436415505e-04
3.000000000000000444e-01 6.328725997435645567e+00 9.407134955568971979e-05
3.000000000000000444e-01 8.237397990458307007e+00 8.682778801940619858e-05
3.000000000000000444e-01 1.072170381222078106e+01 8.638533371718029401e-05
3.000000000000000444e-01 1.395524809777873720e+01 8.213544821468365584e-05
3.000000000000000444e-01 1.816399267144265295e+01 8.211326629170855084e-05
3.000000000000000444e-01 2.364204688132614862e+01 9.122974533655885977e-05
3.000000000000000444e-01 3.077222011973151794e+01 1.071193423140225483e-04
3.000000000000000444e-01 4.005277275061780529e+01 1.337104378030210959e-04
3.000000000000000444e-01 5.213223481343762700e+01 1.781494112644549236e-04
3.000000000000000444e-01 6.785472565320654326e+01 2.453467609974417847e-04
3.000000000000000444e-01 8.831894143707665989e+01 3.418403678006733744e-04
3.000000000000000444e-01 8.977442203826460343e+01 3.488486695190178271e-04
3.000000000000000444e-01 1.026651082796564509e+02 4.107343550658465719e-04
3.000000000000000444e-01 1.149549326369896391e+02 4.679437910951220430e-04
3.000000000000000444e-01 1.155557945210482842e+02 4.705961703771920014e-04
3.000000000000000444e-01 1.284464807624401317e+02 5.268816080624508539e-04
3.000000000000000444e-01 1.413371670038319792e+02 5.775815734693365506e-04
3.000000000000000444e-01 1.496240367304410768e+02 6.065836669783563912e-04
3.000000000000000444e-01 1.542278532452237982e+02 6.217090632875736612e-04
3.000000000000000444e-01 1.671185394866156457e+02 6.581821765739335290e-04
3.000000000000000444e-01 1.800092257280074932e+02 6.861667186158932350e-04
3.000000000000000444e-01 1.928999119693993407e+02 7.055143320788112484e-04
3.000000000000000444e-01 2.057905982107911882e+02 7.157072781130805221e-04
3.000000000000000444e-01 2.186812844521830357e+02 7.165865692026129538e-04
3.000000000000000444e-01 2.315719706935748832e+02 7.096949858519289263e-04
3.000000000000000444e-01 2.444626569349667307e+02 6.946862507844858660e-04
3.000000000000000444e-01 2.573533431763585781e+02 6.729241539704274282e-04
3.000000000000000444e-01 2.702440294177503688e+02 6.446381956025869740e-04
3.000000000000000444e-01 2.831347156591422163e+02 6.113937995364947427e-04
3.000000000000000444e-01 2.960254019005340638e+02 5.739085261675520551e-04
3.000000000000000444e-01 3.089160881419259113e+02 5.311456370000836600e-04
3.000000000000000444e-01 3.218067743833177587e+02 4.871387306484684554e-04
3.000000000000000444e-01 3.346974606247096062e+02 4.432199307394491753e-04
3.000000000000000444e-01 3.475881468661014537e+02 3.990992871272929518e-04
3.000000000000000444e-01 3.604788331074933012e+02 3.564436507298267558e-04
3.000000000000000444e-01 3.733695193488851487e+02 3.151503337763308368e-04
3.000000000000000444e-01 3.862602055902769962e+02 2.759908517465394472e-04
3.000000000000000444e-01 3.991508918316688437e+02 2.395664678666497769e-04
3.000000000000000444e-01 4.120415780730606912e+02 2.060411560195232977e-04
3.000000000000000444e-01 4.249322643144525387e+02 1.751181291864777718e-04
3.000000000000000444e-01 4.378229505558443293e+02 1.471914389247117017e-04
3.000000000000000444e-01 4.507136367972361768e+02 1.226886729917724735e-04
3.000000000000000444e-01 4.636043230386280243e+02 1.009894376908139903e-04
3.000000000000000444e-01 4.764950092800198718e+02 8.196323036888632165e-05
3.000000000000000444e-01 4.893856955214117193e+02 6.544189576480259640e-05
3.000000000000000444e-01 5.022763817628035667e+02 5.164136731034595974e-05
3.000000000000000444e-01 5.151670680041953574e+02 3.970763063264688339e-05
3.000000000000000444e-01 5.280577542455872617e+02 2.986306179719209417e-05
3.000000000000000444e-01 5.409484404869790524e+02 2.152535032162915604e-05
3.000000000000000444e-01 5.538391267283709567e+02 1.490318152772902040e-05
3.000000000000000444e-01 5.667298129697627473e+02 9.340943042452047793e-06
3.000000000000000444e-01 5.796204992111545380e+02 4.918643070807910583e-06
3.000000000000000444e-01 5.925111854525464423e+02 1.307444073175827805e-06
3.000000000000000444e-01 5.984961469217640797e+02 0.000000000000000000e+00
4.000000000000000222e-01 1.000000000000000000e+00 4.301410345198783706e-04
4.000000000000000222e-01 1.307774710050385369e+00 3.705231185643711469e-04
4.000000000000000222e-01 1.710274692247369277e+00 2.714874116283109160e-04
4.000000000000000222e-01 2.236653989760315486e+00 1.999864198116968863e-04
4.000000000000000222e-01 2.925039522941833781e+00 1.895271991015182211e-04
4.000000000000000222e-01 3.825292714001174321e+00 1.777632138145634382e-04
4.000000000000000222e-01 5.002621069910737184e+00 1.540092874617914130e-04
4.000000000000000222e-01 6.542301319194462117e+00 1.227136337864420722e-04
4.000000000000000222e-01 8.555856210771791481e+00 1.128714319368985042e-04
4.000000000000000222e-01 1.118913237527486615e+01 1.118263128816022827e-04
4.000000000000000222e-01 1.463286434779046807e+01 1.053502615447254518e-04
4.000000000000000222e-01 1.913648992963830153e+01 1.034433677681068672e-04
4.000000000000000222e-01 2.502621756911485207e+01 1.143487105758907136e-04
4.000000000000000222e-01 3.272865442510703815e+01 1.331564834664745339e-04
4.000000000000000222e-01 4.280170655113359857e+01 1.660513861955378292e-04
4.000000000000000222e-01 5.597498937457041990e+01 2.235469702619879994e-04
4.000000000000000222e-01 7.320267549940224683e+01 3.135351860744559050e-04
4.000000000000000222e-01 9.573260772614321468e+01 4.501647898423495327e-04
4.000000000000000222e-01 9.823743373012055713e+01 4.659718728013083604e-04
4.000000000000000222e-01 1.123433216503430003e+02 5.575971282654373961e-04
4.000000000000000222e-01 1.251966833114241666e+02 6.408103374066078739e-04
4.000000000000000222e-01 1.264492095705654435e+02 6.488861483264468221e-04
4.000000000000000222e-01 1.405550974907878867e+02 7.377750423862948622e-04
4.000000000000000222e-01 1.546609854110103015e+02 8.208781700876907140e-04
4.000000000000000222e-01 1.637290562168676615e+02 8.710233015284022480e-04
4.000000000000000222e-01 1.687668733312327731e+02 8.969717850073256242e-04
4.000000000000000222e-01 1.828727612514551879e+02 9.626403995484695717e-04
4.000000000000000222e-01 1.969786491716776311e+02 1.017696158148255568e-03
4.000000000000000222e-01 2.110845370919000743e+02 1.058282959205426041e-03
4.000000000000000222e-01 2.251904250121225175e+02 1.085750107162050193e-03
4.000000000000000222e-01 2.392963129323449607e+02 1.098615587552048949e-03
4.000000000000000222e-01 2.534022008525674039e+02 1.097723571937222293e-03
4.000000000000000222e-01 2.675080887727898471e+02 1.083041549907041209e-03
4.000000000000000222e-01 2.816139766930122619e+02 1.056055234417392803e-03
4.000000000000000222e-01 2.957198646132346767e+02 1.016270675665652658e-03
4.000000000000000222e-01 3.098257525334571483e+02 9.658963615677332694e-04
4.000000000000000222e-01 3.239316404536796199e+02 9.090072092142352164e-04
4.000000000000000222e-01 3.380375283739020347e+02 8.444293945900168590e-04
4.000000000000000222e-01 3.521434162941244495e+02 7.764194939579895094e-04
4.000000000000000222e-01 3.662493042143469211e+02 7.059242513189160082e-04
4.000000000000000222e-01 3.803551921345693927e+02 6.353959324665179242e-04
4.000000000000000222e-01 3.944610800547917506e+02 5.662333193434329615e-04
4.000000000000000222e-01 4.085669679750142222e+02 4.983588668379337503e-04
4.000000000000000222e-01 4.226728558952366939e+02 4.342741944952137811e-04
4.000000000000000222e-01 4.367787438154590518e+02 3.739031599137335421e-04
4.000000000000000222e-01 4.508846317356815234e+02 3.188975123243235964e-04
4.000000000000000222e-01 4.649905196559039950e+02 2.691033904389910627e-04
4.000000000000000222e-01 4.790964075761264667e+02 2.255089750943256740e-04
4.000000000000000222e-01 4.932022954963488246e+02 1.843879758852035066e-04
4.000000000000000222e-01 5.073081834165712962e+02 1.499153960721473326e-04
4.000000000000000222e-01 5.214140713367937678e+02 1.200372219881389740e-04
4.000000000000000222e-01 5.355199592570162395e+02 9.486568288852551976e-05
4.000000000000000222e-01 5.496258471772385974e+02 7.356449141158248974e-05
4.000000000000000222e-01 5.637317350974610690e+02 5.601594478156979637e-05
4.000000000000000222e-01 5.778376230176835406e+02 4.154584637359254524e-05
4.000000000000000222e-01 5.919435109379058986e+02 2.958796402243096064e-05
4.000000000000000222e-01 6.060493988581283702e+02 2.013006119424837740e-05
4.000000000000000222e-01 6.201552867783508418e+02 1.243124584297116196e-05
4.000000000000000222e-01 6.342611746985731997e+02 6.547210510808394671e-06
4.000000000000000222e-01 6.483670626187956714e+02 1.778357454901221271e-06
4.000000000000000222e-01 6.549162248674704188e+02 0.000000000000000000e+00
5.000000000000000000e-01 1.000000000000000000e+00 4.851493267096599086e-04
5.000000000000000000e-01 1.311903514284192385e+00 4.186524177352544712e-04
5.000000000000000000e-01 1.721090830791214277e+00 3.067918479937762699e-04
5.000000000000000000e-01 2.257905109317294823e+00 2.219615034941268823e-04
5.000000000000000000e-01 2.962153647833592363e+00 2.102239612341984080e-04
5.000000000000000000e-01 3.886059780442630007e+00 1.977220931823074938e-04
5.000000000000000000e-01 5.098135482681144026e+00 1.712563282221439098e-04
5.000000000000000000e-01 6.688261856026329610e+00 1.351538627783757868e-04
5.000000000000000000e-01 8.774354233373859557e+00 1.248355950893977962e-04
5.000000000000000000e-01 1.151110615433754880e+01 1.236176381240173237e-04
5.000000000000000000e-01 1.510146061717382260e+01 1.157710050269272116e-04
5.000000000000000000e-01 1.981165925449466414e+01 1.139835094313358974e-04
5.000000000000000000e-01 2.599098539977250510e+01 1.269399271337833326e-04
5.000000000000000000e-01 3.409766508567067689e+01 1.485206020458396624e-04
5.000000000000000000e-01 4.473284665477677180e+01 1.882464711929282216e-04
5.000000000000000000e-01 5.868517873033754739e+01 2.590693895258619874e-04
5.000000000000000000e-01 7.698929221272575774e+01 3.741213838569989666e-04
5.000000000000000000e-01 1.010025230161275687e+02 5.570577657017172172e-04
5.000000000000000000e-01 1.043007097499014577e+02 5.843682357303416454e-04
5.000000000000000000e-01 1.192772219191180767e+02 7.122834028338451357e-04
5.000000000000000000e-01 1.325055648964277850e+02 8.286702977564051366e-04
5.000000000000000000e-01 1.342537340883347099e+02 8.443093570318997146e-04
5.000000000000000000e-01 1.492302462575513289e+02 9.767061448987862573e-04
5.000000000000000000e-01 1.642067584267679479e+02 1.104989173159313725e-03
5.000000000000000000e-01 1.738345162498357013e+02 1.183541888369600732e-03
5.000000000000000000e-01 1.791832705959845669e+02 1.225046195012760748e-03
5.000000000000000000e-01 1.941597827652011858e+02 1.334129286331902069e-03
5.000000000000000000e-01 2.091362949344178048e+02 1.427807641101277872e-03
5.000000000000000000e-01 2.241128071036344238e+02 1.504824397182588560e-03
5.000000000000000000e-01 2.390893192728510712e+02 1.560224299633229499e-03
5.000000000000000000e-01 2.540658314420676902e+02 1.595724263557403520e-03
5.000000000000000000e-01 2.690423436112843092e+02 1.608139733468181990e-03
5.000000000000000000e-01 2.840188557805009282e+02 1.599144379940751646e-03
5.000000000000000000e-01 2.989953679497175472e+02 1.568385499566563295e-03
5.000000000000000000e-01 3.139718801189341661e+02 1.517358376155000278e-03
5.000000000000000000e-01 3.289483922881507851e+02 1.452038686981012988e-03
5.000000000000000000e-01 3.439249044573674041e+02 1.369484109300567317e-03
5.000000000000000000e-01 3.589014166265840231e+02 1.278205664839357101e-03
5.000000000000000000e-01 3.738779287958006421e+02 1.175528350753776404e-03
5.000000000000000000e-01 3.888544409650172611e+02 1.071452698478216536e-03
5.000000000000000000e-01 4.038309531342338801e+02 9.642746219713408491e-04
5.000000000000000000e-01 4.188074653034504991e+02 8.570731833911017549e-04
5.000000000000000000e-01 4.337839774726671180e+02 7.536865975815427825e-04
5.000000000000000000e-01 4.487604896418837370e+02 6.544911264888722113e-04
5.000000000000000000e-01 4.637370018111003560e+02 5.625335829003598595e-04
5.000000000000000000e-01 4.787135139803169750e+02 4.810622109273476193e-04
5.000000000000000000e-01 4.936900261495335940e+02 3.997856374190698870e-04
5.000000000000000000e-01 5.086665383187502130e+02 3.305297783734447792e-04
5.000000000000000000e-01 5.236430504879668888e+02 2.705557709760653389e-04
5.000000000000000000e-01 5.386195626571834509e+02 2.183966179148129458e-04
5.000000000000000000e-01 5.535960748264001268e+02 1.738090941873507650e-04
5.000000000000000000e-01 5.685725869956166889e+02 1.361062268257515824e-04
5.000000000000000000e-01 5.835490991648333647e+02 1.045872760166280987e-04
5.000000000000000000e-01 5.985256113340499269e+02 7.887353519206282890e-05
5.000000000000000000e-01 6.135021235032666027e+02 5.788783409906701988e-05
5.000000000000000000e-01 6.284786356724831649e+02 4.112946167665204611e-05
5.000000000000000000e-01 6.434551478416998407e+02 2.770932190279831332e-05
5.000000000000000000e-01 6.584316600109164028e+02 1.705068721266925837e-05
5.000000000000000000e-01 6.734081721801330787e+02 8.902445048541428148e-06
5.000000000000000000e-01 6.883846843493496408e+02 2.522601562447200095e-06
5.000000000000000000e-01 6.953380649993430325e+02 0.000000000000000000e+00
6.000000000000000888e-01 1.000000000000000000e+00 4.322102456821700126e-04
6.000000000000000888e-01 1.314208207791770056e+00 3.711562419493842288e-04
6.000000000000000888e-01 1.727143213427255963e+00 2.691881882745904828e-04
6.000000000000000888e-01 2.269825787117952576e+00 1.995142075020949076e-04
6.000000000000000888e-01 2.983023679687828000e+00 1.902149499460116825e-04
6.000000000000000888e-01 3.920314203882951709e+00 1.773509797558505611e-04
6.000000000000000888e-01 5.152109103865632811e+00 1.517380017383711689e-04
6.000000000000000888e-01 6.770944071738915326e+00 1.209305067416603343e-04
6.000000000000000888e-01 8.898430273578309624e+00 1.136322643292845744e-04
6.000000000000000888e-01 1.169439010199938167e+01 1.121848645455819567e-04
6.000000000000000888e-01 1.536886345716642133e+01 1.056223589152378075e-04
6.000000000000000888e-01 2.019788649983911100e+01 1.066794785228639386e-04
6.000000000000000888e-01 2.654422821813513167e+01 1.213774002307334835e-04
6.000000000000000888e-01 3.488464259377109755e+01 1.456804074938120779e-04
6.000000000000000888e-01 4.584568362261636310e+01 1.917287457607787650e-04
6.000000000000000888e-01 6.025077370866715398e+01 2.735202437157224320e-04
6.000000000000000888e-01 7.918206133373494993e+01 4.104748111055819240e-04
6.000000000000000888e-01 1.040617149146658278e+02 6.358990639121513870e-04
6.000000000000000888e-01 1.078376908154802294e+02 6.738399146368536383e-04
6.000000000000000888e-01 1.233220771889850766e+02 8.368077322761792143e-04
6.000000000000000888e-01 1.367587598577410972e+02 9.857237107936984034e-04
6.000000000000000888e-01 1.388064635624899381e+02 1.008727787648648405e-03
6.000000000000000888e-01 1.542908499359947996e+02 1.184502265674168683e-03
6.000000000000000888e-01 1.697752363094996326e+02 1.359212686185011206e-03
6.000000000000000888e-01 1.797294846924669969e+02 1.467787459899028060e-03
6.000000000000000888e-01 1.852596226830045225e+02 1.526727563982155107e-03
6.000000000000000888e-01 2.007440090565093556e+02 1.680851411915300180e-03
6.000000000000000888e-01 2.162283954300141886e+02 1.818679966959047033e-03
6.000000000000000888e-01 2.317127818035190785e+02 1.934402140624498587e-03
6.000000000000000888e-01 2.471971681770239115e+02 2.024458410358409826e-03
6.000000000000000888e-01 2.626815545505288014e+02 2.086140648688359755e-03
6.000000000000000888e-01 2.781659409240336345e+02 2.117719872606795527e-03
6.000000000000000888e-01 2.936503272975384675e+02 2.118733644271942468e-03
6.000000000000000888e-01 3.091347136710433574e+02 2.089698568116704798e-03
6.000000000000000888e-01 3.246191000445481905e+02 2.035437432481091487e-03
6.000000000000000888e-01 3.401034864180530235e+02 1.954069185348622853e-03
6.000000000000000888e-01 3.555878727915579134e+02 1.851981945629280332e-03
6.000000000000000888e-01 3.710722591650627464e+02 1.731998798408515517e-03
6.000000000000000888e-01 3.865566455385676363e+02 1.600525346523832843e-03
6.000000000000000888e-01 4.020410319120724694e+02 1.460332022193343900e-03
6.000000000000000888e-01 4.175254182855773593e+02 1.315586881249199147e-03
6.000000000000000888e-01 4.330098046590821923e+02 1.170703894563732486e-03
6.000000000000000888e-01 4.484941910325870253e+02 1.028676232510884313e-03
6.000000000000000888e-01 4.639785774060919152e+02 8.955800034640642006e-04
6.000000000000000888e-01 4.794629637795967483e+02 7.665636985670124491e-04
6.000000000000000888e-01 4.949473501531015813e+02 6.507654939788673400e-04
6.000000000000000888e-01 5.104317365266064712e+02 5.442662997184904332e-04
6.000000000000000888e-01 5.259161229001113043e+02 4.495821431505018888e-04
6.000000000000000888e-01 5.414005092736160805e+02 3.673824984214638513e-04
6.000000000000000888e-01 5.568848956471209704e+02 2.953448748089310886e-04
6.000000000000000888e-01 5.723692820206258602e+02 2.345478551658327759e-04
6.000000000000000888e-01 5.878536683941307501e+02 1.833117375768367316e-04
6.000000000000000888e-01 6.033380547676355263e+02 1.407369180184125381e-04
6.000000000000000888e-01 6.188224411411404162e+02 1.068812542143296088e-04
6.000000000000000888e-01 6.343068275146451924e+02 7.813497970732971522e-05
6.000000000000000888e-01 6.497912138881500823e+02 5.601663822643226161e-05
6.000000000000000888e-01 6.652756002616549722e+02 3.713256856636600181e-05
6.000000000000000888e-01 6.807599866351597484e+02 2.281715379895464949e-05
6.000000000000000888e-01 6.962443730086646383e+02 1.197894312629638418e-05
6.000000000000000888e-01 7.117287593821695282e+02 3.336824261411335494e-06
6.000000000000000888e-01 7.189179387698682149e+02 0.000000000000000000e+00
7.000000000000000666e-01 1.000000000000000000e+00 3.167724090814691071e-04
7.000000000000000666e-01 1.315298588294780524e+00 2.669943620871907957e-04
7.000000000000000666e-01 1.730010376370242353e+00 1.920175865336660927e-04
7.000000000000000666e-01 2.275480205775101794e+00 1.512827202857003393e-04
7.000000000000000666e-01 2.992935902348707877e+00 1.450489145097575512e-04
7.000000000000000666e-01 3.936604367216019806e+00 1.326672966807720673e-04
7.000000000000000666e-01 5.177810166874299291e+00 1.112180506805321499e-04
7.000000000000000666e-01 6.810366402948125675e+00 9.184973727229229720e-05
7.000000000000000666e-01 8.957665315567872710e+00 8.879920718896744077e-05
7.000000000000000666e-01 1.178200454398354147e+01 8.668074324661199188e-05
7.000000000000000666e-01 1.549685394398424165e+01 8.344256852822446271e-05
7.000000000000000666e-01 2.038299011553287343e+01 8.838626656245693943e-05
7.000000000000000666e-01 2.680971812418685829e+01 1.041819997737920719e-04
7.000000000000000666e-01 3.526278440132396241e+01 1.311145666576858540e-04
7.000000000000000666e-01 4.638109054240459983e+01 1.818484009593114049e-04
7.000000000000000666e-01 6.100498291399716777e+01 2.711459263967864650e-04
7.000000000000000666e-01 8.023976790572768891e+01 4.240359922191232851e-04
7.000000000000000666e-01 1.055392534515044645e+02 6.809300839121244829e-04
7.000000000000000666e-01 1.095504021512829809e+02 7.265854683582874526e-04
7.000000000000000666e-01 1.252807163063390021e+02 9.164448319053998017e-04
7.000000000000000666e-01 1.388156310744487882e+02 1.090289098478281231e-03
7.000000000000000666e-01 1.410110304613950234e+02 1.119291494160027040e-03
7.000000000000000666e-01 1.567413446164510447e+02 1.328369897909923531e-03
7.000000000000000666e-01 1.724716587715070375e+02 1.539674437398930000e-03
7.000000000000000666e-01 1.825840035854716632e+02 1.672361832376550962e-03
7.000000000000000666e-01 1.882019729265630588e+02 1.744694171785572722e-03
7.000000000000000666e-01 2.039322870816190800e+02 1.935816128649765896e-03
7.000000000000000666e-01 2.196626012366750729e+02 2.106825526222730859e-03
7.000000000000000666e-01 2.353929153917310941e+02 2.256232916729928890e-03
7.000000000000000666e-01 2.511232295467871154e+02 2.374266222046434067e-03
7.000000000000000666e-01 2.668535437018431367e+02 2.458410863263766309e-03
7.000000000000000666e-01 2.825838578568991579e+02 2.506732525508734849e-03
7.000000000000000666e-01 2.983141720119551792e+02 2.518610776087210675e-03
7.000000000000000666e-01 3.140444861670112005e+02 2.493588636256027172e-03
7.000000000000000666e-01 3.297748003220672217e+02 2.436552703907090851e-03
7.000000000000000666e-01 3.455051144771232430e+02 2.346354835515990309e-03
7.000000000000000666e-01 3.612354286321792642e+02 2.230713689171522855e-03
7.000000000000000666e-01 3.769657427872352287e+02 2.090533681928747299e-03
7.000000000000000666e-01 3.926960569422912499e+02 1.936052282048151283e-03
7.000000000000000666e-01 4.084263710973472712e+02 1.769900968207968476e-03
7.000000000000000666e-01 4.241566852524032925e+02 1.596938857968810367e-03
7.000000000000000666e-01 4.398869994074593137e+02 1.424900181927605571e-03
7.000000000000000666e-01 4.556173135625153350e+02 1.251768319584975779e-03
7.000000000000000666e-01 4.713476277175713562e+02 1.088862271789174619e-03
7.000000000000000666e-01 4.870779418726273775e+02 9.358467816323287917e-04
7.000000000000000666e-01 5.028082560276833988e+02 7.936083474874881197e-04
7.000000000000000666e-01 5.185385701827394769e+02 6.643642356352054369e-04
7.000000000000000666e-01 5.342688843377953845e+02 5.493152769361400170e-04
7.000000000000000666e-01 5.499991984928514057e+02 4.485427350328639634e-04
7.000000000000000666e-01 5.657295126479074270e+02 3.607343328654658552e-04
7.000000000000000666e-01 5.814598268029634482e+02 2.864904009823472913e-04
7.000000000000000666e-01 5.971901409580194695e+02 2.237043554700804252e-04
7.000000000000000666e-01 6.129204551130754908e+02 1.716033477672518348e-04
7.000000000000000666e-01 6.286507692681313983e+02 1.288482245465674941e-04
7.000000000000000666e-01 6.443810834231874196e+02 9.436717140054662811e-05
7.000000000000000666e-01 6.601113975782434409e+02 6.652670624237699143e-05
7.000000000000000666e-01 6.758417117332994621e+02 4.500440235671259554e-05
7.000000000000000666e-01 6.915720258883554834e+02 2.780796149689738616e-05
7.000000000000000666e-01 7.073023400434115047e+02 1.437726603794518449e-05
7.000000000000000666e-01 7.230326541984676396e+02 3.961235470644932155e-06
7.000000000000000666e-01 7.303360143418865391e+02 0.000000000000000000e+00
8.000000000000000444e-01 1.000000000000000000e+00 2.116285642074282010e-04
8.000000000000000444e-01 1.315788053222936904e+00 1.732046836049455901e-04
8.000000000000000444e-01 1.731298201004206616e+00 1.264019227226377974e-04
8.000000000000000444e-01 2.278021489447697778e+00 1.067975703226915806e-04
8.000000000000000444e-01 2.997393460800402032e+00 1.023899735632987431e-04
8.000000000000000444e-01 3.943934506529722217e+00 9.103524175186518820e-05
8.000000000000000444e-01 5.189381906385508003e+00 7.537801259941285517e-05
8.000000000000000444e-01 6.828126716033322552e+00 6.583634815661426739e-05
8.000000000000000444e-01 8.984367558849010393e+00 6.490997949095848657e-05
8.000000000000000444e-01 1.182152349969724803e+01 6.309188543031370004e-05
8.000000000000000444e-01 1.555461939179584263e+01 6.328850697707264915e-05
8.000000000000000444e-01 2.046658236815480336e+01 7.069220725852953238e-05
8.000000000000000444e-01 2.692968457032129237e+01 8.739723754047488318e-05
8.000000000000000444e-01 3.543375723469081606e+01 1.166086169574642484e-04
8.000000000000000444e-01 4.662331445020800658e+01 1.700245476526783170e-04
8.000000000000000444e-01 6.134640015524001200e+01 2.640139382128077450e-04
8.000000000000000444e-01 8.071886043249853060e+01 4.270598554710822972e-04
8.000000000000000444e-01 1.062089122268512398e+02 7.041089720585286694e-04
8.000000000000000444e-01 1.103275792013766505e+02 7.547424426440695966e-04
8.000000000000000444e-01 1.261694880097794567e+02 9.619695650500823718e-04
8.000000000000000444e-01 1.397484178538942956e+02 1.151939893472160234e-03
8.000000000000000444e-01 1.420113968181822486e+02 1.184592400836816583e-03
8.000000000000000444e-01 1.578533056265850405e+02 1.416089993706864123e-03
8.000000000000000444e-01 1.736952144349878608e+02 1.649801161989690760e-03
8.000000000000000444e-01 1.838792986689611837e+02 1.797260680719970803e-03
8.000000000000000444e-01 1.895371232433906528e+02 1.877867759419294237e-03
8.000000000000000444e-01 2.053790320517934447e+02 2.093243517921838069e-03
8.000000000000000444e-01 2.212209408601962650e+02 2.287314092544754339e-03
8.000000000000000444e-01 2.370628496685990569e+02 2.453848511629372342e-03
8.000000000000000444e-01 2.529047584770018489e+02 2.589136645174391470e-03
8.000000000000000444e-01 2.687466672854046692e+02 2.686646300432325718e-03
8.000000000000000444e-01 2.845885760938074327e+02 2.744270252033737239e-03
8.000000000000000444e-01 3.004304849022102530e+02 2.760992533217809623e-03
8.000000000000000444e-01 3.162723937106130734e+02 2.738486130199403821e-03
8.000000000000000444e-01 3.321143025190158369e+02 2.679423519907594628e-03
8.000000000000000444e-01 3.479562113274186572e+02 2.582346125743005105e-03
8.000000000000000444e-01 3.637981201358214776e+02 2.458766093952236432e-03
8.000000000000000444e-01 3.796400289442242411e+02 2.306705960054389326e-03
8.000000000000000444e-01 3.954819377526270614e+02 2.138621643269964477e-03
8.000000000000000444e-01 4.113238465610298249e+02 1.956409370920741270e-03
8.000000000000000444e-01 4.271657553694326452e+02 1.767512119221389651e-03
8.000000000000000444e-01 4.430076641778354656e+02 1.575206674765814189e-03
8.000000000000000444e-01 4.588495729862382291e+02 1.386919056301199943e-03
8.000000000000000444e-01 4.746914817946410494e+02 1.207956116738620987e-03
8.000000000000000444e-01 4.905333906030438698e+02 1.036884159568118987e-03
8.000000000000000444e-01 5.063752994114466333e+02 8.798688151488932765e-04
8.000000000000000444e-01 5.222172082198494536e+02 7.370044756113385952e-04
8.000000000000000444e-01 5.380591170282523308e+02 6.088570648251380706e-04
8.000000000000000444e-01 5.539010258366550943e+02 4.971182310771380623e-04
8.000000000000000444e-01 5.697429346450578578e+02 3.998704312502270757e-04
8.000000000000000444e-01 5.855848434534607350e+02 3.171398839198128600e-04
8.000000000000000444e-01 6.014267522618634985e+02 2.476964244601128316e-04
8.000000000000000444e-01 6.172686610702662620e+02 1.898450115498332292e-04
8.000000000000000444e-01 6.331105698786691391e+02 1.420319247990667084e-04
8.000000000000000444e-01 6.489524786870719026e+02 1.039624039850442613e-04
8.000000000000000444e-01 6.647943874954746661e+02 7.339784042851673945e-05
8.000000000000000444e-01 6.806362963038775433e+02 4.914467511794220475e-05
8.000000000000000444e-01 6.964782051122803068e+02 3.017260684511776798e-05
8.000000000000000444e-01 7.123201139206830703e+02 1.558889720528410064e-05
8.000000000000000444e-01 7.281620227290859475e+02 4.266075197927287873e-06
8.000000000000000444e-01 7.355171946758443937e+02 0.000000000000000000e+00
9.000000000000000222e-01 1.000000000000000000e+00 1.513610658484562752e-04
9.000000000000000222e-01 1.316002399841639470e+00 1.208356093621419674e-04
9.000000000000000222e-01 1.731862316388954603e+00 8.961336035743293718e-05
9.000000000000000222e-01 2.279134964563164889e+00 8.255016302397667023e-05
9.000000000000000222e-01 2.999347082928115249e+00 7.611265459671287287e-05
9.000000000000000222e-01 3.947147959091420688e+00 6.603785025737999713e-05
9.000000000000000222e-01 5.194456186694339728e+00 5.480732825555990580e-05
9.000000000000000222e-01 6.835916807562001374e+00 5.015734605207501726e-05
9.000000000000000222e-01 8.996082923869394676e+00 5.005529697936114111e-05
9.000000000000000222e-01 1.183886671698651405e+01 4.910634608381253481e-05
9.000000000000000222e-01 1.557997701095956522e+01 5.125738545513362554e-05
9.000000000000000222e-01 2.050328713590036500e+01 6.046172629631806647e-05
9.000000000000000222e-01 2.698237507548709857e+01 7.700780166495032773e-05
9.000000000000000222e-01 3.550887035276826253e+01 1.075038526268240469e-04
9.000000000000000222e-01 4.672975859990866354e+01 1.625569741256924705e-04
9.000000000000000222e-01 6.149647446150029850e+01 2.590265139713807921e-04
9.000000000000000222e-01 8.092950797313450551e+01 4.277252762997648620e-04
9.000000000000000222e-01 1.065034267106480570e+02 7.158621364951777344e-04
9.000000000000000222e-01 1.106695627718785744e+02 7.689695437555192246e-04
9.000000000000000222e-01 1.265605769134816541e+02 9.856438281807336499e-04
9.000000000000000222e-01 1.401587651425710419e+02 1.184391162461927724e-03
9.000000000000000222e-01 1.424515910550847195e+02 1.218840680810391033e-03
9.000000000000000222e-01 1.583426051966877992e+02 1.462352267225689373e-03
9.000000000000000222e-01 1.742336193382908789e+02 1.707574786573363198e-03
9.000000000000000222e-01 1.844492712864642385e+02 1.862986507161757321e-03
9.000000000000000222e-01 1.901246334798939586e+02 1.947612705282162357e-03
9.000000000000000222e-01 2.060156476214970382e+02 2.174187663358622541e-03
9.000000000000000222e-01 2.219066617631001179e+02 2.377909476389056340e-03
9.000000000000000222e-01 2.377976759047031976e+02 2.554673858673311201e-03
9.000000000000000222e-01 2.536886900463062489e+02 2.696967694329712416e-03
9.000000000000000222e-01 2.695797041879093285e+02 2.799807655836222646e-03
9.000000000000000222e-01 2.854707183295124082e+02 2.861612063586721749e-03
9.000000000000000222e-01 3.013617324711154879e+02 2.880134797648692228e-03
9.000000000000000222e-01 3.172527466127185676e+02 2.859470272074129092e-03
9.000000000000000222e-01 3.331437607543216473e+02 2.796211203821171581e-03
9.000000000000000222e-01 3.490347748959247269e+02 2.696740400920266591e-03
9.000000000000000222e-01 3.649257890375278066e+02 2.565148223031064271e-03
9.000000000000000222e-01 3.808168031791308863e+02 2.409592003490823846e-03
9.000000000000000222e-01 3.967078173207339660e+02 2.233995355551317893e-03
9.000000000000000222e-01 4.125988314623370457e+02 2.043415479417050578e-03
9.000000000000000222e-01 4.284898456039401253e+02 1.846019736809585525e-03
9.000000000000000222e-01 4.443808597455432050e+02 1.646122591463539467e-03
9.000000000000000222e-01 4.602718738871462847e+02 1.450245922320418353e-03
9.000000000000000222e-01 4.761628880287493644e+02 1.261143727843764151e-03
9.000000000000000222e-01 4.920539021703524440e+02 1.083336789630613781e-03
9.000000000000000222e-01 5.079449163119555237e+02 9.186813466611681639e-04
9.000000000000000222e-01 5.238359304535586034e+02 7.693643089913226830e-04
9.000000000000000222e-01 5.397269445951616262e+02 6.356085824602773467e-04
9.000000000000000222e-01 5.556179587367647628e+02 5.183795045649361834e-04
9.000000000000000222e-01 5.715089728783677856e+02 4.166544214266601964e-04
9.000000000000000222e-01 5.873999870199709221e+02 3.301060095587886431e-04
9.000000000000000222e-01 6.032910011615739450e+02 2.571997647928277566e-04
9.000000000000000222e-01 6.191820153031770815e+02 1.969705376267362679e-04
9.000000000000000222e-01 6.350730294447801043e+02 1.475703044491617343e-04
9.000000000000000222e-01 6.509640435863831271e+02 1.075626486940610031e-04
9.000000000000000222e-01 6.668550577279862637e+02 7.566440199632508889e-05
9.000000000000000222e-01 6.827460718695892865e+02 5.063195367060174129e-05
9.000000000000000222e-01 6.986370860111924230e+02 3.105615866875814749e-05
9.000000000000000222e-01 7.145281001527954459e+02 1.595125165580352989e-05
9.000000000000000222e-01 7.304191142943985824e+02 4.426424787167597229e-06
9.000000000000000222e-01 7.377970851458571815e+02 0.000000000000000000e+00
1.000000000000000000e+00 1.000000000000000000e+00 1.336651127169340007e-04
1.000000000000000000e+00 1.316064127159089159e+00 1.043812055898960483e-04
1.000000000000000000e+00 1.732024786795015148e+00 7.316662186212313996e-05
1.000000000000000000e+00 2.279455689251289385e+00 7.456137264258311140e-05
1.000000000000000000e+00 2.999909862072317690e+00 6.846298880554083381e-05
1.000000000000000000e+00 3.948073754184147965e+00 5.842553204131230315e-05
1.000000000000000000e+00 5.195918239260069349e+00 4.942967843609510117e-05
1.000000000000000000e+00 6.838161602341796375e+00 4.584941327476013819e-05
1.000000000000000000e+00 8.999459180558753602e+00 4.560002434405261584e-05
1.000000000000000000e+00 1.184386539136590599e+01 4.481184278728797809e-05
1.000000000000000000e+00 1.558728636847771298e+01 4.630359192434116699e-05
1.000000000000000000e+00 2.051386842930939736e+01 5.719895404561468243e-05
1.000000000000000000e+00 2.699756634907546271e+01 7.387589075327958784e-05
1.000000000000000000e+00 3.553052859261559604e+01 1.040898700683217374e-04
1.000000000000000000e+00 4.676045409974172173e+01 1.602500022429152369e-04
1.000000000000000000e+00 6.153975621033922749e+01 2.576586007363637220e-04
1.000000000000000000e+00 8.099026554254322718e+01 4.280787731090160723e-04
1.000000000000000000e+00 1.065883831296300457e+02 7.192681435484512414e-04
1.000000000000000000e+00 1.107682329389536875e+02 7.733609192167198399e-04
1.000000000000000000e+00 1.266734151045470327e+02 9.930424474946881932e-04
1.000000000000000000e+00 1.402771474087950594e+02 1.194967874814317028e-03
1.000000000000000000e+00 1.425785972701403921e+02 1.230022334841348979e-03
1.000000000000000000e+00 1.584837794357337373e+02 1.476198520276527770e-03
1.000000000000000000e+00 1.743889616013270825e+02 1.725879786543805389e-03
1.000000000000000000e+00 1.846137215649228267e+02 1.883650641577922034e-03
1.000000000000000000e+00 1.902941437669204561e+02 1.969331619074575837e-03
1.000000000000000000e+00 2.061993259325137728e+02 2.198015202278600765e-03
1.000000000000000000e+00 2.221045080981071465e+02 2.406214554882091499e-03
1.000000000000000000e+00 2.380096902637004916e+02 2.586335696767542471e-03
1.000000000000000000e+00 2.539148724292938368e+02 2.729173757733380917e-03
1.000000000000000000e+00 2.698200545948872104e+02 2.833723429018822002e-03
1.000000000000000000e+00 2.857252367604805272e+02 2.897012610284781502e-03
1.000000000000000000e+00 3.016304189260739008e+02 2.915324136008390701e-03
1.000000000000000000e+00 3.175356010916672176e+02 2.893019590384632821e-03
1.000000000000000000e+00 3.334407832572605912e+02 2.829001223559153219e-03
1.000000000000000000e+00 3.493459654228539648e+02 2.729007812896239778e-03
1.000000000000000000e+00 3.652511475884472816e+02 2.595711515522407861e-03
1.000000000000000000e+00 3.811563297540406552e+02 2.438634409510350397e-03
1.000000000000000000e+00 3.970615119196340288e+02 2.260813134916825513e-03
1.000000000000000000e+00 4.129666940852273456e+02 2.068615195382519402e-03
1.000000000000000000e+00 4.288718762508207192e+02 1.867847940781009472e-03
1.000000000000000000e+00 4.447770584164140359e+02 1.665960056536243969e-03
1.000000000000000000e+00 4.606822405820074096e+02 1.468463178590867285e-03
1.000000000000000000e+00 4.765874227476007832e+02 1.281438472655946044e-03
1.000000000000000000e+00 4.924926049131940999e+02 1.094416122948215376e-03
1.000000000000000000e+00 5.083977870787874735e+02 9.289459703484696839e-04
1.000000000000000000e+00 5.243029692443807335e+02 7.773455667143721855e-04
1.000000000000000000e+00 5.402081514099741071e+02 6.434486892639117031e-04
1.000000000000000000e+00 5.561133335755674807e+02 5.233886600267410091e-04
1.000000000000000000e+00 5.720185157411608543e+02 4.204694305076538065e-04
1.000000000000000000e+00 5.879236979067542279e+02 3.314583562196213697e-04
1.000000000000000000e+00 6.038288800723474878e+02 2.586563230823200779e-04
1.000000000000000000e+00 6.197340622379408615e+02 1.968822675048870056e-04
1.000000000000000000e+00 6.356392444035342351e+02 1.477177187201248734e-04
1.000000000000000000e+00 6.515444265691276087e+02 1.093655860158686781e-04
1.000000000000000000e+00 6.674496087347209823e+02 7.571277396579291334e-05
1.000000000000000000e+00 6.833547909003143559e+02 5.240814044002177794e-05
1.000000000000000000e+00 6.992599730659076158e+02 3.280524939540272128e-05
1.000000000000000000e+00 7.151651552315009894e+02 1.621892411958723247e-05
1.000000000000000000e+00 7.310703373970943630e+02 4.169077739005721983e-06
1.000000000000000000e+00 7.384548862596913068e+02 0.000000000000000000e+00
