# mx [GeV]: 1000.0
# sigma_p [cm^2]: 6.3095734448e-31
# depth [m]: 10.6
# target: full
# Columns: gamma/pi, v [km/s], f(v, gamma) [s/km]
0.000000000000000000e+00 0.000000000000000000e+00 0.000000000000000000e+00
0.000000000000000000e+00 1.666666666666666644e-02 0.000000000000000000e+00
0.000000000000000000e+00 3.333333333333333287e-02 0.000000000000000000e+00
0.000000000000000000e+00 5.000000000000000278e-02 0.000000000000000000e+00
0.000000000000000000e+00 6.666666666666666574e-02 0.000000000000000000e+00
0.000000000000000000e+00 8.333333333333332871e-02 0.000000000000000000e+00
0.000000000000000000e+00 1.000000000000000056e-01 0.000000000000000000e+00
0.000000000000000000e+00 1.166666666666666685e-01 0.000000000000000000e+00
0.000000000000000000e+00 1.333333333333333315e-01 0.000000000000000000e+00
0.000000000000000000e+00 1.499999999999999944e-01 0.000000000000000000e+00
0.000000000000000000e+00 1.666666666666666574e-01 0.000000000000000000e+00
0.000000000000000000e+00 1.833333333333333204e-01 0.000000000000000000e+00
0.000000000000000000e+00 2.000000000000000111e-01 0.000000000000000000e+00
0.000000000000000000e+00 2.166666666666666741e-01 0.000000000000000000e+00
0.000000000000000000e+00 2.333333333333333370e-01 0.000000000000000000e+00
0.000000000000000000e+00 2.500000000000000000e-01 0.000000000000000000e+00
0.000000000000000000e+00 2.666666666666666630e-01 0.000000000000000000e+00
0.000000000000000000e+00 2.833333333333333259e-01 0.000000000000000000e+00
0.000000000000000000e+00 2.999999999999999889e-01 0.000000000000000000e+00
0.000000000000000000e+00 3.166666666666666519e-01 0.000000000000000000e+00
0.000000000000000000e+00 3.333333333333333148e-01 0.000000000000000000e+00
0.000000000000000000e+00 3.499999999999999778e-01 0.000000000000000000e+00
0.000000000000000000e+00 3.666666666666666408e-01 0.000000000000000000e+00
0.000000000000000000e+00 3.833333333333333037e-01 0.000000000000000000e+00
0.000000000000000000e+00 4.000000000000000222e-01 0.000000000000000000e+00
0.000000000000000000e+00 4.166666666666666852e-01 0.000000000000000000e+00
0.000000000000000000e+00 4.333333333333333481e-01 0.000000000000000000e+00
0.000000000000000000e+00 4.500000000000000111e-01 0.000000000000000000e+00
0.000000000000000000e+00 4.666666666666666741e-01 0.000000000000000000e+00
0.000000000000000000e+00 4.833333333333333370e-01 0.000000000000000000e+00
0.000000000000000000e+00 5.000000000000000000e-01 0.000000000000000000e+00
0.000000000000000000e+00 5.166666666666666075e-01 0.000000000000000000e+00
0.000000000000000000e+00 5.333333333333333259e-01 0.000000000000000000e+00
0.000000000000000000e+00 5.500000000000000444e-01 0.000000000000000000e+00
0.000000000000000000e+00 5.666666666666666519e-01 0.000000000000000000e+00
0.000000000000000000e+00 5.833333333333333703e-01 0.000000000000000000e+00
0.000000000000000000e+00 5.999999999999999778e-01 0.000000000000000000e+00
0.000000000000000000e+00 6.166666666666666963e-01 0.000000000000000000e+00
0.000000000000000000e+00 6.333333333333333037e-01 0.000000000000000000e+00
0.000000000000000000e+00 6.500000000000000222e-01 0.000000000000000000e+00
0.000000000000000000e+00 6.666666666666666297e-01 0.000000000000000000e+00
0.000000000000000000e+00 6.833333333333333481e-01 0.000000000000000000e+00
0.000000000000000000e+00 6.999999999999999556e-01 0.000000000000000000e+00
0.000000000000000000e+00 7.166666666666666741e-01 0.000000000000000000e+00
0.000000000000000000e+00 7.333333333333332815e-01 0.000000000000000000e+00
0.000000000000000000e+00 7.500000000000000000e-01 0.000000000000000000e+00
0.000000000000000000e+00 7.666666666666666075e-01 0.000000000000000000e+00
0.000000000000000000e+00 7.833333333333333259e-01 0.000000000000000000e+00
0.000000000000000000e+00 8.000000000000000444e-01 0.000000000000000000e+00
0.000000000000000000e+00 8.166666666666666519e-01 0.000000000000000000e+00
0.000000000000000000e+00 8.333333333333333703e-01 0.000000000000000000e+00
0.000000000000000000e+00 8.499999999999999778e-01 0.000000000000000000e+00
0.000000000000000000e+00 8.666666666666666963e-01 0.000000000000000000e+00
0.000000000000000000e+00 8.833333333333333037e-01 0.000000000000000000e+00
0.000000000000000000e+00 9.000000000000000222e-01 0.000000000000000000e+00
0.000000000000000000e+00 9.166666666666666297e-01 0.000000000000000000e+00
0.000000000000000000e+00 9.333333333333333481e-01 0.000000000000000000e+00
0.000000000000000000e+00 9.499999999999999556e-01 0.000000000000000000e+00
0.000000000000000000e+00 9.666666666666666741e-01 0.000000000000000000e+00
0.000000000000000000e+00 9.833333333333332815e-01 0.000000000000000000e+00
0.000000000000000000e+00 1.000000000000000000e+00 0.000000000000000000e+00
1.000000000000000056e-01 0.000000000000000000e+00 0.000000000000000000e+00
1.000000000000000056e-01 1.666666666666666644e-02 0.000000000000000000e+00
1.000000000000000056e-01 3.333333333333333287e-02 0.000000000000000000e+00
1.000000000000000056e-01 5.000000000000000278e-02 0.000000000000000000e+00
1.000000000000000056e-01 6.666666666666666574e-02 0.000000000000000000e+00
1.000000000000000056e-01 8.333333333333332871e-02 0.000000000000000000e+00
1.000000000000000056e-01 1.000000000000000056e-01 0.000000000000000000e+00
1.000000000000000056e-01 1.166666666666666685e-01 0.000000000000000000e+00
1.000000000000000056e-01 1.333333333333333315e-01 0.000000000000000000e+00
1.000000000000000056e-01 1.499999999999999944e-01 0.000000000000000000e+00
1.000000000000000056e-01 1.666666666666666574e-01 0.000000000000000000e+00
1.000000000000000056e-01 1.833333333333333204e-01 0.000000000000000000e+00
1.000000000000000056e-01 2.000000000000000111e-01 0.000000000000000000e+00
1.000000000000000056e-01 2.166666666666666741e-01 0.000000000000000000e+00
1.000000000000000056e-01 2.333333333333333370e-01 0.000000000000000000e+00
1.000000000000000056e-01 2.500000000000000000e-01 0.000000000000000000e+00
1.000000000000000056e-01 2.666666666666666630e-01 0.000000000000000000e+00
1.000000000000000056e-01 2.833333333333333259e-01 0.000000000000000000e+00
1.000000000000000056e-01 2.999999999999999889e-01 0.000000000000000000e+00
1.000000000000000056e-01 3.166666666666666519e-01 0.000000000000000000e+00
1.000000000000000056e-01 3.333333333333333148e-01 0.000000000000000000e+00
1.000000000000000056e-01 3.499999999999999778e-01 0.000000000000000000e+00
1.000000000000000056e-01 3.666666666666666408e-01 0.000000000000000000e+00
1.000000000000000056e-01 3.833333333333333037e-01 0.000000000000000000e+00
1.000000000000000056e-01 4.000000000000000222e-01 0.000000000000000000e+00
1.000000000000000056e-01 4.166666666666666852e-01 0.000000000000000000e+00
1.000000000000000056e-01 4.333333333333333481e-01 0.000000000000000000e+00
1.000000000000000056e-01 4.500000000000000111e-01 0.000000000000000000e+00
1.000000000000000056e-01 4.666666666666666741e-01 0.000000000000000000e+00
1.000000000000000056e-01 4.833333333333333370e-01 0.000000000000000000e+00
1.000000000000000056e-01 5.000000000000000000e-01 0.000000000000000000e+00
1.000000000000000056e-01 5.166666666666666075e-01 0.000000000000000000e+00
1.000000000000000056e-01 5.333333333333333259e-01 0.000000000000000000e+00
1.000000000000000056e-01 5.500000000000000444e-01 0.000000000000000000e+00
1.000000000000000056e-01 5.666666666666666519e-01 0.000000000000000000e+00
1.000000000000000056e-01 5.833333333333333703e-01 0.000000000000000000e+00
1.000000000000000056e-01 5.999999999999999778e-01 0.000000000000000000e+00
1.000000000000000056e-01 6.166666666666666963e-01 0.000000000000000000e+00
1.000000000000000056e-01 6.333333333333333037e-01 0.000000000000000000e+00
1.000000000000000056e-01 6.500000000000000222e-01 0.000000000000000000e+00
1.000000000000000056e-01 6.666666666666666297e-01 0.000000000000000000e+00
1.000000000000000056e-01 6.833333333333333481e-01 0.000000000000000000e+00
1.000000000000000056e-01 6.999999999999999556e-01 0.000000000000000000e+00
1.000000000000000056e-01 7.166666666666666741e-01 0.000000000000000000e+00
1.000000000000000056e-01 7.333333333333332815e-01 0.000000000000000000e+00
1.000000000000000056e-01 7.500000000000000000e-01 0.000000000000000000e+00
1.000000000000000056e-01 7.666666666666666075e-01 0.000000000000000000e+00
1.000000000000000056e-01 7.833333333333333259e-01 0.000000000000000000e+00
1.000000000000000056e-01 8.000000000000000444e-01 0.000000000000000000e+00
1.000000000000000056e-01 8.166666666666666519e-01 0.000000000000000000e+00
1.000000000000000056e-01 8.333333333333333703e-01 0.000000000000000000e+00
1.000000000000000056e-01 8.499999999999999778e-01 0.000000000000000000e+00
1.000000000000000056e-01 8.666666666666666963e-01 0.000000000000000000e+00
1.000000000000000056e-01 8.833333333333333037e-01 0.000000000000000000e+00
1.000000000000000056e-01 9.000000000000000222e-01 0.000000000000000000e+00
1.000000000000000056e-01 9.166666666666666297e-01 0.000000000000000000e+00
1.000000000000000056e-01 9.333333333333333481e-01 0.000000000000000000e+00
1.000000000000000056e-01 9.499999999999999556e-01 0.000000000000000000e+00
1.000000000000000056e-01 9.666666666666666741e-01 0.000000000000000000e+00
1.000000000000000056e-01 9.833333333333332815e-01 0.000000000000000000e+00
1.000000000000000056e-01 1.000000000000000000e+00 0.000000000000000000e+00
2.000000000000000111e-01 0.000000000000000000e+00 0.000000000000000000e+00
2.000000000000000111e-01 1.666666666666666644e-02 0.000000000000000000e+00
2.000000000000000111e-01 3.333333333333333287e-02 0.000000000000000000e+00
2.000000000000000111e-01 5.000000000000000278e-02 0.000000000000000000e+00
2.000000000000000111e-01 6.666666666666666574e-02 0.000000000000000000e+00
2.000000000000000111e-01 8.333333333333332871e-02 0.000000000000000000e+00
2.000000000000000111e-01 1.000000000000000056e-01 0.000000000000000000e+00
2.000000000000000111e-01 1.166666666666666685e-01 0.000000000000000000e+00
2.000000000000000111e-01 1.333333333333333315e-01 0.000000000000000000e+00
2.000000000000000111e-01 1.499999999999999944e-01 0.000000000000000000e+00
2.000000000000000111e-01 1.666666666666666574e-01 0.000000000000000000e+00
2.000000000000000111e-01 1.833333333333333204e-01 0.000000000000000000e+00
2.000000000000000111e-01 2.000000000000000111e-01 0.000000000000000000e+00
2.000000000000000111e-01 2.166666666666666741e-01 0.000000000000000000e+00
2.000000000000000111e-01 2.333333333333333370e-01 0.000000000000000000e+00
2.000000000000000111e-01 2.500000000000000000e-01 0.000000000000000000e+00
2.000000000000000111e-01 2.666666666666666630e-01 0.000000000000000000e+00
2.000000000000000111e-01 2.833333333333333259e-01 0.000000000000000000e+00
2.000000000000000111e-01 2.999999999999999889e-01 0.000000000000000000e+00
2.000000000000000111e-01 3.166666666666666519e-01 0.000000000000000000e+00
2.000000000000000111e-01 3.333333333333333148e-01 0.000000000000000000e+00
2.000000000000000111e-01 3.499999999999999778e-01 0.000000000000000000e+00
2.000000000000000111e-01 3.666666666666666408e-01 0.000000000000000000e+00
2.000000000000000111e-01 3.833333333333333037e-01 0.000000000000000000e+00
2.000000000000000111e-01 4.000000000000000222e-01 0.000000000000000000e+00
2.000000000000000111e-01 4.166666666666666852e-01 0.000000000000000000e+00
2.000000000000000111e-01 4.333333333333333481e-01 0.000000000000000000e+00
2.000000000000000111e-01 4.500000000000000111e-01 0.000000000000000000e+00
2.000000000000000111e-01 4.666666666666666741e-01 0.000000000000000000e+00
2.000000000000000111e-01 4.833333333333333370e-01 0.000000000000000000e+00
2.000000000000000111e-01 5.000000000000000000e-01 0.000000000000000000e+00
2.000000000000000111e-01 5.166666666666666075e-01 0.000000000000000000e+00
2.000000000000000111e-01 5.333333333333333259e-01 0.000000000000000000e+00
2.000000000000000111e-01 5.500000000000000444e-01 0.000000000000000000e+00
2.000000000000000111e-01 5.666666666666666519e-01 0.000000000000000000e+00
2.000000000000000111e-01 5.833333333333333703e-01 0.000000000000000000e+00
2.000000000000000111e-01 5.999999999999999778e-01 0.000000000000000000e+00
2.000000000000000111e-01 6.166666666666666963e-01 0.000000000000000000e+00
2.000000000000000111e-01 6.333333333333333037e-01 0.000000000000000000e+00
2.000000000000000111e-01 6.500000000000000222e-01 0.000000000000000000e+00
2.000000000000000111e-01 6.666666666666666297e-01 0.000000000000000000e+00
2.000000000000000111e-01 6.833333333333333481e-01 0.000000000000000000e+00
2.000000000000000111e-01 6.999999999999999556e-01 0.000000000000000000e+00
2.000000000000000111e-01 7.166666666666666741e-01 0.000000000000000000e+00
2.000000000000000111e-01 7.333333333333332815e-01 0.000000000000000000e+00
2.000000000000000111e-01 7.500000000000000000e-01 0.000000000000000000e+00
2.000000000000000111e-01 7.666666666666666075e-01 0.000000000000000000e+00
2.000000000000000111e-01 7.833333333333333259e-01 0.000000000000000000e+00
2.000000000000000111e-01 8.000000000000000444e-01 0.000000000000000000e+00
2.000000000000000111e-01 8.166666666666666519e-01 0.000000000000000000e+00
2.000000000000000111e-01 8.333333333333333703e-01 0.000000000000000000e+00
2.000000000000000111e-01 8.499999999999999778e-01 0.000000000000000000e+00
2.000000000000000111e-01 8.666666666666666963e-01 0.000000000000000000e+00
2.000000000000000111e-01 8.833333333333333037e-01 0.000000000000000000e+00
2.000000000000000111e-01 9.000000000000000222e-01 0.000000000000000000e+00
2.000000000000000111e-01 9.166666666666666297e-01 0.000000000000000000e+00
2.000000000000000111e-01 9.333333333333333481e-01 0.000000000000000000e+00
2.000000000000000111e-01 9.499999999999999556e-01 0.000000000000000000e+00
2.000000000000000111e-01 9.666666666666666741e-01 0.000000000000000000e+00
2.000000000000000111e-01 9.833333333333332815e-01 0.000000000000000000e+00
2.000000000000000111e-01 1.000000000000000000e+00 0.000000000000000000e+00
3.000000000000000444e-01 1.000000000000000000e+00 7.731163044487285318e-06
3.000000000000000444e-01 1.221300944364512864e+00 5.490306156583884870e-06
3.000000000000000444e-01 1.491575996705650775e+00 4.141891769706924590e-06
3.000000000000000444e-01 1.821663173368050836e+00 3.224263305399137984e-06
3.000000000000000444e-01 2.224798953948455615e+00 2.521227887699078886e-06
3.000000000000000444e-01 2.717149063478428772e+00 2.027326069225860982e-06
3.000000000000000444e-01 3.318456717205357176e+00 1.613473696499886415e-06
3.000000000000000444e-01 4.052834322555662894e+00 1.297186510796930978e-06
3.000000000000000444e-01 4.949730385490141771e+00 1.033463498872597117e-06
3.000000000000000444e-01 6.045110394148835553e+00 8.293823486841408617e-07
3.000000000000000444e-01 7.382899033161703706e+00 6.792086179793532755e-07
3.000000000000000444e-01 9.016741561348236900e+00 5.478955932348520383e-07
3.000000000000000444e-01 1.101215498396535608e+01 4.448313783452964909e-07
3.000000000000000444e-01 1.344915528140526639e+01 3.599406025468348811e-07
3.000000000000000444e-01 1.642546604608521932e+01 2.900847897244011802e-07
3.000000000000000444e-01 2.006043719371112033e+01 2.517130502211619650e-07
3.000000000000000444e-01 2.449983088904438944e+01 2.042203560125481637e-07
3.000000000000000444e-01 2.677826381059030680e+01 1.918488818952780427e-07
3.000000000000000444e-01 2.992166660156077995e+01 1.810270303604458445e-07
3.000000000000000444e-01 3.062334784493148021e+01 1.701357785359629273e-07
3.000000000000000444e-01 3.446843187927265006e+01 1.724738236047459552e-07
3.000000000000000444e-01 3.654335967744628277e+01 1.505663821503983586e-07
3.000000000000000444e-01 3.831351591361382702e+01 1.505655557150705347e-07
3.000000000000000444e-01 4.215859994795499688e+01 1.410125867349875089e-07
3.000000000000000444e-01 4.463043968431718866e+01 1.406449003890882712e-07
3.000000000000000444e-01 4.600368398229616673e+01 1.422207021663969402e-07
3.000000000000000444e-01 4.984876801663733659e+01 1.353040522761164703e-07
3.000000000000000444e-01 5.369385205097850644e+01 1.340197509645370351e-07
3.000000000000000444e-01 5.753893608531968340e+01 1.276025123693736093e-07
3.000000000000000444e-01 6.138402011966086036e+01 1.460760530336884831e-07
3.000000000000000444e-01 6.522910415400203021e+01 1.396134650652899483e-07
3.000000000000000444e-01 6.907418818834320007e+01 1.453659955906758462e-07
3.000000000000000444e-01 7.291927222268436992e+01 1.521929635796759606e-07
3.000000000000000444e-01 7.676435625702553978e+01 1.619685921290061238e-07
3.000000000000000444e-01 8.060944029136670963e+01 1.623181042726720204e-07
3.000000000000000444e-01 8.445452432570789369e+01 1.766583291169036443e-07
3.000000000000000444e-01 8.829960836004906355e+01 1.909262068990739150e-07
3.000000000000000444e-01 9.214469239439023340e+01 2.017110158822887352e-07
3.000000000000000444e-01 9.598977642873140326e+01 2.144618051515404269e-07
3.000000000000000444e-01 9.983486046307257311e+01 2.366362988354436815e-07
3.000000000000000444e-01 1.036799444974137430e+02 2.553175340221189823e-07
3.000000000000000444e-01 1.075250285317549128e+02 2.690628365598008647e-07
3.000000000000000444e-01 1.113701125660960827e+02 2.871542709699275861e-07
3.000000000000000444e-01 1.152151966004372667e+02 3.098976474170261134e-07
3.000000000000000444e-01 1.190602806347784366e+02 3.225219672613688445e-07
3.000000000000000444e-01 1.229053646691196064e+02 3.381595739920217389e-07
3.000000000000000444e-01 1.267504487034607763e+02 3.539272218694018940e-07
3.000000000000000444e-01 1.305955327378019604e+02 3.502531836701048195e-07
3.000000000000000444e-01 1.344406167721431302e+02 3.519099731010408006e-07
3.000000000000000444e-01 1.382857008064843001e+02 3.567157020686683857e-07
3.000000000000000444e-01 1.421307848408254699e+02 3.535317227707915278e-07
3.000000000000000444e-01 1.459758688751666398e+02 3.424286519835006024e-07
3.000000000000000444e-01 1.498209529095078096e+02 3.216572578385254928e-07
3.000000000000000444e-01 1.536660369438489795e+02 3.148691515926935739e-07
3.000000000000000444e-01 1.575111209781901778e+02 2.627081082820341454e-07
3.000000000000000444e-01 1.613562050125313476e+02 2.357731919478476897e-07
3.000000000000000444e-01 1.652012890468725175e+02 1.859957310772140382e-07
3.000000000000000444e-01 1.690463730812136873e+02 1.483226570516925122e-07
3.000000000000000444e-01 1.728914571155548572e+02 8.581528676231645369e-08
3.000000000000000444e-01 1.767365411498960270e+02 3.432633079309513170e-08
3.000000000000000444e-01 1.785217587372687262e+02 0.000000000000000000e+00
4.000000000000000222e-01 1.000000000000000000e+00 6.411772315504007784e-05
4.000000000000000222e-01 1.260861144772953635e+00 4.451240124074777035e-05
4.000000000000000222e-01 1.589770826398162917e+00 3.283988898309359543e-05
4.000000000000000222e-01 2.004480264099032016e+00 2.495818705617341117e-05
4.000000000000000222e-01 2.527371280466697900e+00 1.907642163625850528e-05
4.000000000000000222e-01 3.186664245955526109e+00 1.500124656717568277e-05
4.000000000000000222e-01 4.017941129162525549e+00 1.169680499497954245e-05
4.000000000000000222e-01 5.066065851746196280e+00 9.145980385614580502e-06
4.000000000000000222e-01 6.387605589327876920e+00 7.241041647166437514e-06
4.000000000000000222e-01 8.053883695718063507e+00 5.731569220353989515e-06
4.000000000000000222e-01 1.015482901645130198e+01 4.548132058944706597e-06
4.000000000000000222e-01 1.280382933865639750e+01 3.463509924047858167e-06
4.000000000000000222e-01 1.614385091741583267e+01 2.970272929059757451e-06
4.000000000000000222e-01 2.035515434877682850e+01 2.378400910340509873e-06
4.000000000000000222e-01 2.566502321422890986e+01 1.854181821509827422e-06
4.000000000000000222e-01 3.236003055051710220e+01 1.552814298099015365e-06
4.000000000000000222e-01 4.080150516481273115e+01 1.437159845947433145e-06
4.000000000000000222e-01 4.907148710904110089e+01 1.413587666747545802e-06
4.000000000000000222e-01 5.144503251056534765e+01 1.381765794551777862e-06
4.000000000000000222e-01 5.611764936059572051e+01 1.437059668303508202e-06
4.000000000000000222e-01 6.316381161215034012e+01 1.438076774088415702e-06
4.000000000000000222e-01 6.486504258415325808e+01 1.587164525246476406e-06
4.000000000000000222e-01 7.020997386370495974e+01 1.631170662179941383e-06
4.000000000000000222e-01 7.725613611525957936e+01 1.722266482804789482e-06
4.000000000000000222e-01 8.178581184840184903e+01 1.867827652693964852e-06
4.000000000000000222e-01 8.430229836681419897e+01 1.899407206093868259e-06
4.000000000000000222e-01 9.134846061836881859e+01 2.307009942382477262e-06
4.000000000000000222e-01 9.839462286992343820e+01 2.683989531556708044e-06
4.000000000000000222e-01 1.054407851214780578e+02 3.067313712655400240e-06
4.000000000000000222e-01 1.124869473730326774e+02 3.672324111700757009e-06
4.000000000000000222e-01 1.195331096245872970e+02 4.243107660077923984e-06
4.000000000000000222e-01 1.265792718761419167e+02 4.917116207160743910e-06
4.000000000000000222e-01 1.336254341276965363e+02 5.527982042108662602e-06
4.000000000000000222e-01 1.406715963792511559e+02 6.168512822111407310e-06
4.000000000000000222e-01 1.477177586308057755e+02 6.623738834351283884e-06
4.000000000000000222e-01 1.547639208823603951e+02 7.110353669499678395e-06
4.000000000000000222e-01 1.618100831339150147e+02 7.506288763096200526e-06
4.000000000000000222e-01 1.688562453854696344e+02 7.890434532355837896e-06
4.000000000000000222e-01 1.759024076370242540e+02 8.163334186832057796e-06
4.000000000000000222e-01 1.829485698885788736e+02 8.416668795878333160e-06
4.000000000000000222e-01 1.899947321401334932e+02 8.597453044261730407e-06
4.000000000000000222e-01 1.970408943916881128e+02 8.740777699874221771e-06
4.000000000000000222e-01 2.040870566432427324e+02 8.901778633336033156e-06
4.000000000000000222e-01 2.111332188947973520e+02 8.949538037401793731e-06
4.000000000000000222e-01 2.181793811463519717e+02 8.826627102730339510e-06
4.000000000000000222e-01 2.252255433979065913e+02 8.623506236365620782e-06
4.000000000000000222e-01 2.322717056494612109e+02 8.324957146480856473e-06
4.000000000000000222e-01 2.393178679010158305e+02 7.925434392067553201e-06
4.000000000000000222e-01 2.463640301525704501e+02 7.463377753398238112e-06
4.000000000000000222e-01 2.534101924041250697e+02 6.896543371836470286e-06
4.000000000000000222e-01 2.604563546556796609e+02 6.297117045925600465e-06
4.000000000000000222e-01 2.675025169072342806e+02 5.753462324284696426e-06
4.000000000000000222e-01 2.745486791587889002e+02 5.158914612099336555e-06
4.000000000000000222e-01 2.815948414103435198e+02 4.415370834557855031e-06
4.000000000000000222e-01 2.886410036618981394e+02 3.800859684929886508e-06
4.000000000000000222e-01 2.956871659134527590e+02 3.123901078060150093e-06
4.000000000000000222e-01 3.027333281650073786e+02 2.364221865877906629e-06
4.000000000000000222e-01 3.097794904165619982e+02 1.704693527653105902e-06
4.000000000000000222e-01 3.168256526681166179e+02 1.000133595838686246e-06
4.000000000000000222e-01 3.238718149196712375e+02 3.078702873727961925e-07
4.000000000000000222e-01 3.271432473936073393e+02 0.000000000000000000e+00
5.000000000000000000e-01 1.000000000000000000e+00 2.208029815312828506e-04
5.000000000000000000e-01 1.278361114282095201e+00 1.504877404022827894e-04
5.000000000000000000e-01 1.634207138508559920e+00 1.098240479967330774e-04
5.000000000000000000e-01 2.089106858551557089e+00 8.233425421396709843e-05
5.000000000000000000e-01 2.670632971552335810e+00 6.310900435088269975e-05
5.000000000000000000e-01 3.414033341352146422e+00 4.871031305302530169e-05
5.000000000000000000e-01 4.364367466447155230e+00 3.741336249787435798e-05
5.000000000000000000e-01 5.579237657543909101e+00 2.897936758009785817e-05
5.000000000000000000e-01 7.132280468742457913e+00 2.246699552465252248e-05
5.000000000000000000e-01 9.117630007394033953e+00 1.748405730421070045e-05
5.000000000000000000e-01 1.165562365586410287e+01 1.375044960993319606e-05
5.000000000000000000e-01 1.490009604436317936e+01 1.068699277694514601e-05
5.000000000000000000e-01 1.904770338218235892e+01 8.580306597018383936e-06
5.000000000000000000e-01 2.434984332016146880e+01 7.335765302612982339e-06
5.000000000000000000e-01 3.112789283935603990e+01 6.098701117511541275e-06
5.000000000000000000e-01 3.979268777537285473e+01 5.281462125497054072e-06
5.000000000000000000e-01 5.086942468480513924e+01 4.807615817620006544e-06
5.000000000000000000e-01 6.376299839975899886e+01 5.478279566853549507e-06
5.000000000000000000e-01 6.502949442295660276e+01 5.596782389402174522e-06
5.000000000000000000e-01 7.291871099049362215e+01 5.958722500577596107e-06
5.000000000000000000e-01 8.207442358122824544e+01 6.825104183677904737e-06
5.000000000000000000e-01 8.313117695173212951e+01 6.867052703093603840e-06
5.000000000000000000e-01 9.123013617196286873e+01 8.188681418146791005e-06
5.000000000000000000e-01 1.003858487626974920e+02 9.929203732521615737e-06
5.000000000000000000e-01 1.062716639995982888e+02 1.138392622908191797e-05
5.000000000000000000e-01 1.095415613534321153e+02 1.230789305262626411e-05
5.000000000000000000e-01 1.186972739441667528e+02 1.531385950096709317e-05
5.000000000000000000e-01 1.278529865349013761e+02 1.812560084381285467e-05
5.000000000000000000e-01 1.370086991256359852e+02 2.162629939546486393e-05
5.000000000000000000e-01 1.461644117163706369e+02 2.447354129253231938e-05
5.000000000000000000e-01 1.553201243071052318e+02 2.661779446829725708e-05
5.000000000000000000e-01 1.644758368978398835e+02 2.875463863160053027e-05
5.000000000000000000e-01 1.736315494885745068e+02 3.085133047997521343e-05
5.000000000000000000e-01 1.827872620793091301e+02 3.286414211655207663e-05
5.000000000000000000e-01 1.919429746700437533e+02 3.473739707061376455e-05
5.000000000000000000e-01 2.010986872607783766e+02 3.637593817764158175e-05
5.000000000000000000e-01 2.102543998515129999e+02 3.769688674089627313e-05
5.000000000000000000e-01 2.194101124422476232e+02 3.846694478921428478e-05
5.000000000000000000e-01 2.285658250329822465e+02 3.848279778227076174e-05
5.000000000000000000e-01 2.377215376237168698e+02 3.785809791965074987e-05
5.000000000000000000e-01 2.468772502144514931e+02 3.689746854465750231e-05
5.000000000000000000e-01 2.560329628051861164e+02 3.569625150112426656e-05
5.000000000000000000e-01 2.651886753959207681e+02 3.411110380627378378e-05
5.000000000000000000e-01 2.743443879866553630e+02 3.243660859076608586e-05
5.000000000000000000e-01 2.835001005773900147e+02 3.065399223842574071e-05
5.000000000000000000e-01 2.926558131681246095e+02 2.849365814791795961e-05
5.000000000000000000e-01 3.018115257588592613e+02 2.647456097353179477e-05
5.000000000000000000e-01 3.109672383495939130e+02 2.400997828402701197e-05
5.000000000000000000e-01 3.201229509403285078e+02 2.170600099217473485e-05
5.000000000000000000e-01 3.292786635310631027e+02 1.945815051466585107e-05
5.000000000000000000e-01 3.384343761217977544e+02 1.712069956185223864e-05
5.000000000000000000e-01 3.475900887125323493e+02 1.490457981329100402e-05
5.000000000000000000e-01 3.567458013032670010e+02 1.269207889669410421e-05
5.000000000000000000e-01 3.659015138940016527e+02 1.068832655066232108e-05
5.000000000000000000e-01 3.750572264847362476e+02 8.694035707878690949e-06
5.000000000000000000e-01 3.842129390754708993e+02 6.899452778734016077e-06
5.000000000000000000e-01 3.933686516662054942e+02 5.128725589832260786e-06
5.000000000000000000e-01 4.025243642569401459e+02 3.570988064809382857e-06
5.000000000000000000e-01 4.116800768476747407e+02 2.017634425272393308e-06
5.000000000000000000e-01 4.208357894384093925e+02 6.363770154690082934e-07
5.000000000000000000e-01 4.250866559983933257e+02 0.000000000000000000e+00
6.000000000000000888e-01 1.000000000000000000e+00 5.503764936331068201e-04
6.000000000000000888e-01 1.289060162481018512e+00 3.712213820367589196e-04
6.000000000000000888e-01 1.661676102495589946e+00 2.687384927828170757e-04
6.000000000000000888e-01 2.142000466673790626e+00 2.006053557955646087e-04
6.000000000000000888e-01 2.761167469604933977e+00 1.517179537768484864e-04
6.000000000000000888e-01 3.559310987006238935e+00 1.161431689180059281e-04
6.000000000000000888e-01 4.588165999230736425e+00 8.886939963516501343e-05
6.000000000000000888e-01 5.914422008458258162e+00 6.770198110428457343e-05
6.000000000000000888e-01 7.624045795204514420e+00 5.280536523825469310e-05
6.000000000000000888e-01 9.827853711529057179e+00 4.089470184778336021e-05
6.000000000000000888e-01 1.266869470222332517e+01 3.127997580950924231e-05
6.000000000000000888e-01 1.633070965127042484e+01 2.498570872987257536e-05
6.000000000000000888e-01 2.105126723649698306e+01 1.956996987896165348e-05
6.000000000000000888e-01 2.713634996431015267e+01 1.602303240106416429e-05
6.000000000000000888e-01 3.498038769413541615e+01 1.374800501792382179e-05
6.000000000000000888e-01 4.509182424465123518e+01 1.267053762057865792e-05
6.000000000000000888e-01 5.812607428737563708e+01 1.261230862783097616e-05
6.000000000000000888e-01 7.470364694968438357e+01 1.459954737312827419e-05
6.000000000000000888e-01 7.492800676526817938e+01 1.550849867501578891e-05
6.000000000000000888e-01 8.543032446040830052e+01 1.821021010243938326e-05
6.000000000000000888e-01 9.615700197113220327e+01 2.221148767994126849e-05
6.000000000000000888e-01 9.658670857521548214e+01 2.287420253417035481e-05
6.000000000000000888e-01 1.068836794818561202e+02 2.965208793438019571e-05
6.000000000000000888e-01 1.176103569925800230e+02 3.749427465174527967e-05
6.000000000000000888e-01 1.245060782494740295e+02 4.384638386968504875e-05
6.000000000000000888e-01 1.283370345033039257e+02 4.731030856389611326e-05
6.000000000000000888e-01 1.390637120140278569e+02 5.694181258086051129e-05
6.000000000000000888e-01 1.497903895247517596e+02 6.527011000165306722e-05
6.000000000000000888e-01 1.605170670354756908e+02 7.321660391209945803e-05
6.000000000000000888e-01 1.712437445461995935e+02 7.961000760493685418e-05
6.000000000000000888e-01 1.819704220569234963e+02 8.613631951034974037e-05
6.000000000000000888e-01 1.926970995676473990e+02 9.258580743392775159e-05
6.000000000000000888e-01 2.034237770783713302e+02 9.864108599259519895e-05
6.000000000000000888e-01 2.141504545890952329e+02 1.037349248977250917e-04
6.000000000000000888e-01 2.248771320998191356e+02 1.058463536008268579e-04
6.000000000000000888e-01 2.356038096105430668e+02 1.069909747673275686e-04
6.000000000000000888e-01 2.463304871212669696e+02 1.052399594322132962e-04
6.000000000000000888e-01 2.570571646319908723e+02 1.026938618100159298e-04
6.000000000000000888e-01 2.677838421427147750e+02 9.913667492534173741e-05
6.000000000000000888e-01 2.785105196534386778e+02 9.568409021470598624e-05
6.000000000000000888e-01 2.892371971641625805e+02 9.088822464594965725e-05
6.000000000000000888e-01 2.999638746748865401e+02 8.568779176215210610e-05
6.000000000000000888e-01 3.106905521856104428e+02 7.968543206126235787e-05
6.000000000000000888e-01 3.214172296963343456e+02 7.390848250984900878e-05
6.000000000000000888e-01 3.321439072070583052e+02 6.684193203392047998e-05
6.000000000000000888e-01 3.428705847177822079e+02 6.082013541437564615e-05
6.000000000000000888e-01 3.535972622285061107e+02 5.428099498221977269e-05
6.000000000000000888e-01 3.643239397392300134e+02 4.831031838681681267e-05
6.000000000000000888e-01 3.750506172499539161e+02 4.264325006704830447e-05
6.000000000000000888e-01 3.857772947606778189e+02 3.718598251757814426e-05
6.000000000000000888e-01 3.965039722714017216e+02 3.225134655123968391e-05
6.000000000000000888e-01 4.072306497821256244e+02 2.725103582374452130e-05
6.000000000000000888e-01 4.179573272928495271e+02 2.289799179353309137e-05
6.000000000000000888e-01 4.286840048035734299e+02 1.870420558058715976e-05
6.000000000000000888e-01 4.394106823142973326e+02 1.499726465477458905e-05
6.000000000000000888e-01 4.501373598250212353e+02 1.156670049669641592e-05
6.000000000000000888e-01 4.608640373357452518e+02 8.502760125715084930e-06
6.000000000000000888e-01 4.715907148464691545e+02 5.720801449291498762e-06
6.000000000000000888e-01 4.823173923571930573e+02 3.206205444343457201e-06
6.000000000000000888e-01 4.930440698679169600e+02 9.616035796480797251e-07
6.000000000000000888e-01 4.980243129978959473e+02 0.000000000000000000e+00
7.000000000000000666e-01 1.000000000000000000e+00 1.042149540273067197e-03
7.000000000000000666e-01 1.295662882897076429e+00 6.987639925514657450e-04
7.000000000000000666e-01 1.678742306117163352e+00 5.043757204424115063e-04
7.000000000000000666e-01 2.175084095985050148e+00 3.732811936713235457e-04
7.000000000000000666e-01 2.818175730347571850e+00 2.813925347308034110e-04
7.000000000000000666e-01 3.651405691292709310e+00 2.150325393352481578e-04
7.000000000000000666e-01 4.730990824607103740e+00 1.633226574500505428e-04
7.000000000000000666e-01 6.129769210770057875e+00 1.236705884584596272e-04
7.000000000000000666e-01 7.942114447120070864e+00 9.646620786681116039e-05
7.000000000000000666e-01 1.029030290085411181e+01 7.480492046010781655e-05
7.000000000000000666e-01 1.333276352240478957e+01 5.728453431467269569e-05
7.000000000000000666e-01 1.727476682242397032e+01 4.550821711626939944e-05
7.000000000000000666e-01 2.238227418251660339e+01 3.729713457285978539e-05
7.000000000000000666e-01 2.899988189311227060e+01 3.034236673549530966e-05
7.000000000000000666e-01 3.757407057730457467e+01 2.574913203985221378e-05
7.000000000000000666e-01 4.868332860636866855e+01 2.377012638620440034e-05
7.000000000000000666e-01 6.307718189115334440e+01 2.477341844296032322e-05
7.000000000000000666e-01 8.172676333411502014e+01 3.278478217944651401e-05
7.000000000000000666e-01 8.231890509060237093e+01 3.248986202696442461e-05
7.000000000000000666e-01 9.413905556515040018e+01 4.185303388839758866e-05
7.000000000000000666e-01 1.058903337913265545e+02 5.526292122783210985e-05
7.000000000000000666e-01 1.059592060396984436e+02 5.511786005227795212e-05
7.000000000000000666e-01 1.177793565142464729e+02 7.331360775683556106e-05
7.000000000000000666e-01 1.295995069887945021e+02 9.351204033647674821e-05
7.000000000000000666e-01 1.371981751510039089e+02 1.065195480908780770e-04
7.000000000000000666e-01 1.414196574633425314e+02 1.136784376344131427e-04
7.000000000000000666e-01 1.532398079378905891e+02 1.328345504403783046e-04
7.000000000000000666e-01 1.650599584124386183e+02 1.481019971637443278e-04
7.000000000000000666e-01 1.768801088869866476e+02 1.624810606128905934e-04
7.000000000000000666e-01 1.887002593615346768e+02 1.775214850688999334e-04
7.000000000000000666e-01 2.005204098360827061e+02 1.936522495009010002e-04
7.000000000000000666e-01 2.123405603106307353e+02 2.064136064976833374e-04
7.000000000000000666e-01 2.241607107851787646e+02 2.142725022903996192e-04
7.000000000000000666e-01 2.359808612597267938e+02 2.165733095602952185e-04
7.000000000000000666e-01 2.478010117342748231e+02 2.161029307494303261e-04
7.000000000000000666e-01 2.596211622088228523e+02 2.128898579282869122e-04
7.000000000000000666e-01 2.714413126833708816e+02 2.064714949950145230e-04
7.000000000000000666e-01 2.832614631579189108e+02 1.994486824904230819e-04
7.000000000000000666e-01 2.950816136324669401e+02 1.906100801009752432e-04
7.000000000000000666e-01 3.069017641070149693e+02 1.791632640265981976e-04
7.000000000000000666e-01 3.187219145815629986e+02 1.668859540236030357e-04
7.000000000000000666e-01 3.305420650561110847e+02 1.537245877690707945e-04
7.000000000000000666e-01 3.423622155306590571e+02 1.409693470805311840e-04
7.000000000000000666e-01 3.541823660052070863e+02 1.275788288995512285e-04
7.000000000000000666e-01 3.660025164797551724e+02 1.146251888939331365e-04
7.000000000000000666e-01 3.778226669543032017e+02 1.020900584272305898e-04
7.000000000000000666e-01 3.896428174288512309e+02 9.051419744352292424e-05
7.000000000000000666e-01 4.014629679033992602e+02 7.930963121608189468e-05
7.000000000000000666e-01 4.132831183779472894e+02 6.861240059296897962e-05
7.000000000000000666e-01 4.251032688524953187e+02 5.887485051671829820e-05
7.000000000000000666e-01 4.369234193270433479e+02 4.990070304695316708e-05
7.000000000000000666e-01 4.487435698015913772e+02 4.190671596538963768e-05
7.000000000000000666e-01 4.605637202761394065e+02 3.445611869813363488e-05
7.000000000000000666e-01 4.723838707506874357e+02 2.786699332026514638e-05
7.000000000000000666e-01 4.842040212252354650e+02 2.199425754448013702e-05
7.000000000000000666e-01 4.960241716997834942e+02 1.678033227393703163e-05
7.000000000000000666e-01 5.078443221743315235e+02 1.210398946309964248e-05
7.000000000000000666e-01 5.196644726488796096e+02 7.958170326737986378e-06
7.000000000000000666e-01 5.314846231234275820e+02 4.414878108924058381e-06
7.000000000000000666e-01 5.433047735979756681e+02 1.292480263378249754e-06
7.000000000000000666e-01 5.487927006040158631e+02 0.000000000000000000e+00
8.000000000000000444e-01 1.000000000000000000e+00 1.559611020774163883e-03
8.000000000000000444e-01 1.299553208206100319e+00 1.041941402388837533e-03
8.000000000000000444e-01 1.688838540958767620e+00 7.505975740474430270e-04
8.000000000000000444e-01 2.194735544045076203e+00 5.545689900696455918e-04
8.000000000000000444e-01 2.852175617427739063e+00 4.172078398710453288e-04
8.000000000000000444e-01 3.706553973995432738e+00 3.171810486522222091e-04
8.000000000000000444e-01 4.816864108294836022e+00 2.397151007875950306e-04
8.000000000000000444e-01 6.259771205427369978e+00 1.840756844368068065e-04
8.000000000000000444e-01 8.134905752649304489e+00 1.416348436890259971e-04
8.000000000000000444e-01 1.057174286930966467e+01 1.092978096922233514e-04
8.000000000000000444e-01 1.373854236214133628e+01 8.449709694194539814e-05
8.000000000000000444e-01 1.785396680279618664e+01 6.551383813732956701e-05
8.000000000000000444e-01 2.320217983777900628e+01 5.242694768950975539e-05
8.000000000000000444e-01 3.015246724556059732e+01 4.312339587488187351e-05
8.000000000000000444e-01 3.918473554429762373e+01 3.658274223050432902e-05
8.000000000000000444e-01 5.092264878929958627e+01 3.490963526976770601e-05
8.000000000000000444e-01 6.617669160448676280e+01 3.957711428629747080e-05
8.000000000000000444e-01 8.600013188307646317e+01 5.244123128036563559e-05
8.000000000000000444e-01 8.714420235100588741e+01 5.413114502915573184e-05
8.000000000000000444e-01 9.965721602191955242e+01 7.113103260252635809e-05
8.000000000000000444e-01 1.117617472947997328e+02 9.537061720464522457e-05
8.000000000000000444e-01 1.121702296928332316e+02 9.765586365889506446e-05
8.000000000000000444e-01 1.246832433637468966e+02 1.295749253590751219e-04
8.000000000000000444e-01 1.371962570346605617e+02 1.608795662845868520e-04
8.000000000000000444e-01 1.452403372516764364e+02 1.814712682253922800e-04
8.000000000000000444e-01 1.497092707055742267e+02 1.923537509425487645e-04
8.000000000000000444e-01 1.622222843764878917e+02 2.182706134877031388e-04
8.000000000000000444e-01 1.747352980474015567e+02 2.437109350549425282e-04
8.000000000000000444e-01 1.872483117183152217e+02 2.710093684177373508e-04
8.000000000000000444e-01 1.997613253892288867e+02 2.968118109962420738e-04
8.000000000000000444e-01 2.122743390601425517e+02 3.198638723208950801e-04
8.000000000000000444e-01 2.247873527310562167e+02 3.334793529200787642e-04
8.000000000000000444e-01 2.373003664019699386e+02 3.390655585826865548e-04
8.000000000000000444e-01 2.498133800728836036e+02 3.400373511154436423e-04
8.000000000000000444e-01 2.623263937437972686e+02 3.367786639927204326e-04
8.000000000000000444e-01 2.748394074147109336e+02 3.281313576336811937e-04
8.000000000000000444e-01 2.873524210856245986e+02 3.179587931414244121e-04
8.000000000000000444e-01 2.998654347565382636e+02 3.039094265536269402e-04
8.000000000000000444e-01 3.123784484274519286e+02 2.863944022419434576e-04
8.000000000000000444e-01 3.248914620983655936e+02 2.670473705994468754e-04
8.000000000000000444e-01 3.374044757692792587e+02 2.455788353795081212e-04
8.000000000000000444e-01 3.499174894401929237e+02 2.248665670360826914e-04
8.000000000000000444e-01 3.624305031111065887e+02 2.039846401142979293e-04
8.000000000000000444e-01 3.749435167820202537e+02 1.824032605879599375e-04
8.000000000000000444e-01 3.874565304529339755e+02 1.629606877037833494e-04
8.000000000000000444e-01 3.999695441238476405e+02 1.438875008556241865e-04
8.000000000000000444e-01 4.124825577947613056e+02 1.261979035676968040e-04
8.000000000000000444e-01 4.249955714656749706e+02 1.094508899882744605e-04
8.000000000000000444e-01 4.375085851365886356e+02 9.407647034822609090e-05
8.000000000000000444e-01 4.500215988075023006e+02 8.003970976274515611e-05
8.000000000000000444e-01 4.625346124784159656e+02 6.703984825665622045e-05
8.000000000000000444e-01 4.750476261493296306e+02 5.586083896613715309e-05
8.000000000000000444e-01 4.875606398202432956e+02 4.551323206474027053e-05
8.000000000000000444e-01 5.000736534911569606e+02 3.639198236330373792e-05
8.000000000000000444e-01 5.125866671620706256e+02 2.830583758481910634e-05
8.000000000000000444e-01 5.250996808329842906e+02 2.137201184111494636e-05
8.000000000000000444e-01 5.376126945038979557e+02 1.537825501676611428e-05
8.000000000000000444e-01 5.501257081748116207e+02 1.002975313517420336e-05
8.000000000000000444e-01 5.626387218457252857e+02 5.502009869566612651e-06
8.000000000000000444e-01 5.751517355166389507e+02 1.631353214782205352e-06
8.000000000000000444e-01 5.809613490067059729e+02 0.000000000000000000e+00
9.000000000000000222e-01 1.000000000000000000e+00 1.938220605082025547e-03
9.000000000000000222e-01 1.301576912764694338e+00 1.293146193450115094e-03
9.000000000000000222e-01 1.694102459842072861e+00 9.297594589554795778e-04
9.000000000000000222e-01 2.205004649588319765e+00 6.874007432116586774e-04
9.000000000000000222e-01 2.869983144442961986e+00 5.146947467623919428e-04
9.000000000000000222e-01 3.735503800830780374e+00 3.905804760397489791e-04
9.000000000000000222e-01 4.862045504706109078e+00 2.960261238247675116e-04
9.000000000000000222e-01 6.328326177736837366e+00 2.254274145268132606e-04
9.000000000000000222e-01 8.236803249386712267e+00 1.730304930204082056e-04
9.000000000000000222e-01 1.072083294438696122e+01 1.352344520883019070e-04
9.000000000000000222e-01 1.395398864602120703e+01 1.055201536324229923e-04
9.000000000000000222e-01 1.816218946264187650e+01 8.145848968940487544e-05
9.000000000000000222e-01 2.363948648983287981e+01 6.346926646403132594e-05
9.000000000000000222e-01 3.076860984477939098e+01 5.524957356023156883e-05
9.000000000000000222e-01 4.004771221182932806e+01 4.807041106069154018e-05
9.000000000000000222e-01 5.212517762396176124e+01 4.466151026678487834e-05
9.000000000000000222e-01 6.784492776910748546e+01 5.020119557944450838e-05
9.000000000000000222e-01 8.830539163245863676e+01 6.937465258132832085e-05
9.000000000000000222e-01 8.975902870911943410e+01 7.156581907828999875e-05
9.000000000000000222e-01 1.026475046263263238e+02 9.694362942979547191e-05
9.000000000000000222e-01 1.149362590214528126e+02 1.299791161366035453e-04
9.000000000000000222e-01 1.155359805435332134e+02 1.316241973372293741e-04
9.000000000000000222e-01 1.284244564607401173e+02 1.729005861528321920e-04
9.000000000000000222e-01 1.413129323779469928e+02 2.159846473810239078e-04
9.000000000000000222e-01 1.495983811818656761e+02 2.415194475351811580e-04
9.000000000000000222e-01 1.542014082951538967e+02 2.542260664189454050e-04
9.000000000000000222e-01 1.670898842123608006e+02 2.881361317018510653e-04
9.000000000000000222e-01 1.799783601295677045e+02 3.222108496180626645e-04
9.000000000000000222e-01 1.928668360467745799e+02 3.566370607117568914e-04
9.000000000000000222e-01 2.057553119639814554e+02 3.896527097644099944e-04
9.000000000000000222e-01 2.186437878811883593e+02 4.160663178079992476e-04
9.000000000000000222e-01 2.315322637983952632e+02 4.328231070828491385e-04
9.000000000000000222e-01 2.444207397156021671e+02 4.362297754304651732e-04
9.000000000000000222e-01 2.573092156328090141e+02 4.345618292775597913e-04
9.000000000000000222e-01 2.701976915500159748e+02 4.275014554222996430e-04
9.000000000000000222e-01 2.830861674672228219e+02 4.168551668300627235e-04
9.000000000000000222e-01 2.959746433844297258e+02 4.032589568378512818e-04
9.000000000000000222e-01 3.088631193016366296e+02 3.834286959013011049e-04
9.000000000000000222e-01 3.217515952188434767e+02 3.588607641274846110e-04
9.000000000000000222e-01 3.346400711360504374e+02 3.299893473145251092e-04
9.000000000000000222e-01 3.475285470532572845e+02 3.048023431445508191e-04
9.000000000000000222e-01 3.604170229704641883e+02 2.774063554169936400e-04
9.000000000000000222e-01 3.733054988876710922e+02 2.508438520085744207e-04
9.000000000000000222e-01 3.861939748048779961e+02 2.240472609324232426e-04
9.000000000000000222e-01 3.990824507220849000e+02 1.990389374719108242e-04
9.000000000000000222e-01 4.119709266392917471e+02 1.742655597635303676e-04
9.000000000000000222e-01 4.248594025564986509e+02 1.522569664156055006e-04
9.000000000000000222e-01 4.377478784737055548e+02 1.314836901318742839e-04
9.000000000000000222e-01 4.506363543909124587e+02 1.124879851054506587e-04
9.000000000000000222e-01 4.635248303081193626e+02 9.506422331049021307e-05
9.000000000000000222e-01 4.764133062253262096e+02 7.966225874817743592e-05
9.000000000000000222e-01 4.893017821425331135e+02 6.562918764778952348e-05
9.000000000000000222e-01 5.021902580597400174e+02 5.329549997366649604e-05
9.000000000000000222e-01 5.150787339769469781e+02 4.235987875236672963e-05
9.000000000000000222e-01 5.279672098941538252e+02 3.266056296082672767e-05
9.000000000000000222e-01 5.408556858113606722e+02 2.449134917852676378e-05
9.000000000000000222e-01 5.537441617285676330e+02 1.759702414637697324e-05
9.000000000000000222e-01 5.666326376457744800e+02 1.143849195058497923e-05
9.000000000000000222e-01 5.795211135629813270e+02 6.238714839941380793e-06
9.000000000000000222e-01 5.924095894801882878e+02 1.816976652304783564e-06
9.000000000000000222e-01 5.983935247274629319e+02 0.000000000000000000e+00
1.000000000000000000e+00 1.000000000000000000e+00 2.073244901769458713e-03
1.000000000000000000e+00 1.302201855285010978e+00 1.384209009762882737e-03
1.000000000000000000e+00 1.695729671907724612e+00 9.953609606936472849e-04
1.000000000000000000e+00 2.208182324820081810e+00 7.342733284563416826e-04
1.000000000000000000e+00 2.875499120188279356e+00 5.508738389075240778e-04
1.000000000000000000e+00 3.744480289179594301e+00 4.167269979360638840e-04
1.000000000000000000e+00 4.876069179647821272e+00 3.137707233928244284e-04
1.000000000000000000e+00 6.349626332235454917e+00 2.423790406688230775e-04
1.000000000000000000e+00 8.268495190203568157e+00 1.834343121918252943e-04
1.000000000000000000e+00 1.076724977709827513e+01 1.440996483151573543e-04
1.000000000000000000e+00 1.402113263605449944e+01 1.110540646157066224e-04
1.000000000000000000e+00 1.825834493186738072e+01 8.525487081232619964e-05
1.000000000000000000e+00 2.377605064471137553e+01 6.719592199634129032e-05
1.000000000000000000e+00 3.096121726089354453e+01 5.700303180324281537e-05
1.000000000000000000e+00 4.031775455901787097e+01 4.760125139927356438e-05
1.000000000000000000e+00 5.250185478767880198e+01 4.875404550725435834e-05
1.000000000000000000e+00 6.836801271041954919e+01 5.240542861567844870e-05
1.000000000000000000e+00 8.902895299365754056e+01 7.521786074495757685e-05
1.000000000000000000e+00 9.058142235013391996e+01 7.842854712631735755e-05
1.000000000000000000e+00 1.035879855593839238e+02 1.045741550007821529e-04
1.000000000000000000e+00 1.159336677624228571e+02 1.418636617480599613e-04
1.000000000000000000e+00 1.165945487686339135e+02 1.425070061120088172e-04
1.000000000000000000e+00 1.296011119778839316e+02 1.910211928499657189e-04
1.000000000000000000e+00 1.426076751871339070e+02 2.362984667987624518e-04
1.000000000000000000e+00 1.509690372502231526e+02 2.635936213137031318e-04
1.000000000000000000e+00 1.556142383963839109e+02 2.765603727679947165e-04
1.000000000000000000e+00 1.686208016056339147e+02 3.127597447934355487e-04
1.000000000000000000e+00 1.816273648148838902e+02 3.497709775785049695e-04
1.000000000000000000e+00 1.946339280241339225e+02 3.885004059552337407e-04
1.000000000000000000e+00 2.076404912333838979e+02 4.242316240399086804e-04
1.000000000000000000e+00 2.206470544426339018e+02 4.531629087282560645e-04
1.000000000000000000e+00 2.336536176518839056e+02 4.681796528379221132e-04
1.000000000000000000e+00 2.466601808611339095e+02 4.731755427241552173e-04
1.000000000000000000e+00 2.596667440703839134e+02 4.703474619516062822e-04
1.000000000000000000e+00 2.726733072796338888e+02 4.626185755562718400e-04
1.000000000000000000e+00 2.856798704888839211e+02 4.494912356736061152e-04
1.000000000000000000e+00 2.986864336981338965e+02 4.332164747905984325e-04
1.000000000000000000e+00 3.116929969073838720e+02 4.112222800744350939e-04
1.000000000000000000e+00 3.246995601166339043e+02 3.838870482631411159e-04
1.000000000000000000e+00 3.377061233258838797e+02 3.560712368384754399e-04
1.000000000000000000e+00 3.507126865351339120e+02 3.258942248908938515e-04
1.000000000000000000e+00 3.637192497443838874e+02 2.962505702888613458e-04
1.000000000000000000e+00 3.767258129536338629e+02 2.679539852182685408e-04
1.000000000000000000e+00 3.897323761628838383e+02 2.372608850274391811e-04
1.000000000000000000e+00 4.027389393721339275e+02 2.121788886946785434e-04
1.000000000000000000e+00 4.157455025813839029e+02 1.855671706569269111e-04
1.000000000000000000e+00 4.287520657906338784e+02 1.615742057912268007e-04
1.000000000000000000e+00 4.417586289998838538e+02 1.376689668931400132e-04
1.000000000000000000e+00 4.547651922091338292e+02 1.197461550086715226e-04
1.000000000000000000e+00 4.677717554183839184e+02 1.014495891037666336e-04
1.000000000000000000e+00 4.807783186276338938e+02 8.509718218395912349e-05
1.000000000000000000e+00 4.937848818368838693e+02 6.941534982079091787e-05
1.000000000000000000e+00 5.067914450461338447e+02 5.733496631789605883e-05
1.000000000000000000e+00 5.197980082553838201e+02 4.343812518307120458e-05
1.000000000000000000e+00 5.328045714646339093e+02 3.497852188034123860e-05
1.000000000000000000e+00 5.458111346738838847e+02 2.528729581917656518e-05
1.000000000000000000e+00 5.588176978831338602e+02 1.860083162468601051e-05
1.000000000000000000e+00 5.718242610923838356e+02 1.270308440699667482e-05
1.000000000000000000e+00 5.848308243016338110e+02 6.116439856736209859e-06
1.000000000000000000e+00 5.978373875108839002e+02 1.728913619881136439e-06
1.000000000000000000e+00 6.038761490008928376e+02 0.000000000000000000e+00
