# mx [GeV]: 100000.0
# sigma_p [cm^2]: 7.94328234724e-30
# depth [m]: 10.6
# target: full
# Columns: gamma/pi, v [km/s], f(v, gamma) [s/km]
0.000000000000000000e+00 1.000000000000000000e+00 1.487772581509948320e-03
0.000000000000000000e+00 1.263357431629034799e+00 1.008062353561335915e-03
0.000000000000000000e+00 1.596072000052311424e+00 7.337521921961841567e-04
0.000000000000000000e+00 2.016409422681105124e+00 5.502840688692019590e-04
0.000000000000000000e+00 2.547445829350985846e+00 4.188479172667827354e-04
0.000000000000000000e+00 3.218334620182957906e+00 3.217269954487011595e-04
0.000000000000000000e+00 4.065906959877146676e+00 2.484767084148551764e-04
0.000000000000000000e+00 5.136693774073009422e+00 1.932722315060742143e-04
0.000000000000000000e+00 6.489480253477731608e+00 1.509761735500473657e-04
0.000000000000000000e+00 8.198533105640963825e+00 1.181613744587350115e-04
0.000000000000000000e+00 1.035767772746818416e+01 9.286240505916916888e-05
0.000000000000000000e+00 1.308544913141546573e+01 7.351184318231157762e-05
0.000000000000000000e+00 1.653159940637742409e+01 5.883502121324292201e-05
0.000000000000000000e+00 2.088531896676105504e+01 4.790708578576082654e-05
0.000000000000000000e+00 2.638562292860041936e+01 4.041510316816612688e-05
0.000000000000000000e+00 3.333447281500880877e+01 3.497124666333531348e-05
0.000000000000000000e+00 4.211335396027740074e+01 3.274926039292122912e-05
0.000000000000000000e+00 5.095065824772478180e+01 3.331058783468260749e-05
0.000000000000000000e+00 5.320421869654048663e+01 3.423382553164590022e-05
0.000000000000000000e+00 5.826665020124423933e+01 3.607739938360614984e-05
0.000000000000000000e+00 6.558264215476368975e+01 4.043356884262216657e-05
0.000000000000000000e+00 6.721594508429087966e+01 4.163029422699878927e-05
0.000000000000000000e+00 7.289863410828314727e+01 4.679235497466842228e-05
0.000000000000000000e+00 8.021462606180260480e+01 5.536008666247665901e-05
0.000000000000000000e+00 8.491776374620795309e+01 6.208610765524797185e-05
0.000000000000000000e+00 8.753061801532206232e+01 6.632228944833268585e-05
0.000000000000000000e+00 9.484660996884150563e+01 7.996599746818775617e-05
0.000000000000000000e+00 1.021626019223609774e+02 9.376168918449920926e-05
0.000000000000000000e+00 1.094785938758804207e+02 1.076851689749187569e-04
0.000000000000000000e+00 1.167945858293998924e+02 1.194894262022165522e-04
0.000000000000000000e+00 1.241105777829193357e+02 1.276997185483347633e-04
0.000000000000000000e+00 1.314265697364388075e+02 1.336178728700361431e-04
0.000000000000000000e+00 1.387425616899582508e+02 1.356720085738770799e-04
0.000000000000000000e+00 1.460585536434776941e+02 1.394333175112626481e-04
0.000000000000000000e+00 1.533745455969971658e+02 1.418975074555504673e-04
0.000000000000000000e+00 1.606905375505166091e+02 1.429387238174494241e-04
0.000000000000000000e+00 1.680065295040360809e+02 1.437774669575539661e-04
0.000000000000000000e+00 1.753225214575555242e+02 1.441741577637416108e-04
0.000000000000000000e+00 1.826385134110749959e+02 1.425699231626780254e-04
0.000000000000000000e+00 1.899545053645944392e+02 1.386586211261277984e-04
0.000000000000000000e+00 1.972704973181139110e+02 1.341685620765659212e-04
0.000000000000000000e+00 2.045864892716333543e+02 1.285337140690188235e-04
0.000000000000000000e+00 2.119024812251528260e+02 1.222270667112383745e-04
0.000000000000000000e+00 2.192184731786722693e+02 1.147994508841910908e-04
0.000000000000000000e+00 2.265344651321917127e+02 1.083342017056224024e-04
0.000000000000000000e+00 2.338504570857111844e+02 1.013192319946830096e-04
0.000000000000000000e+00 2.411664490392306277e+02 9.459767229617900271e-05
0.000000000000000000e+00 2.484824409927500994e+02 8.692766922477427336e-05
0.000000000000000000e+00 2.557984329462695428e+02 8.091798088149175061e-05
0.000000000000000000e+00 2.631144248997890145e+02 7.476917918459984470e-05
0.000000000000000000e+00 2.704304168533084294e+02 6.889550097212073117e-05
0.000000000000000000e+00 2.777464088068279011e+02 6.217593941614653699e-05
0.000000000000000000e+00 2.850624007603473729e+02 5.585724430441822513e-05
0.000000000000000000e+00 2.923783927138667877e+02 4.752687948121916658e-05
0.000000000000000000e+00 2.996943846673862595e+02 4.157692776110389981e-05
0.000000000000000000e+00 3.070103766209057312e+02 3.507846355731410811e-05
0.000000000000000000e+00 3.143263685744252030e+02 2.854049598363261089e-05
0.000000000000000000e+00 3.216423605279446747e+02 2.366558931430247381e-05
0.000000000000000000e+00 3.289583524814640896e+02 1.667947148694236761e-05
0.000000000000000000e+00 3.362743444349835613e+02 8.128402878140754460e-06
0.000000000000000000e+00 3.396710549848318692e+02 0.000000000000000000e+00
1.000000000000000056e-01 1.000000000000000000e+00 1.655889368581601019e-03
1.000000000000000056e-01 1.275502611572446821e+00 1.107337942797539596e-03
1.000000000000000056e-01 1.626906912128132099e+00 7.982321597630514859e-04
1.000000000000000056e-01 2.075124015204697692e+00 5.935215638378958181e-04
1.000000000000000056e-01 2.646826100730294229e+00 4.476482282111120974e-04
1.000000000000000056e-01 3.376033603859606380e+00 3.407657681797075962e-04
1.000000000000000056e-01 4.306139678479267374e+00 2.613983500731475334e-04
1.000000000000000056e-01 5.492492405696042468e+00 2.013990751785647360e-04
1.000000000000000056e-01 7.005688407507133064e+00 1.552592068972117505e-04
1.000000000000000056e-01 8.935773859638162619e+00 1.208265970875436313e-04
1.000000000000000056e-01 1.139760289438928176e+01 9.426644907538032491e-05
1.000000000000000056e-01 1.453767225745920655e+01 7.458695625048501233e-05
1.000000000000000056e-01 1.854283893057352728e+01 5.949096872145788278e-05
1.000000000000000056e-01 2.365143948191376921e+01 4.894413846566547188e-05
1.000000000000000056e-01 3.016747282662870333e+01 4.126950692276639169e-05
1.000000000000000056e-01 3.847869037490573163e+01 3.740642458738068307e-05
1.000000000000000056e-01 4.907967006307983127e+01 3.749362313048304625e-05
1.000000000000000056e-01 6.110784120373205752e+01 4.206383723117197097e-05
1.000000000000000056e-01 6.260124734057234974e+01 4.309887175266453462e-05
1.000000000000000056e-01 6.988230045349871489e+01 4.948467197673330680e-05
1.000000000000000056e-01 7.865675970326536515e+01 6.007234144224927433e-05
1.000000000000000056e-01 7.984805447059271444e+01 6.190861224294419928e-05
1.000000000000000056e-01 8.743121895303201541e+01 7.471215053024331200e-05
1.000000000000000056e-01 9.620567820279867988e+01 9.313482954386187202e-05
1.000000000000000056e-01 1.018464020062200461e+02 1.055596166140112716e-04
1.000000000000000056e-01 1.049801374525653443e+02 1.128714833823050192e-04
1.000000000000000056e-01 1.137545967023319804e+02 1.307410324463383414e-04
1.000000000000000056e-01 1.225290559520986449e+02 1.452904781286106103e-04
1.000000000000000056e-01 1.313035152018653093e+02 1.533511735381292091e-04
1.000000000000000056e-01 1.400779744516319454e+02 1.586101283101599968e-04
1.000000000000000056e-01 1.488524337013986099e+02 1.612177210597321169e-04
1.000000000000000056e-01 1.576268929511652743e+02 1.653027497060410194e-04
1.000000000000000056e-01 1.664013522009319104e+02 1.680668106989701403e-04
1.000000000000000056e-01 1.751758114506985748e+02 1.692074477735166919e-04
1.000000000000000056e-01 1.839502707004652393e+02 1.676343947338742777e-04
1.000000000000000056e-01 1.927247299502318754e+02 1.635827513232078652e-04
1.000000000000000056e-01 2.014991891999985398e+02 1.561679059400231107e-04
1.000000000000000056e-01 2.102736484497652043e+02 1.491553488902844650e-04
1.000000000000000056e-01 2.190481076995318404e+02 1.401804481012570037e-04
1.000000000000000056e-01 2.278225669492985048e+02 1.308516184575260206e-04
1.000000000000000056e-01 2.365970261990651693e+02 1.218829356851617804e-04
1.000000000000000056e-01 2.453714854488318053e+02 1.129239194306929468e-04
1.000000000000000056e-01 2.541459446985984698e+02 1.038321228566678911e-04
1.000000000000000056e-01 2.629204039483651627e+02 9.500130608109098147e-05
1.000000000000000056e-01 2.716948631981317703e+02 8.627586210096286582e-05
1.000000000000000056e-01 2.804693224478984348e+02 7.743824553480288411e-05
1.000000000000000056e-01 2.892437816976650993e+02 6.680168290747731175e-05
1.000000000000000056e-01 2.980182409474317637e+02 5.604930920153254013e-05
1.000000000000000056e-01 3.067927001971984282e+02 4.765239826505594784e-05
1.000000000000000056e-01 3.155671594469650927e+02 4.020521756626520055e-05
1.000000000000000056e-01 3.243416186967317003e+02 3.379712558040918509e-05
1.000000000000000056e-01 3.331160779464983648e+02 2.797792161528958065e-05
1.000000000000000056e-01 3.418905371962650293e+02 2.292878645188757263e-05
1.000000000000000056e-01 3.506649964460316937e+02 1.849696922421342716e-05
1.000000000000000056e-01 3.594394556957983582e+02 1.454368335825627253e-05
1.000000000000000056e-01 3.682139149455650227e+02 1.107951599866022934e-05
1.000000000000000056e-01 3.769883741953316303e+02 7.922366485417513580e-06
1.000000000000000056e-01 3.857628334450982948e+02 5.357055590020433795e-06
1.000000000000000056e-01 3.945372926948649592e+02 2.835642388791761115e-06
1.000000000000000056e-01 4.033117519446316237e+02 7.693633714061096299e-07
1.000000000000000056e-01 4.073856080248804119e+02 0.000000000000000000e+00
2.000000000000000111e-01 1.000000000000000000e+00 2.191919727854052709e-03
2.000000000000000111e-01 1.287509567364469865e+00 1.450668884061756319e-03
2.000000000000000111e-01 1.657680886055044489e+00 1.037688330834808919e-03
2.000000000000000111e-01 2.134280000433081526e+00 7.653701332587839164e-04
2.000000000000000111e-01 2.747905919992237767e+00 5.730471785520586947e-04
2.000000000000000111e-01 3.537955162207471638e+00 4.324953070744542690e-04
2.000000000000000111e-01 4.555151120248634555e+00 3.292688367220189473e-04
2.000000000000000111e-01 5.864800648111100578e+00 2.519847333127959218e-04
2.000000000000000111e-01 7.550986945128385308e+00 1.936136692413039804e-04
2.000000000000000111e-01 9.721967934897007169e+00 1.489140856922005593e-04
2.000000000000000111e-01 1.251712672979049756e+01 1.159765814624831180e-04
2.000000000000000111e-01 1.611592042051880824e+01 9.116843417016937221e-05
2.000000000000000111e-01 2.074940172830238794e+01 7.331125298625049570e-05
2.000000000000000111e-01 2.671505324227819855e+01 6.034569862043924867e-05
2.000000000000000111e-01 3.439588664208439184e+01 5.288585580267928486e-05
2.000000000000000111e-01 4.428503312966740424e+01 5.025350912761964930e-05
2.000000000000000111e-01 5.701740384549930951e+01 5.417249556080392249e-05
2.000000000000000111e-01 7.301466282243927708e+01 7.233987601283898259e-05
2.000000000000000111e-01 7.341045295736408605e+01 7.287678024423426459e-05
2.000000000000000111e-01 8.349881953540491963e+01 9.276874823842410419e-05
2.000000000000000111e-01 9.398297624837056219e+01 1.218297501164778454e-04
2.000000000000000111e-01 9.451666052716558397e+01 1.236550850584180669e-04
2.000000000000000111e-01 1.044671329613362047e+02 1.551900169315773795e-04
2.000000000000000111e-01 1.149512896743018473e+02 1.869652406856325128e-04
2.000000000000000111e-01 1.216911047040654523e+02 2.036338722794124307e-04
2.000000000000000111e-01 1.254354463872674899e+02 2.089393045863773598e-04
2.000000000000000111e-01 1.359196031002331324e+02 2.228755133305858121e-04
2.000000000000000111e-01 1.464037598131987465e+02 2.340662072443623284e-04
2.000000000000000111e-01 1.568879165261644175e+02 2.435687027475873321e-04
2.000000000000000111e-01 1.673720732391300317e+02 2.515911126153027818e-04
2.000000000000000111e-01 1.778562299520957026e+02 2.567132358611604027e-04
2.000000000000000111e-01 1.883403866650613168e+02 2.567593341176717479e-04
2.000000000000000111e-01 1.988245433780269593e+02 2.516814827989101357e-04
2.000000000000000111e-01 2.093087000909926019e+02 2.412267985615111447e-04
2.000000000000000111e-01 2.197928568039582444e+02 2.289882022375390631e-04
2.000000000000000111e-01 2.302770135169238870e+02 2.159732259482177914e-04
2.000000000000000111e-01 2.407611702298895295e+02 2.017919057906007209e-04
2.000000000000000111e-01 2.512453269428551721e+02 1.877815568315494672e-04
2.000000000000000111e-01 2.617294836558207862e+02 1.730348370589546451e-04
2.000000000000000111e-01 2.722136403687864572e+02 1.573103204713528747e-04
2.000000000000000111e-01 2.826977970817521282e+02 1.411393763691409092e-04
2.000000000000000111e-01 2.931819537947177423e+02 1.262691572281598334e-04
2.000000000000000111e-01 3.036661105076833564e+02 1.124693671895050625e-04
2.000000000000000111e-01 3.141502672206490274e+02 9.964627891278082523e-05
2.000000000000000111e-01 3.246344239336146416e+02 8.769060804343296845e-05
2.000000000000000111e-01 3.351185806465803125e+02 7.655241689644851012e-05
2.000000000000000111e-01 3.456027373595459267e+02 6.684220449651367079e-05
2.000000000000000111e-01 3.560868940725115976e+02 5.759843229093984727e-05
2.000000000000000111e-01 3.665710507854772118e+02 4.933607188447396261e-05
2.000000000000000111e-01 3.770552074984428828e+02 4.176553020743472373e-05
2.000000000000000111e-01 3.875393642114084969e+02 3.512880614212459800e-05
2.000000000000000111e-01 3.980235209243741679e+02 2.879585387534719664e-05
2.000000000000000111e-01 4.085076776373397820e+02 2.380943917351811731e-05
2.000000000000000111e-01 4.189918343503053961e+02 1.911596722565262748e-05
2.000000000000000111e-01 4.294759910632710671e+02 1.494986679485508848e-05
2.000000000000000111e-01 4.399601477762366812e+02 1.132536609600676849e-05
2.000000000000000111e-01 4.504443044892023522e+02 8.109585160306673988e-06
2.000000000000000111e-01 4.609284612021679663e+02 5.188353938225528179e-06
2.000000000000000111e-01 4.714126179151336373e+02 2.847721130575294251e-06
2.000000000000000111e-01 4.818967746280992515e+02 8.448269634759403188e-07
2.000000000000000111e-01 4.867644188162618661e+02 0.000000000000000000e+00
3.000000000000000444e-01 1.000000000000000000e+00 3.151765053413376101e-03
3.000000000000000444e-01 1.297694247316490967e+00 2.070826816331384438e-03
3.000000000000000444e-01 1.684010359518313793e+00 1.472806469037537223e-03
3.000000000000000444e-01 2.185330555968291399e+00 1.080841841723194320e-03
3.000000000000000444e-01 2.835890890965000910e+00 8.041812776365458645e-04
3.000000000000000444e-01 3.680119295222519682e+00 6.041201394731779981e-04
3.000000000000000444e-01 4.775669638848682119e+00 4.570799691742155916e-04
3.000000000000000444e-01 6.197359017417959137e+00 3.478828744981583366e-04
3.000000000000000444e-01 8.042277145458266219e+00 2.660906665152885670e-04
3.000000000000000444e-01 1.043641678698607933e+01 2.037122113627968839e-04
3.000000000000000444e-01 1.354327802706909267e+01 1.583954693197952158e-04
3.000000000000000444e-01 1.757503398553540208e+01 1.237423018646185968e-04
3.000000000000000444e-01 2.280702049942110676e+01 1.004486665868284167e-04
3.000000000000000444e-01 2.959653930052804327e+01 8.381262090084791081e-05
3.000000000000000444e-01 3.840725879077169225e+01 7.522653109821571347e-05
3.000000000000000444e-01 4.984087878798015936e+01 7.576238481599152869e-05
3.000000000000000444e-01 6.467822168436035213e+01 9.196894836361849568e-05
3.000000000000000444e-01 8.393255620645513204e+01 1.420218277209973077e-04
3.000000000000000444e-01 8.480597649151421535e+01 1.449073875781546562e-04
3.000000000000000444e-01 9.698324491080856546e+01 1.985761015738393503e-04
3.000000000000000444e-01 1.089187953516848353e+02 2.572090950176150834e-04
3.000000000000000444e-01 1.091605133301029156e+02 2.588763727749393410e-04
3.000000000000000444e-01 1.213377817493972657e+02 3.145254612137386566e-04
3.000000000000000444e-01 1.335150501686916300e+02 3.481420970444619456e-04
3.000000000000000444e-01 1.413432941525236686e+02 3.694584062286725796e-04
3.000000000000000444e-01 1.456923185879859659e+02 3.740530839540772562e-04
3.000000000000000444e-01 1.578695870072803018e+02 3.989305424754793360e-04
3.000000000000000444e-01 1.700468554265746661e+02 4.222217269321359816e-04
3.000000000000000444e-01 1.822241238458690304e+02 4.387213925584395745e-04
3.000000000000000444e-01 1.944013922651633663e+02 4.450209070477440616e-04
3.000000000000000444e-01 2.065786606844577022e+02 4.388069740992058378e-04
3.000000000000000444e-01 2.187559291037520666e+02 4.239568104739653565e-04
3.000000000000000444e-01 2.309331975230464309e+02 4.061675485943308538e-04
3.000000000000000444e-01 2.431104659423407952e+02 3.861276547118937469e-04
3.000000000000000444e-01 2.552877343616351027e+02 3.650750201083860632e-04
3.000000000000000444e-01 2.674650027809294670e+02 3.410659946037477110e-04
3.000000000000000444e-01 2.796422712002238313e+02 3.147939103089118611e-04
3.000000000000000444e-01 2.918195396195181957e+02 2.888212132898097285e-04
3.000000000000000444e-01 3.039968080388125031e+02 2.628123278040469992e-04
3.000000000000000444e-01 3.161740764581068674e+02 2.369461370269266751e-04
3.000000000000000444e-01 3.283513448774012318e+02 2.138258112814822945e-04
3.000000000000000444e-01 3.405286132966955961e+02 1.907831271178483446e-04
3.000000000000000444e-01 3.527058817159899036e+02 1.695744015156265192e-04
3.000000000000000444e-01 3.648831501352842679e+02 1.494791492763862517e-04
3.000000000000000444e-01 3.770604185545786322e+02 1.309090780326685867e-04
3.000000000000000444e-01 3.892376869738729965e+02 1.141643100722047422e-04
3.000000000000000444e-01 4.014149553931673609e+02 9.875321017104351357e-05
3.000000000000000444e-01 4.135922238124616683e+02 8.427998033087680349e-05
3.000000000000000444e-01 4.257694922317560327e+02 7.171220019244082470e-05
3.000000000000000444e-01 4.379467606510503970e+02 6.015437515988581666e-05
3.000000000000000444e-01 4.501240290703447045e+02 5.003919094580762720e-05
3.000000000000000444e-01 4.623012974896390688e+02 4.087040925508847710e-05
3.000000000000000444e-01 4.744785659089334331e+02 3.306696741375414456e-05
3.000000000000000444e-01 4.866558343282277974e+02 2.613369881351682733e-05
3.000000000000000444e-01 4.988331027475221617e+02 2.018579398119140574e-05
3.000000000000000444e-01 5.110103711668164692e+02 1.501749527199163513e-05
3.000000000000000444e-01 5.231876395861107767e+02 1.051502917746634286e-05
3.000000000000000444e-01 5.353649080054051410e+02 6.886337417682651091e-06
3.000000000000000444e-01 5.475421764246995053e+02 3.753745572691689948e-06
3.000000000000000444e-01 5.597194448439938697e+02 1.047390196995135950e-06
3.000000000000000444e-01 5.653731766100947880e+02 0.000000000000000000e+00
4.000000000000000222e-01 1.000000000000000000e+00 4.462189081320643014e-03
4.000000000000000222e-01 1.305352523806249554e+00 2.918876488564624890e-03
4.000000000000000222e-01 1.703945211407345450e+00 2.068392221929867773e-03
4.000000000000000222e-01 2.224249182138152037e+00 1.511791009378858977e-03
4.000000000000000222e-01 2.903429283478023315e+00 1.121780255374800906e-03
4.000000000000000222e-01 3.789998742881008909e+00 8.390854635622677212e-04
4.000000000000000222e-01 4.947284424242237577e+00 6.328788783657439843e-04
4.000000000000000222e-01 6.457950209171953837e+00 4.800829561664548802e-04
4.000000000000000222e-01 8.429901604157707951e+00 3.650903751210701005e-04
4.000000000000000222e-01 1.100399333442561556e+01 2.785691110036080478e-04
4.000000000000000222e-01 1.436409047103962955e+01 2.166251555516862442e-04
4.000000000000000222e-01 1.875020174855287891e+01 1.705002462194055927e-04
4.000000000000000222e-01 2.447562317434984891e+01 1.377980175041743094e-04
4.000000000000000222e-01 3.194931648236831734e+01 1.173362954031021018e-04
4.000000000000000222e-01 4.170512090414408135e+01 1.090496371049362638e-04
4.000000000000000222e-01 5.443988482786927818e+01 1.151701520603379915e-04
4.000000000000000222e-01 7.106324105578070771e+01 1.522361089367689588e-04
4.000000000000000222e-01 9.276258106201521514e+01 2.652107510210278550e-04
4.000000000000000222e-01 9.483741347904391716e+01 2.822420755044224155e-04
4.000000000000000222e-01 1.084550933632143312e+02 3.838051376167483215e-04
4.000000000000000222e-01 1.210878693040833554e+02 4.710861999096887468e-04
4.000000000000000222e-01 1.220727732473847311e+02 4.838573508018665314e-04
4.000000000000000222e-01 1.356904531315551594e+02 5.458037737110098438e-04
4.000000000000000222e-01 1.493081330157255593e+02 6.005896231511210961e-04
4.000000000000000222e-01 1.580623557984065712e+02 6.374743499168360281e-04
4.000000000000000222e-01 1.629258128998959592e+02 6.566399831624544292e-04
4.000000000000000222e-01 1.765434927840663590e+02 7.113144464372445942e-04
4.000000000000000222e-01 1.901611726682367873e+02 7.482693510972897788e-04
4.000000000000000222e-01 2.037788525524072156e+02 7.610947055304326074e-04
4.000000000000000222e-01 2.173965324365776155e+02 7.565624283680209708e-04
4.000000000000000222e-01 2.310142123207480154e+02 7.413499956351783399e-04
4.000000000000000222e-01 2.446318922049184152e+02 7.208692516854170408e-04
4.000000000000000222e-01 2.582495720890888151e+02 6.942238461695165053e-04
4.000000000000000222e-01 2.718672519732592718e+02 6.592829787718377426e-04
4.000000000000000222e-01 2.854849318574296717e+02 6.205554843653150656e-04
4.000000000000000222e-01 2.991026117416000716e+02 5.786890983563712943e-04
4.000000000000000222e-01 3.127202916257704715e+02 5.346806024701297169e-04
4.000000000000000222e-01 3.263379715099408713e+02 4.906634632015899463e-04
4.000000000000000222e-01 3.399556513941113280e+02 4.466433048748738675e-04
4.000000000000000222e-01 3.535733312782817279e+02 4.041925922094936246e-04
4.000000000000000222e-01 3.671910111624521278e+02 3.635105776187681857e-04
4.000000000000000222e-01 3.808086910466225277e+02 3.238158485078162846e-04
4.000000000000000222e-01 3.944263709307929275e+02 2.833254681151745145e-04
4.000000000000000222e-01 4.080440508149633274e+02 2.512835838195015721e-04
4.000000000000000222e-01 4.216617306991337273e+02 2.184547469061513814e-04
4.000000000000000222e-01 4.352794105833041840e+02 1.883754179166047358e-04
4.000000000000000222e-01 4.488970904674745839e+02 1.612348547104296105e-04
4.000000000000000222e-01 4.625147703516449837e+02 1.367267590054917496e-04
4.000000000000000222e-01 4.761324502358153836e+02 1.144248581617718016e-04
4.000000000000000222e-01 4.897501301199857835e+02 9.514583598697187923e-05
4.000000000000000222e-01 5.033678100041562402e+02 7.807493246346516413e-05
4.000000000000000222e-01 5.169854898883266969e+02 6.296543261079418378e-05
4.000000000000000222e-01 5.306031697724970400e+02 4.993660414348425388e-05
4.000000000000000222e-01 5.442208496566674967e+02 3.901756850176382865e-05
4.000000000000000222e-01 5.578385295408378397e+02 2.949578535617766809e-05
4.000000000000000222e-01 5.714562094250082964e+02 2.153319121661626331e-05
4.000000000000000222e-01 5.850738893091787531e+02 1.494663547686473224e-05
4.000000000000000222e-01 5.986915691933490962e+02 9.541130880282620386e-06
4.000000000000000222e-01 6.123092490775195529e+02 5.017115461350715548e-06
4.000000000000000222e-01 6.259269289616898959e+02 1.401132651424540730e-06
4.000000000000000222e-01 6.322494231936261713e+02 0.000000000000000000e+00
5.000000000000000000e-01 1.000000000000000000e+00 5.791909011957032186e-03
5.000000000000000000e-01 1.310423430653206989e+00 3.781156369067767160e-03
5.000000000000000000e-01 1.717209567604920606e+00 2.675347467164107974e-03
5.000000000000000000e-01 2.250271652731350436e+00 1.953015529573996637e-03
5.000000000000000000e-01 2.948808699073878437e+00 1.445284641977567916e-03
5.000000000000000000e-01 3.864188011780412602e+00 1.079527985804985650e-03
5.000000000000000000e-01 5.063722511086283795e+00 8.127135596671909105e-04
5.000000000000000000e-01 6.635620624853560301e+00 6.144265284107364470e-04
5.000000000000000000e-01 8.695472743733780874e+00 4.672265232269230532e-04
5.000000000000000000e-01 1.139475122399507789e+01 3.567002610548467901e-04
5.000000000000000000e-01 1.493194899038745760e+01 2.760048100725682107e-04
5.000000000000000000e-01 1.956717582232221986e+01 2.180286590041315587e-04
5.000000000000000000e-01 2.564128566928197728e+01 1.770747569055684334e-04
5.000000000000000000e-01 3.360094153309941589e+01 1.531254018610586935e-04
5.000000000000000000e-01 4.403146107698195522e+01 1.454344125638303248e-04
5.000000000000000000e-01 5.769985828117183502e+01 1.600148487751435291e-04
5.000000000000000000e-01 7.561124623701707037e+01 2.289154930053058498e-04
5.000000000000000000e-01 9.908274868987633965e+01 4.245694189767768500e-04
5.000000000000000000e-01 1.020875064209096621e+02 4.574452550917924788e-04
5.000000000000000000e-01 1.167462252916043894e+02 6.156720106590614664e-04
5.000000000000000000e-01 1.298403554567373419e+02 7.223023220392023498e-04
5.000000000000000000e-01 1.314049441622991026e+02 7.411471073990494492e-04
5.000000000000000000e-01 1.460636630329938157e+02 8.366591391279397600e-04
5.000000000000000000e-01 1.607223819036885288e+02 9.384701582728514815e-04
5.000000000000000000e-01 1.701458440348494605e+02 1.006089442323600865e-03
5.000000000000000000e-01 1.753811007743832420e+02 1.044553417165578488e-03
5.000000000000000000e-01 1.900398196450779835e+02 1.126625365291008835e-03
5.000000000000000000e-01 2.046985385157727251e+02 1.172985010998242551e-03
5.000000000000000000e-01 2.193572573864674382e+02 1.190182395243974183e-03
5.000000000000000000e-01 2.340159762571621513e+02 1.191724904264293561e-03
5.000000000000000000e-01 2.486746951278568645e+02 1.181064954610242749e-03
5.000000000000000000e-01 2.633334139985515776e+02 1.154210899342328605e-03
5.000000000000000000e-01 2.779921328692462907e+02 1.115676270396537099e-03
5.000000000000000000e-01 2.926508517399410039e+02 1.064175081812118598e-03
5.000000000000000000e-01 3.073095706106357738e+02 1.006427137557178164e-03
5.000000000000000000e-01 3.219682894813304870e+02 9.442139327432650655e-04
5.000000000000000000e-01 3.366270083520252001e+02 8.793252272310273171e-04
5.000000000000000000e-01 3.512857272227199132e+02 8.078779369928973646e-04
5.000000000000000000e-01 3.659444460934146264e+02 7.370829367241122461e-04
5.000000000000000000e-01 3.806031649641093395e+02 6.683446818739193851e-04
5.000000000000000000e-01 3.952618838348040526e+02 5.987653450235088043e-04
5.000000000000000000e-01 4.099206027054988226e+02 5.322895033124373267e-04
5.000000000000000000e-01 4.245793215761935357e+02 4.707768276493348703e-04
5.000000000000000000e-01 4.392380404468882489e+02 4.122108181854860359e-04
5.000000000000000000e-01 4.538967593175829620e+02 3.557810612484179052e-04
5.000000000000000000e-01 4.685554781882776751e+02 3.044973034323592985e-04
5.000000000000000000e-01 4.832141970589723883e+02 2.592088535619135620e-04
5.000000000000000000e-01 4.978729159296671014e+02 2.173525067494279036e-04
5.000000000000000000e-01 5.125316348003618714e+02 1.802660723261797387e-04
5.000000000000000000e-01 5.271903536710565277e+02 1.482732956208516995e-04
5.000000000000000000e-01 5.418490725417512976e+02 1.197639356351371551e-04
5.000000000000000000e-01 5.565077914124459539e+02 9.592716017121506841e-05
5.000000000000000000e-01 5.711665102831407239e+02 7.521190374944180114e-05
5.000000000000000000e-01 5.858252291538353802e+02 5.785456541494757418e-05
5.000000000000000000e-01 6.004839480245301502e+02 4.329423977601249026e-05
5.000000000000000000e-01 6.151426668952249202e+02 3.117564269486341902e-05
5.000000000000000000e-01 6.298013857659195764e+02 2.162522754838216564e-05
5.000000000000000000e-01 6.444601046366143464e+02 1.365275205942159860e-05
5.000000000000000000e-01 6.591188235073090027e+02 7.145044198801632633e-06
5.000000000000000000e-01 6.737775423780037727e+02 2.027890014756979455e-06
5.000000000000000000e-01 6.805833761393977284e+02 0.000000000000000000e+00
6.000000000000000888e-01 1.000000000000000000e+00 6.724184325206290086e-03
6.000000000000000888e-01 1.313301923188556986e+00 4.389971885648749975e-03
6.000000000000000888e-01 1.724761941450762448e+00 3.106357252456296448e-03
6.000000000000000888e-01 2.265133174749715650e+00 2.265855058785041284e-03
6.000000000000000888e-01 2.974803754677003642e+00 1.676285989106082210e-03
6.000000000000000888e-01 3.906815492125848888e+00 1.251072736270685904e-03
6.000000000000000888e-01 5.130828299351726685e+00 9.411824713592511528e-04
6.000000000000000888e-01 6.738326673088896435e+00 7.114908126668307003e-04
6.000000000000000888e-01 8.849457378840398292e+00 5.406786145373587748e-04
6.000000000000000888e-01 1.162200939480626083e+01 4.125917520598162448e-04
6.000000000000000888e-01 1.526320728951453809e+01 3.188687408761045356e-04
6.000000000000000888e-01 2.004519948734505164e+01 2.529722887037789449e-04
6.000000000000000888e-01 2.632539903742853227e+01 2.068837597414958885e-04
6.000000000000000888e-01 3.457319718456107438e+01 1.791720904771313869e-04
6.000000000000000888e-01 4.540504635326127669e+01 1.729899331637043693e-04
6.000000000000000888e-01 5.963053469820361130e+01 1.973323083532496863e-04
6.000000000000000888e-01 7.831289589991277467e+01 2.917101084698025680e-04
6.000000000000000888e-01 1.028484767958207442e+02 5.633549029737476002e-04
6.000000000000000888e-01 1.064334831081680193e+02 6.202249738000947636e-04
6.000000000000000888e-01 1.217162396570331708e+02 8.180912373331810598e-04
6.000000000000000888e-01 1.350711023729649867e+02 9.481545292390091599e-04
6.000000000000000888e-01 1.369989962058983224e+02 9.562911491948498975e-04
6.000000000000000888e-01 1.522817527547634882e+02 1.099605778221937656e-03
6.000000000000000888e-01 1.675645093036286255e+02 1.264631592058507257e-03
6.000000000000000888e-01 1.773891385136134318e+02 1.367133733128903699e-03
6.000000000000000888e-01 1.828472658524937913e+02 1.419243782255919266e-03
6.000000000000000888e-01 1.981300224013589286e+02 1.533928213722371122e-03
6.000000000000000888e-01 2.134127789502240944e+02 1.600607748802241985e-03
6.000000000000000888e-01 2.286955354990892602e+02 1.638974904876659569e-03
6.000000000000000888e-01 2.439782920479543975e+02 1.662064769829223578e-03
6.000000000000000888e-01 2.592610485968195917e+02 1.663661811160600150e-03
6.000000000000000888e-01 2.745438051456847006e+02 1.639917182883005682e-03
6.000000000000000888e-01 2.898265616945498664e+02 1.596187863651084022e-03
6.000000000000000888e-01 3.051093182434150322e+02 1.535426873168983406e-03
6.000000000000000888e-01 3.203920747922801411e+02 1.462763230849948052e-03
6.000000000000000888e-01 3.356748313411453069e+02 1.382351016240279933e-03
6.000000000000000888e-01 3.509575878900104726e+02 1.288545645639677887e-03
6.000000000000000888e-01 3.662403444388755815e+02 1.190391424943787035e-03
6.000000000000000888e-01 3.815231009877408042e+02 1.092637772557885755e-03
6.000000000000000888e-01 3.968058575366059131e+02 9.981150939907677995e-04
6.000000000000000888e-01 4.120886140854711357e+02 8.904661168155750305e-04
6.000000000000000888e-01 4.273713706343362446e+02 7.951839129009942529e-04
6.000000000000000888e-01 4.426541271832013535e+02 6.983883681479879880e-04
6.000000000000000888e-01 4.579368837320665762e+02 6.096483096488688981e-04
6.000000000000000888e-01 4.732196402809316851e+02 5.270287445347863857e-04
6.000000000000000888e-01 4.885023968297969077e+02 4.504342356705815648e-04
6.000000000000000888e-01 5.037851533786620166e+02 3.807966575307190861e-04
6.000000000000000888e-01 5.190679099275271255e+02 3.179242395359777235e-04
6.000000000000000888e-01 5.343506664763923482e+02 2.624963432925000333e-04
6.000000000000000888e-01 5.496334230252574571e+02 2.145947434833932578e-04
6.000000000000000888e-01 5.649161795741225660e+02 1.722513827068559804e-04
6.000000000000000888e-01 5.801989361229877886e+02 1.365883616076255577e-04
6.000000000000000888e-01 5.954816926718528975e+02 1.069648903612993785e-04
6.000000000000000888e-01 6.107644492207181202e+02 8.065860642522794464e-05
6.000000000000000888e-01 6.260472057695832291e+02 6.014179887463448680e-05
6.000000000000000888e-01 6.413299623184484517e+02 4.364549261311683566e-05
6.000000000000000888e-01 6.566127188673135606e+02 2.981221822881027875e-05
6.000000000000000888e-01 6.718954754161786695e+02 1.874255004554387972e-05
6.000000000000000888e-01 6.871782319650438922e+02 9.836039000994428912e-06
6.000000000000000888e-01 7.024609885139090011e+02 2.467192856664236662e-06
6.000000000000000888e-01 7.095565540544534997e+02 0.000000000000000000e+00
7.000000000000000666e-01 1.000000000000000000e+00 7.120593918124975934e-03
7.000000000000000666e-01 1.314716859627410361e+00 4.654124980511748985e-03
7.000000000000000666e-01 1.728480420988559585e+00 3.295299736203664235e-03
7.000000000000000666e-01 2.272462351009543191e+00 2.404491694022877716e-03
7.000000000000000666e-01 2.987644565740788405e+00 1.780485113056004716e-03
7.000000000000000666e-01 3.927906681153626955e+00 1.328926589700523244e-03
7.000000000000000666e-01 5.164085136755820038e+00 1.000382321642431620e-03
7.000000000000000666e-01 6.789309793844196861e+00 7.565476749999068724e-04
7.000000000000000666e-01 8.926020051200463712e+00 5.748601389511602110e-04
7.000000000000000666e-01 1.173518905068557139e+01 4.400134533129385680e-04
7.000000000000000666e-01 1.542845089585130047e+01 3.391799692976974444e-04
7.000000000000000666e-01 2.028404451070932168e+01 2.693908125223487137e-04
7.000000000000000666e-01 2.666777529966237736e+01 2.205978906740911237e-04
7.000000000000000666e-01 3.506057379522155060e+01 1.934502353529306523e-04
7.000000000000000666e-01 4.609472747678873361e+01 1.868064541207213602e-04
7.000000000000000666e-01 6.060151535366497200e+01 2.179089499976662278e-04
7.000000000000000666e-01 7.967383395443272320e+01 3.290915314253869289e-04
7.000000000000000666e-01 1.047485327710475360e+02 6.485705344542130966e-04
7.000000000000000666e-01 1.086334728132204219e+02 7.062852698625816808e-04
7.000000000000000666e-01 1.242321253197341235e+02 9.348564750428460654e-04
7.000000000000000666e-01 1.377146620553305354e+02 1.082923308102749001e-03
7.000000000000000666e-01 1.398307778262478394e+02 1.104085246105856923e-03
7.000000000000000666e-01 1.554294303327615410e+02 1.290363717317704250e-03
7.000000000000000666e-01 1.710280828392752426e+02 1.495496636574042415e-03
7.000000000000000666e-01 1.810557880220341076e+02 1.626285898429614876e-03
7.000000000000000666e-01 1.866267353457889442e+02 1.694601634330949319e-03
7.000000000000000666e-01 2.022253878523026458e+02 1.839745164515533844e-03
7.000000000000000666e-01 2.178240403588163474e+02 1.935171031695214665e-03
7.000000000000000666e-01 2.334226928653300490e+02 2.004394154545661479e-03
7.000000000000000666e-01 2.490213453718437790e+02 2.050449752902301463e-03
7.000000000000000666e-01 2.646199978783574807e+02 2.067757083601916984e-03
7.000000000000000666e-01 2.802186503848711823e+02 2.053024222572708175e-03
7.000000000000000666e-01 2.958173028913848839e+02 2.012303734933213253e-03
7.000000000000000666e-01 3.114159553978985855e+02 1.949845741869917892e-03
7.000000000000000666e-01 3.270146079044122871e+02 1.869013838924567933e-03
7.000000000000000666e-01 3.426132604109259887e+02 1.772080907084912487e-03
7.000000000000000666e-01 3.582119129174396903e+02 1.663687215721650460e-03
7.000000000000000666e-01 3.738105654239533919e+02 1.544866475648164509e-03
7.000000000000000666e-01 3.894092179304670935e+02 1.420504708323271515e-03
7.000000000000000666e-01 4.050078704369807951e+02 1.296720030258250020e-03
7.000000000000000666e-01 4.206065229434944968e+02 1.164604376947028569e-03
7.000000000000000666e-01 4.362051754500081984e+02 1.041564171250355074e-03
7.000000000000000666e-01 4.518038279565219000e+02 9.142627853566322616e-04
7.000000000000000666e-01 4.674024804630356016e+02 7.989738751803307894e-04
7.000000000000000666e-01 4.830011329695493032e+02 6.896656807818968976e-04
7.000000000000000666e-01 4.985997854760630048e+02 5.886331173662226164e-04
7.000000000000000666e-01 5.141984379825767064e+02 4.971328999045587045e-04
7.000000000000000666e-01 5.297970904890904649e+02 4.148497386896480362e-04
7.000000000000000666e-01 5.453957429956041096e+02 3.418886256324097468e-04
7.000000000000000666e-01 5.609943955021178681e+02 2.779087975490859060e-04
7.000000000000000666e-01 5.765930480086315129e+02 2.229029508741883900e-04
7.000000000000000666e-01 5.921917005151452713e+02 1.768108189612980108e-04
7.000000000000000666e-01 6.077903530216589161e+02 1.372101294560077313e-04
7.000000000000000666e-01 6.233890055281726745e+02 1.043135839102352563e-04
7.000000000000000666e-01 6.389876580346864330e+02 7.722491455585997586e-05
7.000000000000000666e-01 6.545863105412000778e+02 5.554648410726574227e-05
7.000000000000000666e-01 6.701849630477138362e+02 3.760760201417043535e-05
7.000000000000000666e-01 6.857836155542274810e+02 2.344693015852065702e-05
7.000000000000000666e-01 7.013822680607412394e+02 1.237534630051877776e-05
7.000000000000000666e-01 7.169809205672548842e+02 3.473681746140220317e-06
7.000000000000000666e-01 7.242231520881362030e+02 0.000000000000000000e+00
8.000000000000000444e-01 1.000000000000000000e+00 7.168177209955509110e-03
8.000000000000000444e-01 1.315372534367965196e+00 4.691271768364043727e-03
8.000000000000000444e-01 1.730204904169603486e+00 3.324441677719774425e-03
8.000000000000000444e-01 2.275864009773453489e+00 2.427849296506490086e-03
8.000000000000000444e-01 2.993609010412547011e+00 1.798897342098484996e-03
8.000000000000000444e-01 3.937711070933127555e+00 1.344392698329753858e-03
8.000000000000000444e-01 5.179556990982102427e+00 1.011604284035309961e-03
8.000000000000000444e-01 6.813047006131439431e+00 7.657991423832560688e-04
8.000000000000000444e-01 8.961694907223188622e+00 5.814415187161203280e-04
8.000000000000000444e-01 1.178796734234665244e+01 4.449886392567367404e-04
8.000000000000000444e-01 1.550556847814931771e+01 3.445738057437264419e-04
8.000000000000000444e-01 2.039559890591930369e+01 2.730461413689585734e-04
8.000000000000000444e-01 2.682781062283157425e+01 2.253330175229266376e-04
8.000000000000000444e-01 3.528856525049777559e+01 1.965168748439516898e-04
8.000000000000000444e-01 4.641760950775656625e+01 1.903371669952184659e-04
8.000000000000000444e-01 6.105644865752029204e+01 2.237454525335998872e-04
8.000000000000000444e-01 8.031197561015001440e+01 3.451815625901593688e-04
8.000000000000000444e-01 1.056401668984211994e+02 6.871085844728679667e-04
8.000000000000000444e-01 1.096674809069662757e+02 7.499879386875640125e-04
8.000000000000000444e-01 1.254146063705306631e+02 9.879377029949900583e-04
8.000000000000000444e-01 1.389561740642311918e+02 1.152403093937974998e-03
8.000000000000000444e-01 1.411617318340950646e+02 1.186891302961734507e-03
8.000000000000000444e-01 1.569088572976594378e+02 1.388168400450548326e-03
8.000000000000000444e-01 1.726559827612238394e+02 1.621534935588427690e-03
8.000000000000000444e-01 1.827791348449438260e+02 1.769989071643349263e-03
8.000000000000000444e-01 1.884031082247882409e+02 1.845952458254519497e-03
8.000000000000000444e-01 2.041502336883526141e+02 2.022760668902264490e-03
8.000000000000000444e-01 2.198973591519169872e+02 2.136149411523142333e-03
8.000000000000000444e-01 2.356444846154813888e+02 2.229466464234400747e-03
8.000000000000000444e-01 2.513916100790457904e+02 2.299880054045656212e-03
8.000000000000000444e-01 2.671387355426101635e+02 2.333956539835162994e-03
8.000000000000000444e-01 2.828858610061745367e+02 2.327000038132443025e-03
8.000000000000000444e-01 2.986329864697389667e+02 2.295463782244341975e-03
8.000000000000000444e-01 3.143801119333033398e+02 2.236187899147955033e-03
8.000000000000000444e-01 3.301272373968677130e+02 2.151642957415603880e-03
8.000000000000000444e-01 3.458743628604320861e+02 2.047066906078976335e-03
8.000000000000000444e-01 3.616214883239965161e+02 1.928409600318024743e-03
8.000000000000000444e-01 3.773686137875608893e+02 1.796251003751371620e-03
8.000000000000000444e-01 3.931157392511252624e+02 1.653798268688003647e-03
8.000000000000000444e-01 4.088628647146896355e+02 1.507869680765967476e-03
8.000000000000000444e-01 4.246099901782540655e+02 1.360604301041326699e-03
8.000000000000000444e-01 4.403571156418184387e+02 1.219235074531743344e-03
8.000000000000000444e-01 4.561042411053828118e+02 1.071456702809757584e-03
8.000000000000000444e-01 4.718513665689471850e+02 9.353826251578865143e-04
8.000000000000000444e-01 4.875984920325116150e+02 8.064165142473896921e-04
8.000000000000000444e-01 5.033456174960759881e+02 6.888798321596208227e-04
8.000000000000000444e-01 5.190927429596404181e+02 5.806537390257160425e-04
8.000000000000000444e-01 5.348398684232048481e+02 4.837050775744418428e-04
8.000000000000000444e-01 5.505869938867691644e+02 3.985700424774407278e-04
8.000000000000000444e-01 5.663341193503335944e+02 3.226735902831675521e-04
8.000000000000000444e-01 5.820812448138979107e+02 2.585345696267488612e-04
8.000000000000000444e-01 5.978283702774623407e+02 2.038687610911955807e-04
8.000000000000000444e-01 6.135754957410267707e+02 1.578437225355429927e-04
8.000000000000000444e-01 6.293226212045910870e+02 1.197703846409324269e-04
8.000000000000000444e-01 6.450697466681555170e+02 8.837429995382187643e-05
8.000000000000000444e-01 6.608168721317198333e+02 6.303888991232741074e-05
8.000000000000000444e-01 6.765639975952842633e+02 4.271522680521612161e-05
8.000000000000000444e-01 6.923111230588486933e+02 2.644911533403789339e-05
8.000000000000000444e-01 7.080582485224130096e+02 1.378071693407525449e-05
8.000000000000000444e-01 7.238053739859774396e+02 3.821895320513840422e-06
8.000000000000000444e-01 7.311165393797751904e+02 0.000000000000000000e+00
9.000000000000000222e-01 1.000000000000000000e+00 7.106951824184940154e-03
9.000000000000000222e-01 1.315663734503345728e+00 4.655538721096126251e-03
9.000000000000000222e-01 1.730971062287290252e+00 3.301340369272857348e-03
9.000000000000000222e-01 2.277375852126120037e+00 2.412556371445746285e-03
9.000000000000000222e-01 2.996260818475990462e+00 1.788558913424030412e-03
9.000000000000000222e-01 3.942071697982172829e+00 1.336493468359694573e-03
9.000000000000000222e-01 5.186440771847170339e+00 1.006059076109149051e-03
9.000000000000000222e-01 6.823612034668864901e+00 7.619223180680892828e-04
9.000000000000000222e-01 8.977578892334411975e+00 5.792295931740445037e-04
9.000000000000000222e-01 1.181147497228710286e+01 4.433125817467391196e-04
9.000000000000000222e-01 1.553992927203205276e+01 3.444366512316415774e-04
9.000000000000000222e-01 2.044532137995954812e+01 2.721450451733362671e-04
9.000000000000000222e-01 2.689916787987867508e+01 2.241616324776944961e-04
9.000000000000000222e-01 3.539025966787362165e+01 1.968159969093727390e-04
9.000000000000000222e-01 4.656168119967776420e+01 1.920139957667152788e-04
9.000000000000000222e-01 6.125951537192226226e+01 2.246024436545474142e-04
9.000000000000000222e-01 8.059692276808834777e+01 3.499723564005778218e-04
9.000000000000000222e-01 1.060384483985409076e+02 7.037248411466098027e-04
9.000000000000000222e-01 1.101296914006309748e+02 7.650867278921272144e-04
9.000000000000000222e-01 1.259431855504651736e+02 1.009461371414204856e-03
9.000000000000000222e-01 1.395109410209646512e+02 1.182368944459831137e-03
9.000000000000000222e-01 1.417566797002993724e+02 1.214032673883503558e-03
9.000000000000000222e-01 1.575701738501335569e+02 1.426995290654556325e-03
9.000000000000000222e-01 1.733836679999677699e+02 1.677409902103786134e-03
9.000000000000000222e-01 1.835494856677183293e+02 1.836277216799902124e-03
9.000000000000000222e-01 1.891971621498019545e+02 1.916391957252353267e-03
9.000000000000000222e-01 2.050106562996361390e+02 2.102813231926757131e-03
9.000000000000000222e-01 2.208241504494703236e+02 2.235386959336156318e-03
9.000000000000000222e-01 2.366376445993045365e+02 2.348642228830689817e-03
9.000000000000000222e-01 2.524511387491387211e+02 2.425074855840051325e-03
9.000000000000000222e-01 2.682646328989729341e+02 2.468944143868795609e-03
9.000000000000000222e-01 2.840781270488071186e+02 2.474212461843638359e-03
9.000000000000000222e-01 2.998916211986413032e+02 2.445579380988589877e-03
9.000000000000000222e-01 3.157051153484754877e+02 2.386322716677455845e-03
9.000000000000000222e-01 3.315186094983097291e+02 2.302987755060094573e-03
9.000000000000000222e-01 3.473321036481439137e+02 2.197402700877412740e-03
9.000000000000000222e-01 3.631455977979780982e+02 2.070656792155174935e-03
9.000000000000000222e-01 3.789590919478122828e+02 1.930319467072266499e-03
9.000000000000000222e-01 3.947725860976464674e+02 1.780512262671550029e-03
9.000000000000000222e-01 4.105860802474807087e+02 1.627271383484978811e-03
9.000000000000000222e-01 4.263995743973148933e+02 1.467060344366959493e-03
9.000000000000000222e-01 4.422130685471490779e+02 1.309514157577210298e-03
9.000000000000000222e-01 4.580265626969832624e+02 1.155538364471752700e-03
9.000000000000000222e-01 4.738400568468174470e+02 1.008688024489032536e-03
9.000000000000000222e-01 4.896535509966516315e+02 8.709526134224074116e-04
9.000000000000000222e-01 5.054670451464858729e+02 7.422207910740062468e-04
9.000000000000000222e-01 5.212805392963200575e+02 6.255563000385071541e-04
9.000000000000000222e-01 5.370940334461542989e+02 5.208435920284131644e-04
9.000000000000000222e-01 5.529075275959884266e+02 4.275190951483204401e-04
9.000000000000000222e-01 5.687210217458225543e+02 3.468216659274109574e-04
9.000000000000000222e-01 5.845345158956567957e+02 2.770913667271294382e-04
9.000000000000000222e-01 6.003480100454910371e+02 2.177069412261281708e-04
9.000000000000000222e-01 6.161615041953252785e+02 1.681115985311827904e-04
9.000000000000000222e-01 6.319749983451595199e+02 1.271035979701561850e-04
9.000000000000000222e-01 6.477884924949935339e+02 9.362449011951274778e-05
9.000000000000000222e-01 6.636019866448277753e+02 6.642737105646667316e-05
9.000000000000000222e-01 6.794154807946620167e+02 4.501398797046034955e-05
9.000000000000000222e-01 6.952289749444962581e+02 2.787950672482037332e-05
9.000000000000000222e-01 7.110424690943304995e+02 1.438995252979914375e-05
9.000000000000000222e-01 7.268559632441645135e+02 3.963310764401059410e-06
9.000000000000000222e-01 7.341979426708732035e+02 0.000000000000000000e+00
1.000000000000000000e+00 1.000000000000000000e+00 7.073123518244493063e-03
1.000000000000000000e+00 1.315747421217510649e+00 4.635049700493270620e-03
1.000000000000000000e+00 1.731191276440529503e+00 3.287856345775409198e-03
1.000000000000000000e+00 2.277810457610877304e+00 2.402560971801271598e-03
1.000000000000000000e+00 2.997023235623789361e+00 1.781088736391918479e-03
1.000000000000000000e+00 3.943325593600960577e+00 1.331568966937454355e-03
1.000000000000000000e+00 5.188420480801474000e+00 1.003119059860318758e-03
1.000000000000000000e+00 6.826650867806656642e+00 7.596470859778677422e-04
1.000000000000000000e+00 8.982148274868889004e+00 5.768578347341833147e-04
1.000000000000000000e+00 1.181823842965204996e+01 4.420342804436541424e-04
1.000000000000000000e+00 1.554981673714836710e+01 3.426591987928527170e-04
1.000000000000000000e+00 2.045963127230785616e+01 2.706840509074569462e-04
1.000000000000000000e+00 2.691970708560019432e+01 2.239349734273057629e-04
1.000000000000000000e+00 3.541953517780920180e+01 1.964148374107604249e-04
1.000000000000000000e+00 4.660316207092537866e+01 1.925419590582587112e-04
1.000000000000000000e+00 6.131799031540176514e+01 2.248545998946870116e-04
1.000000000000000000e+00 8.067898763173015197e+01 3.495109316150859439e-04
1.000000000000000000e+00 1.061531699228884236e+02 7.074159771085171194e-04
1.000000000000000000e+00 1.102628650422081336e+02 7.690116789753822114e-04
1.000000000000000000e+00 1.260954815610893007e+02 1.015094058972377134e-03
1.000000000000000000e+00 1.396707595801045727e+02 1.188830296902980378e-03
1.000000000000000000e+00 1.419280980799704821e+02 1.221875042532882252e-03
1.000000000000000000e+00 1.577607145988516493e+02 1.438571369241238964e-03
1.000000000000000000e+00 1.735933311177328164e+02 1.693049835977688189e-03
1.000000000000000000e+00 1.837714417370135891e+02 1.854044204243202650e-03
1.000000000000000000e+00 1.894259476366139836e+02 1.936817422474621225e-03
1.000000000000000000e+00 2.052585641554951508e+02 2.126663656801642578e-03
1.000000000000000000e+00 2.210911806743763179e+02 2.265134471564144748e-03
1.000000000000000000e+00 2.369237971932574851e+02 2.378648594153845615e-03
1.000000000000000000e+00 2.527564137121386807e+02 2.462208722581641675e-03
1.000000000000000000e+00 2.685890302310198194e+02 2.511212210763356933e-03
1.000000000000000000e+00 2.844216467499010150e+02 2.517860597618056841e-03
1.000000000000000000e+00 3.002542632687821538e+02 2.490148908308485471e-03
1.000000000000000000e+00 3.160868797876633494e+02 2.432475437682755405e-03
1.000000000000000000e+00 3.319194963065444881e+02 2.349611280850184836e-03
1.000000000000000000e+00 3.477521128254256837e+02 2.241250940832043969e-03
1.000000000000000000e+00 3.635847293443068224e+02 2.115424759817716421e-03
1.000000000000000000e+00 3.794173458631880180e+02 1.972906245135176879e-03
1.000000000000000000e+00 3.952499623820692136e+02 1.821385331525114453e-03
1.000000000000000000e+00 4.110825789009503524e+02 1.661795879379676048e-03
1.000000000000000000e+00 4.269151954198315480e+02 1.502095508712232011e-03
1.000000000000000000e+00 4.427478119387126867e+02 1.340777058033772911e-03
1.000000000000000000e+00 4.585804284575938823e+02 1.181108962359454437e-03
1.000000000000000000e+00 4.744130449764750210e+02 1.030217870864743104e-03
1.000000000000000000e+00 4.902456614953562166e+02 8.902177703204091361e-04
1.000000000000000000e+00 5.060782780142373554e+02 7.588848968468261133e-04
1.000000000000000000e+00 5.219108945331184941e+02 6.393196674494616488e-04
1.000000000000000000e+00 5.377435110519996897e+02 5.332662319361309048e-04
1.000000000000000000e+00 5.535761275708808853e+02 4.368214647769615437e-04
1.000000000000000000e+00 5.694087440897619672e+02 3.515237020198108968e-04
1.000000000000000000e+00 5.852413606086431628e+02 2.820143594699891219e-04
1.000000000000000000e+00 6.010739771275243584e+02 2.211632210680339382e-04
1.000000000000000000e+00 6.169065936464055540e+02 1.711575890569966903e-04
1.000000000000000000e+00 6.327392101652866359e+02 1.282076420313418559e-04
1.000000000000000000e+00 6.485718266841678314e+02 9.471180568512702134e-05
1.000000000000000000e+00 6.644044432030490270e+02 6.901015881935154174e-05
1.000000000000000000e+00 6.802370597219302226e+02 4.505606934354853253e-05
1.000000000000000000e+00 6.960696762408113045e+02 2.765028815486633959e-05
1.000000000000000000e+00 7.119022927596925001e+02 1.408395986543236348e-05
1.000000000000000000e+00 7.277349092785736957e+02 4.010489861849825125e-06
1.000000000000000000e+00 7.350857669480542427e+02 0.000000000000000000e+00
