# mx [GeV]: 10000000.0
# sigma_p [cm^2]: 6.3095734448e-27
# depth [m]: 10.6
# target: full
# Columns: gamma/pi, v [km/s], f(v, gamma) [s/km]
0.000000000000000000e+00 0.000000000000000000e+00 0.000000000000000000e+00
0.000000000000000000e+00 1.666666666666666644e-02 0.000000000000000000e+00
0.000000000000000000e+00 3.333333333333333287e-02 0.000000000000000000e+00
0.000000000000000000e+00 5.000000000000000278e-02 0.000000000000000000e+00
0.000000000000000000e+00 6.666666666666666574e-02 0.000000000000000000e+00
0.000000000000000000e+00 8.333333333333332871e-02 0.000000000000000000e+00
0.000000000000000000e+00 1.000000000000000056e-01 0.000000000000000000e+00
0.000000000000000000e+00 1.166666666666666685e-01 0.000000000000000000e+00
0.000000000000000000e+00 1.333333333333333315e-01 0.000000000000000000e+00
0.000000000000000000e+00 1.499999999999999944e-01 0.000000000000000000e+00
0.000000000000000000e+00 1.666666666666666574e-01 0.000000000000000000e+00
0.000000000000000000e+00 1.833333333333333204e-01 0.000000000000000000e+00
0.000000000000000000e+00 2.000000000000000111e-01 0.000000000000000000e+00
0.000000000000000000e+00 2.166666666666666741e-01 0.000000000000000000e+00
0.000000000000000000e+00 2.333333333333333370e-01 0.000000000000000000e+00
0.000000000000000000e+00 2.500000000000000000e-01 0.000000000000000000e+00
0.000000000000000000e+00 2.666666666666666630e-01 0.000000000000000000e+00
0.000000000000000000e+00 2.833333333333333259e-01 0.000000000000000000e+00
0.000000000000000000e+00 2.999999999999999889e-01 0.000000000000000000e+00
0.000000000000000000e+00 3.166666666666666519e-01 0.000000000000000000e+00
0.000000000000000000e+00 3.333333333333333148e-01 0.000000000000000000e+00
0.000000000000000000e+00 3.499999999999999778e-01 0.000000000000000000e+00
0.000000000000000000e+00 3.666666666666666408e-01 0.000000000000000000e+00
0.000000000000000000e+00 3.833333333333333037e-01 0.000000000000000000e+00
0.000000000000000000e+00 4.000000000000000222e-01 0.000000000000000000e+00
0.000000000000000000e+00 4.166666666666666852e-01 0.000000000000000000e+00
0.000000000000000000e+00 4.333333333333333481e-01 0.000000000000000000e+00
0.000000000000000000e+00 4.500000000000000111e-01 0.000000000000000000e+00
0.000000000000000000e+00 4.666666666666666741e-01 0.000000000000000000e+00
0.000000000000000000e+00 4.833333333333333370e-01 0.000000000000000000e+00
0.000000000000000000e+00 5.000000000000000000e-01 0.000000000000000000e+00
0.000000000000000000e+00 5.166666666666666075e-01 0.000000000000000000e+00
0.000000000000000000e+00 5.333333333333333259e-01 0.000000000000000000e+00
0.000000000000000000e+00 5.500000000000000444e-01 0.000000000000000000e+00
0.000000000000000000e+00 5.666666666666666519e-01 0.000000000000000000e+00
0.000000000000000000e+00 5.833333333333333703e-01 0.000000000000000000e+00
0.000000000000000000e+00 5.999999999999999778e-01 0.000000000000000000e+00
0.000000000000000000e+00 6.166666666666666963e-01 0.000000000000000000e+00
0.000000000000000000e+00 6.333333333333333037e-01 0.000000000000000000e+00
0.000000000000000000e+00 6.500000000000000222e-01 0.000000000000000000e+00
0.000000000000000000e+00 6.666666666666666297e-01 0.000000000000000000e+00
0.000000000000000000e+00 6.833333333333333481e-01 0.000000000000000000e+00
0.000000000000000000e+00 6.999999999999999556e-01 0.000000000000000000e+00
0.000000000000000000e+00 7.166666666666666741e-01 0.000000000000000000e+00
0.000000000000000000e+00 7.333333333333332815e-01 0.000000000000000000e+00
0.000000000000000000e+00 7.500000000000000000e-01 0.000000000000000000e+00
0.000000000000000000e+00 7.666666666666666075e-01 0.000000000000000000e+00
0.000000000000000000e+00 7.833333333333333259e-01 0.000000000000000000e+00
0.000000000000000000e+00 8.000000000000000444e-01 0.000000000000000000e+00
0.000000000000000000e+00 8.166666666666666519e-01 0.000000000000000000e+00
0.000000000000000000e+00 8.333333333333333703e-01 0.000000000000000000e+00
0.000000000000000000e+00 8.499999999999999778e-01 0.000000000000000000e+00
0.000000000000000000e+00 8.666666666666666963e-01 0.000000000000000000e+00
0.000000000000000000e+00 8.833333333333333037e-01 0.000000000000000000e+00
0.000000000000000000e+00 9.000000000000000222e-01 0.000000000000000000e+00
0.000000000000000000e+00 9.166666666666666297e-01 0.000000000000000000e+00
0.000000000000000000e+00 9.333333333333333481e-01 0.000000000000000000e+00
0.000000000000000000e+00 9.499999999999999556e-01 0.000000000000000000e+00
0.000000000000000000e+00 9.666666666666666741e-01 0.000000000000000000e+00
0.000000000000000000e+00 9.833333333333332815e-01 0.000000000000000000e+00
0.000000000000000000e+00 1.000000000000000000e+00 0.000000000000000000e+00
1.000000000000000056e-01 0.000000000000000000e+00 0.000000000000000000e+00
1.000000000000000056e-01 1.666666666666666644e-02 0.000000000000000000e+00
1.000000000000000056e-01 3.333333333333333287e-02 0.000000000000000000e+00
1.000000000000000056e-01 5.000000000000000278e-02 0.000000000000000000e+00
1.000000000000000056e-01 6.666666666666666574e-02 0.000000000000000000e+00
1.000000000000000056e-01 8.333333333333332871e-02 0.000000000000000000e+00
1.000000000000000056e-01 1.000000000000000056e-01 0.000000000000000000e+00
1.000000000000000056e-01 1.166666666666666685e-01 0.000000000000000000e+00
1.000000000000000056e-01 1.333333333333333315e-01 0.000000000000000000e+00
1.000000000000000056e-01 1.499999999999999944e-01 0.000000000000000000e+00
1.000000000000000056e-01 1.666666666666666574e-01 0.000000000000000000e+00
1.000000000000000056e-01 1.833333333333333204e-01 0.000000000000000000e+00
1.000000000000000056e-01 2.000000000000000111e-01 0.000000000000000000e+00
1.000000000000000056e-01 2.166666666666666741e-01 0.000000000000000000e+00
1.000000000000000056e-01 2.333333333333333370e-01 0.000000000000000000e+00
1.000000000000000056e-01 2.500000000000000000e-01 0.000000000000000000e+00
1.000000000000000056e-01 2.666666666666666630e-01 0.000000000000000000e+00
1.000000000000000056e-01 2.833333333333333259e-01 0.000000000000000000e+00
1.000000000000000056e-01 2.999999999999999889e-01 0.000000000000000000e+00
1.000000000000000056e-01 3.166666666666666519e-01 0.000000000000000000e+00
1.000000000000000056e-01 3.333333333333333148e-01 0.000000000000000000e+00
1.000000000000000056e-01 3.499999999999999778e-01 0.000000000000000000e+00
1.000000000000000056e-01 3.666666666666666408e-01 0.000000000000000000e+00
1.000000000000000056e-01 3.833333333333333037e-01 0.000000000000000000e+00
1.000000000000000056e-01 4.000000000000000222e-01 0.000000000000000000e+00
1.000000000000000056e-01 4.166666666666666852e-01 0.000000000000000000e+00
1.000000000000000056e-01 4.333333333333333481e-01 0.000000000000000000e+00
1.000000000000000056e-01 4.500000000000000111e-01 0.000000000000000000e+00
1.000000000000000056e-01 4.666666666666666741e-01 0.000000000000000000e+00
1.000000000000000056e-01 4.833333333333333370e-01 0.000000000000000000e+00
1.000000000000000056e-01 5.000000000000000000e-01 0.000000000000000000e+00
1.000000000000000056e-01 5.166666666666666075e-01 0.000000000000000000e+00
1.000000000000000056e-01 5.333333333333333259e-01 0.000000000000000000e+00
1.000000000000000056e-01 5.500000000000000444e-01 0.000000000000000000e+00
1.000000000000000056e-01 5.666666666666666519e-01 0.000000000000000000e+00
1.000000000000000056e-01 5.833333333333333703e-01 0.000000000000000000e+00
1.000000000000000056e-01 5.999999999999999778e-01 0.000000000000000000e+00
1.000000000000000056e-01 6.166666666666666963e-01 0.000000000000000000e+00
1.000000000000000056e-01 6.333333333333333037e-01 0.000000000000000000e+00
1.000000000000000056e-01 6.500000000000000222e-01 0.000000000000000000e+00
1.000000000000000056e-01 6.666666666666666297e-01 0.000000000000000000e+00
1.000000000000000056e-01 6.833333333333333481e-01 0.000000000000000000e+00
1.000000000000000056e-01 6.999999999999999556e-01 0.000000000000000000e+00
1.000000000000000056e-01 7.166666666666666741e-01 0.000000000000000000e+00
1.000000000000000056e-01 7.333333333333332815e-01 0.000000000000000000e+00
1.000000000000000056e-01 7.500000000000000000e-01 0.000000000000000000e+00
1.000000000000000056e-01 7.666666666666666075e-01 0.000000000000000000e+00
1.000000000000000056e-01 7.833333333333333259e-01 0.000000000000000000e+00
1.000000000000000056e-01 8.000000000000000444e-01 0.000000000000000000e+00
1.000000000000000056e-01 8.166666666666666519e-01 0.000000000000000000e+00
1.000000000000000056e-01 8.333333333333333703e-01 0.000000000000000000e+00
1.000000000000000056e-01 8.499999999999999778e-01 0.000000000000000000e+00
1.000000000000000056e-01 8.666666666666666963e-01 0.000000000000000000e+00
1.000000000000000056e-01 8.833333333333333037e-01 0.000000000000000000e+00
1.000000000000000056e-01 9.000000000000000222e-01 0.000000000000000000e+00
1.000000000000000056e-01 9.166666666666666297e-01 0.000000000000000000e+00
1.000000000000000056e-01 9.333333333333333481e-01 0.000000000000000000e+00
1.000000000000000056e-01 9.499999999999999556e-01 0.000000000000000000e+00
1.000000000000000056e-01 9.666666666666666741e-01 0.000000000000000000e+00
1.000000000000000056e-01 9.833333333333332815e-01 0.000000000000000000e+00
1.000000000000000056e-01 1.000000000000000000e+00 0.000000000000000000e+00
2.000000000000000111e-01 0.000000000000000000e+00 0.000000000000000000e+00
2.000000000000000111e-01 1.666666666666666644e-02 0.000000000000000000e+00
2.000000000000000111e-01 3.333333333333333287e-02 0.000000000000000000e+00
2.000000000000000111e-01 5.000000000000000278e-02 0.000000000000000000e+00
2.000000000000000111e-01 6.666666666666666574e-02 0.000000000000000000e+00
2.000000000000000111e-01 8.333333333333332871e-02 0.000000000000000000e+00
2.000000000000000111e-01 1.000000000000000056e-01 0.000000000000000000e+00
2.000000000000000111e-01 1.166666666666666685e-01 0.000000000000000000e+00
2.000000000000000111e-01 1.333333333333333315e-01 0.000000000000000000e+00
2.000000000000000111e-01 1.499999999999999944e-01 0.000000000000000000e+00
2.000000000000000111e-01 1.666666666666666574e-01 0.000000000000000000e+00
2.000000000000000111e-01 1.833333333333333204e-01 0.000000000000000000e+00
2.000000000000000111e-01 2.000000000000000111e-01 0.000000000000000000e+00
2.000000000000000111e-01 2.166666666666666741e-01 0.000000000000000000e+00
2.000000000000000111e-01 2.333333333333333370e-01 0.000000000000000000e+00
2.000000000000000111e-01 2.500000000000000000e-01 0.000000000000000000e+00
2.000000000000000111e-01 2.666666666666666630e-01 0.000000000000000000e+00
2.000000000000000111e-01 2.833333333333333259e-01 0.000000000000000000e+00
2.000000000000000111e-01 2.999999999999999889e-01 0.000000000000000000e+00
2.000000000000000111e-01 3.166666666666666519e-01 0.000000000000000000e+00
2.000000000000000111e-01 3.333333333333333148e-01 0.000000000000000000e+00
2.000000000000000111e-01 3.499999999999999778e-01 0.000000000000000000e+00
2.000000000000000111e-01 3.666666666666666408e-01 0.000000000000000000e+00
2.000000000000000111e-01 3.833333333333333037e-01 0.000000000000000000e+00
2.000000000000000111e-01 4.000000000000000222e-01 0.000000000000000000e+00
2.000000000000000111e-01 4.166666666666666852e-01 0.000000000000000000e+00
2.000000000000000111e-01 4.333333333333333481e-01 0.000000000000000000e+00
2.000000000000000111e-01 4.500000000000000111e-01 0.000000000000000000e+00
2.000000000000000111e-01 4.666666666666666741e-01 0.000000000000000000e+00
2.000000000000000111e-01 4.833333333333333370e-01 0.000000000000000000e+00
2.000000000000000111e-01 5.000000000000000000e-01 0.000000000000000000e+00
2.000000000000000111e-01 5.166666666666666075e-01 0.000000000000000000e+00
2.000000000000000111e-01 5.333333333333333259e-01 0.000000000000000000e+00
2.000000000000000111e-01 5.500000000000000444e-01 0.000000000000000000e+00
2.000000000000000111e-01 5.666666666666666519e-01 0.000000000000000000e+00
2.000000000000000111e-01 5.833333333333333703e-01 0.000000000000000000e+00
2.000000000000000111e-01 5.999999999999999778e-01 0.000000000000000000e+00
2.000000000000000111e-01 6.166666666666666963e-01 0.000000000000000000e+00
2.000000000000000111e-01 6.333333333333333037e-01 0.000000000000000000e+00
2.000000000000000111e-01 6.500000000000000222e-01 0.000000000000000000e+00
2.000000000000000111e-01 6.666666666666666297e-01 0.000000000000000000e+00
2.000000000000000111e-01 6.833333333333333481e-01 0.000000000000000000e+00
2.000000000000000111e-01 6.999999999999999556e-01 0.000000000000000000e+00
2.000000000000000111e-01 7.166666666666666741e-01 0.000000000000000000e+00
2.000000000000000111e-01 7.333333333333332815e-01 0.000000000000000000e+00
2.000000000000000111e-01 7.500000000000000000e-01 0.000000000000000000e+00
2.000000000000000111e-01 7.666666666666666075e-01 0.000000000000000000e+00
2.000000000000000111e-01 7.833333333333333259e-01 0.000000000000000000e+00
2.000000000000000111e-01 8.000000000000000444e-01 0.000000000000000000e+00
2.000000000000000111e-01 8.166666666666666519e-01 0.000000000000000000e+00
2.000000000000000111e-01 8.333333333333333703e-01 0.000000000000000000e+00
2.000000000000000111e-01 8.499999999999999778e-01 0.000000000000000000e+00
2.000000000000000111e-01 8.666666666666666963e-01 0.000000000000000000e+00
2.000000000000000111e-01 8.833333333333333037e-01 0.000000000000000000e+00
2.000000000000000111e-01 9.000000000000000222e-01 0.000000000000000000e+00
2.000000000000000111e-01 9.166666666666666297e-01 0.000000000000000000e+00
2.000000000000000111e-01 9.333333333333333481e-01 0.000000000000000000e+00
2.000000000000000111e-01 9.499999999999999556e-01 0.000000000000000000e+00
2.000000000000000111e-01 9.666666666666666741e-01 0.000000000000000000e+00
2.000000000000000111e-01 9.833333333333332815e-01 0.000000000000000000e+00
2.000000000000000111e-01 1.000000000000000000e+00 0.000000000000000000e+00
3.000000000000000444e-01 0.000000000000000000e+00 0.000000000000000000e+00
3.000000000000000444e-01 1.666666666666666644e-02 0.000000000000000000e+00
3.000000000000000444e-01 3.333333333333333287e-02 0.000000000000000000e+00
3.000000000000000444e-01 5.000000000000000278e-02 0.000000000000000000e+00
3.000000000000000444e-01 6.666666666666666574e-02 0.000000000000000000e+00
3.000000000000000444e-01 8.333333333333332871e-02 0.000000000000000000e+00
3.000000000000000444e-01 1.000000000000000056e-01 0.000000000000000000e+00
3.000000000000000444e-01 1.166666666666666685e-01 0.000000000000000000e+00
3.000000000000000444e-01 1.333333333333333315e-01 0.000000000000000000e+00
3.000000000000000444e-01 1.499999999999999944e-01 0.000000000000000000e+00
3.000000000000000444e-01 1.666666666666666574e-01 0.000000000000000000e+00
3.000000000000000444e-01 1.833333333333333204e-01 0.000000000000000000e+00
3.000000000000000444e-01 2.000000000000000111e-01 0.000000000000000000e+00
3.000000000000000444e-01 2.166666666666666741e-01 0.000000000000000000e+00
3.000000000000000444e-01 2.333333333333333370e-01 0.000000000000000000e+00
3.000000000000000444e-01 2.500000000000000000e-01 0.000000000000000000e+00
3.000000000000000444e-01 2.666666666666666630e-01 0.000000000000000000e+00
3.000000000000000444e-01 2.833333333333333259e-01 0.000000000000000000e+00
3.000000000000000444e-01 2.999999999999999889e-01 0.000000000000000000e+00
3.000000000000000444e-01 3.166666666666666519e-01 0.000000000000000000e+00
3.000000000000000444e-01 3.333333333333333148e-01 0.000000000000000000e+00
3.000000000000000444e-01 3.499999999999999778e-01 0.000000000000000000e+00
3.000000000000000444e-01 3.666666666666666408e-01 0.000000000000000000e+00
3.000000000000000444e-01 3.833333333333333037e-01 0.000000000000000000e+00
3.000000000000000444e-01 4.000000000000000222e-01 0.000000000000000000e+00
3.000000000000000444e-01 4.166666666666666852e-01 0.000000000000000000e+00
3.000000000000000444e-01 4.333333333333333481e-01 0.000000000000000000e+00
3.000000000000000444e-01 4.500000000000000111e-01 0.000000000000000000e+00
3.000000000000000444e-01 4.666666666666666741e-01 0.000000000000000000e+00
3.000000000000000444e-01 4.833333333333333370e-01 0.000000000000000000e+00
3.000000000000000444e-01 5.000000000000000000e-01 0.000000000000000000e+00
3.000000000000000444e-01 5.166666666666666075e-01 0.000000000000000000e+00
3.000000000000000444e-01 5.333333333333333259e-01 0.000000000000000000e+00
3.000000000000000444e-01 5.500000000000000444e-01 0.000000000000000000e+00
3.000000000000000444e-01 5.666666666666666519e-01 0.000000000000000000e+00
3.000000000000000444e-01 5.833333333333333703e-01 0.000000000000000000e+00
3.000000000000000444e-01 5.999999999999999778e-01 0.000000000000000000e+00
3.000000000000000444e-01 6.166666666666666963e-01 0.000000000000000000e+00
3.000000000000000444e-01 6.333333333333333037e-01 0.000000000000000000e+00
3.000000000000000444e-01 6.500000000000000222e-01 0.000000000000000000e+00
3.000000000000000444e-01 6.666666666666666297e-01 0.000000000000000000e+00
3.000000000000000444e-01 6.833333333333333481e-01 0.000000000000000000e+00
3.000000000000000444e-01 6.999999999999999556e-01 0.000000000000000000e+00
3.000000000000000444e-01 7.166666666666666741e-01 0.000000000000000000e+00
3.000000000000000444e-01 7.333333333333332815e-01 0.000000000000000000e+00
3.000000000000000444e-01 7.500000000000000000e-01 0.000000000000000000e+00
3.000000000000000444e-01 7.666666666666666075e-01 0.000000000000000000e+00
3.000000000000000444e-01 7.833333333333333259e-01 0.000000000000000000e+00
3.000000000000000444e-01 8.000000000000000444e-01 0.000000000000000000e+00
3.000000000000000444e-01 8.166666666666666519e-01 0.000000000000000000e+00
3.000000000000000444e-01 8.333333333333333703e-01 0.000000000000000000e+00
3.000000000000000444e-01 8.499999999999999778e-01 0.000000000000000000e+00
3.000000000000000444e-01 8.666666666666666963e-01 0.000000000000000000e+00
3.000000000000000444e-01 8.833333333333333037e-01 0.000000000000000000e+00
3.000000000000000444e-01 9.000000000000000222e-01 0.000000000000000000e+00
3.000000000000000444e-01 9.166666666666666297e-01 0.000000000000000000e+00
3.000000000000000444e-01 9.333333333333333481e-01 0.000000000000000000e+00
3.000000000000000444e-01 9.499999999999999556e-01 0.000000000000000000e+00
3.000000000000000444e-01 9.666666666666666741e-01 0.000000000000000000e+00
3.000000000000000444e-01 9.833333333333332815e-01 0.000000000000000000e+00
3.000000000000000444e-01 1.000000000000000000e+00 0.000000000000000000e+00
4.000000000000000222e-01 1.000000000000000000e+00 1.680835246882901129e-05
4.000000000000000222e-01 1.255737190844852913e+00 1.189550055486796310e-05
4.000000000000000222e-01 1.576875892470922746e+00 8.867186218987268753e-06
4.000000000000000222e-01 1.980141703522406926e+00 6.785135923910825992e-06
4.000000000000000222e-01 2.486537580255969271e+00 5.208773043889353832e-06
4.000000000000000222e-01 3.122437715960788562e+00 4.072420006696612716e-06
4.000000000000000222e-01 3.920961166028620326e+00 3.352204273150937039e-06
4.000000000000000222e-01 4.923696760040538578e+00 2.603099203802442039e-06
4.000000000000000222e-01 6.182869138025210098e+00 2.071879523913365750e-06
4.000000000000000222e-01 7.764058722745113883e+00 1.633623291462233939e-06
4.000000000000000222e-01 9.749617290054427343e+00 1.339385135435998575e-06
4.000000000000000222e-01 1.224295702762535321e+01 1.042266139294396940e-06
4.000000000000000222e-01 1.537393646550451720e+01 8.376410308264655108e-07
4.000000000000000222e-01 1.930562378941988300e+01 7.062597723356065166e-07
4.000000000000000222e-01 2.424278978483369684e+01 6.079546910240663344e-07
4.000000000000000222e-01 3.044257274264935376e+01 5.295003051013864735e-07
4.000000000000000222e-01 3.822787077794460231e+01 4.531160709713685512e-07
4.000000000000000222e-01 4.541796069856420814e+01 4.582204040813919445e-07
4.000000000000000222e-01 4.800415906267620869e+01 5.029003774957873110e-07
4.000000000000000222e-01 5.193951402964009390e+01 4.807025295323431330e-07
4.000000000000000222e-01 5.846106736071598675e+01 5.524079758368009160e-07
4.000000000000000222e-01 6.028060785023449597e+01 5.502496632445707999e-07
4.000000000000000222e-01 6.498262069179187961e+01 6.077860335230284198e-07
4.000000000000000222e-01 7.150417402286775825e+01 6.609640523187538954e-07
4.000000000000000222e-01 7.569660116427367313e+01 7.687693247228669739e-07
4.000000000000000222e-01 7.802572735394363690e+01 7.717128067541257488e-07
4.000000000000000222e-01 8.454728068501952976e+01 9.588135571267718013e-07
4.000000000000000222e-01 9.106883401609542261e+01 1.219278689888041841e-06
4.000000000000000222e-01 9.759038734717131547e+01 1.441762541083175109e-06
4.000000000000000222e-01 1.041119406782471941e+02 1.734439960582385946e-06
4.000000000000000222e-01 1.106334940093230728e+02 2.057772673767412582e-06
4.000000000000000222e-01 1.171550473403989656e+02 2.267643005727366399e-06
4.000000000000000222e-01 1.236766006714748585e+02 2.599143766216053086e-06
4.000000000000000222e-01 1.301981540025507513e+02 2.852655050956038060e-06
4.000000000000000222e-01 1.367197073336266442e+02 3.058513991379462350e-06
4.000000000000000222e-01 1.432412606647025086e+02 3.328871885317122344e-06
4.000000000000000222e-01 1.497628139957784015e+02 3.577595516021057339e-06
4.000000000000000222e-01 1.562843673268542943e+02 3.864102808570269174e-06
4.000000000000000222e-01 1.628059206579301872e+02 4.100080460472512868e-06
4.000000000000000222e-01 1.693274739890060800e+02 4.354229438599193668e-06
4.000000000000000222e-01 1.758490273200819445e+02 4.572835145649404472e-06
4.000000000000000222e-01 1.823705806511578373e+02 4.772890528364670575e-06
4.000000000000000222e-01 1.888921339822337302e+02 4.897623909449746261e-06
4.000000000000000222e-01 1.954136873133096231e+02 4.934018841870510746e-06
4.000000000000000222e-01 2.019352406443855159e+02 4.964542570114357617e-06
4.000000000000000222e-01 2.084567939754613803e+02 4.896667882584769755e-06
4.000000000000000222e-01 2.149783473065372732e+02 4.862048544509238018e-06
4.000000000000000222e-01 2.214999006376131661e+02 4.713879591355258390e-06
4.000000000000000222e-01 2.280214539686890589e+02 4.563166742274379857e-06
4.000000000000000222e-01 2.345430072997649518e+02 4.311787027455719403e-06
4.000000000000000222e-01 2.410645606308408162e+02 3.975187492714088179e-06
4.000000000000000222e-01 2.475861139619167091e+02 3.725166141530438530e-06
4.000000000000000222e-01 2.541076672929926019e+02 3.407481616960839237e-06
4.000000000000000222e-01 2.606292206240685232e+02 3.004843346996183081e-06
4.000000000000000222e-01 2.671507739551444160e+02 2.561788398548114416e-06
4.000000000000000222e-01 2.736723272862202521e+02 2.114463556204566270e-06
4.000000000000000222e-01 2.801938806172961449e+02 1.690138049586407245e-06
4.000000000000000222e-01 2.867154339483720378e+02 1.182304772490445250e-06
4.000000000000000222e-01 2.932369872794479306e+02 7.134206961868025571e-07
4.000000000000000222e-01 2.997585406105238235e+02 2.394237408876740879e-07
4.000000000000000222e-01 3.027864046570947494e+02 0.000000000000000000e+00
5.000000000000000000e-01 1.000000000000000000e+00 6.732730085185039120e-05
5.000000000000000000e-01 1.275693516424885265e+00 4.655811944827777012e-05
5.000000000000000000e-01 1.627393947848488898e+00 3.410688063678343431e-05
5.000000000000000000e-01 2.076055907939415412e+00 2.591508973368647297e-05
5.000000000000000000e-01 2.648411061493890273e+00 1.977483593699065658e-05
5.000000000000000000e-01 3.378560819975704010e+00 1.546383531809770575e-05
5.000000000000000000e-01 4.310008132890150279e+00 1.205164537107814418e-05
5.000000000000000000e-01 5.498249430866488652e+00 9.286345209278259132e-06
5.000000000000000000e-01 7.014081150643195706e+00 7.210496973477795792e-06
5.000000000000000000e-01 8.947817847553524828e+00 5.905898184601538071e-06
5.000000000000000000e-01 1.141467321427490056e+01 4.588138766443107895e-06
5.000000000000000000e-01 1.456162461155929755e+01 3.816715374661474599e-06
5.000000000000000000e-01 1.857617010557923720e+01 3.120887374387887508e-06
5.000000000000000000e-01 2.369749976369320876e+01 2.304853815773983573e-06
5.000000000000000000e-01 3.023074680402366354e+01 2.099488440272161394e-06
5.000000000000000000e-01 3.856516769457531524e+01 1.915395963775466054e-06
5.000000000000000000e-01 4.919733438780816925e+01 1.997305728013196718e-06
5.000000000000000000e-01 6.128185002640806545e+01 2.426066839402128931e-06
5.000000000000000000e-01 6.276072050391394441e+01 2.364578392139833869e-06
5.000000000000000000e-01 7.008129515840512624e+01 2.510735001142931482e-06
5.000000000000000000e-01 7.888074029040217283e+01 3.340662598339977960e-06
5.000000000000000000e-01 8.006344423299738366e+01 3.541733587125766055e-06
5.000000000000000000e-01 8.768018542239923363e+01 4.507887817613634531e-06
5.000000000000000000e-01 9.647963055439629443e+01 5.795530558196306584e-06
5.000000000000000000e-01 1.021364167106800807e+02 6.841621556736554137e-06
5.000000000000000000e-01 1.052790756863933552e+02 7.304320682194073831e-06
5.000000000000000000e-01 1.140785208183904160e+02 9.016701770411775606e-06
5.000000000000000000e-01 1.228779659503874626e+02 1.044127028979996374e-05
5.000000000000000000e-01 1.316774110823845376e+02 1.226193676650306900e-05
5.000000000000000000e-01 1.404768562143815984e+02 1.372292643558812272e-05
5.000000000000000000e-01 1.492763013463786592e+02 1.534462975283354728e-05
5.000000000000000000e-01 1.580757464783756916e+02 1.717390756284779371e-05
5.000000000000000000e-01 1.668751916103727524e+02 1.902707887851105918e-05
5.000000000000000000e-01 1.756746367423698132e+02 2.082438471299319152e-05
5.000000000000000000e-01 1.844740818743668456e+02 2.252404472669381451e-05
5.000000000000000000e-01 1.932735270063639064e+02 2.373701947802110091e-05
5.000000000000000000e-01 2.020729721383609672e+02 2.481386163248640303e-05
5.000000000000000000e-01 2.108724172703580280e+02 2.537751431843815084e-05
5.000000000000000000e-01 2.196718624023550888e+02 2.578770848231617165e-05
5.000000000000000000e-01 2.284713075343521496e+02 2.584808878656783701e-05
5.000000000000000000e-01 2.372707526663492104e+02 2.574243746135433384e-05
5.000000000000000000e-01 2.460701977983462712e+02 2.533440856338291892e-05
5.000000000000000000e-01 2.548696429303433320e+02 2.482954340259986337e-05
5.000000000000000000e-01 2.636690880623403928e+02 2.384893387593111093e-05
5.000000000000000000e-01 2.724685331943374536e+02 2.270750028659711359e-05
5.000000000000000000e-01 2.812679783263345143e+02 2.131988431883381825e-05
5.000000000000000000e-01 2.900674234583315751e+02 1.999393853437468792e-05
5.000000000000000000e-01 2.988668685903286359e+02 1.849002563787342706e-05
5.000000000000000000e-01 3.076663137223256399e+02 1.690644656100941335e-05
5.000000000000000000e-01 3.164657588543227007e+02 1.533256824276562477e-05
5.000000000000000000e-01 3.252652039863197615e+02 1.358283208493923981e-05
5.000000000000000000e-01 3.340646491183168223e+02 1.201811738178409800e-05
5.000000000000000000e-01 3.428640942503138831e+02 1.040226798909533117e-05
5.000000000000000000e-01 3.516635393823109439e+02 8.749696149046737331e-06
5.000000000000000000e-01 3.604629845143080047e+02 7.304775716558368703e-06
5.000000000000000000e-01 3.692624296463050655e+02 5.750273948855705474e-06
5.000000000000000000e-01 3.780618747783021263e+02 4.375952373562355376e-06
5.000000000000000000e-01 3.868613199102991871e+02 3.005066693233299154e-06
5.000000000000000000e-01 3.956607650422962479e+02 1.725631602947463224e-06
5.000000000000000000e-01 4.044602101742932518e+02 4.912101218319694504e-07
5.000000000000000000e-01 4.085456668427204363e+02 0.000000000000000000e+00
6.000000000000000888e-01 1.000000000000000000e+00 1.802046373360998821e-04
6.000000000000000888e-01 1.287251958262631613e+00 1.234884052752137189e-04
6.000000000000000888e-01 1.657017604050979642e+00 8.977749058414882994e-05
6.000000000000000888e-01 2.132999155690277426e+00 6.710063548478448258e-05
6.000000000000000888e-01 2.745707340134849517e+00 5.093199080466072603e-05
6.000000000000000888e-01 3.534417150404666419e+00 3.904569369166079122e-05
6.000000000000000888e-01 4.549685398175435935e+00 2.992693875523237058e-05
6.000000000000000888e-01 5.856591438280230655e+00 2.335852504460923253e-05
6.000000000000000888e-01 7.538908797670389461e+00 1.811004041935817256e-05
6.000000000000000888e-01 9.704475112964590977e+00 1.485988221269512868e-05
6.000000000000000888e-01 1.249210459307464305e+01 1.144804447355171257e-05
6.000000000000000888e-01 1.608048610025694458e+01 9.498201856480586086e-06
6.000000000000000888e-01 2.069963722237077519e+01 7.609079742680630906e-06
6.000000000000000888e-01 2.664564854982284814e+01 6.004887756554875976e-06
6.000000000000000888e-01 3.429966327493730205e+01 5.353763376174070792e-06
6.000000000000000888e-01 4.415230871841192339e+01 5.026438340857175759e-06
6.000000000000000888e-01 5.683514585959199650e+01 6.110893401639022306e-06
6.000000000000000888e-01 7.273759087922606170e+01 7.994118089256904366e-06
6.000000000000000888e-01 7.316115280590207703e+01 7.997272313179270615e-06
6.000000000000000888e-01 8.318196290290980244e+01 1.040843354561507062e-05
6.000000000000000888e-01 9.362633492659354317e+01 1.475929833404422144e-05
6.000000000000000888e-01 9.417683721814910314e+01 1.482962352560988401e-05
6.000000000000000888e-01 1.040707069502772981e+02 1.958825577441954390e-05
6.000000000000000888e-01 1.145150789739610389e+02 2.493906486274303808e-05
6.000000000000000888e-01 1.212293181320434883e+02 2.850329401177113445e-05
6.000000000000000888e-01 1.249594509976447796e+02 3.016166393837587409e-05
6.000000000000000888e-01 1.354038230213285203e+02 3.572796172801840183e-05
6.000000000000000888e-01 1.458481950450122611e+02 4.088291719420667842e-05
6.000000000000000888e-01 1.562925670686960018e+02 4.646903765466393123e-05
6.000000000000000888e-01 1.667369390923797425e+02 5.279044628552957637e-05
6.000000000000000888e-01 1.771813111160634833e+02 5.910830523267294892e-05
6.000000000000000888e-01 1.876256831397472240e+02 6.570415495092250151e-05
6.000000000000000888e-01 1.980700551634309932e+02 6.932657174816750758e-05
6.000000000000000888e-01 2.085144271871147339e+02 7.253794546201830062e-05
6.000000000000000888e-01 2.189587992107984746e+02 7.480399306079419557e-05
6.000000000000000888e-01 2.294031712344822154e+02 7.655355283961253247e-05
6.000000000000000888e-01 2.398475432581659561e+02 7.772196762299556040e-05
6.000000000000000888e-01 2.502919152818496968e+02 7.687892383001383582e-05
6.000000000000000888e-01 2.607362873055334376e+02 7.580292123778128077e-05
6.000000000000000888e-01 2.711806593292171783e+02 7.340587266389412896e-05
6.000000000000000888e-01 2.816250313529009190e+02 7.071113530347164099e-05
6.000000000000000888e-01 2.920694033765846598e+02 6.708028873048949698e-05
6.000000000000000888e-01 3.025137754002684005e+02 6.292429035004700681e-05
6.000000000000000888e-01 3.129581474239521413e+02 5.881980711071557624e-05
6.000000000000000888e-01 3.234025194476358820e+02 5.413657379155867804e-05
6.000000000000000888e-01 3.338468914713196227e+02 4.984497729887263969e-05
6.000000000000000888e-01 3.442912634950033635e+02 4.516673243111789970e-05
6.000000000000000888e-01 3.547356355186871042e+02 4.040646752445574657e-05
6.000000000000000888e-01 3.651800075423708449e+02 3.594757640304888015e-05
6.000000000000000888e-01 3.756243795660545857e+02 3.157121401635429379e-05
6.000000000000000888e-01 3.860687515897383264e+02 2.747767092189078243e-05
6.000000000000000888e-01 3.965131236134220671e+02 2.359117341801831655e-05
6.000000000000000888e-01 4.069574956371058079e+02 1.987605186723063791e-05
6.000000000000000888e-01 4.174018676607895486e+02 1.641597610331563525e-05
6.000000000000000888e-01 4.278462396844732893e+02 1.325676132702809933e-05
6.000000000000000888e-01 4.382906117081570301e+02 1.035482972476570189e-05
6.000000000000000888e-01 4.487349837318407708e+02 7.545150377694047865e-06
6.000000000000000888e-01 4.591793557555245116e+02 5.107953818373013857e-06
6.000000000000000888e-01 4.696237277792082523e+02 2.947003633691215157e-06
6.000000000000000888e-01 4.800680998028919930e+02 8.931429615027855855e-07
6.000000000000000888e-01 4.849172725281737257e+02 0.000000000000000000e+00
7.000000000000000666e-01 1.000000000000000000e+00 3.585750799594255027e-04
7.000000000000000666e-01 1.294282775336216051e+00 2.432059957297477595e-04
7.000000000000000666e-01 1.675167902532017861e+00 1.769475676889390955e-04
7.000000000000000666e-01 2.168140962043287878e+00 1.315256658941022947e-04
7.000000000000000666e-01 2.806187501673520046e+00 1.001926612261672909e-04
7.000000000000000666e-01 3.632000147779806287e+00 7.685630940345248164e-05
7.000000000000000666e-01 4.700835231289994809e+00 5.757326597624636385e-05
7.000000000000000666e-01 6.084210069552276501e+00 4.574593266878988589e-05
7.000000000000000666e-01 7.874688294548672474e+00 3.426218914300746115e-05
7.000000000000000666e-01 1.019207342077607237e+01 2.794428334000082710e-05
7.000000000000000666e-01 1.319142507347253535e+01 2.058933718942702030e-05
7.000000000000000666e-01 1.707343425473377962e+01 1.674050691699923731e-05
7.000000000000000666e-01 2.209785187173725518e+01 1.484648987154340326e-05
7.000000000000000666e-01 2.860086904952068920e+01 1.200019331449310107e-05
7.000000000000000666e-01 3.701761217044131769e+01 9.968283519651466548e-06
7.000000000000000666e-01 4.791125781627847857e+01 1.078359733211777277e-05
7.000000000000000666e-01 6.201071573630188283e+01 1.357524411842308894e-05
7.000000000000000666e-01 8.025940126376596595e+01 1.981003761126206799e-05
7.000000000000000666e-01 8.066878372409904330e+01 1.966494258567514473e-05
7.000000000000000666e-01 9.225199369473889988e+01 2.755007953850034403e-05
7.000000000000000666e-01 1.038352036653787707e+02 3.878846102188740220e-05
7.000000000000000666e-01 1.038783606144900631e+02 3.871767162552295326e-05
7.000000000000000666e-01 1.154184136360186272e+02 5.140402238667060613e-05
7.000000000000000666e-01 1.270016236066584838e+02 6.270400322182399983e-05
7.000000000000000666e-01 1.344479728734984008e+02 7.082897112564836900e-05
7.000000000000000666e-01 1.385848335772983546e+02 7.461844754532551594e-05
7.000000000000000666e-01 1.501680435479382254e+02 8.617988766021898619e-05
7.000000000000000666e-01 1.617512535185780678e+02 1.006380458367872951e-04
7.000000000000000666e-01 1.733344634892179101e+02 1.154352590590448002e-04
7.000000000000000666e-01 1.849176734598577809e+02 1.306384240268657082e-04
7.000000000000000666e-01 1.965008834304976517e+02 1.419989074270892849e-04
7.000000000000000666e-01 2.080840934011375225e+02 1.507960649210317913e-04
7.000000000000000666e-01 2.196673033717773933e+02 1.577967713454865660e-04
7.000000000000000666e-01 2.312505133424172072e+02 1.619860657861425151e-04
7.000000000000000666e-01 2.428337233130570780e+02 1.659902147308751723e-04
7.000000000000000666e-01 2.544169332836969488e+02 1.649835678703131397e-04
7.000000000000000666e-01 2.660001432543368196e+02 1.624637595576527017e-04
7.000000000000000666e-01 2.775833532249766904e+02 1.578453861525294037e-04
7.000000000000000666e-01 2.891665631956165043e+02 1.520174578201808051e-04
7.000000000000000666e-01 3.007497731662563751e+02 1.441164268455647943e-04
7.000000000000000666e-01 3.123329831368962459e+02 1.359402594175130544e-04
7.000000000000000666e-01 3.239161931075361167e+02 1.269502891288491135e-04
7.000000000000000666e-01 3.354994030781759875e+02 1.172371518911684144e-04
7.000000000000000666e-01 3.470826130488158583e+02 1.070300223308715508e-04
7.000000000000000666e-01 3.586658230194557291e+02 9.711154879885863767e-05
7.000000000000000666e-01 3.702490329900955430e+02 8.727134161424859263e-05
7.000000000000000666e-01 3.818322429607354138e+02 7.775378434768734359e-05
7.000000000000000666e-01 3.934154529313752846e+02 6.867326001949765747e-05
7.000000000000000666e-01 4.049986629020151554e+02 6.010020459304150735e-05
7.000000000000000666e-01 4.165818728726550262e+02 5.172812593838378232e-05
7.000000000000000666e-01 4.281650828432948401e+02 4.434397261830191612e-05
7.000000000000000666e-01 4.397482928139347109e+02 3.730153135247132770e-05
7.000000000000000666e-01 4.513315027845745817e+02 3.093789038104507614e-05
7.000000000000000666e-01 4.629147127552144525e+02 2.528534332019456897e-05
7.000000000000000666e-01 4.744979227258543233e+02 1.996862607523844184e-05
7.000000000000000666e-01 4.860811326964941372e+02 1.529199611074967408e-05
7.000000000000000666e-01 4.976643426671340080e+02 1.114118954631839644e-05
7.000000000000000666e-01 5.092475526377738788e+02 7.414101105265518539e-06
7.000000000000000666e-01 5.208307626084136928e+02 4.148616330993591798e-06
7.000000000000000666e-01 5.324139725790536204e+02 1.205042534663783540e-06
7.000000000000000666e-01 5.377918914939936030e+02 0.000000000000000000e+00
8.000000000000000444e-01 1.000000000000000000e+00 5.561027534614036705e-04
8.000000000000000444e-01 1.298413974178826980e+00 3.759273341512892335e-04
8.000000000000000444e-01 1.685878848342855507e+00 2.726975092824737994e-04
8.000000000000000444e-01 2.188968655460871382e+00 2.007043397963168517e-04
8.000000000000000444e-01 2.842187491289833279e+00 1.521004117509042435e-04
8.000000000000000444e-01 3.690335955926982159e+00 1.176448614625794266e-04
8.000000000000000444e-01 4.791583774590174372e+00 8.707664450337238796e-05
8.000000000000000444e-01 6.221459331376411939e+00 6.885738111160463130e-05
8.000000000000000444e-01 8.078029735644395970e+00 5.222888437883453720e-05
8.000000000000000444e-01 1.048862669259277958e+01 4.178522730943737989e-05
8.000000000000000444e-01 1.361857946760751403e+01 3.297149032552094868e-05
8.000000000000000444e-01 1.768255388920644577e+01 2.472836299086068803e-05
8.000000000000000444e-01 2.295927506891582226e+01 2.010312377545981545e-05
8.000000000000000444e-01 2.981064358649584634e+01 1.720457813236098116e-05
8.000000000000000444e-01 3.870655621197062857e+01 1.622870036475945418e-05
8.000000000000000444e-01 5.025713347796096286e+01 1.644342132630574463e-05
8.000000000000000444e-01 6.525456440995506568e+01 2.122291229778843155e-05
8.000000000000000444e-01 8.472743830883797500e+01 3.422845762610814195e-05
8.000000000000000444e-01 8.570411767148650029e+01 3.529927482145748353e-05
8.000000000000000444e-01 9.801034995252045690e+01 5.173429032991506017e-05
8.000000000000000444e-01 1.100112898965697497e+02 6.996763457290397850e-05
8.000000000000000444e-01 1.103165822335544135e+02 7.016329369040417551e-05
8.000000000000000444e-01 1.226228145145883843e+02 9.043272636309859281e-05
8.000000000000000444e-01 1.349290467956223267e+02 1.123447200653445837e-04
8.000000000000000444e-01 1.428401961191441387e+02 1.236564996662992859e-04
8.000000000000000444e-01 1.472352790766562975e+02 1.304882198367020123e-04
8.000000000000000444e-01 1.595415113576902399e+02 1.555822069080192846e-04
8.000000000000000444e-01 1.718477436387242108e+02 1.797844153946843602e-04
8.000000000000000444e-01 1.841539759197581816e+02 2.043302839141340548e-04
8.000000000000000444e-01 1.964602082007921240e+02 2.242771399922624596e-04
8.000000000000000444e-01 2.087664404818260664e+02 2.422513133884070171e-04
8.000000000000000444e-01 2.210726727628600372e+02 2.541216750016677892e-04
8.000000000000000444e-01 2.333789050438940080e+02 2.609572128506271269e-04
8.000000000000000444e-01 2.456851373249279504e+02 2.665937413626369434e-04
8.000000000000000444e-01 2.579913696059619497e+02 2.691208156836420208e-04
8.000000000000000444e-01 2.702976018869958352e+02 2.646364876028144131e-04
8.000000000000000444e-01 2.826038341680298345e+02 2.574143503336692187e-04
8.000000000000000444e-01 2.949100664490638337e+02 2.476226764613868197e-04
8.000000000000000444e-01 3.072162987300977193e+02 2.351083769745261523e-04
8.000000000000000444e-01 3.195225310111317185e+02 2.219394486506775263e-04
8.000000000000000444e-01 3.318287632921656609e+02 2.063487051304012767e-04
8.000000000000000444e-01 3.441349955731996033e+02 1.901047281091681129e-04
8.000000000000000444e-01 3.564412278542336026e+02 1.740073499122727436e-04
8.000000000000000444e-01 3.687474601352674881e+02 1.574665025880905703e-04
8.000000000000000444e-01 3.810536924163014874e+02 1.409467033780704981e-04
8.000000000000000444e-01 3.933599246973354866e+02 1.258876076804652563e-04
8.000000000000000444e-01 4.056661569783693722e+02 1.109538518301928016e-04
8.000000000000000444e-01 4.179723892594033714e+02 9.698884455962373391e-05
8.000000000000000444e-01 4.302786215404373706e+02 8.368213288852161425e-05
8.000000000000000444e-01 4.425848538214712562e+02 7.170219110288839558e-05
8.000000000000000444e-01 4.548910861025052554e+02 6.061160253425590063e-05
8.000000000000000444e-01 4.671973183835392547e+02 5.037101832719481279e-05
8.000000000000000444e-01 4.795035506645731402e+02 4.147012188201083945e-05
8.000000000000000444e-01 4.918097829456071395e+02 3.338322341280633025e-05
8.000000000000000444e-01 5.041160152266411387e+02 2.621141392813501028e-05
8.000000000000000444e-01 5.164222475076750243e+02 1.989131246823434474e-05
8.000000000000000444e-01 5.287284797887090235e+02 1.419009770998847976e-05
8.000000000000000444e-01 5.410347120697429091e+02 9.384604912311281998e-06
8.000000000000000444e-01 5.533409443507769083e+02 5.177959661583368015e-06
8.000000000000000444e-01 5.656471766318109076e+02 1.539472165634562328e-06
8.000000000000000444e-01 5.713607844765766686e+02 0.000000000000000000e+00
9.000000000000000222e-01 1.000000000000000000e+00 7.056642489273056871e-04
9.000000000000000222e-01 1.300562833543085661e+00 4.758609284745237604e-04
9.000000000000000222e-01 1.691463683993619904e+00 3.441381473374682527e-04
9.000000000000000222e-01 2.199854801689968831e+00 2.540997643141096503e-04
9.000000000000000222e-01 2.861049394269268742e+00 1.933843192045115139e-04
9.000000000000000222e-01 3.720974507117568830e+00 1.473854787603864642e-04
9.000000000000000222e-01 4.839361148518412925e+00 1.105224661798218740e-04
9.000000000000000222e-01 6.293893247855428363e+00 8.567415753392998586e-05
9.000000000000000222e-01 8.185603636448549381e+00 6.471651212278356057e-05
9.000000000000000222e-01 1.064589185968011442e+01 5.148623423399222975e-05
9.000000000000000222e-01 1.384565128261883338e+01 3.997783657542159426e-05
9.000000000000000222e-01 1.800713946437221225e+01 3.133091215680670465e-05
9.000000000000000222e-01 2.341941632578945232e+01 2.740195744368288672e-05
9.000000000000000222e-01 3.045842245659391878e+01 2.199839389949621662e-05
9.000000000000000222e-01 3.961309221540015102e+01 2.011847330298627721e-05
9.000000000000000222e-01 5.151931545706435145e+01 2.199511383144078959e-05
9.000000000000000222e-01 6.700410689303971878e+01 2.824765615298822143e-05
9.000000000000000222e-01 8.714305111983554752e+01 4.720740542309700771e-05
9.000000000000000222e-01 8.843958376896082996e+01 5.071248498089190405e-05
9.000000000000000222e-01 1.011386009255295590e+02 7.141274011826661368e-05
9.000000000000000222e-01 1.133350134880033124e+02 9.683919209102078243e-05
9.000000000000000222e-01 1.138376180820983024e+02 9.699821219629674329e-05
9.000000000000000222e-01 1.265366352386670314e+02 1.243000534651395549e-04
9.000000000000000222e-01 1.392356523952357747e+02 1.486892672702130674e-04
9.000000000000000222e-01 1.473993062816013548e+02 1.673115809930756823e-04
9.000000000000000222e-01 1.519346695518045181e+02 1.786723039277629207e-04
9.000000000000000222e-01 1.646336867083732329e+02 2.102121028833947960e-04
9.000000000000000222e-01 1.773327038649419762e+02 2.455142525550216628e-04
9.000000000000000222e-01 1.900317210215106911e+02 2.769872784841920016e-04
9.000000000000000222e-01 2.027307381780794344e+02 3.005021523680953175e-04
9.000000000000000222e-01 2.154297553346481777e+02 3.182911101264378683e-04
9.000000000000000222e-01 2.281287724912169210e+02 3.353987277067287955e-04
9.000000000000000222e-01 2.408277896477856359e+02 3.455433329337550771e-04
9.000000000000000222e-01 2.535268068043543792e+02 3.521650830400732853e-04
9.000000000000000222e-01 2.662258239609230941e+02 3.494038050535662660e-04
9.000000000000000222e-01 2.789248411174918374e+02 3.424774829232282020e-04
9.000000000000000222e-01 2.916238582740605807e+02 3.312173815063223798e-04
9.000000000000000222e-01 3.043228754306293240e+02 3.182570424245963463e-04
9.000000000000000222e-01 3.170218925871980673e+02 2.990030462681017597e-04
9.000000000000000222e-01 3.297209097437668106e+02 2.801088933418297597e-04
9.000000000000000222e-01 3.424199269003355539e+02 2.589042702701644435e-04
9.000000000000000222e-01 3.551189440569042972e+02 2.378884213818724120e-04
9.000000000000000222e-01 3.678179612134730405e+02 2.164774796356667898e-04
9.000000000000000222e-01 3.805169783700416701e+02 1.949385457466793977e-04
9.000000000000000222e-01 3.932159955266104134e+02 1.741167441058310270e-04
9.000000000000000222e-01 4.059150126831791567e+02 1.543663921290524741e-04
9.000000000000000222e-01 4.186140298397479000e+02 1.352612570927004456e-04
9.000000000000000222e-01 4.313130469963166433e+02 1.177670077873772011e-04
9.000000000000000222e-01 4.440120641528853866e+02 1.014537100078647633e-04
9.000000000000000222e-01 4.567110813094541300e+02 8.611937030625845565e-05
9.000000000000000222e-01 4.694100984660228733e+02 7.215416628809404010e-05
9.000000000000000222e-01 4.821091156225916166e+02 5.995604827648538218e-05
9.000000000000000222e-01 4.948081327791603599e+02 4.874199819985929050e-05
9.000000000000000222e-01 5.075071499357291032e+02 3.914430754435023967e-05
9.000000000000000222e-01 5.202061670922978465e+02 3.041275752569777853e-05
9.000000000000000222e-01 5.329051842488665898e+02 2.293496945792878800e-05
9.000000000000000222e-01 5.456042014054352194e+02 1.633044595388131713e-05
9.000000000000000222e-01 5.583032185620039627e+02 1.074669554143533320e-05
9.000000000000000222e-01 5.710022357185727060e+02 5.857695548250726192e-06
9.000000000000000222e-01 5.837012528751414493e+02 1.725722107577727600e-06
9.000000000000000222e-01 5.895972251264055330e+02 0.000000000000000000e+00
1.000000000000000000e+00 1.000000000000000000e+00 7.597963808587859975e-04
1.000000000000000000e+00 1.301226223866111864e+00 5.111991902942571815e-04
1.000000000000000000e+00 1.693189685676860678e+00 3.716731336754954137e-04
1.000000000000000000e+00 2.203222820982350338e+00 2.729245255652635281e-04
1.000000000000000000e+00 2.866891311682506327e+00 2.067912507152615731e-04
1.000000000000000000e+00 3.730474155735192365e+00 1.572705523115388877e-04
1.000000000000000000e+00 4.854190798897425552e+00 1.183743414116838653e-04
1.000000000000000000e+00 6.316400363174922816e+00 9.224750362189486504e-05
1.000000000000000000e+00 8.219065793000641662e+00 7.013361097036268201e-05
1.000000000000000000e+00 1.069486394553335629e+01 5.467364525433831293e-05
1.000000000000000000e+00 1.391643742660819427e+01 4.358318935392295544e-05
1.000000000000000000e+00 1.810843332229440961e+01 3.487080599503613080e-05
1.000000000000000000e+00 2.356316831210042650e+01 2.926958245959089452e-05
1.000000000000000000e+00 3.066101252507605679e+01 2.423073954662220418e-05
1.000000000000000000e+00 3.989691354791629863e+01 2.227338465264944883e-05
1.000000000000000000e+00 5.191491015986783708e+01 2.258413975609703113e-05
1.000000000000000000e+00 6.755304250967326141e+01 3.069014035311040613e-05
1.000000000000000000e+00 8.790179041552906369e+01 5.141782580411648066e-05
1.000000000000000000e+00 8.930064293046176260e+01 5.333268961361738077e-05
1.000000000000000000e+00 1.021232993512460183e+02 8.013008616158647174e-05
1.000000000000000000e+00 1.143801148134693193e+02 1.049321052724615558e-04
1.000000000000000000e+00 1.149459557720302598e+02 1.065410268495444200e-04
1.000000000000000000e+00 1.277686121928145155e+02 1.365380494554540138e-04
1.000000000000000000e+00 1.405912686135987713e+02 1.658454173725539395e-04
1.000000000000000000e+00 1.488344048841030087e+02 1.846823187785244698e-04
1.000000000000000000e+00 1.534139250343830270e+02 1.966552122791852578e-04
1.000000000000000000e+00 1.662365814551672543e+02 2.330980931981879874e-04
1.000000000000000000e+00 1.790592378759515100e+02 2.683506115830731290e-04
1.000000000000000000e+00 1.918818942967357657e+02 3.030250797075167979e-04
1.000000000000000000e+00 2.047045507175200214e+02 3.287721071032822053e-04
1.000000000000000000e+00 2.175272071383042771e+02 3.497460166414477771e-04
1.000000000000000000e+00 2.303498635590885328e+02 3.664260339556028607e-04
1.000000000000000000e+00 2.431725199798727886e+02 3.770421456135011418e-04
1.000000000000000000e+00 2.559951764006570443e+02 3.820118134524439933e-04
1.000000000000000000e+00 2.688178328214413000e+02 3.801724360811181746e-04
1.000000000000000000e+00 2.816404892422255557e+02 3.731657341060621354e-04
1.000000000000000000e+00 2.944631456630098114e+02 3.587232395753932432e-04
1.000000000000000000e+00 3.072858020837940671e+02 3.422493656496174998e-04
1.000000000000000000e+00 3.201084585045783228e+02 3.214686113198346440e-04
1.000000000000000000e+00 3.329311149253625786e+02 3.026547555470440569e-04
1.000000000000000000e+00 3.457537713461468343e+02 2.796628985696064380e-04
1.000000000000000000e+00 3.585764277669310900e+02 2.563051358799486976e-04
1.000000000000000000e+00 3.713990841877153457e+02 2.311030242501489805e-04
1.000000000000000000e+00 3.842217406084996014e+02 2.091099389970169618e-04
1.000000000000000000e+00 3.970443970292838003e+02 1.859407928966180443e-04
1.000000000000000000e+00 4.098670534500680560e+02 1.641289282327419567e-04
1.000000000000000000e+00 4.226897098708523117e+02 1.455032213029069954e-04
1.000000000000000000e+00 4.355123662916365674e+02 1.251695175588149044e-04
1.000000000000000000e+00 4.483350227124208232e+02 1.077291574263090202e-04
1.000000000000000000e+00 4.611576791332050789e+02 9.116190274505454861e-05
1.000000000000000000e+00 4.739803355539893346e+02 7.564222437522111263e-05
1.000000000000000000e+00 4.868029919747735903e+02 6.326057813653437434e-05
1.000000000000000000e+00 4.996256483955578460e+02 5.090108979419804354e-05
1.000000000000000000e+00 5.124483048163421017e+02 4.095138971410158758e-05
1.000000000000000000e+00 5.252709612371263574e+02 3.320308240612585525e-05
1.000000000000000000e+00 5.380936176579106132e+02 2.412122153251130736e-05
1.000000000000000000e+00 5.509162740786948689e+02 1.615875153587674712e-05
1.000000000000000000e+00 5.637389304994791246e+02 1.029388743394340102e-05
1.000000000000000000e+00 5.765615869202633803e+02 5.958402994459368042e-06
1.000000000000000000e+00 5.893842433410476360e+02 1.700526838909678034e-06
1.000000000000000000e+00 5.953376195364118075e+02 0.000000000000000000e+00
