# mx [GeV]: 10.0
# sigma_p [cm^2]: 3.98107170553e-30
# depth [m]: 10.6
# target: full
# Columns: gamma/pi, v [km/s], f(v, gamma) [s/km]
0.000000000000000000e+00 1.000000000000000000e+00 7.206911650211787063e-03
0.000000000000000000e+00 1.041908887317996246e+00 7.041665136791767053e-03
0.000000000000000000e+00 1.085574129472224980e+00 6.862644211517596182e-03
0.000000000000000000e+00 1.131069333339608463e+00 6.672706049833450337e-03
0.000000000000000000e+00 1.178471190579379213e+00 6.474726011539490809e-03
0.000000000000000000e+00 1.227859606912875323e+00 5.828945914097050963e-03
0.000000000000000000e+00 1.279317836821306287e+00 5.717819930297617440e-03
0.000000000000000000e+00 1.308929808427253816e+00 5.649237666716411775e-03
0.000000000000000000e+00 1.332932623888553048e+00 5.591274449064838510e-03
0.000000000000000000e+00 1.388794347025579468e+00 5.451778173245329547e-03
0.000000000000000000e+00 1.446997172822944711e+00 5.300807083716667541e-03
0.000000000000000000e+00 1.496878703996295412e+00 6.371840664377288570e-03
0.000000000000000000e+00 1.507639214288240659e+00 4.855976588974974389e-03
0.000000000000000000e+00 1.570822696236038984e+00 4.746829748344047473e-03
0.000000000000000000e+00 1.636654127609146192e+00 4.625068642517753820e-03
0.000000000000000000e+00 1.684827599565337009e+00 4.532132598857443150e-03
0.000000000000000000e+00 1.705244481021651382e+00 4.492163381255352347e-03
0.000000000000000000e+00 1.776709379826422852e+00 4.350080965785857630e-03
0.000000000000000000e+00 1.851169293022395523e+00 4.088765478362290165e-03
0.000000000000000000e+00 1.872776495134378383e+00 4.053004633939682674e-03
0.000000000000000000e+00 1.928749738330205687e+00 3.958715817489998241e-03
0.000000000000000000e+00 2.009581493778501038e+00 3.820701554074561537e-03
0.000000000000000000e+00 2.060725390703419979e+00 3.732800799293184250e-03
0.000000000000000000e+00 2.093800818157594890e+00 3.676214045908654179e-03
0.000000000000000000e+00 2.181549680712089767e+00 3.348227546987835295e-03
0.000000000000000000e+00 2.248674286272461575e+00 3.266111097671450282e-03
0.000000000000000000e+00 2.436623181841503172e+00 3.026906468409810719e-03
0.000000000000000000e+00 2.624572077410544768e+00 2.682744303390170552e-03
0.000000000000000000e+00 2.812520972979586364e+00 2.420228544707256693e-03
0.000000000000000000e+00 3.000469868548627961e+00 2.243040501251808688e-03
0.000000000000000000e+00 3.188418764117669557e+00 1.954133164167135440e-03
0.000000000000000000e+00 3.376367659686710709e+00 1.813570110845662752e-03
0.000000000000000000e+00 3.564316555255752306e+00 1.628437778217868993e-03
0.000000000000000000e+00 3.752265450824793902e+00 1.502118455476891216e-03
0.000000000000000000e+00 3.940214346393835498e+00 1.322155672930248622e-03
0.000000000000000000e+00 4.128163241962877095e+00 1.216849366460046001e-03
0.000000000000000000e+00 4.316112137531918691e+00 1.047585993912509769e-03
0.000000000000000000e+00 4.504061033100960287e+00 9.638728937444703080e-04
0.000000000000000000e+00 4.692009928670001884e+00 8.539115888032828812e-04
0.000000000000000000e+00 4.879958824239043480e+00 7.816832891290768307e-04
0.000000000000000000e+00 5.067907719808085076e+00 6.633630337150479362e-04
0.000000000000000000e+00 5.255856615377126673e+00 6.067259881377006945e-04
0.000000000000000000e+00 5.443805510946168269e+00 5.195899398717243817e-04
0.000000000000000000e+00 5.631754406515209865e+00 4.738456965478930684e-04
0.000000000000000000e+00 5.819703302084251462e+00 4.127359257571234781e-04
0.000000000000000000e+00 6.007652197653293058e+00 3.388999463640991554e-04
0.000000000000000000e+00 6.195601093222334654e+00 3.084201556558389718e-04
0.000000000000000000e+00 6.383549988791376251e+00 2.642864482197674236e-04
0.000000000000000000e+00 6.571498884360417847e+00 2.394366022655001558e-04
0.000000000000000000e+00 6.759447779929459443e+00 1.925057090415766329e-04
0.000000000000000000e+00 6.947396675498501040e+00 1.555293320885151693e-04
0.000000000000000000e+00 7.135345571067542636e+00 1.294522307458340950e-04
0.000000000000000000e+00 7.323294466636584232e+00 1.170391820105986928e-04
0.000000000000000000e+00 7.511243362205625829e+00 8.773671744771449350e-05
0.000000000000000000e+00 7.699192257774667425e+00 7.118171945312531175e-05
0.000000000000000000e+00 7.887141153343709021e+00 5.008975192084716795e-05
0.000000000000000000e+00 8.075090048912750618e+00 4.090689224759751989e-05
0.000000000000000000e+00 8.263038944481792214e+00 2.747317480644146352e-05
0.000000000000000000e+00 8.450987840050833810e+00 1.271584698979492980e-05
0.000000000000000000e+00 8.638936735619875407e+00 3.763695854361346434e-06
0.000000000000000000e+00 8.726198722848359068e+00 0.000000000000000000e+00
1.000000000000000056e-01 1.000000000000000000e+00 8.156750799664814339e-03
1.000000000000000056e-01 1.043212079928411917e+00 7.906478548700515349e-03
1.000000000000000056e-01 1.088291443708563344e+00 7.642211099537407279e-03
1.000000000000000056e-01 1.135318780559504415e+00 7.292024755201752945e-03
1.000000000000000056e-01 1.184378266449269024e+00 7.030085701155468041e-03
1.000000000000000056e-01 1.235557714764548676e+00 6.781303510263936817e-03
1.000000000000000056e-01 1.288948733491120269e+00 6.532335601941121304e-03
1.000000000000000056e-01 1.340388799299149225e+00 6.295111863445857284e-03
1.000000000000000056e-01 1.344646889186363881e+00 6.275131945431099492e-03
1.000000000000000056e-01 1.402751878037375555e+00 5.945138668276693517e-03
1.000000000000000056e-01 1.463367704310856388e+00 5.745020030232216891e-03
1.000000000000000056e-01 1.526602866514193746e+00 5.553272425836287829e-03
1.000000000000000056e-01 1.532854883301078441e+00 5.534235078151964263e-03
1.000000000000000056e-01 1.592570551600947848e+00 5.358367676384053098e-03
1.000000000000000056e-01 1.661388837568363197e+00 5.144204191855155338e-03
1.000000000000000056e-01 1.725320967303007436e+00 4.872215246881709573e-03
1.000000000000000056e-01 1.733180904809538569e+00 4.854981908010229906e-03
1.000000000000000056e-01 1.808075256598565606e+00 4.690774725062706908e-03
1.000000000000000056e-01 1.886205949103286761e+00 4.519065032053990599e-03
1.000000000000000056e-01 1.917787051304936652e+00 4.449300531856759805e-03
1.000000000000000056e-01 1.967712831337383950e+00 4.307330267907208410e-03
1.000000000000000056e-01 2.052741795481296538e+00 4.084245182760870042e-03
1.000000000000000056e-01 2.110253135306865868e+00 3.970779880939674308e-03
1.000000000000000056e-01 2.141445038020026281e+00 3.910263194762220867e-03
1.000000000000000056e-01 2.233981332165248634e+00 3.732542736136650052e-03
1.000000000000000056e-01 2.302719219308794862e+00 3.599717785062437041e-03
1.000000000000000056e-01 2.495185303310724301e+00 3.226426960925851163e-03
1.000000000000000056e-01 2.687651387312652851e+00 2.935509583231405654e-03
1.000000000000000056e-01 2.880117471314582289e+00 2.652061599056817869e-03
1.000000000000000056e-01 3.072583555316511728e+00 2.397617460652019892e-03
1.000000000000000056e-01 3.265049639318440278e+00 2.177323546438747655e-03
1.000000000000000056e-01 3.457515723320369716e+00 1.961886579966852680e-03
1.000000000000000056e-01 3.649981807322299154e+00 1.761728563621453494e-03
1.000000000000000056e-01 3.842447891324227705e+00 1.598941904165909669e-03
1.000000000000000056e-01 4.034913975326157143e+00 1.435390311180520517e-03
1.000000000000000056e-01 4.227380059328086581e+00 1.281669075769865896e-03
1.000000000000000056e-01 4.419846143330015131e+00 1.155027865866630442e-03
1.000000000000000056e-01 4.612312227331944570e+00 1.036539110245048934e-03
1.000000000000000056e-01 4.804778311333874008e+00 9.150333147647270789e-04
1.000000000000000056e-01 4.997244395335802558e+00 8.207906965065337162e-04
1.000000000000000056e-01 5.189710479337731996e+00 7.262860343727207393e-04
1.000000000000000056e-01 5.382176563339661435e+00 6.430215951490964770e-04
1.000000000000000056e-01 5.574642647341589985e+00 5.647720331658398181e-04
1.000000000000000056e-01 5.767108731343519423e+00 4.982467506546836350e-04
1.000000000000000056e-01 5.959574815345448862e+00 4.329788663483236338e-04
1.000000000000000056e-01 6.152040899347377412e+00 3.770163093965114322e-04
1.000000000000000056e-01 6.344506983349306850e+00 3.315340272506404657e-04
1.000000000000000056e-01 6.536973067351236288e+00 2.783625900910679575e-04
1.000000000000000056e-01 6.729439151353164839e+00 2.409294244050781350e-04
1.000000000000000056e-01 6.921905235355094277e+00 2.057844141027066948e-04
1.000000000000000056e-01 7.114371319357023715e+00 1.697743496511452000e-04
1.000000000000000056e-01 7.306837403358952265e+00 1.429248987452899980e-04
1.000000000000000056e-01 7.499303487360881704e+00 1.165364509096209991e-04
1.000000000000000056e-01 7.691769571362811142e+00 9.594438659041568715e-05
1.000000000000000056e-01 7.884235655364739692e+00 7.235730272695090038e-05
1.000000000000000056e-01 8.076701739366669131e+00 5.636061018481639331e-05
1.000000000000000056e-01 8.269167823368597681e+00 4.090348795392249133e-05
1.000000000000000056e-01 8.461633907370526231e+00 2.681530579087149248e-05
1.000000000000000056e-01 8.654099991372456557e+00 1.507760522198060968e-05
1.000000000000000056e-01 8.846566075374385107e+00 4.613604902672975684e-06
1.000000000000000056e-01 8.935925328660994538e+00 0.000000000000000000e+00
2.000000000000000111e-01 1.000000000000000000e+00 1.124242805242389905e-02
2.000000000000000111e-01 1.047020591766661513e+00 1.080356656155932564e-02
2.000000000000000111e-01 1.096252119583410067e+00 1.026193972330417641e-02
2.000000000000000111e-01 1.147798542971678826e+00 9.899727630175755855e-03
2.000000000000000111e-01 1.201768709691118930e+00 9.531558372679506050e-03
2.000000000000000111e-01 1.258276585587452701e+00 9.151743911853004940e-03
2.000000000000000111e-01 1.317441495247908989e+00 8.759000267237745246e-03
2.000000000000000111e-01 1.379388373972420867e+00 8.402024745170580747e-03
2.000000000000000111e-01 1.436482991338978055e+00 8.097069335995686276e-03
2.000000000000000111e-01 1.444248031592657133e+00 8.056863794969070652e-03
2.000000000000000111e-01 1.512157428695979799e+00 7.708362408076832595e-03
2.000000000000000111e-01 1.583259965837618077e+00 7.332048925879713908e-03
2.000000000000000111e-01 1.642747215736369837e+00 7.032571130848885160e-03
2.000000000000000111e-01 1.657705786351767019e+00 6.981339578029316720e-03
2.000000000000000111e-01 1.735652093401045981e+00 6.717084825746177934e-03
2.000000000000000111e-01 1.817263481933807823e+00 6.443104447296482684e-03
2.000000000000000111e-01 1.849011440133761397e+00 6.331029561203786737e-03
2.000000000000000111e-01 1.902712286250279217e+00 6.134393929162832750e-03
2.000000000000000111e-01 1.992178943911464772e+00 5.768964624596383851e-03
2.000000000000000111e-01 2.055275664531153179e+00 5.605097018685258926e-03
2.000000000000000111e-01 2.085852376759264715e+00 5.526146689358156505e-03
2.000000000000000111e-01 2.183930389852382525e+00 5.274274435263804836e-03
2.000000000000000111e-01 2.261539888928544961e+00 5.061695769227896394e-03
2.000000000000000111e-01 2.286620089160437352e+00 4.993884216617357381e-03
2.000000000000000111e-01 2.394138318898296980e+00 4.720054048761130987e-03
2.000000000000000111e-01 2.467804113325936743e+00 4.559309076414001100e-03
2.000000000000000111e-01 2.674068337723328526e+00 4.102876480339186054e-03
2.000000000000000111e-01 2.880332562120719864e+00 3.693974123205014809e-03
2.000000000000000111e-01 3.086596786518112090e+00 3.351592061091676015e-03
2.000000000000000111e-01 3.292861010915503428e+00 3.009925597836047694e-03
2.000000000000000111e-01 3.499125235312895654e+00 2.727435203257964555e-03
2.000000000000000111e-01 3.705389459710286992e+00 2.461262283149361681e-03
2.000000000000000111e-01 3.911653684107678330e+00 2.216689860272282649e-03
2.000000000000000111e-01 4.117917908505070557e+00 1.980671407307558595e-03
2.000000000000000111e-01 4.324182132902461895e+00 1.787744484225732610e-03
2.000000000000000111e-01 4.530446357299854121e+00 1.602387923065941213e-03
2.000000000000000111e-01 4.736710581697245459e+00 1.430724712668633280e-03
2.000000000000000111e-01 4.942974806094637685e+00 1.274871814743623816e-03
2.000000000000000111e-01 5.149239030492029023e+00 1.136416477185754354e-03
2.000000000000000111e-01 5.355503254889421250e+00 9.976490129504700984e-04
2.000000000000000111e-01 5.561767479286812588e+00 8.907487800195317299e-04
2.000000000000000111e-01 5.768031703684203926e+00 7.820308703648546972e-04
2.000000000000000111e-01 5.974295928081596152e+00 6.910582509980642751e-04
2.000000000000000111e-01 6.180560152478987490e+00 5.968530986240980912e-04
2.000000000000000111e-01 6.386824376876378828e+00 5.264234456858441717e-04
2.000000000000000111e-01 6.593088601273771054e+00 4.509684467748668272e-04
2.000000000000000111e-01 6.799352825671162392e+00 3.929028528884023590e-04
2.000000000000000111e-01 7.005617050068554619e+00 3.377281211547963490e-04
2.000000000000000111e-01 7.211881274465945957e+00 2.883583281190187780e-04
2.000000000000000111e-01 7.418145498863338183e+00 2.415171021501215441e-04
2.000000000000000111e-01 7.624409723260729521e+00 2.023731298055240720e-04
2.000000000000000111e-01 7.830673947658121747e+00 1.700266590980680761e-04
2.000000000000000111e-01 8.036938172055513974e+00 1.367107226533815362e-04
2.000000000000000111e-01 8.243202396452904424e+00 1.089319272539656720e-04
2.000000000000000111e-01 8.449466620850296650e+00 8.644482272082712145e-05
2.000000000000000111e-01 8.655730845247688876e+00 6.551202368381756742e-05
2.000000000000000111e-01 8.861995069645081102e+00 4.715250948450032934e-05
2.000000000000000111e-01 9.068259294042471552e+00 3.091670579172155550e-05
2.000000000000000111e-01 9.274523518439863778e+00 1.724108421948877064e-05
2.000000000000000111e-01 9.480787742837256005e+00 4.938168255052987142e-06
2.000000000000000111e-01 9.576553275593187919e+00 0.000000000000000000e+00
3.000000000000000444e-01 1.000000000000000000e+00 1.826112221451304043e-02
3.000000000000000444e-01 1.053004553250322051e+00 1.746855353529379665e-02
3.000000000000000444e-01 1.108818589165910584e+00 1.668134850884833709e-02
3.000000000000000444e-01 1.167591023120302163e+00 1.588601904866254397e-02
3.000000000000000444e-01 1.229478663679880235e+00 1.514035285179260969e-02
3.000000000000000444e-01 1.294646630979035429e+00 1.444852187996585255e-02
3.000000000000000444e-01 1.363268797271113941e+00 1.380937749901303691e-02
3.000000000000000444e-01 1.435528250830573338e+00 1.317231863084823186e-02
3.000000000000000444e-01 1.511617784444064361e+00 1.251810682900562910e-02
3.000000000000000444e-01 1.591740409793763744e+00 1.194319716749728949e-02
3.000000000000000444e-01 1.600759114596816302e+00 1.188075749436525753e-02
3.000000000000000444e-01 1.676109899105366674e+00 1.137307134819116536e-02
3.000000000000000444e-01 1.764951355505889330e+00 1.080034710366523792e-02
3.000000000000000444e-01 1.830611705410718049e+00 1.038015120207640314e-02
3.000000000000000444e-01 1.858501813613029574e+00 1.014044155917329451e-02
3.000000000000000444e-01 1.957010871958501541e+00 9.685820276748170754e-03
3.000000000000000444e-01 2.060464296224620018e+00 9.222170059757518398e-03
3.000000000000000444e-01 2.060741358932685507e+00 9.220580600222157489e-03
3.000000000000000444e-01 2.169970034027374428e+00 8.746950867014470499e-03
3.000000000000000444e-01 2.284988326247581636e+00 8.169432266144846522e-03
3.000000000000000444e-01 2.290316887038521543e+00 8.150969317051604685e-03
3.000000000000000444e-01 2.406103111662535987e+00 7.754543921025903140e-03
3.000000000000000444e-01 2.520169477852423512e+00 7.365433136638970327e-03
3.000000000000000444e-01 2.533637532170418982e+00 7.320216565388520773e-03
3.000000000000000444e-01 2.667931857661360429e+00 6.872384914386080353e-03
3.000000000000000444e-01 2.750022068666325481e+00 6.611271512567500758e-03
3.000000000000000444e-01 2.979874659480227450e+00 5.955467846836932921e-03
3.000000000000000444e-01 3.209727250294129419e+00 5.326356948144207216e-03
3.000000000000000444e-01 3.439579841108030944e+00 4.834576842879378424e-03
3.000000000000000444e-01 3.669432431921932469e+00 4.350677543879889753e-03
3.000000000000000444e-01 3.899285022735834438e+00 3.916114350433646564e-03
3.000000000000000444e-01 4.129137613549736407e+00 3.515776119512765540e-03
3.000000000000000444e-01 4.358990204363638377e+00 3.164641554882130416e-03
3.000000000000000444e-01 4.588842795177540346e+00 2.830039990950365941e-03
3.000000000000000444e-01 4.818695385991442315e+00 2.526611178104108072e-03
3.000000000000000444e-01 5.048547976805343396e+00 2.263071351047681121e-03
3.000000000000000444e-01 5.278400567619245365e+00 2.012344257783325614e-03
3.000000000000000444e-01 5.508253158433147334e+00 1.787638271096960666e-03
3.000000000000000444e-01 5.738105749247049303e+00 1.582098099760332255e-03
3.000000000000000444e-01 5.967958340060951272e+00 1.398818313924988458e-03
3.000000000000000444e-01 6.197810930874853241e+00 1.219994110042522907e-03
3.000000000000000444e-01 6.427663521688755210e+00 1.077200670651164106e-03
3.000000000000000444e-01 6.657516112502657180e+00 9.411978341683161896e-04
3.000000000000000444e-01 6.887368703316558260e+00 8.205920835760523082e-04
3.000000000000000444e-01 7.117221294130460230e+00 7.020529729219318138e-04
3.000000000000000444e-01 7.347073884944362199e+00 6.115419246518440837e-04
3.000000000000000444e-01 7.576926475758264168e+00 5.188981646449885654e-04
3.000000000000000444e-01 7.806779066572166137e+00 4.465617401998538257e-04
3.000000000000000444e-01 8.036631657386067218e+00 3.778518219930101282e-04
3.000000000000000444e-01 8.266484248199969187e+00 3.183469769658716503e-04
3.000000000000000444e-01 8.496336839013871156e+00 2.623603869528289391e-04
3.000000000000000444e-01 8.726189429827773125e+00 2.164872188632871561e-04
3.000000000000000444e-01 8.956042020641675094e+00 1.768553886326449320e-04
3.000000000000000444e-01 9.185894611455577063e+00 1.398023498304428402e-04
3.000000000000000444e-01 9.415747202269479033e+00 1.070260274776808717e-04
3.000000000000000444e-01 9.645599793083379225e+00 8.182932563792808629e-05
3.000000000000000444e-01 9.875452383897281194e+00 5.814359355181750042e-05
3.000000000000000444e-01 1.010530497471118316e+01 3.809325888479163819e-05
3.000000000000000444e-01 1.033515756552508513e+01 2.063045875597301266e-05
3.000000000000000444e-01 1.056501015633898710e+01 6.347931397828202662e-06
3.000000000000000444e-01 1.067172743064544171e+01 0.000000000000000000e+00
4.000000000000000222e-01 1.000000000000000000e+00 3.200026803858294078e-02
4.000000000000000222e-01 1.060517023061232189e+00 3.069217614134652980e-02
4.000000000000000222e-01 1.124696356202658176e+00 2.930196982553700744e-02
4.000000000000000222e-01 1.192759631527858133e+00 2.790342607208570400e-02
4.000000000000000222e-01 1.264941893655536331e+00 2.651553870243371705e-02
4.000000000000000222e-01 1.341492411405007301e+00 2.513283832901460832e-02
4.000000000000000222e-01 1.422675538602472090e+00 2.374227166414310392e-02
4.000000000000000222e-01 1.508771626980728753e+00 2.261567452714563151e-02
4.000000000000000222e-01 1.600077994324854425e+00 2.146071158620585159e-02
4.000000000000000222e-01 1.696909951207181688e+00 2.026610074841181039e-02
4.000000000000000222e-01 1.799601889857221249e+00 1.923588304907470833e-02
4.000000000000000222e-01 1.832257413065981666e+00 1.891905819660167493e-02
4.000000000000000222e-01 1.908508438926747930e+00 1.819116493873808998e-02
4.000000000000000222e-01 2.024005688137834102e+00 1.714814749063416424e-02
4.000000000000000222e-01 2.095350785198532684e+00 1.651523610807164102e-02
4.000000000000000222e-01 2.146492487042936048e+00 1.610594940781611556e-02
4.000000000000000222e-01 2.276391822382075603e+00 1.526438621953424973e-02
4.000000000000000222e-01 2.358444157331084146e+00 1.473201512731060411e-02
4.000000000000000222e-01 2.414152278793571860e+00 1.438252583129506768e-02
4.000000000000000222e-01 2.560249587922648562e+00 1.352477831622384517e-02
4.000000000000000222e-01 2.621537529463635607e+00 1.306216545277284931e-02
4.000000000000000222e-01 2.715188271277473753e+00 1.259804196298539188e-02
4.000000000000000222e-01 2.879503382505959941e+00 1.180542830299115969e-02
4.000000000000000222e-01 2.884630901596186625e+00 1.178135452474336764e-02
4.000000000000000222e-01 3.053762355109969295e+00 1.097606331206329305e-02
4.000000000000000222e-01 3.147724273728737643e+00 1.056097877785526669e-02
4.000000000000000222e-01 3.410817645861289105e+00 9.513601091568893095e-03
4.000000000000000222e-01 3.673911017993840566e+00 8.523684372217255403e-03
4.000000000000000222e-01 3.937004390126391584e+00 7.706497628664986041e-03
4.000000000000000222e-01 4.200097762258942602e+00 6.930271915038520650e-03
4.000000000000000222e-01 4.463191134391493620e+00 6.217638911973615706e-03
4.000000000000000222e-01 4.726284506524045526e+00 5.578697456177668206e-03
4.000000000000000222e-01 4.989377878656596543e+00 5.003625390812895327e-03
4.000000000000000222e-01 5.252471250789147561e+00 4.457480253500779172e-03
4.000000000000000222e-01 5.515564622921699467e+00 3.968658788533378258e-03
4.000000000000000222e-01 5.778657995054250485e+00 3.533634065709023199e-03
4.000000000000000222e-01 6.041751367186801502e+00 3.127847220357597626e-03
4.000000000000000222e-01 6.304844739319352520e+00 2.766269682870530107e-03
4.000000000000000222e-01 6.567938111451903538e+00 2.428387420341699982e-03
4.000000000000000222e-01 6.831031483584455444e+00 2.135992362166003102e-03
4.000000000000000222e-01 7.094124855717006461e+00 1.850709878547437785e-03
4.000000000000000222e-01 7.357218227849557479e+00 1.620540473737797213e-03
4.000000000000000222e-01 7.620311599982109385e+00 1.406930642428398052e-03
4.000000000000000222e-01 7.883404972114660403e+00 1.214836574851480173e-03
4.000000000000000222e-01 8.146498344247211421e+00 1.040320920607979999e-03
4.000000000000000222e-01 8.409591716379761550e+00 8.893032355893520967e-04
4.000000000000000222e-01 8.672685088512313456e+00 7.577025495501357212e-04
4.000000000000000222e-01 8.935778460644865362e+00 6.366683529814714821e-04
4.000000000000000222e-01 9.198871832777417268e+00 5.346149677301687735e-04
4.000000000000000222e-01 9.461965204909967397e+00 4.453227162085459778e-04
4.000000000000000222e-01 9.725058577042519303e+00 3.619644204572866012e-04
4.000000000000000222e-01 9.988151949175069433e+00 2.981213135560409821e-04
4.000000000000000222e-01 1.025124532130762134e+01 2.398170841932478303e-04
4.000000000000000222e-01 1.051433869344017324e+01 1.850257131445341328e-04
4.000000000000000222e-01 1.077743206557272337e+01 1.453630483955809969e-04
4.000000000000000222e-01 1.104052543770527528e+01 1.074749559292892929e-04
4.000000000000000222e-01 1.130361880983782541e+01 7.653786243800366493e-05
4.000000000000000222e-01 1.156671218197037732e+01 4.921947303234450004e-05
4.000000000000000222e-01 1.182980555410292922e+01 2.671513193210495462e-05
4.000000000000000222e-01 1.209289892623547935e+01 7.528658252454613789e-06
4.000000000000000222e-01 1.221504942043987896e+01 0.000000000000000000e+00
5.000000000000000000e-01 1.000000000000000000e+00 5.884677644552711168e-02
5.000000000000000000e-01 1.068656389969914855e+00 5.278449057293769370e-02
5.000000000000000000e-01 1.142026479823530893e+00 5.054084432052405318e-02
5.000000000000000000e-01 1.220433895178264505e+00 4.815225746647341237e-02
5.000000000000000000e-01 1.304224480618125570e+00 4.573863002869558297e-02
5.000000000000000000e-01 1.393767825167753438e+00 4.344220450420693824e-02
5.000000000000000000e-01 1.489458892499990972e+00 4.102728058991758631e-02
5.000000000000000000e-01 1.591719763067628080e+00 3.875823704274546089e-02
5.000000000000000000e-01 1.701001495843619704e+00 3.674017020599285727e-02
5.000000000000000000e-01 1.817786117881667884e+00 3.470543469966318878e-02
5.000000000000000000e-01 1.942588750472849402e+00 3.277771846254328575e-02
5.000000000000000000e-01 2.075959881276483010e+00 3.094092970379210689e-02
5.000000000000000000e-01 2.118726518017584493e+00 3.038886952335278710e-02
5.000000000000000000e-01 2.218487792447299434e+00 2.914587591845907086e-02
5.000000000000000000e-01 2.370801155469056898e+00 2.736442240740753068e-02
5.000000000000000000e-01 2.422953915476519615e+00 2.687273916331630805e-02
5.000000000000000000e-01 2.533571804140065886e+00 2.583053458923148527e-02
5.000000000000000000e-01 2.707517697941887125e+00 2.426216281615136902e-02
5.000000000000000000e-01 2.727181312935454738e+00 2.409087193251428088e-02
5.000000000000000000e-01 2.893406088862231496e+00 2.257478915142108536e-02
5.000000000000000000e-01 3.031408710394390305e+00 2.157929711789175961e-02
5.000000000000000000e-01 3.092056905640483411e+00 2.114878502434184085e-02
5.000000000000000000e-01 3.304346370363305141e+00 1.966928312929547285e-02
5.000000000000000000e-01 3.335636107853325427e+00 1.945647257159853136e-02
5.000000000000000000e-01 3.531210863362641117e+00 1.819934095664917095e-02
5.000000000000000000e-01 3.639863505312260550e+00 1.755789158290262456e-02
5.000000000000000000e-01 3.944090902771195672e+00 1.583538243612138061e-02
5.000000000000000000e-01 4.248318300230130795e+00 1.429345595501628832e-02
5.000000000000000000e-01 4.552545697689065918e+00 1.291777548586453030e-02
5.000000000000000000e-01 4.856773095148001040e+00 1.159320171979543422e-02
5.000000000000000000e-01 5.161000492606936163e+00 1.044244127374167018e-02
5.000000000000000000e-01 5.465227890065871286e+00 9.361333121314286201e-03
5.000000000000000000e-01 5.769455287524806408e+00 8.368871743311794009e-03
5.000000000000000000e-01 6.073682684983742419e+00 7.432911466175222068e-03
5.000000000000000000e-01 6.377910082442676654e+00 6.623273343174650857e-03
5.000000000000000000e-01 6.682137479901612664e+00 5.854298525287098508e-03
5.000000000000000000e-01 6.986364877360546899e+00 5.174672659500995434e-03
5.000000000000000000e-01 7.290592274819482910e+00 4.522268852944166112e-03
5.000000000000000000e-01 7.594819672278417144e+00 3.975371887202466988e-03
5.000000000000000000e-01 7.899047069737353155e+00 3.460883366357783188e-03
5.000000000000000000e-01 8.203274467196287389e+00 2.991871627030470195e-03
5.000000000000000000e-01 8.507501864655223400e+00 2.590481921377256989e-03
5.000000000000000000e-01 8.811729262114157635e+00 2.221742856064192265e-03
5.000000000000000000e-01 9.115956659573093646e+00 1.902288239576968533e-03
5.000000000000000000e-01 9.420184057032029656e+00 1.605652461848404303e-03
5.000000000000000000e-01 9.724411454490963891e+00 1.363294994766942785e-03
5.000000000000000000e-01 1.002863885194989990e+01 1.136505597280611582e-03
5.000000000000000000e-01 1.033286624940883414e+01 9.538776003032645645e-04
5.000000000000000000e-01 1.063709364686777015e+01 7.879434900134851252e-04
5.000000000000000000e-01 1.094132104432670438e+01 6.476029043843894778e-04
5.000000000000000000e-01 1.124554844178564039e+01 5.222755199761055719e-04
5.000000000000000000e-01 1.154977583924457463e+01 4.208688968104134435e-04
5.000000000000000000e-01 1.185400323670351064e+01 3.345629572747957272e-04
5.000000000000000000e-01 1.215823063416244665e+01 2.564150914101135455e-04
5.000000000000000000e-01 1.246245803162138088e+01 1.956410445128168869e-04
5.000000000000000000e-01 1.276668542908031689e+01 1.437459004697529076e-04
5.000000000000000000e-01 1.307091282653925113e+01 1.008428502566727344e-04
5.000000000000000000e-01 1.337514022399818714e+01 6.412329498057789650e-05
5.000000000000000000e-01 1.367936762145712137e+01 3.365019431720701036e-05
5.000000000000000000e-01 1.398359501891605738e+01 9.612312535639853462e-06
5.000000000000000000e-01 1.412484345345056269e+01 0.000000000000000000e+00
6.000000000000000888e-01 1.000000000000000000e+00 9.032883682759668131e-02
6.000000000000000888e-01 1.076485542508108351e+00 8.536542276347140745e-02
6.000000000000000888e-01 1.158821123228976457e+00 7.717086343938703297e-02
6.000000000000000888e-01 1.247454185509000002e+00 7.380338701275541979e-02
6.000000000000000888e-01 1.342866395641666433e+00 7.034073498719518869e-02
6.000000000000000888e-01 1.445576260428227400e+00 6.692799895104105390e-02
6.000000000000000888e-01 1.556141944943922883e+00 6.365160059738517173e-02
6.000000000000000888e-01 1.675164305822581579e+00 6.010747230472571201e-02
6.000000000000000888e-01 1.803290156543640554e+00 5.712092110408065887e-02
6.000000000000000888e-01 1.941215782466412465e+00 5.412387345932651722e-02
6.000000000000000888e-01 2.089690724713658021e+00 5.130163709866630145e-02
6.000000000000000888e-01 2.249521853467544297e+00 4.863731534519271510e-02
6.000000000000000888e-01 2.421577752813854900e+00 4.596918637750051218e-02
6.000000000000000888e-01 2.433924369172696611e+00 4.578658640605372254e-02
6.000000000000000888e-01 2.606793440963388608e+00 4.348707245473933808e-02
6.000000000000000888e-01 2.783410945259032765e+00 4.137525772804856450e-02
6.000000000000000888e-01 2.806175451502051388e+00 4.110669848693148526e-02
6.000000000000000888e-01 3.020807303283121747e+00 3.870167793514033006e-02
6.000000000000000888e-01 3.132897521345368474e+00 3.739549542712056196e-02
6.000000000000000888e-01 3.251855388687187265e+00 3.625368822627012683e-02
6.000000000000000888e-01 3.482384097431704184e+00 3.410976734360239571e-02
6.000000000000000888e-01 3.500575312248842330e+00 3.394520989031273028e-02
6.000000000000000888e-01 3.768318714096686062e+00 3.157962391303107547e-02
6.000000000000000888e-01 3.831870673518040338e+00 3.106548613678945803e-02
6.000000000000000888e-01 4.056540615287827833e+00 2.929048516652178399e-02
6.000000000000000888e-01 4.181357249604376491e+00 2.832839572604797101e-02
6.000000000000000888e-01 4.530843825690712201e+00 2.581138586211030941e-02
6.000000000000000888e-01 4.880330401777047911e+00 2.351672634458711400e-02
6.000000000000000888e-01 5.229816977863384508e+00 2.131021766773598392e-02
6.000000000000000888e-01 5.579303553949719330e+00 1.932658164291315567e-02
6.000000000000000888e-01 5.928790130036055928e+00 1.743909225664767512e-02
6.000000000000000888e-01 6.278276706122392525e+00 1.569244229542229863e-02
6.000000000000000888e-01 6.627763282208727347e+00 1.401725932762955956e-02
6.000000000000000888e-01 6.977249858295063945e+00 1.253458616333621989e-02
6.000000000000000888e-01 7.326736434381400542e+00 1.111474366261680329e-02
6.000000000000000888e-01 7.676223010467735364e+00 9.831648179423398137e-03
6.000000000000000888e-01 8.025709586554071961e+00 8.627635431646725125e-03
6.000000000000000888e-01 8.375196162640406783e+00 7.562902816709601676e-03
6.000000000000000888e-01 8.724682738726743381e+00 6.579899496411610767e-03
6.000000000000000888e-01 9.074169314813079978e+00 5.688434481130227698e-03
6.000000000000000888e-01 9.423655890899414800e+00 4.903479308338063933e-03
6.000000000000000888e-01 9.773142466985751398e+00 4.194436142813529403e-03
6.000000000000000888e-01 1.012262904307208800e+01 3.568612270257502227e-03
6.000000000000000888e-01 1.047211561915842282e+01 3.006471426204180598e-03
6.000000000000000888e-01 1.082160219524475941e+01 2.534012291958907988e-03
6.000000000000000888e-01 1.117108877133109601e+01 2.102993220292616663e-03
6.000000000000000888e-01 1.152057534741743083e+01 1.749383511516254888e-03
6.000000000000000888e-01 1.187006192350376743e+01 1.436533310295741396e-03
6.000000000000000888e-01 1.221954849959010403e+01 1.173141900989231731e-03
6.000000000000000888e-01 1.256903507567643885e+01 9.410186111521945613e-04
6.000000000000000888e-01 1.291852165176277545e+01 7.561518794105070258e-04
6.000000000000000888e-01 1.326800822784911027e+01 5.966633889220931963e-04
6.000000000000000888e-01 1.361749480393544687e+01 4.594862535896766537e-04
6.000000000000000888e-01 1.396698138002178347e+01 3.539263800399414781e-04
6.000000000000000888e-01 1.431646795610811829e+01 2.626778927722312027e-04
6.000000000000000888e-01 1.466595453219445488e+01 1.894043865028810015e-04
6.000000000000000888e-01 1.501544110828078971e+01 1.272091785603006952e-04
6.000000000000000888e-01 1.536492768436712630e+01 8.131835076366278120e-05
6.000000000000000888e-01 1.571441426045346290e+01 4.252135176704381283e-05
6.000000000000000888e-01 1.606390083653979772e+01 1.244214632083697120e-05
6.000000000000000888e-01 1.622616246115131133e+01 0.000000000000000000e+00
7.000000000000000666e-01 1.000000000000000000e+00 1.125009530253697210e-01
7.000000000000000666e-01 1.083230557281546602e+00 1.068842923843691534e-01
7.000000000000000666e-01 1.173388440228490204e+00 9.754348622825374793e-02
7.000000000000000666e-01 1.271050214016432145e+00 9.386775098876994072e-02
7.000000000000000666e-01 1.376840431661848996e+00 9.010807640662978069e-02
7.000000000000000666e-01 1.491435628076829945e+00 8.631674750185046319e-02
7.000000000000000666e-01 1.615568646551218235e+00 8.261699556845664150e-02
7.000000000000000666e-01 1.750033325330270229e+00 7.877457444960422883e-02
7.000000000000000666e-01 1.895689574258786925e+00 7.531036646804943613e-02
7.000000000000000666e-01 2.053468873957163598e+00 7.199495329783828224e-02
7.000000000000000666e-01 2.224380232696928417e+00 6.895061537845836863e-02
7.000000000000000666e-01 2.409516639070350408e+00 6.598069225674123295e-02
7.000000000000000666e-01 2.610062051719335141e+00 6.303361504777127422e-02
7.000000000000000666e-01 2.740617343013241669e+00 6.139197788904670466e-02
7.000000000000000666e-01 2.827298970823352242e+00 6.032393292067139007e-02
7.000000000000000666e-01 3.062616639766523541e+00 5.752568694177512959e-02
7.000000000000000666e-01 3.134141884574117576e+00 5.650327157766602687e-02
7.000000000000000666e-01 3.317519929434029180e+00 5.462021595698297177e-02
7.000000000000000666e-01 3.527666426134993038e+00 5.250457961042592075e-02
7.000000000000000666e-01 3.593638961953460775e+00 5.184407210880712796e-02
7.000000000000000666e-01 3.892739535425525865e+00 4.896847990421229757e-02
7.000000000000000666e-01 3.921190967695868945e+00 4.871180925837803599e-02
7.000000000000000666e-01 4.216734416310901068e+00 4.607071396630554871e-02
7.000000000000000666e-01 4.314715509256744852e+00 4.521100966553232015e-02
7.000000000000000666e-01 4.567695571688735967e+00 4.302498124216082992e-02
7.000000000000000666e-01 4.708240050817620315e+00 4.191752337266824863e-02
7.000000000000000666e-01 5.101764592378495777e+00 3.880591331519812892e-02
7.000000000000000666e-01 5.495289133939371240e+00 3.573413764123471031e-02
7.000000000000000666e-01 5.888813675500247591e+00 3.286623676992456861e-02
7.000000000000000666e-01 6.282338217061123942e+00 3.004793060351658440e-02
7.000000000000000666e-01 6.675862758621999404e+00 2.735037774371064725e-02
7.000000000000000666e-01 7.069387300182874867e+00 2.476082805247625807e-02
7.000000000000000666e-01 7.462911841743750330e+00 2.231774543322724916e-02
7.000000000000000666e-01 7.856436383304625792e+00 1.998274082083726158e-02
7.000000000000000666e-01 8.249960924865501255e+00 1.778722647676060295e-02
7.000000000000000666e-01 8.643485466426378494e+00 1.573851306974099334e-02
7.000000000000000666e-01 9.037010007987253957e+00 1.384311155594528976e-02
7.000000000000000666e-01 9.430534549548129419e+00 1.206215805940707986e-02
7.000000000000000666e-01 9.824059091109004882e+00 1.048387494919120200e-02
7.000000000000000666e-01 1.021758363266988034e+01 9.032086587421288629e-03
7.000000000000000666e-01 1.061110817423075581e+01 7.737243532381156072e-03
7.000000000000000666e-01 1.100463271579163127e+01 6.561214113919724457e-03
7.000000000000000666e-01 1.139815725735250673e+01 5.538313084685542002e-03
7.000000000000000666e-01 1.179168179891338397e+01 4.640774080322996806e-03
7.000000000000000666e-01 1.218520634047425943e+01 3.849212147629963669e-03
7.000000000000000666e-01 1.257873088203513490e+01 3.177506390568809146e-03
7.000000000000000666e-01 1.297225542359601036e+01 2.596376245099308970e-03
7.000000000000000666e-01 1.336577996515688582e+01 2.098224189140779957e-03
7.000000000000000666e-01 1.375930450671776129e+01 1.686785173887990702e-03
7.000000000000000666e-01 1.415282904827863852e+01 1.338206549112840255e-03
7.000000000000000666e-01 1.454635358983951399e+01 1.055270072947047787e-03
7.000000000000000666e-01 1.493987813140038945e+01 8.134980099284381269e-04
7.000000000000000666e-01 1.533340267296126491e+01 6.273546348625010007e-04
7.000000000000000666e-01 1.572692721452214037e+01 4.699304386829888827e-04
7.000000000000000666e-01 1.612045175608301761e+01 3.423469766736568715e-04
7.000000000000000666e-01 1.651397629764389308e+01 2.383153103308129246e-04
7.000000000000000666e-01 1.690750083920476854e+01 1.607533227074163962e-04
7.000000000000000666e-01 1.730102538076564400e+01 9.733499125275454781e-05
7.000000000000000666e-01 1.769454992232651946e+01 5.204403656227023862e-05
7.000000000000000666e-01 1.808807446388739493e+01 1.262996572043408019e-05
7.000000000000000666e-01 1.827078228675494387e+01 0.000000000000000000e+00
8.000000000000000444e-01 1.000000000000000000e+00 1.148848322785236548e-01
8.000000000000000444e-01 1.088359205827357234e+00 1.053113396794988221e-01
8.000000000000000444e-01 1.184525760909155734e+00 1.024909359463158504e-01
8.000000000000000444e-01 1.289189516425134796e+00 9.921310639482476545e-02
8.000000000000000444e-01 1.403101278257414375e+00 9.596231314486468322e-02
8.000000000000000444e-01 1.527078192899589126e+00 9.273007021417092877e-02
8.000000000000000444e-01 1.662009609260472587e+00 8.929220088516189036e-02
8.000000000000000444e-01 1.808863458412164116e+00 8.643209804675443253e-02
8.000000000000000444e-01 1.968693197047589827e+00 8.355872894389840266e-02
8.000000000000000444e-01 2.142645364456436052e+00 8.102461981044410677e-02
8.000000000000000444e-01 2.331967807229474499e+00 7.855705909872355563e-02
8.000000000000000444e-01 2.538018630691234900e+00 7.609381244934372568e-02
8.000000000000000444e-01 2.762275941274149105e+00 7.395929470149131824e-02
8.000000000000000444e-01 2.997948007333123943e+00 7.172968866728722526e-02
8.000000000000000444e-01 3.006348449721148341e+00 7.164614688157260047e-02
8.000000000000000444e-01 3.271987011178814964e+00 6.920347073580405961e-02
8.000000000000000444e-01 3.428422593001470009e+00 6.795550650621251521e-02
8.000000000000000444e-01 3.561097184964003848e+00 6.689751879151406566e-02
8.000000000000000444e-01 3.858897178669815631e+00 6.452107790378226737e-02
8.000000000000000444e-01 3.875752904101460672e+00 6.439535821751303513e-02
8.000000000000000444e-01 4.218211352690938831e+00 6.183078516189973589e-02
8.000000000000000444e-01 4.289371764338161697e+00 6.128962936733839406e-02
8.000000000000000444e-01 4.590929157826653118e+00 5.903842451717673107e-02
8.000000000000000444e-01 4.719846350006507762e+00 5.813170152551071918e-02
8.000000000000000444e-01 4.996580012221873091e+00 5.608208842156656854e-02
8.000000000000000444e-01 5.150320935674853828e+00 5.493668860940235238e-02
8.000000000000000444e-01 5.580795521343199894e+00 5.168774893318860142e-02
8.000000000000000444e-01 6.011270107011545960e+00 4.843925109978489824e-02
8.000000000000000444e-01 6.441744692679892026e+00 4.513097299892156883e-02
8.000000000000000444e-01 6.872219278348238092e+00 4.176446595593534539e-02
8.000000000000000444e-01 7.302693864016584158e+00 3.846440077521357664e-02
8.000000000000000444e-01 7.733168449684930223e+00 3.516609475843394950e-02
8.000000000000000444e-01 8.163643035353274513e+00 3.194096805176460663e-02
8.000000000000000444e-01 8.594117621021620579e+00 2.875364759411129859e-02
8.000000000000000444e-01 9.024592206689966645e+00 2.575584919595733102e-02
8.000000000000000444e-01 9.455066792358312711e+00 2.285090340183470320e-02
8.000000000000000444e-01 9.885541378026658776e+00 2.013525434256445423e-02
8.000000000000000444e-01 1.031601596369500484e+01 1.760581710480560100e-02
8.000000000000000444e-01 1.074649054936335091e+01 1.527072949732909309e-02
8.000000000000000444e-01 1.117696513503169697e+01 1.311702089200662315e-02
8.000000000000000444e-01 1.160743972070004304e+01 1.117845290734751328e-02
8.000000000000000444e-01 1.203791430636838911e+01 9.464403506637087890e-03
8.000000000000000444e-01 1.246838889203673517e+01 7.918944949471011172e-03
8.000000000000000444e-01 1.289886347770508124e+01 6.590116508003213310e-03
8.000000000000000444e-01 1.332933806337342553e+01 5.425968236135095615e-03
8.000000000000000444e-01 1.375981264904177159e+01 4.429353353238755543e-03
8.000000000000000444e-01 1.419028723471011766e+01 3.575892221199369371e-03
8.000000000000000444e-01 1.462076182037846372e+01 2.871043741906814835e-03
8.000000000000000444e-01 1.505123640604680979e+01 2.273234031559273702e-03
8.000000000000000444e-01 1.548171099171515586e+01 1.768630057695495068e-03
8.000000000000000444e-01 1.591218557738350192e+01 1.383425475771268062e-03
8.000000000000000444e-01 1.634266016305184976e+01 1.047268711843488739e-03
8.000000000000000444e-01 1.677313474872019583e+01 7.936792865716124027e-04
8.000000000000000444e-01 1.720360933438854190e+01 5.854008678141212627e-04
8.000000000000000444e-01 1.763408392005688796e+01 4.199476653368253978e-04
8.000000000000000444e-01 1.806455850572523403e+01 2.911814104330077871e-04
8.000000000000000444e-01 1.849503309139358009e+01 1.890237256222145458e-04
8.000000000000000444e-01 1.892550767706192616e+01 1.168624259795000939e-04
8.000000000000000444e-01 1.935598226273027223e+01 6.057585361373712436e-05
8.000000000000000444e-01 1.978645684839861829e+01 1.639332817519443096e-05
8.000000000000000444e-01 1.998632004888749236e+01 0.000000000000000000e+00
9.000000000000000222e-01 1.000000000000000000e+00 1.055973300683167027e-01
9.000000000000000222e-01 1.091546391748723810e+00 9.955917336969449805e-02
9.000000000000000222e-01 1.191473525339658446e+00 9.710505518814302461e-02
9.000000000000000222e-01 1.300548627448635752e+00 9.435944760875361603e-02
9.000000000000000222e-01 1.419609161585313695e+00 9.177929538621149019e-02
9.000000000000000222e-01 1.549569258021880280e+00 8.924667526913271365e-02
9.000000000000000222e-01 1.691426732358530582e+00 8.723521808004632005e-02
9.000000000000000222e-01 1.846270746613288383e+00 8.512169874612769693e-02
9.000000000000000222e-01 2.015290171656957341e+00 8.319866137221273994e-02
9.000000000000000222e-01 2.199782715198817851e+00 8.154268849104708006e-02
9.000000000000000222e-01 2.401164885406480209e+00 7.989378342807702815e-02
9.000000000000000222e-01 2.620982866659181454e+00 7.858312269755150792e-02
9.000000000000000222e-01 2.860924390937056305e+00 7.717307958458620443e-02
9.000000000000000222e-01 3.122831695993259160e+00 7.563999473116532479e-02
9.000000000000000222e-01 3.169224606755715268e+00 7.542491180709114118e-02
9.000000000000000222e-01 3.408715669799989634e+00 7.427004161513994784e-02
9.000000000000000222e-01 3.624292755418074385e+00 7.307817099204608202e-02
9.000000000000000222e-01 3.720771289867512710e+00 7.264323257677764156e-02
9.000000000000000222e-01 4.061394475977128771e+00 7.104339310614900260e-02
9.000000000000000222e-01 4.079360904080433059e+00 7.095837902510326867e-02
9.000000000000000222e-01 4.433200485721033424e+00 6.915995295917359842e-02
9.000000000000000222e-01 4.534429052742792621e+00 6.868147316707688688e-02
9.000000000000000222e-01 4.839043994087483647e+00 6.710791394332321635e-02
9.000000000000000222e-01 4.989497201405152182e+00 6.627921737175056227e-02
9.000000000000000222e-01 5.282041011259526186e+00 6.460467658453662720e-02
9.000000000000000222e-01 5.444565350067510856e+00 6.368474698225040642e-02
9.000000000000000222e-01 5.899633498729869530e+00 6.077589573244948640e-02
9.000000000000000222e-01 6.354701647392229091e+00 5.771977290391469562e-02
9.000000000000000222e-01 6.809769796054588653e+00 5.441507725731138667e-02
9.000000000000000222e-01 7.264837944716948215e+00 5.096361182001805240e-02
9.000000000000000222e-01 7.719906093379306000e+00 4.737605512769717947e-02
9.000000000000000222e-01 8.174974242041665562e+00 4.363359013580837831e-02
9.000000000000000222e-01 8.630042390704025124e+00 3.993092034553610142e-02
9.000000000000000222e-01 9.085110539366384685e+00 3.620512571256447043e-02
9.000000000000000222e-01 9.540178688028742471e+00 3.254871158193362035e-02
9.000000000000000222e-01 9.995246836691102033e+00 2.900232089755252346e-02
9.000000000000000222e-01 1.045031498535346159e+01 2.565273802247952997e-02
9.000000000000000222e-01 1.090538313401582116e+01 2.241952074379739007e-02
9.000000000000000222e-01 1.136045128267818072e+01 1.943159124914884198e-02
9.000000000000000222e-01 1.181551943134053850e+01 1.672226980657203627e-02
9.000000000000000222e-01 1.227058758000289806e+01 1.420777550952946090e-02
9.000000000000000222e-01 1.272565572866525763e+01 1.199816789725659597e-02
9.000000000000000222e-01 1.318072387732761541e+01 1.001959041827794709e-02
9.000000000000000222e-01 1.363579202598997497e+01 8.299230507882062249e-03
9.000000000000000222e-01 1.409086017465233454e+01 6.778063553486327920e-03
9.000000000000000222e-01 1.454592832331469410e+01 5.513756358606906188e-03
9.000000000000000222e-01 1.500099647197705366e+01 4.421212113415956199e-03
9.000000000000000222e-01 1.545606462063941144e+01 3.512323383194824317e-03
9.000000000000000222e-01 1.591113276930177101e+01 2.762055065698601746e-03
9.000000000000000222e-01 1.636620091796412879e+01 2.128023660617124526e-03
9.000000000000000222e-01 1.682126906662648835e+01 1.646141610327516661e-03
9.000000000000000222e-01 1.727633721528884791e+01 1.245009103612755358e-03
9.000000000000000222e-01 1.773140536395120748e+01 9.173585526438834091e-04
9.000000000000000222e-01 1.818647351261356704e+01 6.767930370029776911e-04
9.000000000000000222e-01 1.864154166127592660e+01 4.812238452835113957e-04
9.000000000000000222e-01 1.909660980993828261e+01 3.273353621254291939e-04
9.000000000000000222e-01 1.955167795860064572e+01 2.144701720026622740e-04
9.000000000000000222e-01 2.000674610726300173e+01 1.306548098689013654e-04
9.000000000000000222e-01 2.046181425592536129e+01 6.529464784048823385e-05
9.000000000000000222e-01 2.091688240458772086e+01 1.712527063945772313e-05
9.000000000000000222e-01 2.112816404503810119e+01 0.000000000000000000e+00
1.000000000000000000e+00 1.000000000000000000e+00 9.737983337515287996e-02
1.000000000000000000e+00 1.092627843046945602e+00 9.565371817709721058e-02
1.000000000000000000e+00 1.193835603401420586e+00 9.351381253755720879e-02
1.000000000000000000e+00 1.304418020297142711e+00 9.106428996486390370e-02
1.000000000000000000e+00 1.425243447948833841e+00 8.837119866867493290e-02
1.000000000000000000e+00 1.557260674349125962e+00 8.685103914362193867e-02
1.000000000000000000e+00 1.701506371675917118e+00 8.463707931009885332e-02
1.000000000000000000e+00 1.859113236814891712e+00 8.333526711241444340e-02
1.000000000000000000e+00 2.031318885921080675e+00 8.200097761346766823e-02
1.000000000000000000e+00 2.219475572864474611e+00 8.009022938103638189e-02
1.000000000000000000e+00 2.425060807874294344e+00 7.941633228270761347e-02
1.000000000000000000e+00 2.649688959765373664e+00 7.752156862889800215e-02
1.000000000000000000e+00 2.895123932853744364e+00 7.710557975278874154e-02
1.000000000000000000e+00 3.163293018107576682e+00 7.629909200101804567e-02
1.000000000000000000e+00 3.229417935472790546e+00 7.568832282496432140e-02
1.000000000000000000e+00 3.456302027300344193e+00 7.514390137439259931e-02
1.000000000000000000e+00 3.693129228771447892e+00 7.443540570918426302e-02
1.000000000000000000e+00 3.776451829007959837e+00 7.416879348640093017e-02
1.000000000000000000e+00 4.126256416299659335e+00 7.266904961787692963e-02
1.000000000000000000e+00 4.156840522070105237e+00 7.258957416168536347e-02
1.000000000000000000e+00 4.508462648000116424e+00 7.145916054743015056e-02
1.000000000000000000e+00 4.620551815368761694e+00 7.103229051614268208e-02
1.000000000000000000e+00 4.926071818542086866e+00 6.951400672009146187e-02
1.000000000000000000e+00 5.084263108667419040e+00 6.888857923377296466e-02
1.000000000000000000e+00 5.382363225787985428e+00 6.733745667592129502e-02
1.000000000000000000e+00 5.547974401966076385e+00 6.656964754053974753e-02
1.000000000000000000e+00 6.011685695264732843e+00 6.407834969492796906e-02
1.000000000000000000e+00 6.475396988563390188e+00 6.098794387245310561e-02
1.000000000000000000e+00 6.939108281862047534e+00 5.792858581779511407e-02
1.000000000000000000e+00 7.402819575160704879e+00 5.444481242877152738e-02
1.000000000000000000e+00 7.866530868459362225e+00 5.066924096734094773e-02
1.000000000000000000e+00 8.330242161758018682e+00 4.698887660358513907e-02
1.000000000000000000e+00 8.793953455056676916e+00 4.289566328449993110e-02
1.000000000000000000e+00 9.257664748355333373e+00 3.913170139105569267e-02
1.000000000000000000e+00 9.721376041653989830e+00 3.521322691627266216e-02
1.000000000000000000e+00 1.018508733495264806e+01 3.151115985925738439e-02
1.000000000000000000e+00 1.064879862825130452e+01 2.771868413005320469e-02
1.000000000000000000e+00 1.111250992154996098e+01 2.437543956102706383e-02
1.000000000000000000e+00 1.157622121484861921e+01 2.105339349214069983e-02
1.000000000000000000e+00 1.203993250814727567e+01 1.817196902092396010e-02
1.000000000000000000e+00 1.250364380144593390e+01 1.544265329439479736e-02
1.000000000000000000e+00 1.296735509474459036e+01 1.306950125676996539e-02
1.000000000000000000e+00 1.343106638804324682e+01 1.081160010897926418e-02
1.000000000000000000e+00 1.389477768134190505e+01 8.991795177153776367e-03
1.000000000000000000e+00 1.435848897464056151e+01 7.337288594429652172e-03
1.000000000000000000e+00 1.482220026793921797e+01 5.985537396150026820e-03
1.000000000000000000e+00 1.528591156123787620e+01 4.736848494204974787e-03
1.000000000000000000e+00 1.574962285453653266e+01 3.890295637874663023e-03
1.000000000000000000e+00 1.621333414783519089e+01 2.945637146503378521e-03
1.000000000000000000e+00 1.667704544113384912e+01 2.271265329069226038e-03
1.000000000000000000e+00 1.714075673443250381e+01 1.776455787215834104e-03
1.000000000000000000e+00 1.760446802773116204e+01 1.298763140027066202e-03
1.000000000000000000e+00 1.806817932102981672e+01 9.602047233190459186e-04
1.000000000000000000e+00 1.853189061432847495e+01 7.346335332325191732e-04
1.000000000000000000e+00 1.899560190762713319e+01 4.983169680946637368e-04
1.000000000000000000e+00 1.945931320092579142e+01 3.564715096395133938e-04
1.000000000000000000e+00 1.992302449422444965e+01 2.246760585460314821e-04
1.000000000000000000e+00 2.038673578752310078e+01 1.253066697727615538e-04
1.000000000000000000e+00 2.085044708082175902e+01 7.651811938619851989e-05
1.000000000000000000e+00 2.131415837412041725e+01 2.120923528249394051e-05
1.000000000000000000e+00 2.152945290315193816e+01 0.000000000000000000e+00
