# mx [GeV]: 100.0
# sigma_p [cm^2]: 3.98107170553e-33
# depth [m]: 10.6
# target: full
# Columns: gamma/pi, v [km/s], f(v, gamma) [s/km]
0.000000000000000000e+00 1.000000000000000000e+00 1.584554774840125880e-04
0.000000000000000000e+00 1.276882242047592042e+00 1.226057069417959514e-04
0.000000000000000000e+00 1.630428260056485446e+00 1.093669693851512345e-04
0.000000000000000000e+00 2.081864892198679762e+00 8.948259053090439020e-05
0.000000000000000000e+00 2.658296311190818884e+00 7.664045607543025463e-05
0.000000000000000000e+00 3.394331353860175593e+00 6.737802809101618479e-05
0.000000000000000000e+00 4.334161429369419949e+00 5.980222656716445157e-05
0.000000000000000000e+00 5.534213763329422164e+00 5.637674381749437687e-05
0.000000000000000000e+00 7.066539278090714582e+00 5.119957069082885177e-05
0.000000000000000000e+00 9.023138516925842012e+00 4.971622223338407586e-05
0.000000000000000000e+00 1.152148533979825373e+01 5.035175590267734508e-05
0.000000000000000000e+00 1.471158003240006273e+01 5.300801379020696398e-05
0.000000000000000000e+00 1.878495529583357637e+01 5.975080481557642874e-05
0.000000000000000000e+00 2.398617583490776184e+01 7.098764294441862847e-05
0.000000000000000000e+00 3.062752197822480937e+01 8.840125574047671107e-05
0.000000000000000000e+00 3.910773893191759498e+01 1.155140516070915307e-04
0.000000000000000000e+00 4.993597736879883087e+01 1.522002225963592185e-04
0.000000000000000000e+00 6.237597488503808307e+01 1.941328050904014813e-04
0.000000000000000000e+00 6.376236274150966210e+01 1.987234557953520241e-04
0.000000000000000000e+00 7.133252512494098596e+01 2.229326529617078011e-04
0.000000000000000000e+00 8.028907536484389595e+01 2.489055229049439572e-04
0.000000000000000000e+00 8.141702869563069100e+01 2.517100793337014334e-04
0.000000000000000000e+00 8.924562560474680595e+01 2.715269474211090832e-04
0.000000000000000000e+00 9.820217584464970173e+01 2.907198031745365286e-04
0.000000000000000000e+00 1.039599581417300982e+02 3.010212039067794313e-04
0.000000000000000000e+00 1.071587260845525975e+02 3.056653877682402013e-04
0.000000000000000000e+00 1.161152763244555217e+02 3.175614768722784861e-04
0.000000000000000000e+00 1.250718265643584175e+02 3.258659556656892686e-04
0.000000000000000000e+00 1.340283768042613133e+02 3.306224666987273865e-04
0.000000000000000000e+00 1.429849270441642375e+02 3.324420096042890026e-04
0.000000000000000000e+00 1.519414772840671333e+02 3.316519567942119201e-04
0.000000000000000000e+00 1.608980275239700291e+02 3.282948029268666751e-04
0.000000000000000000e+00 1.698545777638729533e+02 3.223395991713255563e-04
0.000000000000000000e+00 1.788111280037758490e+02 3.150247185265584132e-04
0.000000000000000000e+00 1.877676782436787448e+02 3.059200951212992904e-04
0.000000000000000000e+00 1.967242284835816690e+02 2.952618005061202712e-04
0.000000000000000000e+00 2.056807787234845648e+02 2.835498252184990220e-04
0.000000000000000000e+00 2.146373289633874606e+02 2.709221862097308409e-04
0.000000000000000000e+00 2.235938792032903848e+02 2.572818203637140182e-04
0.000000000000000000e+00 2.325504294431932806e+02 2.431860637359676473e-04
0.000000000000000000e+00 2.415069796830961764e+02 2.288298248626429799e-04
0.000000000000000000e+00 2.504635299229991006e+02 2.138629819012775640e-04
0.000000000000000000e+00 2.594200801629019679e+02 1.992649498267011184e-04
0.000000000000000000e+00 2.683766304028048921e+02 1.845716802877025726e-04
0.000000000000000000e+00 2.773331806427078163e+02 1.697705975338662681e-04
0.000000000000000000e+00 2.862897308826106837e+02 1.557572108411840229e-04
0.000000000000000000e+00 2.952462811225136079e+02 1.420808237564692277e-04
0.000000000000000000e+00 3.042028313624164753e+02 1.286588470727676695e-04
0.000000000000000000e+00 3.131593816023193995e+02 1.143552692400423961e-04
0.000000000000000000e+00 3.221159318422223237e+02 1.006791531522418408e-04
0.000000000000000000e+00 3.310724820821252479e+02 8.819739881802243959e-05
0.000000000000000000e+00 3.400290323220281152e+02 7.603897578085366663e-05
0.000000000000000000e+00 3.489855825619310394e+02 6.525856430629295532e-05
0.000000000000000000e+00 3.579421328018339636e+02 5.579927204961211186e-05
0.000000000000000000e+00 3.668986830417368310e+02 4.551956937394726417e-05
0.000000000000000000e+00 3.758552332816397552e+02 3.730986437131699916e-05
0.000000000000000000e+00 3.848117835215426794e+02 3.014151790992905942e-05
0.000000000000000000e+00 3.937683337614455468e+02 2.273452321582415100e-05
0.000000000000000000e+00 4.027248840013484710e+02 1.532148356326793723e-05
0.000000000000000000e+00 4.116814342412513383e+02 6.772369051189868595e-06
0.000000000000000000e+00 4.158398325669205633e+02 0.000000000000000000e+00
1.000000000000000056e-01 1.000000000000000000e+00 1.807039675863752473e-04
1.000000000000000056e-01 1.287128469817366394e+00 1.410537603001125063e-04
1.000000000000000056e-01 1.656699697814394856e+00 1.213941328292768307e-04
1.000000000000000056e-01 2.132385346994735364e+00 1.020900257622240801e-04
1.000000000000000056e-01 2.744653888738306957e+00 8.472738966914375772e-05
1.000000000000000056e-01 3.532722159990020927e+00 7.324850390522931150e-05
1.000000000000000056e-01 4.547067268077857882e+00 6.655237284783289877e-05
1.000000000000000056e-01 5.852659734917684098e+00 6.126517130097502268e-05
1.000000000000000056e-01 7.533124968966311563e+00 5.671364629195763146e-05
1.000000000000000056e-01 9.696099614248602450e+00 5.423801151715365679e-05
1.000000000000000056e-01 1.248012585968455923e+01 5.509112834345652039e-05
1.000000000000000056e-01 1.606352530090393316e+01 5.891533918208614570e-05
1.000000000000000056e-01 2.067582074042503137e+01 6.733747588101064588e-05
1.000000000000000056e-01 2.661243751184142781e+01 8.148553259508498786e-05
1.000000000000000056e-01 3.425362597272673781e+01 1.041010640065677579e-04
1.000000000000000056e-01 4.408881718397215366e+01 1.371044127431606744e-04
1.000000000000000056e-01 5.674797179806368774e+01 1.819906600827776732e-04
1.000000000000000056e-01 7.260512612031688207e+01 2.360728318216967676e-04
1.000000000000000056e-01 7.304193010568079103e+01 2.374849784307467607e-04
1.000000000000000056e-01 8.303047756323418582e+01 2.676639075860635019e-04
1.000000000000000056e-01 9.345582900615147537e+01 2.949202035316547481e-04
1.000000000000000056e-01 9.401434772943190410e+01 2.962212115453403765e-04
1.000000000000000056e-01 1.038811804490687791e+02 3.173719211653498848e-04
1.000000000000000056e-01 1.143065318919860829e+02 3.349792537130652113e-04
1.000000000000000056e-01 1.210085435338614985e+02 3.437383107579517144e-04
1.000000000000000056e-01 1.247318833349033724e+02 3.477795107254109562e-04
1.000000000000000056e-01 1.351572347778206904e+02 3.557696392941167509e-04
1.000000000000000056e-01 1.455825862207379657e+02 3.598308928352490408e-04
1.000000000000000056e-01 1.560079376636552695e+02 3.601993214987743918e-04
1.000000000000000056e-01 1.664332891065725732e+02 3.571091990802854996e-04
1.000000000000000056e-01 1.768586405494898486e+02 3.508795893425902587e-04
1.000000000000000056e-01 1.872839919924071523e+02 3.421913274068711904e-04
1.000000000000000056e-01 1.977093434353244561e+02 3.311884421328766437e-04
1.000000000000000056e-01 2.081346948782417599e+02 3.182040028757738290e-04
1.000000000000000056e-01 2.185600463211590636e+02 3.040426297665001524e-04
1.000000000000000056e-01 2.289853977640763674e+02 2.882160173838588853e-04
1.000000000000000056e-01 2.394107492069936711e+02 2.715231364065335521e-04
1.000000000000000056e-01 2.498361006499109749e+02 2.540362391894851316e-04
1.000000000000000056e-01 2.602614520928282786e+02 2.360538370005200114e-04
1.000000000000000056e-01 2.706868035357455256e+02 2.179873887964197266e-04
1.000000000000000056e-01 2.811121549786628293e+02 2.001289195616572265e-04
1.000000000000000056e-01 2.915375064215801331e+02 1.823823186591637293e-04
1.000000000000000056e-01 3.019628578644974368e+02 1.653151145143095190e-04
1.000000000000000056e-01 3.123882093074147406e+02 1.469058168162074897e-04
1.000000000000000056e-01 3.228135607503320443e+02 1.288851022209608051e-04
1.000000000000000056e-01 3.332389121932493481e+02 1.121555809127219237e-04
1.000000000000000056e-01 3.436642636361666518e+02 9.633839521207488354e-05
1.000000000000000056e-01 3.540896150790838988e+02 8.170717625382198476e-05
1.000000000000000056e-01 3.645149665220012025e+02 6.748325129893857177e-05
1.000000000000000056e-01 3.749403179649185063e+02 5.567218869864525596e-05
1.000000000000000056e-01 3.853656694078358100e+02 4.593951792981074232e-05
1.000000000000000056e-01 3.957910208507531138e+02 3.708273875660614977e-05
1.000000000000000056e-01 4.062163722936704175e+02 2.951873407692226929e-05
1.000000000000000056e-01 4.166417237365877213e+02 2.314821044922555368e-05
1.000000000000000056e-01 4.270670751795050251e+02 1.762728973414554230e-05
1.000000000000000056e-01 4.374924266224223288e+02 1.294947985916660392e-05
1.000000000000000056e-01 4.479177780653396326e+02 9.026084761484318148e-06
1.000000000000000056e-01 4.583431295082569363e+02 5.693102234765423886e-06
1.000000000000000056e-01 4.687684809511741832e+02 2.941804788302687590e-06
1.000000000000000056e-01 4.791938323940914870e+02 6.315443637988220557e-07
1.000000000000000056e-01 4.840341741354459373e+02 0.000000000000000000e+00
2.000000000000000111e-01 1.000000000000000000e+00 2.532686564509368642e-04
2.000000000000000111e-01 1.296925338020239460e+00 1.921697389809596862e-04
2.000000000000000111e-01 1.682015332398912655e+00 1.616255554332507287e-04
2.000000000000000111e-01 2.181448303526685617e+00 1.381024809631266391e-04
2.000000000000000111e-01 2.829175578425024540e+00 1.139617831906914879e-04
2.000000000000000111e-01 3.669229493367481165e+00 9.684496186529112046e-05
2.000000000000000111e-01 4.758716700959453760e+00 8.708143564887771925e-05
2.000000000000000111e-01 6.171700265934398466e+00 7.929327048910793342e-05
2.000000000000000111e-01 8.004234453556572149e+00 7.311444301374640635e-05
2.000000000000000111e-01 1.038089447427210388e+01 6.915096438002631639e-05
2.000000000000000111e-01 1.346324507499778456e+01 6.955240274692087014e-05
2.000000000000000111e-01 1.746082366974082589e+01 7.405055148306906104e-05
2.000000000000000111e-01 2.264538463999042861e+01 8.381036535957837863e-05
2.000000000000000111e-01 2.936937312881792650e+01 1.016475568222905849e-04
2.000000000000000111e-01 3.808988417253472392e+01 1.302610468329658147e-04
2.000000000000000111e-01 4.939973590561636740e+01 1.724138470277108059e-04
2.000000000000000111e-01 6.406776918750206562e+01 2.305356143031785576e-04
2.000000000000000111e-01 8.309111320970380632e+01 3.020868434328619848e-04
2.000000000000000111e-01 8.385631584288933027e+01 3.047719324638791276e-04
2.000000000000000111e-01 9.589722273315035750e+01 3.442041059576805362e-04
2.000000000000000111e-01 1.077629700859730946e+02 3.769873009083581951e-04
2.000000000000000111e-01 1.079381296234113847e+02 3.773687800411241913e-04
2.000000000000000111e-01 1.199790365136724262e+02 4.052823216740263643e-04
2.000000000000000111e-01 1.320199434039334392e+02 4.268521756028012060e-04
2.000000000000000111e-01 1.397605264048156073e+02 4.374328231159383871e-04
2.000000000000000111e-01 1.440608502941944948e+02 4.422106094521772654e-04
2.000000000000000111e-01 1.561017571844555221e+02 4.523093252578963769e-04
2.000000000000000111e-01 1.681426640747165493e+02 4.569594152989813482e-04
2.000000000000000111e-01 1.801835709649775765e+02 4.571483399332190462e-04
2.000000000000000111e-01 1.922244778552386038e+02 4.529354965520118151e-04
2.000000000000000111e-01 2.042653847454996310e+02 4.446809177832295465e-04
2.000000000000000111e-01 2.163062916357606582e+02 4.331619979086976735e-04
2.000000000000000111e-01 2.283471985260217139e+02 4.182310063725115418e-04
2.000000000000000111e-01 2.403881054162827411e+02 4.005609592229987200e-04
2.000000000000000111e-01 2.524290123065437683e+02 3.806135785363178882e-04
2.000000000000000111e-01 2.644699191968047671e+02 3.587322361047313134e-04
2.000000000000000111e-01 2.765108260870658228e+02 3.353793043290150206e-04
2.000000000000000111e-01 2.885517329773268784e+02 3.109918012561091417e-04
2.000000000000000111e-01 3.005926398675878772e+02 2.858653579018842375e-04
2.000000000000000111e-01 3.126335467578488760e+02 2.587671408653887685e-04
2.000000000000000111e-01 3.246744536481099317e+02 2.305959003432605007e-04
2.000000000000000111e-01 3.367153605383709873e+02 2.045345445184443083e-04
2.000000000000000111e-01 3.487562674286319861e+02 1.803225823985324622e-04
2.000000000000000111e-01 3.607971743188930418e+02 1.584208073870413836e-04
2.000000000000000111e-01 3.728380812091540975e+02 1.371911431001032950e-04
2.000000000000000111e-01 3.848789880994150963e+02 1.185725764149453046e-04
2.000000000000000111e-01 3.969198949896761519e+02 1.013825747649599638e-04
2.000000000000000111e-01 4.089608018799371507e+02 8.527340049077037037e-05
2.000000000000000111e-01 4.210017087701982064e+02 7.148150563439511444e-05
2.000000000000000111e-01 4.330426156604592052e+02 5.932915478559520331e-05
2.000000000000000111e-01 4.450835225507202608e+02 4.855769146393931822e-05
2.000000000000000111e-01 4.571244294409812596e+02 3.917415015628695541e-05
2.000000000000000111e-01 4.691653363312423153e+02 3.106332844288048822e-05
2.000000000000000111e-01 4.812062432215033709e+02 2.409729211783865301e-05
2.000000000000000111e-01 4.932471501117643697e+02 1.824691160334152750e-05
2.000000000000000111e-01 5.052880570020254254e+02 1.337583040124515883e-05
2.000000000000000111e-01 5.173289638922864242e+02 9.189830264504906355e-06
2.000000000000000111e-01 5.293698707825474230e+02 5.713341856823049423e-06
2.000000000000000111e-01 5.414107776728085355e+02 2.917835493099309680e-06
2.000000000000000111e-01 5.534516845630695343e+02 6.101041157515531587e-07
2.000000000000000111e-01 5.590421056192622018e+02 0.000000000000000000e+00
3.000000000000000444e-01 1.000000000000000000e+00 3.831847417419117705e-04
3.000000000000000444e-01 1.305131185842806962e+00 2.779163398435843856e-04
3.000000000000000444e-01 1.703367412259451319e+00 2.314295020730565606e-04
3.000000000000000444e-01 2.223117930688171207e+00 1.978609427968015724e-04
3.000000000000000444e-01 2.901460541147459438e+00 1.641498901553402703e-04
3.000000000000000444e-01 3.786786636743896484e+00 1.368659267229368451e-04
3.000000000000000444e-01 4.942253333747255617e+00 1.208504514293832783e-04
3.000000000000000444e-01 6.450288954209120185e+00 1.101161175344578344e-04
3.000000000000000444e-01 8.418473271835708260e+00 9.992405164726734200e-05
3.000000000000000444e-01 1.098721200425691435e+01 9.346377879885183382e-05
3.000000000000000444e-01 1.433975303222215203e+01 9.225849304566014983e-05
3.000000000000000444e-01 1.871525887963707646e+01 9.682670871807613940e-05
3.000000000000000444e-01 2.442586801493586179e+01 1.079925723853596148e-04
3.000000000000000444e-01 3.187896208757313232e+01 1.298807564728953617e-04
3.000000000000000444e-01 4.160622759279218741e+01 1.659641060638536079e-04
3.000000000000000444e-01 5.430158515662658658e+01 2.210462540073441541e-04
3.000000000000000444e-01 7.087069222861222784e+01 2.988536143656181322e-04
3.000000000000000444e-01 9.249555058982927847e+01 3.985915534926097697e-04
3.000000000000000444e-01 9.453234399222635886e+01 4.075130110337993892e-04
3.000000000000000444e-01 1.081062190270075831e+02 4.630526216229813720e-04
3.000000000000000444e-01 1.207188276264872400e+02 5.099570928996875188e-04
3.000000000000000444e-01 1.216800940617887932e+02 5.132958873369276604e-04
3.000000000000000444e-01 1.352539690965700174e+02 5.559893809497239202e-04
3.000000000000000444e-01 1.488278441313512417e+02 5.916129984055455617e-04
3.000000000000000444e-01 1.575539066537106407e+02 6.107363672503950949e-04
3.000000000000000444e-01 1.624017191661324659e+02 6.201809221945863348e-04
3.000000000000000444e-01 1.759755942009136902e+02 6.415194688427518482e-04
3.000000000000000444e-01 1.895494692356949145e+02 6.558274524276043807e-04
3.000000000000000444e-01 2.031233442704761387e+02 6.631202488890626870e-04
3.000000000000000444e-01 2.166972193052573630e+02 6.639658594034374963e-04
3.000000000000000444e-01 2.302710943400385872e+02 6.578586427824997416e-04
3.000000000000000444e-01 2.438449693748198115e+02 6.460597075979906609e-04
3.000000000000000444e-01 2.574188444096009789e+02 6.291529906840632232e-04
3.000000000000000444e-01 2.709927194443822032e+02 6.042664412888059571e-04
3.000000000000000444e-01 2.845665944791634274e+02 5.756041752238647826e-04
3.000000000000000444e-01 2.981404695139446517e+02 5.428175052693651019e-04
3.000000000000000444e-01 3.117143445487258759e+02 5.046094413791397731e-04
3.000000000000000444e-01 3.252882195835071002e+02 4.642034705249347163e-04
3.000000000000000444e-01 3.388620946182883245e+02 4.242007481606277540e-04
3.000000000000000444e-01 3.524359696530695487e+02 3.836449477870354746e-04
3.000000000000000444e-01 3.660098446878507730e+02 3.435692231538418711e-04
3.000000000000000444e-01 3.795837197226319972e+02 3.036053165231834545e-04
3.000000000000000444e-01 3.931575947574132215e+02 2.675083564225086007e-04
3.000000000000000444e-01 4.067314697921944457e+02 2.336365643574223505e-04
3.000000000000000444e-01 4.203053448269756132e+02 2.016956034378121422e-04
3.000000000000000444e-01 4.338792198617568374e+02 1.723858406867252550e-04
3.000000000000000444e-01 4.474530948965380617e+02 1.460333639616447879e-04
3.000000000000000444e-01 4.610269699313192859e+02 1.223531189624490621e-04
3.000000000000000444e-01 4.746008449661005102e+02 1.013863719255825844e-04
3.000000000000000444e-01 4.881747200008817344e+02 8.330732215275936435e-05
3.000000000000000444e-01 5.017485950356629587e+02 6.696902132884331596e-05
3.000000000000000444e-01 5.153224700704441830e+02 5.358707803992006694e-05
3.000000000000000444e-01 5.288963451052254641e+02 4.196514505864683893e-05
3.000000000000000444e-01 5.424702201400066315e+02 3.212310079707658131e-05
3.000000000000000444e-01 5.560440951747879126e+02 2.405752287956310342e-05
3.000000000000000444e-01 5.696179702095690800e+02 1.718867881036821821e-05
3.000000000000000444e-01 5.831918452443503611e+02 1.168917704066441897e-05
3.000000000000000444e-01 5.967657202791315285e+02 7.172031333749536231e-06
3.000000000000000444e-01 6.103395953139128096e+02 3.554070603656004754e-06
3.000000000000000444e-01 6.239134703486939770e+02 7.933803411753732424e-07
3.000000000000000444e-01 6.302156266148424493e+02 0.000000000000000000e+00
4.000000000000000222e-01 1.000000000000000000e+00 5.285868708652711155e-04
4.000000000000000222e-01 1.311037373435744335e+00 3.733040416958634798e-04
4.000000000000000222e-01 1.718818994545295409e+00 3.064612413022458227e-04
4.000000000000000222e-01 2.253435940020131145e+00 2.634488601005488366e-04
4.000000000000000222e-01 2.954338736009699762e+00 2.191246380656032946e-04
4.000000000000000222e-01 3.873248496697633492e+00 1.806682444419926742e-04
4.000000000000000222e-01 5.077973535774411573e+00 1.573829703701754804e-04
4.000000000000000222e-01 6.657413086717903106e+00 1.428776777325023830e-04
4.000000000000000222e-01 8.728117367087390832e+00 1.292262076546679011e-04
4.000000000000000222e-01 1.144288806798515878e+01 1.192828907144995675e-04
4.000000000000000222e-01 1.500205391717047831e+01 1.164923903020943097e-04
4.000000000000000222e-01 1.966825336370860100e+01 1.207057482642887909e-04
4.000000000000000222e-01 2.578581523002527476e+01 1.333853822870916558e-04
4.000000000000000222e-01 3.380616747107174547e+01 1.592431127448799941e-04
4.000000000000000222e-01 4.432114900720279138e+01 2.039124983188807835e-04
4.000000000000000222e-01 5.810668278205741899e+01 2.745775916876028004e-04
4.000000000000000222e-01 7.618003277365252757e+01 3.786835465097822457e-04
4.000000000000000222e-01 9.987487007581832188e+01 5.204188185487990852e-04
4.000000000000000222e-01 1.030000942584360502e+02 5.385342142393074105e-04
4.000000000000000222e-01 1.177898513827243079e+02 6.226186419780968973e-04
4.000000000000000222e-01 1.309396873364371174e+02 6.929816333516508131e-04
4.000000000000000222e-01 1.325796085070125514e+02 7.012055769940290454e-04
4.000000000000000222e-01 1.473693656313008091e+02 7.731830269624423565e-04
4.000000000000000222e-01 1.621591227555890669e+02 8.371938652749563595e-04
4.000000000000000222e-01 1.716668237640600694e+02 8.743415158109315612e-04
4.000000000000000222e-01 1.769488798798773246e+02 8.928030759237695060e-04
4.000000000000000222e-01 1.917386370041655823e+02 9.398603309990151335e-04
4.000000000000000222e-01 2.065283941284538400e+02 9.768072357350834727e-04
4.000000000000000222e-01 2.213181512527420978e+02 1.003426728583082942e-03
4.000000000000000222e-01 2.361079083770303555e+02 1.019002049580569006e-03
4.000000000000000222e-01 2.508976655013186132e+02 1.023399193135659298e-03
4.000000000000000222e-01 2.656874226256068710e+02 1.012653684177192842e-03
4.000000000000000222e-01 2.804771797498950718e+02 9.957294896563589643e-04
4.000000000000000222e-01 2.952669368741833296e+02 9.650503130088190166e-04
4.000000000000000222e-01 3.100566939984715873e+02 9.240681576526091779e-04
4.000000000000000222e-01 3.248464511227598450e+02 8.741117121229044886e-04
4.000000000000000222e-01 3.396362082470481027e+02 8.165250696009982703e-04
4.000000000000000222e-01 3.544259653713363605e+02 7.559139024383949379e-04
4.000000000000000222e-01 3.692157224956246182e+02 6.910337418614358575e-04
4.000000000000000222e-01 3.840054796199128759e+02 6.271445699105140156e-04
4.000000000000000222e-01 3.987952367442011337e+02 5.619354864540694692e-04
4.000000000000000222e-01 4.135849938684893914e+02 4.955894852276090164e-04
4.000000000000000222e-01 4.283747509927776491e+02 4.345021021158369128e-04
4.000000000000000222e-01 4.431645081170659068e+02 3.763740419952187836e-04
4.000000000000000222e-01 4.579542652413541077e+02 3.233536226128789701e-04
4.000000000000000222e-01 4.727440223656423655e+02 2.747096508730678330e-04
4.000000000000000222e-01 4.875337794899306232e+02 2.308518424715130324e-04
4.000000000000000222e-01 5.023235366142188809e+02 1.909102181565943790e-04
4.000000000000000222e-01 5.171132937385071955e+02 1.574682547305439675e-04
4.000000000000000222e-01 5.319030508627954532e+02 1.278790947435070257e-04
4.000000000000000222e-01 5.466928079870837109e+02 1.022047122507638468e-04
4.000000000000000222e-01 5.614825651113719687e+02 7.994031595778586480e-05
4.000000000000000222e-01 5.762723222356602264e+02 6.247505415166921985e-05
4.000000000000000222e-01 5.910620793599484841e+02 4.730817285279791335e-05
4.000000000000000222e-01 6.058518364842367419e+02 3.486871338608934297e-05
4.000000000000000222e-01 6.206415936085249996e+02 2.501695435796653051e-05
4.000000000000000222e-01 6.354313507328132573e+02 1.669419330776326281e-05
4.000000000000000222e-01 6.502211078571015150e+02 1.028654502991182872e-05
4.000000000000000222e-01 6.650108649813897728e+02 5.105949008845044543e-06
4.000000000000000222e-01 6.798006221056780305e+02 1.046179981268350360e-06
4.000000000000000222e-01 6.866672950562403912e+02 0.000000000000000000e+00
5.000000000000000000e-01 1.000000000000000000e+00 5.971285485966879806e-04
5.000000000000000000e-01 1.314539225443805526e+00 4.188557229307061165e-04
5.000000000000000000e-01 1.728013375230399884e+00 3.409361632521059693e-04
5.000000000000000000e-01 2.271541363831905969e+00 2.935560348648762240e-04
5.000000000000000000e-01 2.986030224975158909e+00 2.441066589972306559e-04
5.000000000000000000e-01 3.925253859090637842e+00 2.005119651457789491e-04
5.000000000000000000e-01 5.159900167599314358e+00 1.740099521964624460e-04
5.000000000000000000e-01 6.782891169683365362e+00 1.577595409607004343e-04
5.000000000000000000e-01 8.916376504465198138e+00 1.425415646497545411e-04
5.000000000000000000e-01 1.172092666394502558e+01 1.311833734381911986e-04
5.000000000000000000e-01 1.540761785830594555e+01 1.279649423251928350e-04
5.000000000000000000e-01 2.025391804539163942e+01 1.326266312428708545e-04
5.000000000000000000e-01 2.662456973959143269e+01 1.470449783756119279e-04
5.000000000000000000e-01 3.499904128325711383e+01 1.770181698692101474e-04
5.000000000000000000e-01 4.600761261976856531e+01 2.301749785683885208e-04
5.000000000000000000e-01 6.047881145770924149e+01 3.167209558442665739e-04
5.000000000000000000e-01 7.950176996937904050e+01 4.496218797599387104e-04
5.000000000000000000e-01 1.045081951169591434e+02 6.403191471889588086e-04
5.000000000000000000e-01 1.083549353899762764e+02 6.693581970978038954e-04
5.000000000000000000e-01 1.239135927793061995e+02 7.907307117240560063e-04
5.000000000000000000e-01 1.373801218615774644e+02 8.913453547240578374e-04
5.000000000000000000e-01 1.394722501686361227e+02 9.065929213181673834e-04
5.000000000000000000e-01 1.550309075579660600e+02 1.018671012449220981e-03
5.000000000000000000e-01 1.705895649472959690e+02 1.123360001797824590e-03
5.000000000000000000e-01 1.805915589832937087e+02 1.186561093103995690e-03
5.000000000000000000e-01 1.861482223366259063e+02 1.219622825854406629e-03
5.000000000000000000e-01 2.017068797259558437e+02 1.305712989890013163e-03
5.000000000000000000e-01 2.172655371152857526e+02 1.378900843381357984e-03
5.000000000000000000e-01 2.328241945046156616e+02 1.438420127623618637e-03
5.000000000000000000e-01 2.483828518939455989e+02 1.480410937785891622e-03
5.000000000000000000e-01 2.639415092832755363e+02 1.505034079440781139e-03
5.000000000000000000e-01 2.795001666726054737e+02 1.510398363626681319e-03
5.000000000000000000e-01 2.950588240619354110e+02 1.495088892387416019e-03
5.000000000000000000e-01 3.106174814512652915e+02 1.461861936989732611e-03
5.000000000000000000e-01 3.261761388405952289e+02 1.409629213705268676e-03
5.000000000000000000e-01 3.417347962299251094e+02 1.342339294308014059e-03
5.000000000000000000e-01 3.572934536192550468e+02 1.262426654707992551e-03
5.000000000000000000e-01 3.728521110085849841e+02 1.173231566624782091e-03
5.000000000000000000e-01 3.884107683979149215e+02 1.073950040043905423e-03
5.000000000000000000e-01 4.039694257872448588e+02 9.778766112427009043e-04
5.000000000000000000e-01 4.195280831765747962e+02 8.748704382327866791e-04
5.000000000000000000e-01 4.350867405659046767e+02 7.750059679521242124e-04
5.000000000000000000e-01 4.506453979552346141e+02 6.793483058915763661e-04
5.000000000000000000e-01 4.662040553445645514e+02 5.889864752622273611e-04
5.000000000000000000e-01 4.817627127338944888e+02 5.046884316863129881e-04
5.000000000000000000e-01 4.973213701232244262e+02 4.275526974691004210e-04
5.000000000000000000e-01 5.128800275125543067e+02 3.585767345497533156e-04
5.000000000000000000e-01 5.284386849018842440e+02 2.966374890375957779e-04
5.000000000000000000e-01 5.439973422912141814e+02 2.425095599007076033e-04
5.000000000000000000e-01 5.595559996805441187e+02 1.960872917892266594e-04
5.000000000000000000e-01 5.751146570698740561e+02 1.562023544911598214e-04
5.000000000000000000e-01 5.906733144592039935e+02 1.221130542749022279e-04
5.000000000000000000e-01 6.062319718485339308e+02 9.405280711998521305e-05
5.000000000000000000e-01 6.217906292378637545e+02 7.149609370757575107e-05
5.000000000000000000e-01 6.373492866271936919e+02 5.201500081069105545e-05
5.000000000000000000e-01 6.529079440165236292e+02 3.730536718101822534e-05
5.000000000000000000e-01 6.684666014058535666e+02 2.491350288313076407e-05
5.000000000000000000e-01 6.840252587951835039e+02 1.535411468160145722e-05
5.000000000000000000e-01 6.995839161845134413e+02 7.735573184448719329e-06
5.000000000000000000e-01 7.151425735738433787e+02 1.863332356919807126e-06
5.000000000000000000e-01 7.223662359331751759e+02 0.000000000000000000e+00
6.000000000000000888e-01 1.000000000000000000e+00 5.314314169422788402e-04
6.000000000000000888e-01 1.316096417151890297e+00 3.739942796366902658e-04
6.000000000000000888e-01 1.732109779240042613e+00 3.069220875679435647e-04
6.000000000000000888e-01 2.279623474571571773e+00 2.632137902704170199e-04
6.000000000000000888e-01 3.000204287338988696e+00 2.181008035232695572e-04
6.000000000000000888e-01 3.948558113290583371e+00 1.797760036244037095e-04
6.000000000000000888e-01 5.196683185817765782e+00 1.571951981689270706e-04
6.000000000000000888e-01 6.839336121928232259e+00 1.426544080250891186e-04
6.000000000000000888e-01 9.001225765767250309e+00 1.289544547849587417e-04
6.000000000000000888e-01 1.184648098030155872e+01 1.198722578253390747e-04
6.000000000000000888e-01 1.559111117403289271e+01 1.184399193163533306e-04
6.000000000000000888e-01 2.051940555556149093e+01 1.248051282259401149e-04
6.000000000000000888e-01 2.700551613376108406e+01 1.415968807654863595e-04
6.000000000000000888e-01 3.554186302698052913e+01 1.755212203300160207e-04
6.000000000000000888e-01 4.677651858871231383e+01 2.356627682058066466e-04
6.000000000000000888e-01 6.156240852144306785e+01 3.355467786545008376e-04
6.000000000000000888e-01 8.102206528631222682e+01 4.932973359532529184e-04
6.000000000000000888e-01 1.066328498335620623e+02 7.287616417529969599e-04
6.000000000000000888e-01 1.108198811909687009e+02 7.689885760889099376e-04
6.000000000000000888e-01 1.267324795158257444e+02 9.234957057444359617e-04
6.000000000000000888e-01 1.403391116166465622e+02 1.055594503523486121e-03
6.000000000000000888e-01 1.426450778406828022e+02 1.078459929084429978e-03
6.000000000000000888e-01 1.585576761655398457e+02 1.230746341394311485e-03
6.000000000000000888e-01 1.744702744903968892e+02 1.377562839937403628e-03
6.000000000000000888e-01 1.846998019849477544e+02 1.468849833189306330e-03
6.000000000000000888e-01 1.903828728152539327e+02 1.517494784421301443e-03
6.000000000000000888e-01 2.062954711401109762e+02 1.646287897739730612e-03
6.000000000000000888e-01 2.222080694649680197e+02 1.760480778522878790e-03
6.000000000000000888e-01 2.381206677898250632e+02 1.858212980717400013e-03
6.000000000000000888e-01 2.540332661146821351e+02 1.935508177966437007e-03
6.000000000000000888e-01 2.699458644395391502e+02 1.986536566342668626e-03
6.000000000000000888e-01 2.858584627643962222e+02 2.013759115059301011e-03
6.000000000000000888e-01 3.017710610892532372e+02 2.012694319780132263e-03
6.000000000000000888e-01 3.176836594141103092e+02 1.980275996242991405e-03
6.000000000000000888e-01 3.335962577389673243e+02 1.925305779887149854e-03
6.000000000000000888e-01 3.495088560638243962e+02 1.843871253250234116e-03
6.000000000000000888e-01 3.654214543886814113e+02 1.743061466565398688e-03
6.000000000000000888e-01 3.813340527135384832e+02 1.626144026195755574e-03
6.000000000000000888e-01 3.972466510383955551e+02 1.505721168006330865e-03
6.000000000000000888e-01 4.131592493632525702e+02 1.367927635332234423e-03
6.000000000000000888e-01 4.290718476881096421e+02 1.231114156973531779e-03
6.000000000000000888e-01 4.449844460129666572e+02 1.094543120154686236e-03
6.000000000000000888e-01 4.608970443378237292e+02 9.614958732382558300e-04
6.000000000000000888e-01 4.768096426626807443e+02 8.350814690530290524e-04
6.000000000000000888e-01 4.927222409875378162e+02 7.166802556472719361e-04
6.000000000000000888e-01 5.086348393123948313e+02 6.072825712378328647e-04
6.000000000000000888e-01 5.245474376372518464e+02 5.100229429465250649e-04
6.000000000000000888e-01 5.404600359621089183e+02 4.220558263969464356e-04
6.000000000000000888e-01 5.563726342869659902e+02 3.463656508753200662e-04
6.000000000000000888e-01 5.722852326118229485e+02 2.792545719582585802e-04
6.000000000000000888e-01 5.881978309366800204e+02 2.221448611719960384e-04
6.000000000000000888e-01 6.041104292615370923e+02 1.742091964918649730e-04
6.000000000000000888e-01 6.200230275863941642e+02 1.352297817397008341e-04
6.000000000000000888e-01 6.359356259112511225e+02 1.014617794552109429e-04
6.000000000000000888e-01 6.518482242361081944e+02 7.402244648739029012e-05
6.000000000000000888e-01 6.677608225609652663e+02 5.326758044148092097e-05
6.000000000000000888e-01 6.836734208858223383e+02 3.602795382738839590e-05
6.000000000000000888e-01 6.995860192106792965e+02 2.242248634629880809e-05
6.000000000000000888e-01 7.154986175355363685e+02 1.154521276442549191e-05
6.000000000000000888e-01 7.314112158603934404e+02 2.996693712724307291e-06
6.000000000000000888e-01 7.387992079397913585e+02 0.000000000000000000e+00
7.000000000000000666e-01 1.000000000000000000e+00 3.869479792935146684e-04
7.000000000000000666e-01 1.316592901353738077e+00 2.785449249682030322e-04
7.000000000000000666e-01 1.733416867895054114e+00 2.316105295569536942e-04
7.000000000000000666e-01 2.282204343357458587e+00 1.969649816148849640e-04
7.000000000000000666e-01 3.004734037903099786e+00 1.619735347440618724e-04
7.000000000000000666e-01 3.956011504759175512e+00 1.352481325122103280e-04
7.000000000000000666e-01 5.208456664839649086e+00 1.202305020419724806e-04
7.000000000000000666e-01 6.857417071936449560e+00 1.094134654319283540e-04
7.000000000000000666e-01 9.028426638533465720e+00 9.959493731886507055e-05
7.000000000000000666e-01 1.188676242268615368e+01 9.457293174683264461e-05
7.000000000000000666e-01 1.565002702578695448e+01 9.607445709996961227e-05
7.000000000000000666e-01 2.060471448814526241e+01 1.046812335042757798e-04
7.000000000000000666e-01 2.712802082951256466e+01 1.240647033962804678e-04
7.000000000000000666e-01 3.571655965191258986e+01 1.613099735686395484e-04
7.000000000000000666e-01 4.702416889848546333e+01 2.265290178273593794e-04
7.000000000000000666e-01 6.191168696380520231e+01 3.357917908114278955e-04
7.000000000000000666e-01 8.151248756738070256e+01 5.117230723566727974e-04
7.000000000000000666e-01 1.073187625028982808e+02 7.806790530071343239e-04
7.000000000000000666e-01 1.116168918984882765e+02 8.282024662680837097e-04
7.000000000000000666e-01 1.276439327864763413e+02 1.009466879368194460e-03
7.000000000000000666e-01 1.412951208933836256e+02 1.165862197028713805e-03
7.000000000000000666e-01 1.436709736744643919e+02 1.193171285499283751e-03
7.000000000000000666e-01 1.596980145624524425e+02 1.377485009626609747e-03
7.000000000000000666e-01 1.757250554504405216e+02 1.558495953524599575e-03
7.000000000000000666e-01 1.860281531641471418e+02 1.670972541918650965e-03
7.000000000000000666e-01 1.917520963384286006e+02 1.732675157010224844e-03
7.000000000000000666e-01 2.077791372264166512e+02 1.895176819236867082e-03
7.000000000000000666e-01 2.238061781144047018e+02 2.044733170476203434e-03
7.000000000000000666e-01 2.398332190023927524e+02 2.173337150332773152e-03
7.000000000000000666e-01 2.558602598903808030e+02 2.278744725551644888e-03
7.000000000000000666e-01 2.718873007783689104e+02 2.355494422417431840e-03
7.000000000000000666e-01 2.879143416663569610e+02 2.401713359172121063e-03
7.000000000000000666e-01 3.039413825543450116e+02 2.410192168791543913e-03
7.000000000000000666e-01 3.199684234423330622e+02 2.388778982833003606e-03
7.000000000000000666e-01 3.359954643303211128e+02 2.331674051616135571e-03
7.000000000000000666e-01 3.520225052183092203e+02 2.246278556307946747e-03
7.000000000000000666e-01 3.680495461062972709e+02 2.133446799882513737e-03
7.000000000000000666e-01 3.840765869942853215e+02 2.005548885072845535e-03
7.000000000000000666e-01 4.001036278822733721e+02 1.849423298118714389e-03
7.000000000000000666e-01 4.161306687702614795e+02 1.691135732329234441e-03
7.000000000000000666e-01 4.321577096582495301e+02 1.525784519312905476e-03
7.000000000000000666e-01 4.481847505462375807e+02 1.361770377409449390e-03
7.000000000000000666e-01 4.642117914342256313e+02 1.200197631505905580e-03
7.000000000000000666e-01 4.802388323222136819e+02 1.044739308554559114e-03
7.000000000000000666e-01 4.962658732102017325e+02 8.987828782468617250e-04
7.000000000000000666e-01 5.122929140981898399e+02 7.643499005410222830e-04
7.000000000000000666e-01 5.283199549861778905e+02 6.418964157301397478e-04
7.000000000000000666e-01 5.443469958741659411e+02 5.326415949344971050e-04
7.000000000000000666e-01 5.603740367621539917e+02 4.361504989646976878e-04
7.000000000000000666e-01 5.764010776501420423e+02 3.525921421543782089e-04
7.000000000000000666e-01 5.924281185381300929e+02 2.808318486598597756e-04
7.000000000000000666e-01 6.084551594261181435e+02 2.205238697815369443e-04
7.000000000000000666e-01 6.244822003141061941e+02 1.699043064039120539e-04
7.000000000000000666e-01 6.405092412020942447e+02 1.286457658389766391e-04
7.000000000000000666e-01 6.565362820900822953e+02 9.485482659007748269e-05
7.000000000000000666e-01 6.725633229780703459e+02 6.760226761823287978e-05
7.000000000000000666e-01 6.885903638660583965e+02 4.574450581632296395e-05
7.000000000000000666e-01 7.046174047540464471e+02 2.833660217985089653e-05
7.000000000000000666e-01 7.206444456420346114e+02 1.481156284969647963e-05
7.000000000000000666e-01 7.366714865300226620e+02 4.085500724099384680e-06
7.000000000000000666e-01 7.441126126565885670e+02 0.000000000000000000e+00
8.000000000000000444e-01 1.000000000000000000e+00 2.564821512666178179e-04
8.000000000000000444e-01 1.316817248556809705e+00 1.923937997518536218e-04
8.000000000000000444e-01 1.734007666096726741e+00 1.603987376559140175e-04
8.000000000000000444e-01 2.283371203845907083e+00 1.358235028042844856e-04
8.000000000000000444e-01 3.006782586082217712e+00 1.108398998279029450e-04
8.000000000000000444e-01 3.959383172013315022e+00 9.509624063508305273e-05
8.000000000000000444e-01 5.213784054552706770e+00 8.581878221812157162e-05
8.000000000000000444e-01 6.865600773285462921e+00 7.815776138330964820e-05
8.000000000000000444e-01 9.040741519967269824e+00 7.243871963461441792e-05
8.000000000000000444e-01 1.190500437323660954e+01 7.098774448085180691e-05
8.000000000000000444e-01 1.567671510282222158e+01 7.499209754820578987e-05
8.000000000000000444e-01 2.064336884810734318e+01 8.535637031888373993e-05
8.000000000000000444e-01 2.718354416750806024e+01 1.070062483565175195e-04
8.000000000000000444e-01 3.579575983668047456e+01 1.464262044276157693e-04
8.000000000000000444e-01 4.713647397813794981e+01 2.150579407259002249e-04
8.000000000000000444e-01 6.207012197056127434e+01 3.308416652740388871e-04
8.000000000000000444e-01 8.173500723086009145e+01 5.189596831423048126e-04
8.000000000000000444e-01 1.076300673325121409e+02 8.097640227167504992e-04
8.000000000000000444e-01 1.119788171142497362e+02 8.624567163908713726e-04
8.000000000000000444e-01 1.280578267511676529e+02 1.061448999216734520e-03
8.000000000000000444e-01 1.417291291267828228e+02 1.234231140966716728e-03
8.000000000000000444e-01 1.441368363880855554e+02 1.264439062778045363e-03
8.000000000000000444e-01 1.602158460250034580e+02 1.469564301844410387e-03
8.000000000000000444e-01 1.762948556619213605e+02 1.672043929826343969e-03
8.000000000000000444e-01 1.866313618570829647e+02 1.798945130725006485e-03
8.000000000000000444e-01 1.923738652988392914e+02 1.868353016617923731e-03
8.000000000000000444e-01 2.084528749357571940e+02 2.052813960789275083e-03
8.000000000000000444e-01 2.245318845726750965e+02 2.222212769921773357e-03
8.000000000000000444e-01 2.406108942095930274e+02 2.371389206451761725e-03
8.000000000000000444e-01 2.566899038465109015e+02 2.494414500281783367e-03
8.000000000000000444e-01 2.727689134834288325e+02 2.584676278064129175e-03
8.000000000000000444e-01 2.888479231203467634e+02 2.641081350519510103e-03
8.000000000000000444e-01 3.049269327572646375e+02 2.660110114119116752e-03
8.000000000000000444e-01 3.210059423941825685e+02 2.638887827601544504e-03
8.000000000000000444e-01 3.370849520311004994e+02 2.582516480729258029e-03
8.000000000000000444e-01 3.531639616680183735e+02 2.491172371201223670e-03
8.000000000000000444e-01 3.692429713049363045e+02 2.368941318639586346e-03
8.000000000000000444e-01 3.853219809418542354e+02 2.228848228208517041e-03
8.000000000000000444e-01 4.014009905787721095e+02 2.055867803042164734e-03
8.000000000000000444e-01 4.174800002156900405e+02 1.884660299424447934e-03
8.000000000000000444e-01 4.335590098526079146e+02 1.702953587278788639e-03
8.000000000000000444e-01 4.496380194895258455e+02 1.519608993740277116e-03
8.000000000000000444e-01 4.657170291264437765e+02 1.340242646900128252e-03
8.000000000000000444e-01 4.817960387633616506e+02 1.166774944811853516e-03
8.000000000000000444e-01 4.978750484002795815e+02 1.003683097383623740e-03
8.000000000000000444e-01 5.139540580371974556e+02 8.537459288584893025e-04
8.000000000000000444e-01 5.300330676741153866e+02 7.167103717642125818e-04
8.000000000000000444e-01 5.461120773110333175e+02 5.942548507871405058e-04
8.000000000000000444e-01 5.621910869479512485e+02 4.851537467462995563e-04
8.000000000000000444e-01 5.782700965848690657e+02 3.925523737749377637e-04
8.000000000000000444e-01 5.943491062217869967e+02 3.123994588354113314e-04
8.000000000000000444e-01 6.104281158587049276e+02 2.445491115063822452e-04
8.000000000000000444e-01 6.265071254956228586e+02 1.882102629176178956e-04
8.000000000000000444e-01 6.425861351325407895e+02 1.415389869956946729e-04
8.000000000000000444e-01 6.586651447694587205e+02 1.038498705601562452e-04
8.000000000000000444e-01 6.747441544063765377e+02 7.339180235369058389e-05
8.000000000000000444e-01 6.908231640432944687e+02 4.926818374191236093e-05
8.000000000000000444e-01 7.069021736802123996e+02 3.038977319249127417e-05
8.000000000000000444e-01 7.229811833171303306e+02 1.562879487360212662e-05
8.000000000000000444e-01 7.390601929540482615e+02 4.354154378841532377e-06
8.000000000000000444e-01 7.465254474283316313e+02 0.000000000000000000e+00
9.000000000000000222e-01 1.000000000000000000e+00 1.831459358672134869e-04
9.000000000000000222e-01 1.316911192893276183e+00 1.407803966201931403e-04
9.000000000000000222e-01 1.734255089967591479e+00 1.196153240942750842e-04
9.000000000000000222e-01 2.283859939310456610e+00 9.858434517438449413e-05
9.000000000000000222e-01 3.007640717078498671e+00 8.164243345008115457e-05
9.000000000000000222e-01 3.960795724522233829e+00 7.121774574841037767e-05
9.000000000000000222e-01 5.216016222387162671e+00 6.475205161871285030e-05
9.000000000000000222e-01 6.869030145574559043e+00 5.958801413300754169e-05
9.000000000000000222e-01 9.045902683028467450e+00 5.617035474820111004e-05
9.000000000000000222e-01 1.191265049310350577e+01 5.683212786402655058e-05
9.000000000000000222e-01 1.568790277139360789e+01 6.183778199894203909e-05
9.000000000000000222e-01 2.065957475266969467e+01 7.380260710101126369e-05
9.000000000000000222e-01 2.720682523220605020e+01 9.631556575215032988e-05
9.000000000000000222e-01 3.582897267138336161e+01 1.370267331503689182e-04
9.000000000000000222e-01 4.718357514081204584e+01 2.077295214067869441e-04
9.000000000000000222e-01 6.213657822365633621e+01 3.269925434108940441e-04
9.000000000000000222e-01 8.182835535082161016e+01 5.219269272150311306e-04
9.000000000000000222e-01 1.077606770575454220e+02 8.253740021483142167e-04
9.000000000000000222e-01 1.121307016112411077e+02 8.807230078879317667e-04
9.000000000000000222e-01 1.282315203041372627e+02 1.089344907557012951e-03
9.000000000000000222e-01 1.419112417708391831e+02 1.270414044406998786e-03
9.000000000000000222e-01 1.443323389970334460e+02 1.302765188825004026e-03
9.000000000000000222e-01 1.604331576899296010e+02 1.518381414891091172e-03
9.000000000000000222e-01 1.765339763828257560e+02 1.732126462804844643e-03
9.000000000000000222e-01 1.868845026854019125e+02 1.866671360498897312e-03
9.000000000000000222e-01 1.926347950757219110e+02 1.939787736792637860e-03
9.000000000000000222e-01 2.087356137686180659e+02 2.135472783594916189e-03
9.000000000000000222e-01 2.248364324615142493e+02 2.314485031738340928e-03
9.000000000000000222e-01 2.409372511544104043e+02 2.472732995856860138e-03
9.000000000000000222e-01 2.570380698473065877e+02 2.604326568001263768e-03
9.000000000000000222e-01 2.731388885402027427e+02 2.700349796044406499e-03
9.000000000000000222e-01 2.892397072330988976e+02 2.761584994530386517e-03
9.000000000000000222e-01 3.053405259259950526e+02 2.780616646368590673e-03
9.000000000000000222e-01 3.214413446188912076e+02 2.762362213244011402e-03
9.000000000000000222e-01 3.375421633117873625e+02 2.703977797587554365e-03
9.000000000000000222e-01 3.536429820046835175e+02 2.609157583686297615e-03
9.000000000000000222e-01 3.697438006975796725e+02 2.481439898794873811e-03
9.000000000000000222e-01 3.858446193904758275e+02 2.331336339069221310e-03
9.000000000000000222e-01 4.019454380833719824e+02 2.157463757604377325e-03
9.000000000000000222e-01 4.180462567762681374e+02 1.975614786439335198e-03
9.000000000000000222e-01 4.341470754691642924e+02 1.784626627854122302e-03
9.000000000000000222e-01 4.502478941620605610e+02 1.592804167469849801e-03
9.000000000000000222e-01 4.663487128549567160e+02 1.404066374846343239e-03
9.000000000000000222e-01 4.824495315478528710e+02 1.222558710469160608e-03
9.000000000000000222e-01 4.985503502407490259e+02 1.051839414371985451e-03
9.000000000000000222e-01 5.146511689336451809e+02 8.929527794616414155e-04
9.000000000000000222e-01 5.307519876265413359e+02 7.490009102054906139e-04
9.000000000000000222e-01 5.468528063194374909e+02 6.202771277856912327e-04
9.000000000000000222e-01 5.629536250123336458e+02 5.067717607079442717e-04
9.000000000000000222e-01 5.790544437052298008e+02 4.081693710869643268e-04
9.000000000000000222e-01 5.951552623981259558e+02 3.237366623869636167e-04
9.000000000000000222e-01 6.112560810910221107e+02 2.528750300077371336e-04
9.000000000000000222e-01 6.273568997839182657e+02 1.940972756488184225e-04
9.000000000000000222e-01 6.434577184768144207e+02 1.457270466941661211e-04
9.000000000000000222e-01 6.595585371697105757e+02 1.063564997950031365e-04
9.000000000000000222e-01 6.756593558626067306e+02 7.505846579516631180e-05
9.000000000000000222e-01 6.917601745555028856e+02 5.019031543799833882e-05
9.000000000000000222e-01 7.078609932483990406e+02 3.090742680171972646e-05
9.000000000000000222e-01 7.239618119412951955e+02 1.579429782656755111e-05
9.000000000000000222e-01 7.400626306341913505e+02 4.403369249225097945e-06
9.000000000000000222e-01 7.475380107416074225e+02 0.000000000000000000e+00
1.000000000000000000e+00 1.000000000000000000e+00 1.606287214516125971e-04
1.000000000000000000e+00 1.316937230021029359e+00 1.229897579388500805e-04
1.000000000000000000e+00 1.734323667815461878e+00 1.068695337221087005e-04
1.000000000000000000e+00 2.283995407052806570e+00 8.591743275383097720e-05
1.000000000000000000e+00 3.007878584744876349e+00 7.259870186331866956e-05
1.000000000000000000e+00 3.961187291633491370e+00 6.143595511085871283e-05
1.000000000000000000e+00 5.216635019438314202e+00 5.855895702119246138e-05
1.000000000000000000e+00 6.869980872529792393e+00 5.394628664595836804e-05
1.000000000000000000e+00 9.047333580566839117e+00 5.120182074064061800e-05
1.000000000000000000e+00 1.191477042466793534e+01 5.274075823635773384e-05
1.000000000000000000e+00 1.569100475939867323e+01 5.797735746837979115e-05
1.000000000000000000e+00 2.066406834408927651e+01 6.980583335644056334e-05
1.000000000000000000e+00 2.721328092603018334e+01 9.315547796215696596e-05
1.000000000000000000e+00 3.583818280251030330e+01 1.339781301000195267e-04
1.000000000000000000e+00 4.719663718892520876e+01 2.052287490805894214e-04
1.000000000000000000e+00 6.215500864589066765e+01 3.253949458519234854e-04
1.000000000000000000e+00 8.185424491805238745e+01 5.230056591627132339e-04
1.000000000000000000e+00 1.077969025678428210e+02 8.299814734583913422e-04
1.000000000000000000e+00 1.121728316643642671e+02 8.863442565284302896e-04
1.000000000000000000e+00 1.282796998007858065e+02 1.098033272743997087e-03
1.000000000000000000e+00 1.419617542725417252e+02 1.282096076815881927e-03
1.000000000000000000e+00 1.443865679372073316e+02 1.315028421236477544e-03
1.000000000000000000e+00 1.604934360736288568e+02 1.533914312931204541e-03
1.000000000000000000e+00 1.766003042100504103e+02 1.750875109981847892e-03
1.000000000000000000e+00 1.869547194406071071e+02 1.887651065708646813e-03
1.000000000000000000e+00 1.927071723464719639e+02 1.961446631857598297e-03
1.000000000000000000e+00 2.088140404828934606e+02 2.160674885108937980e-03
1.000000000000000000e+00 2.249209086193150142e+02 2.342869999807027561e-03
1.000000000000000000e+00 2.410277767557365678e+02 2.504082527786516670e-03
1.000000000000000000e+00 2.571346448921580645e+02 2.636982895406958169e-03
1.000000000000000000e+00 2.732415130285796181e+02 2.735298123389506668e-03
1.000000000000000000e+00 2.893483811650011717e+02 2.797094389040175912e-03
1.000000000000000000e+00 3.054552493014226684e+02 2.817243914569407710e-03
1.000000000000000000e+00 3.215621174378442220e+02 2.798029927456173981e-03
1.000000000000000000e+00 3.376689855742657755e+02 2.738956319728496572e-03
1.000000000000000000e+00 3.537758537106873291e+02 2.642581045554207291e-03
1.000000000000000000e+00 3.698827218471088258e+02 2.514323974802893085e-03
1.000000000000000000e+00 3.859895899835303794e+02 2.361427942383229322e-03
1.000000000000000000e+00 4.020964581199518761e+02 2.186726324631161743e-03
1.000000000000000000e+00 4.182033262563734297e+02 2.000683459478092788e-03
1.000000000000000000e+00 4.343101943927949833e+02 1.806551236302727809e-03
1.000000000000000000e+00 4.504170625292164800e+02 1.613548617622353023e-03
1.000000000000000000e+00 4.665239306656380336e+02 1.421518936168533189e-03
1.000000000000000000e+00 4.826307988020595872e+02 1.239051138654656678e-03
1.000000000000000000e+00 4.987376669384810839e+02 1.063202463526753943e-03
1.000000000000000000e+00 5.148445350749026375e+02 9.037790274961573231e-04
1.000000000000000000e+00 5.309514032113241910e+02 7.559942938477851471e-04
1.000000000000000000e+00 5.470582713477457446e+02 6.268909131329473581e-04
1.000000000000000000e+00 5.631651394841672982e+02 5.126268972609806509e-04
1.000000000000000000e+00 5.792720076205888518e+02 4.117886070115857528e-04
1.000000000000000000e+00 5.953788757570104053e+02 3.274812594914564435e-04
1.000000000000000000e+00 6.114857438934318452e+02 2.547283950847497105e-04
1.000000000000000000e+00 6.275926120298533988e+02 1.958696585976460285e-04
1.000000000000000000e+00 6.436994801662749524e+02 1.445856682652223732e-04
1.000000000000000000e+00 6.598063483026965059e+02 1.072661203665191328e-04
1.000000000000000000e+00 6.759132164391180595e+02 7.339002669195809241e-05
1.000000000000000000e+00 6.920200845755394994e+02 5.152188271963485813e-05
1.000000000000000000e+00 7.081269527119610530e+02 3.225355270163628022e-05
1.000000000000000000e+00 7.242338208483826065e+02 1.590312969388208515e-05
1.000000000000000000e+00 7.403406889848041601e+02 4.091200067680668297e-06
1.000000000000000000e+00 7.478188777624284285e+02 0.000000000000000000e+00
