# mx [GeV]: 30.0
# sigma_p [cm^2]: 1e-30
# depth [m]: 10.6
# target: full
# Columns: gamma/pi, v [km/s], f(v, gamma) [s/km]
0.000000000000000000e+00 2.815961141424484504e-01 1.097609570730460893e-02
0.000000000000000000e+00 3.220304279680307746e-01 1.037900943462288783e-02
0.000000000000000000e+00 3.624647417936131544e-01 1.039362148721678647e-02
0.000000000000000000e+00 4.028990556191954786e-01 1.037864578855579069e-02
0.000000000000000000e+00 4.433333694447778583e-01 1.033719029880785130e-02
0.000000000000000000e+00 4.693268569040807692e-01 1.029308426558155944e-02
0.000000000000000000e+00 4.837676832703601826e-01 1.026757850215524563e-02
0.000000000000000000e+00 4.883893389584763045e-01 1.025875636785676150e-02
0.000000000000000000e+00 5.082260750678629924e-01 9.803465675583289754e-03
0.000000000000000000e+00 5.242019970959425068e-01 9.786395279625026075e-03
0.000000000000000000e+00 5.288685128338675989e-01 9.780885685384873435e-03
0.000000000000000000e+00 5.503493771541699831e-01 9.751206373153891577e-03
0.000000000000000000e+00 5.646363109215248866e-01 9.728174839709495536e-03
0.000000000000000000e+00 5.727027221019815872e-01 9.713961680880426816e-03
0.000000000000000000e+00 5.959639849126963096e-01 9.668844789670465525e-03
0.000000000000000000e+00 6.050706247471071553e-01 9.649515117506423864e-03
0.000000000000000000e+00 6.201700421632965199e-01 9.362470241641872651e-03
0.000000000000000000e+00 6.453592682335781427e-01 9.316410768296704697e-03
0.000000000000000000e+00 6.455049385726895350e-01 9.316163471181075628e-03
0.000000000000000000e+00 6.715715961418757818e-01 9.260954686172637867e-03
0.000000000000000000e+00 6.859392523982719148e-01 9.227566260374750820e-03
0.000000000000000000e+00 6.988485808517295172e-01 9.195847946068921169e-03
0.000000000000000000e+00 7.263735662238541835e-01 8.541502153009163795e-03
0.000000000000000000e+00 7.272334651498565394e-01 8.540174139695308475e-03
0.000000000000000000e+00 7.567712481998649654e-01 8.395727020866737556e-03
0.000000000000000000e+00 7.668078800494365632e-01 8.236032633321050886e-03
0.000000000000000000e+00 7.875087568803895710e-01 7.633886784686345732e-03
0.000000000000000000e+00 8.072421938750189430e-01 7.352338624349049820e-03
0.000000000000000000e+00 8.194947200207428617e-01 7.177752011939323579e-03
0.000000000000000000e+00 8.476765077006013227e-01 6.283261085206335098e-03
0.000000000000000000e+00 8.527798456517698966e-01 6.225165943785704488e-03
0.000000000000000000e+00 8.874169013943725703e-01 5.926002894863884041e-03
0.000000000000000000e+00 8.881108215261835914e-01 5.917731447696573249e-03
0.000000000000000000e+00 9.234607981131467414e-01 5.501447374885474681e-03
0.000000000000000000e+00 9.285451353517659712e-01 5.442300185694701545e-03
0.000000000000000000e+00 9.609686769677494578e-01 4.720904652200461765e-03
0.000000000000000000e+00 9.689794491773483509e-01 4.645273214010969647e-03
0.000000000000000000e+00 1.000000000000000000e+00 4.356023174777246161e-03
0.000000000000000000e+00 1.009413763002930509e+00 4.269529223365658641e-03
0.000000000000000000e+00 1.049848076828512999e+00 3.766686423827586300e-03
0.000000000000000000e+00 1.090282390654095490e+00 3.164807659273362415e-03
0.000000000000000000e+00 1.130716704479677759e+00 2.903975471875485347e-03
0.000000000000000000e+00 1.171151018305260028e+00 2.472520297011710985e-03
0.000000000000000000e+00 1.211585332130842296e+00 2.262039452754564719e-03
0.000000000000000000e+00 1.252019645956424565e+00 1.965760035645894646e-03
0.000000000000000000e+00 1.292453959782007278e+00 1.790387412857038759e-03
0.000000000000000000e+00 1.332888273607589547e+00 1.462983007510565252e-03
0.000000000000000000e+00 1.373322587433171815e+00 1.251357267303519413e-03
0.000000000000000000e+00 1.413756901258754084e+00 1.137548744519174771e-03
0.000000000000000000e+00 1.454191215084336353e+00 9.096238003682198623e-04
0.000000000000000000e+00 1.494625528909918621e+00 7.325996240359750316e-04
0.000000000000000000e+00 1.535059842735501334e+00 6.651361649168546775e-04
0.000000000000000000e+00 1.575494156561083603e+00 5.527774075479018490e-04
0.000000000000000000e+00 1.615928470386665872e+00 4.127896186026812266e-04
0.000000000000000000e+00 1.656362784212248140e+00 3.349525723133100932e-04
0.000000000000000000e+00 1.696797098037830409e+00 2.351091573298200448e-04
0.000000000000000000e+00 1.737231411863412678e+00 1.923539917743627827e-04
0.000000000000000000e+00 1.777665725688995391e+00 1.290444210618297508e-04
0.000000000000000000e+00 1.818100039514577659e+00 7.691684873108291188e-05
0.000000000000000000e+00 1.858534353340159928e+00 1.763364370546744410e-05
0.000000000000000000e+00 1.877307427616323077e+00 0.000000000000000000e+00
1.000000000000000056e-01 2.887361812513050130e-01 1.205672244310451550e-02
1.000000000000000056e-01 3.301957354822616098e-01 1.195324210218262108e-02
1.000000000000000056e-01 3.716552897132182620e-01 1.185906259238850811e-02
1.000000000000000056e-01 4.131148439441748588e-01 1.166581587987750544e-02
1.000000000000000056e-01 4.545743981751314555e-01 1.146462455047978814e-02
1.000000000000000056e-01 4.812269687521750217e-01 1.129827300702508988e-02
1.000000000000000056e-01 4.960339524060881078e-01 1.125520587634277168e-02
1.000000000000000056e-01 5.001132733734696689e-01 1.123830024000571984e-02
1.000000000000000056e-01 5.197407926926296273e-01 1.117202354418903899e-02
1.000000000000000056e-01 5.374935066370447601e-01 1.111427177250901531e-02
1.000000000000000056e-01 5.401386165310545495e-01 1.110558167072476718e-02
1.000000000000000056e-01 5.613369763735670537e-01 1.103375354701877260e-02
1.000000000000000056e-01 5.789530608680013568e-01 1.097104894416379983e-02
1.000000000000000056e-01 5.833672901743035544e-01 1.095466657975802290e-02
1.000000000000000056e-01 6.062622089210643050e-01 1.086671587448236227e-02
1.000000000000000056e-01 6.204126150989579536e-01 1.080865087144822212e-02
1.000000000000000056e-01 6.300556650271346149e-01 1.076633014913753322e-02
1.000000000000000056e-01 6.547829226222983134e-01 1.051016516764426145e-02
1.000000000000000056e-01 6.618721693299145503e-01 1.046946832451896639e-02
1.000000000000000056e-01 6.804806298175798407e-01 1.038371049563051145e-02
1.000000000000000056e-01 7.033317235608711471e-01 1.028664756083067129e-02
1.000000000000000056e-01 7.071868730211765541e-01 1.011559592186191472e-02
1.000000000000000056e-01 7.349412333860814162e-01 1.002289271190858963e-02
1.000000000000000056e-01 7.447912777918277438e-01 9.989242009861929589e-03
1.000000000000000056e-01 7.637848454730582493e-01 9.667320443100238872e-03
1.000000000000000056e-01 7.862508320227843406e-01 9.154647471644837900e-03
1.000000000000000056e-01 7.937604582159120126e-01 8.657037670696681592e-03
1.000000000000000056e-01 8.249124982794113770e-01 8.116824997342375267e-03
1.000000000000000056e-01 8.277103862537409373e-01 8.069170856915658732e-03
1.000000000000000056e-01 8.572871359037655958e-01 7.509985186446308317e-03
1.000000000000000056e-01 8.691699404846977561e-01 7.302383151910279459e-03
1.000000000000000056e-01 8.909323533332438316e-01 6.837724459787567280e-03
1.000000000000000056e-01 9.106294947156543529e-01 6.542023551646685905e-03
1.000000000000000056e-01 9.258980159303537016e-01 6.281143110442524366e-03
1.000000000000000056e-01 9.520890489466109496e-01 5.679253913987351507e-03
1.000000000000000056e-01 9.622359460809774001e-01 5.594775060729087306e-03
1.000000000000000056e-01 9.935486031775675464e-01 5.192110617712890168e-03
1.000000000000000056e-01 1.000000000000000000e+00 5.103514566699705358e-03
1.000000000000000056e-01 1.035008157408524143e+00 4.664728340599221500e-03
1.000000000000000056e-01 1.076467711639480740e+00 4.063803644970336200e-03
1.000000000000000056e-01 1.117927265870437337e+00 3.645414669115657012e-03
1.000000000000000056e-01 1.159386820101393933e+00 3.209059585220223627e-03
1.000000000000000056e-01 1.200846374332350530e+00 2.856130956261917868e-03
1.000000000000000056e-01 1.242305928563307127e+00 2.467481498738569642e-03
1.000000000000000056e-01 1.283765482794263724e+00 2.118892815714035639e-03
1.000000000000000056e-01 1.325225037025220320e+00 1.881293278765882584e-03
1.000000000000000056e-01 1.366684591256176917e+00 1.626611082160528410e-03
1.000000000000000056e-01 1.408144145487133736e+00 1.430715466450064926e-03
1.000000000000000056e-01 1.449603699718090333e+00 1.195483236280767527e-03
1.000000000000000056e-01 1.491063253949046929e+00 1.012329909066283151e-03
1.000000000000000056e-01 1.532522808180003526e+00 8.762136542765617837e-04
1.000000000000000056e-01 1.573982362410960123e+00 7.223897427562415334e-04
1.000000000000000056e-01 1.615441916641916720e+00 5.789549717653775986e-04
1.000000000000000056e-01 1.656901470872873317e+00 4.899699492943191889e-04
1.000000000000000056e-01 1.698361025103829913e+00 3.910083417622160014e-04
1.000000000000000056e-01 1.739820579334786510e+00 2.978299417203801136e-04
1.000000000000000056e-01 1.781280133565743107e+00 2.242173443785150963e-04
1.000000000000000056e-01 1.822739687796699704e+00 1.529717758670194312e-04
1.000000000000000056e-01 1.864199242027656522e+00 9.283724570808474361e-05
1.000000000000000056e-01 1.905658796258613119e+00 3.855456191175154833e-05
1.000000000000000056e-01 1.924907875008700087e+00 0.000000000000000000e+00
2.000000000000000111e-01 3.107263808538182071e-01 1.700046153916620270e-02
2.000000000000000111e-01 3.553435022071869676e-01 1.666545917321276063e-02
2.000000000000000111e-01 3.999606235605557281e-01 1.655049349753101584e-02
2.000000000000000111e-01 4.445777449139245441e-01 1.638639728038559021e-02
2.000000000000000111e-01 4.891948662672932491e-01 1.617700128103959425e-02
2.000000000000000111e-01 5.178773014230303451e-01 1.599610179304864974e-02
2.000000000000000111e-01 5.338119876206620651e-01 1.592122527448214600e-02
2.000000000000000111e-01 5.361268613047530662e-01 1.591207494635514530e-02
2.000000000000000111e-01 5.550195203046675019e-01 1.583369045134306805e-02
2.000000000000000111e-01 5.745779406940006995e-01 1.574709874838427226e-02
2.000000000000000111e-01 5.784291089740307701e-01 1.572927906899046491e-02
2.000000000000000111e-01 5.948255833433292450e-01 1.563338150387885706e-02
2.000000000000000111e-01 6.157867358645470190e-01 1.549803334457512845e-02
2.000000000000000111e-01 6.230462303273995861e-01 1.545342135475004375e-02
2.000000000000000111e-01 6.374865417445327864e-01 1.505399868529658063e-02
2.000000000000000111e-01 6.599510305054643311e-01 1.496764779719167091e-02
2.000000000000000111e-01 6.676633516807684021e-01 1.493666102027691248e-02
2.000000000000000111e-01 6.832071489279555321e-01 1.487308891454130685e-02
2.000000000000000111e-01 7.072827933744710860e-01 1.476917638310297834e-02
2.000000000000000111e-01 7.122804730341371071e-01 1.474681137225278618e-02
2.000000000000000111e-01 7.322068432517911951e-01 1.465050151945320595e-02
2.000000000000000111e-01 7.568975943875058121e-01 1.393749746864746467e-02
2.000000000000000111e-01 7.580091956526653352e-01 1.390472197733277730e-02
2.000000000000000111e-01 7.847208012182084191e-01 1.314207782248093433e-02
2.000000000000000111e-01 8.015147157408746281e-01 1.267604255765381743e-02
2.000000000000000111e-01 8.123737012640576127e-01 1.237766180924822559e-02
2.000000000000000111e-01 8.410010662148241778e-01 1.141383615327662936e-02
2.000000000000000111e-01 8.461318370942434441e-01 1.128670750322342646e-02
2.000000000000000111e-01 8.706372353929421326e-01 1.069013276775863421e-02
2.000000000000000111e-01 8.907489584476121491e-01 1.021420754557160297e-02
2.000000000000000111e-01 9.013177582096436602e-01 9.946972721293136435e-03
2.000000000000000111e-01 9.330794368074682987e-01 8.962682513460648592e-03
2.000000000000000111e-01 9.353660798009809652e-01 8.917886888487998320e-03
2.000000000000000111e-01 9.659603702054594399e-01 8.332148459101969273e-03
2.000000000000000111e-01 9.799832011543496701e-01 8.058902746382825069e-03
2.000000000000000111e-01 1.000000000000000000e+00 7.685334347479323355e-03
2.000000000000000111e-01 1.024600322507718486e+00 7.159806692799448348e-03
2.000000000000000111e-01 1.069217443861087302e+00 6.412527527240623887e-03
2.000000000000000111e-01 1.113834565214455896e+00 5.633423560210582166e-03
2.000000000000000111e-01 1.158451686567824712e+00 5.030487211885299390e-03
2.000000000000000111e-01 1.203068807921193528e+00 4.352236678463906362e-03
2.000000000000000111e-01 1.247685929274562344e+00 3.889389386339189413e-03
2.000000000000000111e-01 1.292303050627931160e+00 3.391734770627716136e-03
2.000000000000000111e-01 1.336920171981299976e+00 3.004783805093818021e-03
2.000000000000000111e-01 1.381537293334668792e+00 2.562684697013533665e-03
2.000000000000000111e-01 1.426154414688037608e+00 2.255886479453102136e-03
2.000000000000000111e-01 1.470771536041405980e+00 1.922935262631408123e-03
2.000000000000000111e-01 1.515388657394774796e+00 1.676058123555383174e-03
2.000000000000000111e-01 1.560005778748143612e+00 1.429618531702546262e-03
2.000000000000000111e-01 1.604622900101512428e+00 1.233036085361273893e-03
2.000000000000000111e-01 1.649240021454881244e+00 1.014796590507924777e-03
2.000000000000000111e-01 1.693857142808250060e+00 8.447748922328883340e-04
2.000000000000000111e-01 1.738474264161618876e+00 7.076000905360996284e-04
2.000000000000000111e-01 1.783091385514987692e+00 5.656542968927371360e-04
2.000000000000000111e-01 1.827708506868356508e+00 4.430837126322141302e-04
2.000000000000000111e-01 1.872325628221724880e+00 3.467321883799424909e-04
2.000000000000000111e-01 1.916942749575093696e+00 2.480467641066753698e-04
2.000000000000000111e-01 1.961559870928462512e+00 1.770194890674301022e-04
2.000000000000000111e-01 2.006176992281831328e+00 1.074930119777160558e-04
2.000000000000000111e-01 2.050794113635200144e+00 3.731213763297836275e-05
2.000000000000000111e-01 2.071509205692121380e+00 0.000000000000000000e+00
3.000000000000000444e-01 3.488459309176393242e-01 3.012941136157090000e-02
3.000000000000000444e-01 3.989366286904285630e-01 2.938355743831347691e-02
3.000000000000000444e-01 4.490273264632178019e-01 2.821406683639363089e-02
3.000000000000000444e-01 4.991180242360070407e-01 2.811404526839650364e-02
3.000000000000000444e-01 5.492087220087962240e-01 2.729510388642241228e-02
3.000000000000000444e-01 5.814098848627322624e-01 2.715793349583014299e-02
3.000000000000000444e-01 5.982436172275723552e-01 2.707410045068466345e-02
3.000000000000000444e-01 5.992994197815855184e-01 2.706268509835821345e-02
3.000000000000000444e-01 6.155647416246239345e-01 2.695154797149118889e-02
3.000000000000000444e-01 6.333873696595554437e-01 2.647004321450442677e-02
3.000000000000000444e-01 6.493901175543748128e-01 2.639374034044449091e-02
3.000000000000000444e-01 6.517260215155283865e-01 2.638272920809860839e-02
3.000000000000000444e-01 6.705956377828620196e-01 2.628550200404938461e-02
3.000000000000000444e-01 6.900115916312062891e-01 2.618087692226794133e-02
3.000000000000000444e-01 6.994808153271639961e-01 2.612702940225082246e-02
3.000000000000000444e-01 7.099897013341387453e-01 2.606533672617510414e-02
3.000000000000000444e-01 7.305462431563910508e-01 2.593922612748981310e-02
3.000000000000000444e-01 7.495715130999531794e-01 2.478726525778887982e-02
3.000000000000000444e-01 7.516979646142012417e-01 2.470842912572313033e-02
3.000000000000000444e-01 7.734620981195990952e-01 2.369935974038758428e-02
3.000000000000000444e-01 7.958563750197364950e-01 2.268458911599317840e-02
3.000000000000000444e-01 7.996622108727424738e-01 2.251427748415856314e-02
3.000000000000000444e-01 8.188990400427039740e-01 2.166091490846969517e-02
3.000000000000000444e-01 8.426088661616010222e-01 2.059396656969281897e-02
3.000000000000000444e-01 8.497529086455317682e-01 2.027890734027812045e-02
3.000000000000000444e-01 8.670051698889696956e-01 1.903548990114239253e-02
3.000000000000000444e-01 8.921078270140535560e-01 1.812421908527043352e-02
3.000000000000000444e-01 8.998436064183208405e-01 1.784739070230130509e-02
3.000000000000000444e-01 9.179372887957003568e-01 1.718608558094240207e-02
3.000000000000000444e-01 9.445145986241046954e-01 1.624255016967670814e-02
3.000000000000000444e-01 9.499343041911101349e-01 1.605563415249329495e-02
3.000000000000000444e-01 9.718614091649614428e-01 1.512898531460790674e-02
3.000000000000000444e-01 1.000000000000000000e+00 1.425480756451040845e-02
3.000000000000000444e-01 1.000025001963899429e+00 1.425406260952518864e-02
3.000000000000000444e-01 1.050115699736688724e+00 1.277358167164840616e-02
3.000000000000000444e-01 1.100206397509477796e+00 1.114525465074256427e-02
3.000000000000000444e-01 1.150297095282267090e+00 9.984376844320999936e-03
3.000000000000000444e-01 1.200387793055056385e+00 8.793586394264396242e-03
3.000000000000000444e-01 1.250478490827845679e+00 7.819553480370673715e-03
3.000000000000000444e-01 1.300569188600634751e+00 6.823676294167370024e-03
3.000000000000000444e-01 1.350659886373424046e+00 6.032574407565637238e-03
3.000000000000000444e-01 1.400750584146213340e+00 5.182603352165555434e-03
3.000000000000000444e-01 1.450841281919002412e+00 4.577317548721675754e-03
3.000000000000000444e-01 1.500931979691791707e+00 3.957253374060305286e-03
3.000000000000000444e-01 1.551022677464581001e+00 3.469983771288308663e-03
3.000000000000000444e-01 1.601113375237370295e+00 2.921093291380027785e-03
3.000000000000000444e-01 1.651204073010159590e+00 2.544568160344492114e-03
3.000000000000000444e-01 1.701294770782948662e+00 2.144666548932534344e-03
3.000000000000000444e-01 1.751385468555737956e+00 1.843623236326290098e-03
3.000000000000000444e-01 1.801476166328527251e+00 1.549653198949919484e-03
3.000000000000000444e-01 1.851566864101316323e+00 1.313940990883750255e-03
3.000000000000000444e-01 1.901657561874105618e+00 1.064944398081174321e-03
3.000000000000000444e-01 1.951748259646894912e+00 8.681619097192346196e-04
3.000000000000000444e-01 2.001838957419684206e+00 7.139360046797885422e-04
3.000000000000000444e-01 2.051929655192473501e+00 5.519068296425229869e-04
3.000000000000000444e-01 2.102020352965262795e+00 4.179168665318132650e-04
3.000000000000000444e-01 2.152111050738052089e+00 3.103493381377662877e-04
3.000000000000000444e-01 2.202201748510841384e+00 2.088234545091588142e-04
3.000000000000000444e-01 2.252292446283630234e+00 1.333046936641158354e-04
3.000000000000000444e-01 2.302383144056419528e+00 5.170941558973680735e-05
3.000000000000000444e-01 2.325639539450929050e+00 0.000000000000000000e+00
4.000000000000000222e-01 4.038474823018508020e-01 5.922705323291308638e-02
4.000000000000000222e-01 4.618358387349370542e-01 5.781484877027888436e-02
4.000000000000000222e-01 5.198241951680233619e-01 5.421390352200325391e-02
4.000000000000000222e-01 5.778125516011096696e-01 5.440157359119242308e-02
4.000000000000000222e-01 6.358009080341958663e-01 5.185485891429664901e-02
4.000000000000000222e-01 6.730791371697513181e-01 5.192087845407888924e-02
4.000000000000000222e-01 6.872508417086301558e-01 5.190440164638789738e-02
4.000000000000000222e-01 6.937892644672820630e-01 5.190013523693681047e-02
4.000000000000000222e-01 7.017209319772789167e-01 5.189385432660598152e-02
4.000000000000000222e-01 7.164956904975696705e-01 5.187212085437120646e-02
4.000000000000000222e-01 7.315815320700899127e-01 5.184381411582218713e-02
4.000000000000000222e-01 7.469850065592760213e-01 5.029589672273702960e-02
4.000000000000000222e-01 7.517776209003683707e-01 5.012744134835717125e-02
4.000000000000000222e-01 7.627128017371864743e-01 4.914907643668023352e-02
4.000000000000000222e-01 7.787717461871521696e-01 4.772482735713890617e-02
4.000000000000000222e-01 7.951688122685625082e-01 4.629039804402173414e-02
4.000000000000000222e-01 8.097659773334546784e-01 4.501266840669498198e-02
4.000000000000000222e-01 8.119111191440752107e-01 4.482678688316162063e-02
4.000000000000000222e-01 8.290059358705642589e-01 4.337322655162047930e-02
4.000000000000000222e-01 8.464606845551478909e-01 4.192347166728548069e-02
4.000000000000000222e-01 8.642829435776665514e-01 3.917768784696624290e-02
4.000000000000000222e-01 8.677543337665409862e-01 3.894379519175322768e-02
4.000000000000000222e-01 8.824804508810107917e-01 3.794382909765874751e-02
4.000000000000000222e-01 9.010611073307266405e-01 3.671912234403861691e-02
4.000000000000000222e-01 9.200329801453576151e-01 3.548676463992101598e-02
4.000000000000000222e-01 9.257426901996272939e-01 3.511919725949553400e-02
4.000000000000000222e-01 9.394043063990130671e-01 3.424913328366690352e-02
4.000000000000000222e-01 9.591834965976830940e-01 3.300967245547708345e-02
4.000000000000000222e-01 9.793791383308525500e-01 3.174091733488082490e-02
4.000000000000000222e-01 9.837310466327133796e-01 3.146653127340577616e-02
4.000000000000000222e-01 1.000000000000000000e+00 3.048456334224664693e-02
4.000000000000000222e-01 1.041719403065799687e+00 2.765149782986220384e-02
4.000000000000000222e-01 1.099707759498885995e+00 2.474969919945972652e-02
4.000000000000000222e-01 1.157696115931972303e+00 2.187902411130265151e-02
4.000000000000000222e-01 1.215684472365058610e+00 1.946330968421958879e-02
4.000000000000000222e-01 1.273672828798144696e+00 1.695068854462013913e-02
4.000000000000000222e-01 1.331661185231231004e+00 1.506391713139368892e-02
4.000000000000000222e-01 1.389649541664317312e+00 1.319272836623710393e-02
4.000000000000000222e-01 1.447637898097403619e+00 1.163015352376610412e-02
4.000000000000000222e-01 1.505626254530489705e+00 1.007317744590690775e-02
4.000000000000000222e-01 1.563614610963576013e+00 8.838928704912296305e-03
4.000000000000000222e-01 1.621602967396662320e+00 7.706503096889600474e-03
4.000000000000000222e-01 1.679591323829748628e+00 6.586413851372528196e-03
4.000000000000000222e-01 1.737579680262834936e+00 5.716400523114271472e-03
4.000000000000000222e-01 1.795568036695921244e+00 4.895209413445425657e-03
4.000000000000000222e-01 1.853556393129007329e+00 4.206948606475209747e-03
4.000000000000000222e-01 1.911544749562093637e+00 3.519473657010371414e-03
4.000000000000000222e-01 1.969533105995179945e+00 3.009193938429089062e-03
4.000000000000000222e-01 2.027521462428266474e+00 2.499387082713056506e-03
4.000000000000000222e-01 2.085509818861352560e+00 2.105417461119908368e-03
4.000000000000000222e-01 2.143498175294438646e+00 1.740532951239492703e-03
4.000000000000000222e-01 2.201486531727525175e+00 1.390230854114793977e-03
4.000000000000000222e-01 2.259474888160611261e+00 1.149066302501896815e-03
4.000000000000000222e-01 2.317463244593697791e+00 9.122169731272989929e-04
4.000000000000000222e-01 2.375451601026783877e+00 6.939236870823214205e-04
4.000000000000000222e-01 2.433439957459869962e+00 5.152402621377338626e-04
4.000000000000000222e-01 2.491428313892956492e+00 3.932656322321540637e-04
4.000000000000000222e-01 2.549416670326042578e+00 2.469532022490383773e-04
4.000000000000000222e-01 2.607405026759128663e+00 1.551993954490200629e-04
4.000000000000000222e-01 2.665393383192215193e+00 6.081464185482138567e-05
4.000000000000000222e-01 2.692316548679005273e+00 0.000000000000000000e+00
5.000000000000000000e-01 4.741211746261612681e-01 1.141409496694170550e-01
5.000000000000000000e-01 5.422001125211998174e-01 1.164642538226457191e-01
5.000000000000000000e-01 6.102790504162383112e-01 1.073744038400419043e-01
5.000000000000000000e-01 6.783579883112769160e-01 1.089882719596798055e-01
5.000000000000000000e-01 7.464369262063154098e-01 1.030567133923020323e-01
5.000000000000000000e-01 7.902019577102687986e-01 9.685959602999576201e-02
5.000000000000000000e-01 8.000558525430512269e-01 9.532006587208111115e-02
5.000000000000000000e-01 8.100326263973649521e-01 9.376993153714516249e-02
5.000000000000000000e-01 8.145158641013539036e-01 9.307692420693090829e-02
5.000000000000000000e-01 8.201338115864920120e-01 9.221289029230246570e-02
5.000000000000000000e-01 8.303609595318093284e-01 8.801167971269692469e-02
5.000000000000000000e-01 8.407156410010684366e-01 8.662606716830356657e-02
5.000000000000000000e-01 8.511994463496465047e-01 8.522312826445757605e-02
5.000000000000000000e-01 8.618139857648063895e-01 8.381300191814408662e-02
5.000000000000000000e-01 8.725608895130012588e-01 8.238823753946500350e-02
5.000000000000000000e-01 8.825948019963925084e-01 8.106230996513123788e-02
5.000000000000000000e-01 8.834418081902651876e-01 8.094983697816147961e-02
5.000000000000000000e-01 8.944584129757242597e-01 7.952811578181601115e-02
5.000000000000000000e-01 9.056123958882696945e-01 7.817439015674138014e-02
5.000000000000000000e-01 9.169054700464320806e-01 7.681460367275816381e-02
5.000000000000000000e-01 9.283393699314956837e-01 7.544381578791002629e-02
5.000000000000000000e-01 9.399158516538941299e-01 7.406503981610929044e-02
5.000000000000000000e-01 9.506737398914310022e-01 7.279448209569246153e-02
5.000000000000000000e-01 9.516366932229282094e-01 7.268120693330569482e-02
5.000000000000000000e-01 9.635036948198463236e-01 7.125874938077973730e-02
5.000000000000000000e-01 9.755186790743313185e-01 6.783207418628976748e-02
5.000000000000000000e-01 9.876834913444343389e-01 6.660487241972584682e-02
5.000000000000000000e-01 1.000000000000000000e+00 6.536775491477030131e-02
5.000000000000000000e-01 1.018752677786469496e+00 6.350166956076075397e-02
5.000000000000000000e-01 1.086831615681508101e+00 5.690626564743300059e-02
5.000000000000000000e-01 1.154910553576546706e+00 5.008131651989180394e-02
5.000000000000000000e-01 1.222989491471585088e+00 4.476302804469997620e-02
5.000000000000000000e-01 1.291068429366623693e+00 3.954008054940607447e-02
5.000000000000000000e-01 1.359147367261662298e+00 3.509158641069877460e-02
5.000000000000000000e-01 1.427226305156700681e+00 3.055006039932175316e-02
5.000000000000000000e-01 1.495305243051739286e+00 2.702633959760351867e-02
5.000000000000000000e-01 1.563384180946777890e+00 2.376743198822313385e-02
5.000000000000000000e-01 1.631463118841816495e+00 2.068976648381927463e-02
5.000000000000000000e-01 1.699542056736854878e+00 1.804662138988638934e-02
5.000000000000000000e-01 1.767620994631893483e+00 1.555864256176214128e-02
5.000000000000000000e-01 1.835699932526932088e+00 1.347733499650501793e-02
5.000000000000000000e-01 1.903778870421970471e+00 1.145314151163138658e-02
5.000000000000000000e-01 1.971857808317009075e+00 9.864000754362377624e-03
5.000000000000000000e-01 2.039936746212047680e+00 8.382140327266139265e-03
5.000000000000000000e-01 2.108015684107086063e+00 7.149348768765858078e-03
5.000000000000000000e-01 2.176094622002124446e+00 5.936483349378956532e-03
5.000000000000000000e-01 2.244173559897163273e+00 5.033021784541542344e-03
5.000000000000000000e-01 2.312252497792201655e+00 4.361823281843089581e-03
5.000000000000000000e-01 2.380331435687240038e+00 3.473215841519236655e-03
5.000000000000000000e-01 2.448410373582278865e+00 2.850872599606795593e-03
5.000000000000000000e-01 2.516489311477317248e+00 2.346968458860651356e-03
5.000000000000000000e-01 2.584568249372356075e+00 1.860698105171938038e-03
5.000000000000000000e-01 2.652647187267394457e+00 1.506455522047285686e-03
5.000000000000000000e-01 2.720726125162432840e+00 1.184507560460862623e-03
5.000000000000000000e-01 2.788805063057471667e+00 8.931686914156205690e-04
5.000000000000000000e-01 2.856884000952510050e+00 6.532165918225284586e-04
5.000000000000000000e-01 2.924962938847548433e+00 4.724627850826321413e-04
5.000000000000000000e-01 2.993041876742587259e+00 3.039809305683076053e-04
5.000000000000000000e-01 3.061120814637625642e+00 1.870524665780522872e-04
5.000000000000000000e-01 3.129199752532664469e+00 7.229724212724364526e-05
5.000000000000000000e-01 3.160807830841075194e+00 0.000000000000000000e+00
6.000000000000000888e-01 5.545299106737322514e-01 2.068897004616240820e-01
6.000000000000000888e-01 6.341547183602168625e-01 1.917799865700530737e-01
6.000000000000000888e-01 7.137795260467014735e-01 1.980168691334893427e-01
6.000000000000000888e-01 7.934043337331861956e-01 1.766663503634430255e-01
6.000000000000000888e-01 8.730291414196706956e-01 1.596115032241866571e-01
6.000000000000000888e-01 9.242165177895538264e-01 1.459332523838416107e-01
6.000000000000000888e-01 9.280579788801495145e-01 1.452672520637090237e-01
6.000000000000000888e-01 9.319154068172866845e-01 1.445965485195263023e-01
6.000000000000000888e-01 9.357888679663877163e-01 1.439243441457401240e-01
6.000000000000000888e-01 9.396784289687200031e-01 1.432504418280510783e-01
6.000000000000000888e-01 9.435841567425417020e-01 1.425759423450044250e-01
6.000000000000000888e-01 9.475061184842539230e-01 1.418933377531339524e-01
6.000000000000000888e-01 9.514443816695559164e-01 1.412059270922939869e-01
6.000000000000000888e-01 9.526539491061554177e-01 1.409945774473392865e-01
6.000000000000000888e-01 9.553990140546068099e-01 1.405190045333997995e-01
6.000000000000000888e-01 9.593700836771906770e-01 1.398298397262813797e-01
6.000000000000000888e-01 9.633576588578872668e-01 1.391388113065669951e-01
6.000000000000000888e-01 9.673618082012478414e-01 1.384411450191647130e-01
6.000000000000000888e-01 9.713826005969746769e-01 1.377428787007544397e-01
6.000000000000000888e-01 9.754201052211072254e-01 1.370384364929301546e-01
6.000000000000000888e-01 9.794743915372114973e-01 1.363388987754821924e-01
6.000000000000000888e-01 9.835455292975754382e-01 1.356341528776386363e-01
6.000000000000000888e-01 9.876335885444091911e-01 1.349132577085827567e-01
6.000000000000000888e-01 9.917386396110496882e-01 1.341963915103331351e-01
6.000000000000000888e-01 9.958607531231711274e-01 1.334798138129234257e-01
6.000000000000000888e-01 1.000000000000000000e+00 1.327634452453167191e-01
6.000000000000000888e-01 1.032278756792639918e+00 1.272281152761481626e-01
6.000000000000000888e-01 1.111903564479124640e+00 1.119364390948195537e-01
6.000000000000000888e-01 1.191528372165609362e+00 1.007577098976672469e-01
6.000000000000000888e-01 1.271153179852093862e+00 8.943575149331976781e-02
6.000000000000000888e-01 1.350777987538578362e+00 8.008859161186886177e-02
6.000000000000000888e-01 1.430402795225063084e+00 7.107006603628877872e-02
6.000000000000000888e-01 1.510027602911547806e+00 6.306330675733845537e-02
6.000000000000000888e-01 1.589652410598032306e+00 5.526612728867836416e-02
6.000000000000000888e-01 1.669277218284517028e+00 4.871748770853830124e-02
6.000000000000000888e-01 1.748902025971001528e+00 4.269930117541763381e-02
6.000000000000000888e-01 1.828526833657486250e+00 3.714584927814822829e-02
6.000000000000000888e-01 1.908151641343970972e+00 3.221516839244321917e-02
6.000000000000000888e-01 1.987776449030455472e+00 2.772559243610712640e-02
6.000000000000000888e-01 2.067401256716940416e+00 2.385146869682561177e-02
6.000000000000000888e-01 2.147026064403424694e+00 2.023518523097230654e-02
6.000000000000000888e-01 2.226650872089909416e+00 1.727480061329705191e-02
6.000000000000000888e-01 2.306275679776393694e+00 1.457175291291531484e-02
6.000000000000000888e-01 2.385900487462878417e+00 1.230200087902241259e-02
6.000000000000000888e-01 2.465525295149363139e+00 1.019749153773395756e-02
6.000000000000000888e-01 2.545150102835847861e+00 8.530601311399746770e-03
6.000000000000000888e-01 2.624774910522332583e+00 6.997623159758515135e-03
6.000000000000000888e-01 2.704399718208817305e+00 5.796366123200102742e-03
6.000000000000000888e-01 2.784024525895302027e+00 4.713148047982388365e-03
6.000000000000000888e-01 2.863649333581786749e+00 3.846894002805632904e-03
6.000000000000000888e-01 2.943274141268270583e+00 3.042038181361694706e-03
6.000000000000000888e-01 3.022898948954755305e+00 2.444765702733900804e-03
6.000000000000000888e-01 3.102523756641240027e+00 1.916853750571199206e-03
6.000000000000000888e-01 3.182148564327724749e+00 1.450563385713770368e-03
6.000000000000000888e-01 3.261773372014209471e+00 1.123245841082776923e-03
6.000000000000000888e-01 3.341398179700694193e+00 8.164875442046485394e-04
6.000000000000000888e-01 3.421022987387178915e+00 5.808292614606627366e-04
6.000000000000000888e-01 3.500647795073663637e+00 3.736595067025006312e-04
6.000000000000000888e-01 3.580272602760148359e+00 2.244783694510792821e-04
6.000000000000000888e-01 3.659897410446633081e+00 7.526641265339141810e-05
6.000000000000000888e-01 3.696866071158215306e+00 0.000000000000000000e+00
7.000000000000000666e-01 6.361690180949932660e-01 2.835815325794289743e-01
7.000000000000000666e-01 7.275163642829922672e-01 2.980264315180946588e-01
7.000000000000000666e-01 8.188637104709912684e-01 2.650570693420640223e-01
7.000000000000000666e-01 9.102110566589903806e-01 2.432072512470897785e-01
7.000000000000000666e-01 1.000000000000000000e+00 2.197370427208147070e-01
7.000000000000000666e-01 1.001558402846989271e+00 2.194144339957538048e-01
7.000000000000000666e-01 1.003085520160731825e+00 2.190996572131611309e-01
7.000000000000000666e-01 1.006180560756126052e+00 2.184578790614938870e-01
7.000000000000000666e-01 1.009285151161675609e+00 2.178194281461325599e-01
7.000000000000000666e-01 1.012399320843512251e+00 2.171756798848713810e-01
7.000000000000000666e-01 1.015523099358686121e+00 2.165299837649947989e-01
7.000000000000000666e-01 1.018656516355446184e+00 2.158485586403181000e-01
7.000000000000000666e-01 1.021799601573521787e+00 2.151837191131108495e-01
7.000000000000000666e-01 1.024952384844404651e+00 2.145182811157636260e-01
7.000000000000000666e-01 1.028114896091632202e+00 2.138528667533459160e-01
7.000000000000000666e-01 1.031287165331071787e+00 2.131868465125495160e-01
7.000000000000000666e-01 1.034469222671204891e+00 2.125196167148325765e-01
7.000000000000000666e-01 1.037661098313413355e+00 2.118514145231031875e-01
7.000000000000000666e-01 1.040862822552266698e+00 2.111853732321700705e-01
7.000000000000000666e-01 1.044074425775807891e+00 2.105154087735552348e-01
7.000000000000000666e-01 1.047295938465843790e+00 2.098445724170287241e-01
7.000000000000000666e-01 1.050527391198232685e+00 2.091726001732099050e-01
7.000000000000000666e-01 1.053768814643175844e+00 2.084988959729125457e-01
7.000000000000000666e-01 1.057020239565507946e+00 2.078198994910160080e-01
7.000000000000000666e-01 1.060281696824988851e+00 2.071393770365819453e-01
7.000000000000000666e-01 1.092905749034988272e+00 2.004037386357548078e-01
7.000000000000000666e-01 1.184253095222987495e+00 1.798059710223909591e-01
7.000000000000000666e-01 1.275600441410986496e+00 1.638152261342913085e-01
7.000000000000000666e-01 1.366947787598985498e+00 1.475487233265651288e-01
7.000000000000000666e-01 1.458295133786984499e+00 1.331962114667733788e-01
7.000000000000000666e-01 1.549642479974983500e+00 1.193599139816866467e-01
7.000000000000000666e-01 1.640989826162982501e+00 1.065727991225593335e-01
7.000000000000000666e-01 1.732337172350981724e+00 9.425227175564956927e-02
7.000000000000000666e-01 1.823684518538980726e+00 8.331604018104273035e-02
7.000000000000000666e-01 1.915031864726979727e+00 7.300447925226313806e-02
7.000000000000000666e-01 2.006379210914978728e+00 6.374138761372609430e-02
7.000000000000000666e-01 2.097726557102977729e+00 5.514418350193069779e-02
7.000000000000000666e-01 2.189073903290976730e+00 4.757130801797439940e-02
7.000000000000000666e-01 2.280421249478975732e+00 4.054968134396808033e-02
7.000000000000000666e-01 2.371768595666974733e+00 3.461593658267257678e-02
7.000000000000000666e-01 2.463115941854973734e+00 2.934954485133857774e-02
7.000000000000000666e-01 2.554463288042972735e+00 2.464805948526806526e-02
7.000000000000000666e-01 2.645810634230971736e+00 2.062694217379968178e-02
7.000000000000000666e-01 2.737157980418970737e+00 1.707054496530544668e-02
7.000000000000000666e-01 2.828505326606970183e+00 1.413473817240424105e-02
7.000000000000000666e-01 2.919852672794969184e+00 1.156284219409943990e-02
7.000000000000000666e-01 3.011200018982968185e+00 9.445419989968074567e-03
7.000000000000000666e-01 3.102547365170967186e+00 7.641516878357827551e-03
7.000000000000000666e-01 3.193894711358966187e+00 6.160746254321796192e-03
7.000000000000000666e-01 3.285242057546965189e+00 4.874959737126099632e-03
7.000000000000000666e-01 3.376589403734964190e+00 3.845178773328821430e-03
7.000000000000000666e-01 3.467936749922963191e+00 3.029142946758442336e-03
7.000000000000000666e-01 3.559284096110962192e+00 2.312248046941202048e-03
7.000000000000000666e-01 3.650631442298961193e+00 1.728147143501333185e-03
7.000000000000000666e-01 3.741978788486960195e+00 1.316306209583634245e-03
7.000000000000000666e-01 3.833326134674959196e+00 9.617166010380827400e-04
7.000000000000000666e-01 3.924673480862958197e+00 6.492835872664201287e-04
7.000000000000000666e-01 4.016020827050956754e+00 4.304070133735856058e-04
7.000000000000000666e-01 4.107368173238956643e+00 2.386182273739271794e-04
7.000000000000000666e-01 4.198715519426955645e+00 9.109620249313433093e-05
7.000000000000000666e-01 4.241126787299955403e+00 0.000000000000000000e+00
8.000000000000000444e-01 7.075210009227747010e-01 3.607757049631772350e-01
8.000000000000000444e-01 8.091137600296346433e-01 3.381691962757625292e-01
8.000000000000000444e-01 9.107065191364945855e-01 3.171175072015823826e-01
8.000000000000000444e-01 1.000000000000000000e+00 2.957264307123562697e-01
8.000000000000000444e-01 1.008713408825786750e+00 2.940862464304552781e-01
8.000000000000000444e-01 1.012299278243354639e+00 2.934078131238475606e-01
8.000000000000000444e-01 1.017502741144938883e+00 2.924245917804136341e-01
8.000000000000000444e-01 1.026368658509893672e+00 2.907250749996324601e-01
8.000000000000000444e-01 1.035311828237464704e+00 2.890095442349396304e-01
8.000000000000000444e-01 1.044332923459070583e+00 2.872716497901494637e-01
8.000000000000000444e-01 1.053432623171398630e+00 2.854741643626085290e-01
8.000000000000000444e-01 1.062611612287511997e+00 2.836689870235817867e-01
8.000000000000000444e-01 1.071870581688401547e+00 2.818458353164637331e-01
8.000000000000000444e-01 1.081210228274986695e+00 2.800136489037162724e-01
8.000000000000000444e-01 1.090631255020569013e+00 2.781614192640197158e-01
8.000000000000000444e-01 1.100134371023744118e+00 2.719991381572525735e-01
8.000000000000000444e-01 1.109720291561773875e+00 2.703912174717049699e-01
8.000000000000000444e-01 1.113892037350214581e+00 2.696905773088207892e-01
8.000000000000000444e-01 1.119389738144422886e+00 2.687556103405840391e-01
8.000000000000000444e-01 1.129143438568265712e+00 2.670839495169959887e-01
8.000000000000000444e-01 1.138982126971465947e+00 2.653927624591760348e-01
8.000000000000000444e-01 1.148906543889032461e+00 2.636692855934940627e-01
8.000000000000000444e-01 1.158917436308559479e+00 2.619196942692766927e-01
8.000000000000000444e-01 1.169015557726448717e+00 2.601485579634421619e-01
8.000000000000000444e-01 1.179201668204624465e+00 2.583514000285884182e-01
8.000000000000000444e-01 1.215484796457074523e+00 2.517439456694033906e-01
8.000000000000000444e-01 1.317077555563934466e+00 2.335828641367862502e-01
8.000000000000000444e-01 1.418670314670794408e+00 2.144596167637997652e-01
8.000000000000000444e-01 1.520263073777654350e+00 1.961800665125762178e-01
8.000000000000000444e-01 1.621855832884514292e+00 1.786684532489524191e-01
8.000000000000000444e-01 1.723448591991374457e+00 1.609339062928507036e-01
8.000000000000000444e-01 1.825041351098234177e+00 1.446028311790924781e-01
8.000000000000000444e-01 1.926634110205094341e+00 1.286826043711951639e-01
8.000000000000000444e-01 2.028226869311954061e+00 1.137952431677127368e-01
8.000000000000000444e-01 2.129819628418814226e+00 9.970882170047422333e-02
8.000000000000000444e-01 2.231412387525673946e+00 8.688878984561246299e-02
8.000000000000000444e-01 2.333005146632534110e+00 7.488171743611224396e-02
8.000000000000000444e-01 2.434597905739393831e+00 6.435791519460241916e-02
8.000000000000000444e-01 2.536190664846253995e+00 5.475477493814843305e-02
8.000000000000000444e-01 2.637783423953113715e+00 4.634893567035434925e-02
8.000000000000000444e-01 2.739376183059973879e+00 3.891951978095720133e-02
8.000000000000000444e-01 2.840968942166833600e+00 3.239784719189902490e-02
8.000000000000000444e-01 2.942561701273693764e+00 2.684353539847179893e-02
8.000000000000000444e-01 3.044154460380553484e+00 2.202631100000801076e-02
8.000000000000000444e-01 3.145747219487413648e+00 1.800803147808940213e-02
8.000000000000000444e-01 3.247339978594273369e+00 1.459919775657541642e-02
8.000000000000000444e-01 3.348932737701133533e+00 1.177008451238716058e-02
8.000000000000000444e-01 3.450525496807993253e+00 9.364954821420277270e-03
8.000000000000000444e-01 3.552118255914853417e+00 7.419159843318832992e-03
8.000000000000000444e-01 3.653711015021713138e+00 5.866407131994374330e-03
8.000000000000000444e-01 3.755303774128573302e+00 4.525437742798927611e-03
8.000000000000000444e-01 3.856896533235433022e+00 3.523351365923185069e-03
8.000000000000000444e-01 3.958489292342293187e+00 2.665555913380284175e-03
8.000000000000000444e-01 4.060082051449153795e+00 1.994574019529665471e-03
8.000000000000000444e-01 4.161674810556013071e+00 1.485187262587090102e-03
8.000000000000000444e-01 4.263267569662873235e+00 1.051573426670339992e-03
8.000000000000000444e-01 4.364860328769733400e+00 7.299025337294104323e-04
8.000000000000000444e-01 4.466453087876593564e+00 4.549884017171805452e-04
8.000000000000000444e-01 4.568045846983452840e+00 2.533913275839846241e-04
8.000000000000000444e-01 4.669638606090313004e+00 9.227548910978864739e-05
8.000000000000000444e-01 4.716806672818497859e+00 0.000000000000000000e+00
9.000000000000000222e-01 7.565519448203922304e-01 3.740865905711817097e-01
9.000000000000000222e-01 8.651850445894742059e-01 3.534406910706451299e-01
9.000000000000000222e-01 9.738181443585560704e-01 3.402865792334431871e-01
9.000000000000000222e-01 1.000000000000000000e+00 3.365802936385992594e-01
9.000000000000000222e-01 1.012276936738416344e+00 3.348097390202255941e-01
9.000000000000000222e-01 1.024704596652511679e+00 3.329979939222232899e-01
9.000000000000000222e-01 1.037284830161179006e+00 3.262617217784832269e-01
9.000000000000000222e-01 1.050019510400786782e+00 3.247967215217849590e-01
9.000000000000000222e-01 1.062910533504080268e+00 3.232668284050129737e-01
9.000000000000000222e-01 1.075959818882506136e+00 3.216545712668246737e-01
9.000000000000000222e-01 1.082451244127637935e+00 3.208428608404104709e-01
9.000000000000000222e-01 1.089169309512004746e+00 3.199798208678614198e-01
9.000000000000000222e-01 1.102540972222308069e+00 3.181301381766779013e-01
9.000000000000000222e-01 1.116076797989793423e+00 3.162410184059274432e-01
9.000000000000000222e-01 1.129778802233928570e+00 3.143303669031368708e-01
9.000000000000000222e-01 1.143649025117358109e+00 3.123730281763396621e-01
9.000000000000000222e-01 1.157689531849675602e+00 3.103644826990115124e-01
9.000000000000000222e-01 1.171902412994920928e+00 3.083089502208027910e-01
9.000000000000000222e-01 1.186289784782856849e+00 3.062038475081698685e-01
9.000000000000000222e-01 1.191084343896720021e+00 3.054944003126602858e-01
9.000000000000000222e-01 1.200853789424065621e+00 3.040399782507268167e-01
9.000000000000000222e-01 1.215596595428912519e+00 3.017783861315084804e-01
9.000000000000000222e-01 1.230520397930427556e+00 2.994649908935055338e-01
9.000000000000000222e-01 1.245627419011150261e+00 2.971763688262136771e-01
9.000000000000000222e-01 1.260919908033987014e+00 2.934687541535969113e-01
9.000000000000000222e-01 1.299717443665802108e+00 2.877716047774860342e-01
9.000000000000000222e-01 1.408350543434883750e+00 2.698599518462656555e-01
9.000000000000000222e-01 1.516983643203965837e+00 2.518933411507629505e-01
9.000000000000000222e-01 1.625616742973047923e+00 2.321943013586146576e-01
9.000000000000000222e-01 1.734249842742129788e+00 2.132687866009137234e-01
9.000000000000000222e-01 1.842882942511211652e+00 1.938340339843681315e-01
9.000000000000000222e-01 1.951516042280293739e+00 1.747643350562386177e-01
9.000000000000000222e-01 2.060149142049375381e+00 1.559932149476987440e-01
9.000000000000000222e-01 2.168782241818457468e+00 1.382497074980352236e-01
9.000000000000000222e-01 2.277415341587539555e+00 1.211516137873828447e-01
9.000000000000000222e-01 2.386048441356621641e+00 1.055107372927674980e-01
9.000000000000000222e-01 2.494681541125703284e+00 9.106672458568554340e-02
9.000000000000000222e-01 2.603314640894785370e+00 7.791956218872646278e-02
9.000000000000000222e-01 2.711947740663867457e+00 6.593927276648388347e-02
9.000000000000000222e-01 2.820580840432949099e+00 5.563727703285342024e-02
9.000000000000000222e-01 2.929213940202031186e+00 4.630487582487646109e-02
9.000000000000000222e-01 3.037847039971112828e+00 3.847121171992561039e-02
9.000000000000000222e-01 3.146480139740194915e+00 3.160540102864182327e-02
9.000000000000000222e-01 3.255113239509277001e+00 2.588057327356834553e-02
9.000000000000000222e-01 3.363746339278358644e+00 2.083062785044467041e-02
9.000000000000000222e-01 3.472379439047440730e+00 1.687108559224756443e-02
9.000000000000000222e-01 3.581012538816522817e+00 1.341082159449888574e-02
9.000000000000000222e-01 3.689645638585604903e+00 1.066264896522435730e-02
9.000000000000000222e-01 3.798278738354686546e+00 8.349334618691512874e-03
9.000000000000000222e-01 3.906911838123768632e+00 6.526002699637162806e-03
9.000000000000000222e-01 4.015544937892850719e+00 5.031749973358775815e-03
9.000000000000000222e-01 4.124178037661932805e+00 3.840530575274699390e-03
9.000000000000000222e-01 4.232811137431014892e+00 2.911298385546263415e-03
9.000000000000000222e-01 4.341444237200096978e+00 2.147591694660533866e-03
9.000000000000000222e-01 4.450077336969178177e+00 1.563200077666296621e-03
9.000000000000000222e-01 4.558710436738260263e+00 1.076390145183314792e-03
9.000000000000000222e-01 4.667343536507342350e+00 7.551885642167248348e-04
9.000000000000000222e-01 4.775976636276424436e+00 4.786383943623193646e-04
9.000000000000000222e-01 4.884609736045506523e+00 2.436251906415877477e-04
9.000000000000000222e-01 4.993242835814588609e+00 7.617608104668963380e-05
9.000000000000000222e-01 5.043679632135948054e+00 0.000000000000000000e+00
1.000000000000000000e+00 7.740412671367119524e-01 3.671939908828327215e-01
1.000000000000000000e+00 8.851856542127526373e-01 3.590842003122793891e-01
1.000000000000000000e+00 9.963300412887933222e-01 3.422186524262913476e-01
1.000000000000000000e+00 1.000000000000000000e+00 3.419263309763376224e-01
1.000000000000000000e+00 1.013495278294686219e+00 3.408092877281261868e-01
1.000000000000000000e+00 1.027172679125623267e+00 3.396033049235498980e-01
1.000000000000000000e+00 1.041034660287122104e+00 3.383085335381535996e-01
1.000000000000000000e+00 1.055083712742110880e+00 3.369374173974900577e-01
1.000000000000000000e+00 1.069322361069756422e+00 3.354793395246608578e-01
1.000000000000000000e+00 1.083753163919123574e+00 3.339378758651539991e-01
1.000000000000000000e+00 1.098378714468958739e+00 3.322809230606273423e-01
1.000000000000000000e+00 1.107474428364834118e+00 3.312516880072420289e-01
1.000000000000000000e+00 1.113201640893677125e+00 3.306024118523604449e-01
1.000000000000000000e+00 1.128224606835638522e+00 3.249822260746043079e-01
1.000000000000000000e+00 1.143450311883798420e+00 3.235903735444919382e-01
1.000000000000000000e+00 1.158881492058815965e+00 3.220843157879432761e-01
1.000000000000000000e+00 1.174520920304710669e+00 3.204770349664366469e-01
1.000000000000000000e+00 1.190371406987153824e+00 3.187693030797819627e-01
1.000000000000000000e+00 1.206435800398482527e+00 3.169573361860734129e-01
1.000000000000000000e+00 1.218618815440874581e+00 3.155347576372840579e-01
1.000000000000000000e+00 1.222716987269532485e+00 3.150516540119830400e-01
1.000000000000000000e+00 1.239217893288375061e+00 3.130439935947955110e-01
1.000000000000000000e+00 1.255941483626056510e+00 3.109416853300527306e-01
1.000000000000000000e+00 1.272890763469431086e+00 3.070072923731521630e-01
1.000000000000000000e+00 1.290068778561186624e+00 3.049302406575926661e-01
1.000000000000000000e+00 1.329763202516915488e+00 2.998300857814268361e-01
1.000000000000000000e+00 1.440907589592955951e+00 2.838192148675908744e-01
1.000000000000000000e+00 1.552051976668996858e+00 2.644704963084646421e-01
1.000000000000000000e+00 1.663196363745037321e+00 2.452453696674011252e-01
1.000000000000000000e+00 1.774340750821078228e+00 2.263365040084698299e-01
1.000000000000000000e+00 1.885485137897118690e+00 2.056747473450206143e-01
1.000000000000000000e+00 1.996629524973159597e+00 1.862708238386977244e-01
1.000000000000000000e+00 2.107773912049200060e+00 1.657373012801588441e-01
1.000000000000000000e+00 2.218918299125240967e+00 1.474460669708790028e-01
1.000000000000000000e+00 2.330062686201281430e+00 1.293178115491613323e-01
1.000000000000000000e+00 2.441207073277322337e+00 1.128701703091760655e-01
1.000000000000000000e+00 2.552351460353362800e+00 9.673016411332693854e-02
1.000000000000000000e+00 2.663495847429403707e+00 8.304469796190065700e-02
1.000000000000000000e+00 2.774640234505444170e+00 7.001463270805977079e-02
1.000000000000000000e+00 2.885784621581484632e+00 5.914079445180357025e-02
1.000000000000000000e+00 2.996929008657525539e+00 4.920959387675322150e-02
1.000000000000000000e+00 3.108073395733566446e+00 4.091185603253533198e-02
1.000000000000000000e+00 3.219217782809606909e+00 3.320567018891241312e-02
1.000000000000000000e+00 3.330362169885647372e+00 2.725308763198117795e-02
1.000000000000000000e+00 3.441506556961688279e+00 2.196337887070937828e-02
1.000000000000000000e+00 3.552650944037729186e+00 1.778974392438479463e-02
1.000000000000000000e+00 3.663795331113769649e+00 1.394201446239897932e-02
1.000000000000000000e+00 3.774939718189810112e+00 1.081195487798408857e-02
1.000000000000000000e+00 3.886084105265851019e+00 8.641845859475739272e-03
1.000000000000000000e+00 3.997228492341891926e+00 6.677993201582905006e-03
1.000000000000000000e+00 4.108372879417932388e+00 5.284785095682253096e-03
1.000000000000000000e+00 4.219517266493973295e+00 3.873900772786998022e-03
1.000000000000000000e+00 4.330661653570014202e+00 2.900193783995077320e-03
1.000000000000000000e+00 4.441806040646055109e+00 2.274446100374955156e-03
1.000000000000000000e+00 4.552950427722095128e+00 1.558668191265642029e-03
1.000000000000000000e+00 4.664094814798136035e+00 1.033863329782125752e-03
1.000000000000000000e+00 4.775239201874176942e+00 7.349694335364873390e-04
1.000000000000000000e+00 4.886383588950217849e+00 4.177683351127906551e-04
1.000000000000000000e+00 4.997527976026257868e+00 2.641170060801977795e-04
1.000000000000000000e+00 5.108672363102298775e+00 7.487131126264847704e-05
1.000000000000000000e+00 5.160275114244746497e+00 0.000000000000000000e+00
