# mx [GeV]: 100.0
# sigma_p [cm^2]: 3.98107170553e-35
# depth [m]: 10.6
# target: full
# Columns: gamma/pi, v [km/s], f(v, gamma) [s/km]
0.000000000000000000e+00 1.000000000000000000e+00 1.091133316126075394e-03
0.000000000000000000e+00 1.286303577621687344e+00 7.163121343158885797e-04
0.000000000000000000e+00 1.654576893802351956e+00 4.360687797201674601e-04
0.000000000000000000e+00 2.128288177948143733e+00 3.905438788377093434e-04
0.000000000000000000e+00 2.737624697504639659e+00 3.235763307512043723e-04
0.000000000000000000e+00 3.521416442585707518e+00 2.389856806038416124e-04
0.000000000000000000e+00 4.529610568393830583e+00 1.820387937406647014e-04
0.000000000000000000e+00 5.826454279357988320e+00 1.391867882600549043e-04
0.000000000000000000e+00 7.494588984387370090e+00 1.054029387567617567e-04
0.000000000000000000e+00 9.640316623421561815e+00 8.904360835896007196e-05
0.000000000000000000e+00 1.240037376211297904e+01 6.987837506069041543e-05
0.000000000000000000e+00 1.595064513405202611e+01 5.993545426182103142e-05
0.000000000000000000e+00 2.051737190130507926e+01 5.191363083816835362e-05
0.000000000000000000e+00 2.639156888004340118e+01 5.453622409612848886e-05
0.000000000000000000e+00 3.394756946944901443e+01 6.159255307470935142e-05
0.000000000000000000e+00 4.366688006011303003e+01 7.818727795911818094e-05
0.000000000000000000e+00 5.616886404490050921e+01 1.053044101954588648e-04
0.000000000000000000e+00 7.172611758932295345e+01 1.448212904434499995e-04
0.000000000000000000e+00 7.225021077190167773e+01 1.462069260092925635e-04
0.000000000000000000e+00 8.202525242266163730e+01 1.721256364702095131e-04
0.000000000000000000e+00 9.232438725600032114e+01 1.985955174435044719e-04
0.000000000000000000e+00 9.293570459981809506e+01 2.001665402275148976e-04
0.000000000000000000e+00 1.026235220893389908e+02 2.241976391248741538e-04
0.000000000000000000e+00 1.129226569226776746e+02 2.476998292971300327e-04
0.000000000000000000e+00 1.195435293155383221e+02 2.613386250685264633e-04
0.000000000000000000e+00 1.232217917560163585e+02 2.684819328248573903e-04
0.000000000000000000e+00 1.335209265893550423e+02 2.863502672773700439e-04
0.000000000000000000e+00 1.438200614226937262e+02 3.007274453062848841e-04
0.000000000000000000e+00 1.541191962560324100e+02 3.118642699764252973e-04
0.000000000000000000e+00 1.644183310893710939e+02 3.194444612335921177e-04
0.000000000000000000e+00 1.747174659227097777e+02 3.234674917826778112e-04
0.000000000000000000e+00 1.850166007560484616e+02 3.242136362345666122e-04
0.000000000000000000e+00 1.953157355893871454e+02 3.217932831588213283e-04
0.000000000000000000e+00 2.056148704227258008e+02 3.163874642008408572e-04
0.000000000000000000e+00 2.159140052560645131e+02 3.084851477598252612e-04
0.000000000000000000e+00 2.262131400894031685e+02 2.982760071837551523e-04
0.000000000000000000e+00 2.365122749227418808e+02 2.861955982184131130e-04
0.000000000000000000e+00 2.468114097560805362e+02 2.725216120733460696e-04
0.000000000000000000e+00 2.571105445894192485e+02 2.575966400143955034e-04
0.000000000000000000e+00 2.674096794227579039e+02 2.418333528687455084e-04
0.000000000000000000e+00 2.777088142560966162e+02 2.254836360567519010e-04
0.000000000000000000e+00 2.880079490894352716e+02 2.088905829496017180e-04
0.000000000000000000e+00 2.983070839227739839e+02 1.922372821665592924e-04
0.000000000000000000e+00 3.086062187561126393e+02 1.758603806731312688e-04
0.000000000000000000e+00 3.189053535894512947e+02 1.583635337897984290e-04
0.000000000000000000e+00 3.292044884227900070e+02 1.406991117895132364e-04
0.000000000000000000e+00 3.395036232561286624e+02 1.247017289897891720e-04
0.000000000000000000e+00 3.498027580894673747e+02 1.094430140672146941e-04
0.000000000000000000e+00 3.601018929228060301e+02 9.524771132945263432e-05
0.000000000000000000e+00 3.704010277561447424e+02 8.180779182617641605e-05
0.000000000000000000e+00 3.807001625894833978e+02 6.934657015286293386e-05
0.000000000000000000e+00 3.909992974228221101e+02 5.788409292204157899e-05
0.000000000000000000e+00 4.012984322561607655e+02 4.840962349982854605e-05
0.000000000000000000e+00 4.115975670894994209e+02 3.902640037501225296e-05
0.000000000000000000e+00 4.218967019228381332e+02 3.134765010724247007e-05
0.000000000000000000e+00 4.321958367561767886e+02 2.545218875435891718e-05
0.000000000000000000e+00 4.424949715895155009e+02 1.852134122255840208e-05
0.000000000000000000e+00 4.527941064228541563e+02 1.275813358100915265e-05
0.000000000000000000e+00 4.630932412561928686e+02 7.897320116109583500e-06
0.000000000000000000e+00 4.733923760895315240e+02 3.177145297346119610e-06
0.000000000000000000e+00 4.781741172621530609e+02 0.000000000000000000e+00
1.000000000000000056e-01 1.000000000000000000e+00 1.260672407784570659e-03
1.000000000000000056e-01 1.295911815221580721e+00 8.330443615245761331e-04
1.000000000000000056e-01 1.679387432830892424e+00 5.589876532270808725e-04
1.000000000000000056e-01 2.176338016540192211e+00 4.320132484629680535e-04
1.000000000000000056e-01 2.820342149550334909e+00 3.569707289076043790e-04
1.000000000000000056e-01 3.654914714569709844e+00 2.737670640018522220e-04
1.000000000000000056e-01 4.736447162238097697e+00 2.003806800525034348e-04
1.000000000000000056e-01 6.138017839717078594e+00 1.497493118025898973e-04
1.000000000000000056e-01 7.954329840530204976e+00 1.183450308006152383e-04
1.000000000000000056e-01 1.030811002251268427e+01 9.542371505918431998e-05
1.000000000000000056e-01 1.335840157077818269e+01 7.706273881442142720e-05
1.000000000000000056e-01 1.731131042804597087e+01 6.415562614536027676e-05
1.000000000000000056e-01 2.243393172067333197e+01 5.914080008247314641e-05
1.000000000000000056e-01 2.907239717869477857e+01 6.073947537000549420e-05
1.000000000000000056e-01 3.767526300068511347e+01 7.118626105355029682e-05
1.000000000000000056e-01 4.882381846416830484e+01 9.211235781125305406e-05
1.000000000000000056e-01 6.327136321194927149e+01 1.268764016336774568e-04
1.000000000000000056e-01 8.199410715154112950e+01 1.776976570802015452e-04
1.000000000000000056e-01 8.261992386989264503e+01 1.794195218463691746e-04
1.000000000000000056e-01 9.448329755377466199e+01 2.117623050270365029e-04
1.000000000000000056e-01 1.062571322362264539e+02 2.423213684365126759e-04
1.000000000000000056e-01 1.063466712376566790e+02 2.425449374977511430e-04
1.000000000000000056e-01 1.182100449215386959e+02 2.706450911393965615e-04
1.000000000000000056e-01 1.300734186054207271e+02 2.953632079613893041e-04
1.000000000000000056e-01 1.376998731164877654e+02 3.091325601984666561e-04
1.000000000000000056e-01 1.419367922893027298e+02 3.160025022692557152e-04
1.000000000000000056e-01 1.538001659731847610e+02 3.321931339798579112e-04
1.000000000000000056e-01 1.656635396570667922e+02 3.437353510513400305e-04
1.000000000000000056e-01 1.775269133409487949e+02 3.506412142618855836e-04
1.000000000000000056e-01 1.893902870248307977e+02 3.530238938798292573e-04
1.000000000000000056e-01 2.012536607087128289e+02 3.511405639593421731e-04
1.000000000000000056e-01 2.131170343925948600e+02 3.453376148621388822e-04
1.000000000000000056e-01 2.249804080764768628e+02 3.360584764291483302e-04
1.000000000000000056e-01 2.368437817603588655e+02 3.237450121375306839e-04
1.000000000000000056e-01 2.487071554442409251e+02 3.089374868616799456e-04
1.000000000000000056e-01 2.605705291281229279e+02 2.921490559149666241e-04
1.000000000000000056e-01 2.724339028120049306e+02 2.738685415072715057e-04
1.000000000000000056e-01 2.842972764958869902e+02 2.545866454953271164e-04
1.000000000000000056e-01 2.961606501797689930e+02 2.347742894153216360e-04
1.000000000000000056e-01 3.080240238636509957e+02 2.147648280216903766e-04
1.000000000000000056e-01 3.198873975475329985e+02 1.933055007191774449e-04
1.000000000000000056e-01 3.317507712314150581e+02 1.717099173664539651e-04
1.000000000000000056e-01 3.436141449152970608e+02 1.512499379373279584e-04
1.000000000000000056e-01 3.554775185991790636e+02 1.320376413814618806e-04
1.000000000000000056e-01 3.673408922830611232e+02 1.141395659833796560e-04
1.000000000000000056e-01 3.792042659669431259e+02 9.765583441016020133e-05
1.000000000000000056e-01 3.910676396508251287e+02 8.251980983736326679e-05
1.000000000000000056e-01 4.029310133347071883e+02 6.893451730523333216e-05
1.000000000000000056e-01 4.147943870185891910e+02 5.657197149344697889e-05
1.000000000000000056e-01 4.266577607024711938e+02 4.578231832999473208e-05
1.000000000000000056e-01 4.385211343863531965e+02 3.676451060723054474e-05
1.000000000000000056e-01 4.503845080702352561e+02 2.910312952111027005e-05
1.000000000000000056e-01 4.622478817541172589e+02 2.260986258312838525e-05
1.000000000000000056e-01 4.741112554379992616e+02 1.710480566892444914e-05
1.000000000000000056e-01 4.859746291218813212e+02 1.256586545061480962e-05
1.000000000000000056e-01 4.978380028057633240e+02 8.833742840758413171e-06
1.000000000000000056e-01 5.097013764896453267e+02 5.836850606066735760e-06
1.000000000000000056e-01 5.215647501735272726e+02 3.410188417304355661e-06
1.000000000000000056e-01 5.334281238574093322e+02 1.650863237204822827e-06
1.000000000000000056e-01 5.452914975412913918e+02 3.923618671912236142e-07
1.000000000000000056e-01 5.507994924659509479e+02 0.000000000000000000e+00
2.000000000000000111e-01 1.000000000000000000e+00 1.844270872446417044e-03
2.000000000000000111e-01 1.304542488943928991e+00 1.218259830313922184e-03
2.000000000000000111e-01 1.701831105460020810e+00 8.062694217044196225e-04
2.000000000000000111e-01 2.220110986079013582e+00 6.065377002056919140e-04
2.000000000000000111e-01 2.896229111511276599e+00 4.835788165714889988e-04
2.000000000000000111e-01 3.778253933682785171e+00 3.808831797203334965e-04
2.000000000000000111e-01 4.928892790508730748e+00 2.787337461056064178e-04
2.000000000000000111e-01 6.429950068668045304e+00 2.057113738130584115e-04
2.000000000000000111e-01 8.388143066365399747e+00 1.605803083400269432e-04
2.000000000000000111e-01 1.094268903341408006e+01 1.269370987974604279e-04
2.000000000000000111e-01 1.427520278738944093e+01 1.018131672120196169e-04
2.000000000000000111e-01 1.862260857444032780e+01 8.402966174026787929e-05
2.000000000000000111e-01 2.429398414032893783e+01 7.582962419780600041e-05
2.000000000000000111e-01 3.169253453678905430e+01 7.679738275737350189e-05
2.000000000000000111e-01 4.134425788556420400e+01 8.869553939825853878e-05
2.000000000000000111e-01 5.393534108557359019e+01 1.149724090721326094e-04
2.000000000000000111e-01 7.036094410181392789e+01 1.596858809590059804e-04
2.000000000000000111e-01 9.178884114302501018e+01 2.258168575865267703e-04
2.000000000000000111e-01 9.372546299479711251e+01 2.319287028347020107e-04
2.000000000000000111e-01 1.071834781940500392e+02 2.737994982811075900e-04
2.000000000000000111e-01 1.197424432820007780e+02 3.110555752330522949e-04
2.000000000000000111e-01 1.206414933933029516e+02 3.136216035679820365e-04
2.000000000000000111e-01 1.340995085925558783e+02 3.499757266415547976e-04
2.000000000000000111e-01 1.475575237918087907e+02 3.817095055936798112e-04
2.000000000000000111e-01 1.562091049913284735e+02 3.993768755068285536e-04
2.000000000000000111e-01 1.610155389910617032e+02 4.081787762844954330e-04
2.000000000000000111e-01 1.744735541903146441e+02 4.287546873220734914e-04
2.000000000000000111e-01 1.879315693895675565e+02 4.431842579229935139e-04
2.000000000000000111e-01 2.013895845888204690e+02 4.514828965365453185e-04
2.000000000000000111e-01 2.148475997880734099e+02 4.537890540138069515e-04
2.000000000000000111e-01 2.283056149873263223e+02 4.504015752647095791e-04
2.000000000000000111e-01 2.417636301865792348e+02 4.418562001977702734e-04
2.000000000000000111e-01 2.552216453858321756e+02 4.286970060464828322e-04
2.000000000000000111e-01 2.686796605850851165e+02 4.115052950227789368e-04
2.000000000000000111e-01 2.821376757843380005e+02 3.910502591526317999e-04
2.000000000000000111e-01 2.955956909835909414e+02 3.680014109799017649e-04
2.000000000000000111e-01 3.090537061828438254e+02 3.430349621093588524e-04
2.000000000000000111e-01 3.225117213820967663e+02 3.146507707214921926e-04
2.000000000000000111e-01 3.359697365813497072e+02 2.853528428369975700e-04
2.000000000000000111e-01 3.494277517806026481e+02 2.564363444957935140e-04
2.000000000000000111e-01 3.628857669798555321e+02 2.282632106397576772e-04
2.000000000000000111e-01 3.763437821791084730e+02 2.013191136968906490e-04
2.000000000000000111e-01 3.898017973783613570e+02 1.763476454136489143e-04
2.000000000000000111e-01 4.032598125776142979e+02 1.531471820655614280e-04
2.000000000000000111e-01 4.167178277768672388e+02 1.317741538101628780e-04
2.000000000000000111e-01 4.301758429761201228e+02 1.123227102925450902e-04
2.000000000000000111e-01 4.436338581753730637e+02 9.478754996286844407e-05
2.000000000000000111e-01 4.570918733746260045e+02 7.903368136367842391e-05
2.000000000000000111e-01 4.705498885738788886e+02 6.520427626163021145e-05
2.000000000000000111e-01 4.840079037731318294e+02 5.306096674849245388e-05
2.000000000000000111e-01 4.974659189723847703e+02 4.246085546555089247e-05
2.000000000000000111e-01 5.109239341716376543e+02 3.350921844211203525e-05
2.000000000000000111e-01 5.243819493708906521e+02 2.589449014504507839e-05
2.000000000000000111e-01 5.378399645701435929e+02 1.945313277229165379e-05
2.000000000000000111e-01 5.512979797693964201e+02 1.419128441489530999e-05
2.000000000000000111e-01 5.647559949686493610e+02 9.824614879338603330e-06
2.000000000000000111e-01 5.782140101679023019e+02 6.479681707001746379e-06
2.000000000000000111e-01 5.916720253671551291e+02 3.810552057255421550e-06
2.000000000000000111e-01 6.051300405664080699e+02 1.780274720086289273e-06
2.000000000000000111e-01 6.185880557656610108e+02 4.163844626779896950e-07
2.000000000000000111e-01 6.248364199653141213e+02 0.000000000000000000e+00
3.000000000000000444e-01 1.000000000000000000e+00 2.742006782610519316e-03
3.000000000000000444e-01 1.311298863584711150e+00 1.909553416970547965e-03
3.000000000000000444e-01 1.719504709638554729e+00 1.232376679730029078e-03
3.000000000000000444e-01 2.254784571677595384e+00 8.892740527684505356e-04
3.000000000000000444e-01 2.956696446469170514e+00 7.059759561362555268e-04
3.000000000000000444e-01 3.877112690219977065e+00 5.600703120764602373e-04
3.000000000000000444e-01 5.084053464675318601e+00 4.161281652315055994e-04
3.000000000000000444e-01 6.666713530632658369e+00 3.024387159320295689e-04
3.000000000000000444e-01 8.742053876563421255e+00 2.315784820673386546e-04
3.000000000000000444e-01 1.146344531373393671e+01 1.835119096665413648e-04
3.000000000000000444e-01 1.503200281266478910e+01 1.441681490712388254e-04
3.000000000000000444e-01 1.971144820564951416e+01 1.171335271847290764e-04
3.000000000000000444e-01 2.584759963167710595e+01 1.024863363573127784e-04
3.000000000000000444e-01 3.389392802341079403e+01 1.007408994273988393e-04
3.000000000000000444e-01 4.444506929952056140e+01 1.131783653924377893e-04
3.000000000000000444e-01 5.828076886440502591e+01 1.454196075624569534e-04
3.000000000000000444e-01 7.642350598073754497e+01 2.032677914230691463e-04
3.000000000000000444e-01 1.002140565437005364e+02 2.933781347322881065e-04
3.000000000000000444e-01 1.033911253193265054e+02 3.060270241977711765e-04
3.000000000000000444e-01 1.182370304933836422e+02 3.654225565002495947e-04
3.000000000000000444e-01 1.314105784609685372e+02 4.171478584035006611e-04
3.000000000000000444e-01 1.330829356674407791e+02 4.235672117306173786e-04
3.000000000000000444e-01 1.479288408414979301e+02 4.785374068234876199e-04
3.000000000000000444e-01 1.627747460155550527e+02 5.285778584274883991e-04
3.000000000000000444e-01 1.723185421988774237e+02 5.574789019013425950e-04
3.000000000000000444e-01 1.776206511896122038e+02 5.723002745145391174e-04
3.000000000000000444e-01 1.924665563636693264e+02 6.086236939082835659e-04
3.000000000000000444e-01 2.073124615377264774e+02 6.367805373278349890e-04
3.000000000000000444e-01 2.221583667117836285e+02 6.562563416068374622e-04
3.000000000000000444e-01 2.370042718858407511e+02 6.668610722105496437e-04
3.000000000000000444e-01 2.518501770598979022e+02 6.687412139784307177e-04
3.000000000000000444e-01 2.666960822339550532e+02 6.622292953673494667e-04
3.000000000000000444e-01 2.815419874080121758e+02 6.479354308656768867e-04
3.000000000000000444e-01 2.963878925820692984e+02 6.266350437218844638e-04
3.000000000000000444e-01 3.112337977561264779e+02 5.992038163677152656e-04
3.000000000000000444e-01 3.260797029301835437e+02 5.638116619521019645e-04
3.000000000000000444e-01 3.409256081042407232e+02 5.247861353846229593e-04
3.000000000000000444e-01 3.557715132782979026e+02 4.840336255280329957e-04
3.000000000000000444e-01 3.706174184523549684e+02 4.420359579144990435e-04
3.000000000000000444e-01 3.854633236264121479e+02 3.996391235116016354e-04
3.000000000000000444e-01 4.003092288004693273e+02 3.575566577352052525e-04
3.000000000000000444e-01 4.151551339745263931e+02 3.166450172724078437e-04
3.000000000000000444e-01 4.300010391485835726e+02 2.774311095301034325e-04
3.000000000000000444e-01 4.448469443226406383e+02 2.405063184677359378e-04
3.000000000000000444e-01 4.596928494966978178e+02 2.062294837325078195e-04
3.000000000000000444e-01 4.745387546707549973e+02 1.748893910823237912e-04
3.000000000000000444e-01 4.893846598448120631e+02 1.465876574750171355e-04
3.000000000000000444e-01 5.042305650188692425e+02 1.213745108687256258e-04
3.000000000000000444e-01 5.190764701929264220e+02 9.921775064810008408e-05
3.000000000000000444e-01 5.339223753669834878e+02 7.998425687652490539e-05
3.000000000000000444e-01 5.487682805410406672e+02 6.349598245270600893e-05
3.000000000000000444e-01 5.636141857150978467e+02 4.949895846860828615e-05
3.000000000000000444e-01 5.784600908891549125e+02 3.783592769513950454e-05
3.000000000000000444e-01 5.933059960632120919e+02 2.818887216780082555e-05
3.000000000000000444e-01 6.081519012372692714e+02 2.034474382893110389e-05
3.000000000000000444e-01 6.229978064113263372e+02 1.404857710451650333e-05
3.000000000000000444e-01 6.378437115853835166e+02 9.028785762182691961e-06
3.000000000000000444e-01 6.526896167594406961e+02 5.193870451855541402e-06
3.000000000000000444e-01 6.675355219334977619e+02 2.465653684660640465e-06
3.000000000000000444e-01 6.823814271075549414e+02 5.657154489017764394e-07
3.000000000000000444e-01 6.892741687955100360e+02 0.000000000000000000e+00
4.000000000000000222e-01 1.000000000000000000e+00 3.958318890243552220e-03
4.000000000000000222e-01 1.315632878080362334e+00 2.646394397787857605e-03
4.000000000000000222e-01 1.730889869886017340e+00 1.700167613681528378e-03
4.000000000000000222e-01 2.277215621158284797e+00 1.194091409561491481e-03
4.000000000000000222e-01 2.995979741674033914e+00 9.416032240727717885e-04
4.000000000000000222e-01 3.941609450209069720e+00 7.474341825922879148e-04
4.000000000000000222e-01 5.185710985247312443e+00 5.634656620285553212e-04
4.000000000000000222e-01 6.822491868413872673e+00 4.075330796259587834e-04
4.000000000000000222e-01 8.975894612521212679e+00 3.076197565817492059e-04
4.000000000000000222e-01 1.180898206241730009e+01 2.427197423071778752e-04
4.000000000000000222e-01 1.553628505797744452e+01 1.903344548859367362e-04
4.000000000000000222e-01 2.044004742550379206e+01 1.522921902954987850e-04
4.000000000000000222e-01 2.689159842251465449e+01 1.308161634191327071e-04
4.000000000000000222e-01 3.537947102879428485e+01 1.256289065350778777e-04
4.000000000000000222e-01 4.654639529457342206e+01 1.387599841476212976e-04
4.000000000000000222e-01 6.123796800566586285e+01 1.774609611675807190e-04
4.000000000000000222e-01 8.056668409508731088e+01 2.518310344081888582e-04
4.000000000000000222e-01 1.059961784734110779e+02 3.753682725412757905e-04
4.000000000000000222e-01 1.100806269397545663e+02 3.969527956137977208e-04
4.000000000000000222e-01 1.258870759362321508e+02 4.831680230079101043e-04
4.000000000000000222e-01 1.394520573504935612e+02 5.587549717336156218e-04
4.000000000000000222e-01 1.416935249327097210e+02 5.712475836655797222e-04
4.000000000000000222e-01 1.574999739291873198e+02 6.581448560798798834e-04
4.000000000000000222e-01 1.733064229256648900e+02 7.411601889074515698e-04
4.000000000000000222e-01 1.834677115662575773e+02 7.912937649109194225e-04
4.000000000000000222e-01 1.891128719221424603e+02 8.177168428853828167e-04
4.000000000000000222e-01 2.049193209186200306e+02 8.855404836392225107e-04
4.000000000000000222e-01 2.207257699150976009e+02 9.426623215696106018e-04
4.000000000000000222e-01 2.365322189115751996e+02 9.875608181901236824e-04
4.000000000000000222e-01 2.523386679080527983e+02 1.019089476778976908e-03
4.000000000000000222e-01 2.681451169045303686e+02 1.036622444758027346e-03
4.000000000000000222e-01 2.839515659010079389e+02 1.040032356592465821e-03
4.000000000000000222e-01 2.997580148974855092e+02 1.029644795167822778e-03
4.000000000000000222e-01 3.155644638939630795e+02 1.005523778898288669e-03
4.000000000000000222e-01 3.313709128904406498e+02 9.679638662690623037e-04
4.000000000000000222e-01 3.471773618869182769e+02 9.211019440471690132e-04
4.000000000000000222e-01 3.629838108833958472e+02 8.661393149416353075e-04
4.000000000000000222e-01 3.787902598798734175e+02 8.048173870745314873e-04
4.000000000000000222e-01 3.945967088763509878e+02 7.391215881826060548e-04
4.000000000000000222e-01 4.104031578728285581e+02 6.707850611619474912e-04
4.000000000000000222e-01 4.262096068693061284e+02 6.017211654111782925e-04
4.000000000000000222e-01 4.420160558657836987e+02 5.333839767307844808e-04
4.000000000000000222e-01 4.578225048622612690e+02 4.673352695700800545e-04
4.000000000000000222e-01 4.736289538587388961e+02 4.046244873294196779e-04
4.000000000000000222e-01 4.894354028552164664e+02 3.461721459157258507e-04
4.000000000000000222e-01 5.052418518516940367e+02 2.925760688647076769e-04
4.000000000000000222e-01 5.210483008481716070e+02 2.441962883287355796e-04
4.000000000000000222e-01 5.368547498446491772e+02 2.012424557844144104e-04
4.000000000000000222e-01 5.526611988411267475e+02 1.635908890429776073e-04
4.000000000000000222e-01 5.684676478376044315e+02 1.311360305330096189e-04
4.000000000000000222e-01 5.842740968340820018e+02 1.035338730593336764e-04
4.000000000000000222e-01 6.000805458305595721e+02 8.025998370923999314e-05
4.000000000000000222e-01 6.158869948270371424e+02 6.103188737361471880e-05
4.000000000000000222e-01 6.316934438235147127e+02 4.523941731279067241e-05
4.000000000000000222e-01 6.474998928199922830e+02 3.261948744204243208e-05
4.000000000000000222e-01 6.633063418164698533e+02 2.252363188548108099e-05
4.000000000000000222e-01 6.791127908129474235e+02 1.456244919386457981e-05
4.000000000000000222e-01 6.949192398094249938e+02 8.547171608552387044e-06
4.000000000000000222e-01 7.107256888059025641e+02 3.964967480153538200e-06
4.000000000000000222e-01 7.265321378023801344e+02 9.349302976072288541e-07
4.000000000000000222e-01 7.338708462650304227e+02 0.000000000000000000e+00
5.000000000000000000e-01 1.000000000000000000e+00 4.361525519085083721e-03
5.000000000000000000e-01 1.317341092589818796e+00 2.930912392701904776e-03
5.000000000000000000e-01 1.735387554225737761e+00 1.884706997172935468e-03
5.000000000000000000e-01 2.286097336750506859e+00 1.313944150067123708e-03
5.000000000000000000e-01 3.011569963361587998e+00 1.033757052777992645e-03
5.000000000000000000e-01 3.967264865945435037e+00 8.216670180174409383e-04
5.000000000000000000e-01 5.226241033097760891e+00 6.221112465157781213e-04
5.000000000000000000e-01 6.884742072678748492e+00 4.496713338878533580e-04
5.000000000000000000e-01 9.069553644221716837e+00 3.383197967291838863e-04
5.000000000000000000e-01 1.194769570698100658e+01 2.668905168056041042e-04
5.000000000000000000e-01 1.573919051656505275e+01 2.094479820189781545e-04
5.000000000000000000e-01 2.073388243157112854e+01 1.670161192929770823e-04
5.000000000000000000e-01 2.731359533603475143e+01 1.432508308489554032e-04
5.000000000000000000e-01 3.598132152252819083e+01 1.376453035846168782e-04
5.000000000000000000e-01 4.739967340731286782e+01 1.533640655828720500e-04
5.000000000000000000e-01 6.244153755479013057e+01 1.997497754510133396e-04
5.000000000000000000e-01 8.225680330541541707e+01 2.919664710129766714e-04
5.000000000000000000e-01 1.083602671393017545e+02 4.526898680930526169e-04
5.000000000000000000e-01 1.128282353796722788e+02 4.835940465363307295e-04
5.000000000000000000e-01 1.290292127675226652e+02 6.018114470946497700e-04
5.000000000000000000e-01 1.427474327066123863e+02 7.073899427124160505e-04
5.000000000000000000e-01 1.452301901553730374e+02 7.268292072312303479e-04
5.000000000000000000e-01 1.614311675432234097e+02 8.547176412077652245e-04
5.000000000000000000e-01 1.776321449310738103e+02 9.815532099667660052e-04
5.000000000000000000e-01 1.880470589661205452e+02 1.060625605403732507e-03
5.000000000000000000e-01 1.938331223189241541e+02 1.103301850884957002e-03
5.000000000000000000e-01 2.100340997067745548e+02 1.216176226658394546e-03
5.000000000000000000e-01 2.262350770946249554e+02 1.316493994936515947e-03
5.000000000000000000e-01 2.424360544824752992e+02 1.401214557659586713e-03
5.000000000000000000e-01 2.586370318703256999e+02 1.467631546053377919e-03
5.000000000000000000e-01 2.748380092581760437e+02 1.513862083333984178e-03
5.000000000000000000e-01 2.910389866460264443e+02 1.538711827735491375e-03
5.000000000000000000e-01 3.072399640338768450e+02 1.541964449725476962e-03
5.000000000000000000e-01 3.234409414217271888e+02 1.522900660992452821e-03
5.000000000000000000e-01 3.396419188095775894e+02 1.483491754401018844e-03
5.000000000000000000e-01 3.558428961974279900e+02 1.426409906594002137e-03
5.000000000000000000e-01 3.720438735852783338e+02 1.353847263759586040e-03
5.000000000000000000e-01 3.882448509731287345e+02 1.268709835666293568e-03
5.000000000000000000e-01 4.044458283609790783e+02 1.174027198861229363e-03
5.000000000000000000e-01 4.206468057488294789e+02 1.072833034351009050e-03
5.000000000000000000e-01 4.368477831366798227e+02 9.682867404852768881e-04
5.000000000000000000e-01 4.530487605245302234e+02 8.630916440168607488e-04
5.000000000000000000e-01 4.692497379123806240e+02 7.598907994938525678e-04
5.000000000000000000e-01 4.854507153002309678e+02 6.608663532708612112e-04
5.000000000000000000e-01 5.016516926880813685e+02 5.676223831996280019e-04
5.000000000000000000e-01 5.178526700759317691e+02 4.814446902359051958e-04
5.000000000000000000e-01 5.340536474637821129e+02 4.032354900325321821e-04
5.000000000000000000e-01 5.502546248516325704e+02 3.333348998553715492e-04
5.000000000000000000e-01 5.664556022394829142e+02 2.719058465898053860e-04
5.000000000000000000e-01 5.826565796273332580e+02 2.187596082548294086e-04
5.000000000000000000e-01 5.988575570151837155e+02 1.733870134023273151e-04
5.000000000000000000e-01 6.150585344030340593e+02 1.351779979057920133e-04
5.000000000000000000e-01 6.312595117908844031e+02 1.035186577939330594e-04
5.000000000000000000e-01 6.474604891787347469e+02 7.755143914411566038e-05
5.000000000000000000e-01 6.636614665665852044e+02 5.665624433490736950e-05
5.000000000000000000e-01 6.798624439544355482e+02 3.989214845657112980e-05
5.000000000000000000e-01 6.960634213422858920e+02 2.666008295054023435e-05
5.000000000000000000e-01 7.122643987301363495e+02 1.641434000845076551e-05
5.000000000000000000e-01 7.284653761179866933e+02 8.431874596973571484e-06
5.000000000000000000e-01 7.446663535058370371e+02 2.405906426215133591e-06
5.000000000000000000e-01 7.521882358644818396e+02 0.000000000000000000e+00
6.000000000000000888e-01 1.000000000000000000e+00 3.759904281139465985e-03
6.000000000000000888e-01 1.317456937002269290e+00 2.511592259913091908e-03
6.000000000000000888e-01 1.735692780855401463e+00 1.612711528127217485e-03
6.000000000000000888e-01 2.286700494642708303e+00 1.139699788189956105e-03
6.000000000000000888e-01 3.012629429513556722e+00 9.021294443456168285e-04
6.000000000000000888e-01 3.969009540529824687e+00 7.161444266714524481e-04
6.000000000000000888e-01 5.228999152199206080e+00 5.378397366402766890e-04
6.000000000000000888e-01 6.888981206643829402e+00 3.892996526740058927e-04
6.000000000000000888e-01 9.075936079571178539e+00 2.954726632918681733e-04
6.000000000000000888e-01 1.195715494782022681e+01 2.336800692195411221e-04
6.000000000000000888e-01 1.575303673281677064e+01 1.833618723846997119e-04
6.000000000000000888e-01 2.075394752250101504e+01 1.483346492899504927e-04
6.000000000000000888e-01 2.734243213370001513e+01 1.299970505832917012e-04
6.000000000000000888e-01 3.602247688905686118e+01 1.293826210122852314e-04
6.000000000000000888e-01 4.745806206549187323e+01 1.509148902380317962e-04
6.000000000000000888e-01 6.252395308486654102e+01 2.067406944775144930e-04
6.000000000000000888e-01 8.237261572046183744e+01 3.163713653988050418e-04
6.000000000000000888e-01 1.085223739999446764e+02 5.117744699807199194e-04
6.000000000000000888e-01 1.130169006677962358e+02 5.502060291371060549e-04
6.000000000000000888e-01 1.292449684559926197e+02 6.989006949282356362e-04
6.000000000000000888e-01 1.429735544461817085e+02 8.342278757199396997e-04
6.000000000000000888e-01 1.454730362441890179e+02 8.595800283977018128e-04
6.000000000000000888e-01 1.617011040323853877e+02 1.027719762640539550e-03
6.000000000000000888e-01 1.779291718205817574e+02 1.198353081989194388e-03
6.000000000000000888e-01 1.883615011129938068e+02 1.306869204706036193e-03
6.000000000000000888e-01 1.941572396087781556e+02 1.366158848122561026e-03
6.000000000000000888e-01 2.103853073969745537e+02 1.525820973885222897e-03
6.000000000000000888e-01 2.266133751851709235e+02 1.672133093120192890e-03
6.000000000000000888e-01 2.428414429733672932e+02 1.800304083425994161e-03
6.000000000000000888e-01 2.590695107615636630e+02 1.906095019854714238e-03
6.000000000000000888e-01 2.752975785497600896e+02 1.986174661945509096e-03
6.000000000000000888e-01 2.915256463379564593e+02 2.038243044245751073e-03
6.000000000000000888e-01 3.077537141261528291e+02 2.061036879907391338e-03
6.000000000000000888e-01 3.239817819143491988e+02 2.054209799153090907e-03
6.000000000000000888e-01 3.402098497025456254e+02 2.018375118555616483e-03
6.000000000000000888e-01 3.564379174907419952e+02 1.956181212700112276e-03
6.000000000000000888e-01 3.726659852789383649e+02 1.870750660841212281e-03
6.000000000000000888e-01 3.888940530671347346e+02 1.765708519451171261e-03
6.000000000000000888e-01 4.051221208553311044e+02 1.645114451427158279e-03
6.000000000000000888e-01 4.213501886435275310e+02 1.513269414645760031e-03
6.000000000000000888e-01 4.375782564317239007e+02 1.374353409083889192e-03
6.000000000000000888e-01 4.538063242199202705e+02 1.232627402079815001e-03
6.000000000000000888e-01 4.700343920081166971e+02 1.091690280805586010e-03
6.000000000000000888e-01 4.862624597963130668e+02 9.548962272281875463e-04
6.000000000000000888e-01 5.024905275845094366e+02 8.248629841189603594e-04
6.000000000000000888e-01 5.187185953727058632e+02 7.036501432291263677e-04
6.000000000000000888e-01 5.349466631609021761e+02 5.927145299272928471e-04
6.000000000000000888e-01 5.511747309490986027e+02 4.928962919014270123e-04
6.000000000000000888e-01 5.674027987372950292e+02 4.045425640927943702e-04
6.000000000000000888e-01 5.836308665254913421e+02 3.275844463215709691e-04
6.000000000000000888e-01 5.998589343136877687e+02 2.614871001286069832e-04
6.000000000000000888e-01 6.160870021018841953e+02 2.055816131350111692e-04
6.000000000000000888e-01 6.323150698900805082e+02 1.589379319558073393e-04
6.000000000000000888e-01 6.485431376782769348e+02 1.205578278715225063e-04
6.000000000000000888e-01 6.647712054664732477e+02 8.931442259862855512e-05
6.000000000000000888e-01 6.809992732546696743e+02 6.419604090784210260e-05
6.000000000000000888e-01 6.972273410428659872e+02 4.417789876131778410e-05
6.000000000000000888e-01 7.134554088310624138e+02 2.828517987541852977e-05
6.000000000000000888e-01 7.296834766192588404e+02 1.550284550877002447e-05
6.000000000000000888e-01 7.459115444074551533e+02 4.460884450980857438e-06
6.000000000000000888e-01 7.534460044519748863e+02 0.000000000000000000e+00
7.000000000000000666e-01 1.000000000000000000e+00 2.519592464893069105e-03
7.000000000000000666e-01 1.317464341497630587e+00 1.720317084913553255e-03
7.000000000000000666e-01 1.735712291117785577e+00 1.117017054133848108e-03
7.000000000000000666e-01 2.286739050646836802e+00 8.153544372851461493e-04
7.000000000000000666e-01 3.012697157537352233e+00 6.483467762423481256e-04
7.000000000000000666e-01 3.969121076786731983e+00 5.119106551594460866e-04
7.000000000000000666e-01 5.229175485753197350e+00 3.769051070013852071e-04
7.000000000000000666e-01 6.889252237913389365e+00 2.742225132905037606e-04
7.000000000000000666e-01 9.076344163033642332e+00 2.126431133032770967e-04
7.000000000000000666e-01 1.195775978595697886e+01 1.686187401772994338e-04
7.000000000000000666e-01 1.575392212219266597e+01 1.336433930055045988e-04
7.000000000000000666e-01 2.075523063471951346e+01 1.111073572465701408e-04
7.000000000000000666e-01 2.734427626080218943e+01 1.026052466082193979e-04
7.000000000000000666e-01 3.602510891766706180e+01 1.098416550557356820e-04
7.000000000000000666e-01 4.746179639759464663e+01 1.395322644065312477e-04
7.000000000000000666e-01 6.252922433725166940e+01 2.056074289034486035e-04
7.000000000000000666e-01 8.238002336583487306e+01 3.321002720324511934e-04
7.000000000000000666e-01 1.085327432362291091e+02 5.587386029470663281e-04
7.000000000000000666e-01 1.130289698543121091e+02 6.037931349388026827e-04
7.000000000000000666e-01 1.292587706539056285e+02 7.788596836517558842e-04
7.000000000000000666e-01 1.429880190986499144e+02 9.397264071287016228e-04
7.000000000000000666e-01 1.454885714534991621e+02 9.700320895962130565e-04
7.000000000000000666e-01 1.617183722530926957e+02 1.172073646168804049e-03
7.000000000000000666e-01 1.779481730526862293e+02 1.378968343338377641e-03
7.000000000000000666e-01 1.883816164238535009e+02 1.511552859533350952e-03
7.000000000000000666e-01 1.941779738522797629e+02 1.584301910825662487e-03
7.000000000000000666e-01 2.104077746518732965e+02 1.781394906764795141e-03
7.000000000000000666e-01 2.266375754514668301e+02 1.963640828985015619e-03
7.000000000000000666e-01 2.428673762510603638e+02 2.124903559840791815e-03
7.000000000000000666e-01 2.590971770506538974e+02 2.259740166054524397e-03
7.000000000000000666e-01 2.753269778502474310e+02 2.363760593506941850e-03
7.000000000000000666e-01 2.915567786498409646e+02 2.433839409087780285e-03
7.000000000000000666e-01 3.077865794494344982e+02 2.468191331551177793e-03
7.000000000000000666e-01 3.240163802490280318e+02 2.466426411032823524e-03
7.000000000000000666e-01 3.402461810486215654e+02 2.429632512653311874e-03
7.000000000000000666e-01 3.564759818482150990e+02 2.359707395318458908e-03
7.000000000000000666e-01 3.727057826478086326e+02 2.260484164594028615e-03
7.000000000000000666e-01 3.889355834474021663e+02 2.136521313279246027e-03
7.000000000000000666e-01 4.051653842469956999e+02 1.992972047593005464e-03
7.000000000000000666e-01 4.213951850465892335e+02 1.834955573734442860e-03
7.000000000000000666e-01 4.376249858461827671e+02 1.667821033152030270e-03
7.000000000000000666e-01 4.538547866457763007e+02 1.496720601636446386e-03
7.000000000000000666e-01 4.700845874453698343e+02 1.326342539714284218e-03
7.000000000000000666e-01 4.863143882449633679e+02 1.160586925824154663e-03
7.000000000000000666e-01 5.025441890445569015e+02 1.002823276769281881e-03
7.000000000000000666e-01 5.187739898441504920e+02 8.556446681202790677e-04
7.000000000000000666e-01 5.350037906437439688e+02 7.208971062790823971e-04
7.000000000000000666e-01 5.512335914433375592e+02 5.995898142119233422e-04
7.000000000000000666e-01 5.674633922429310360e+02 4.921476106133703754e-04
7.000000000000000666e-01 5.836931930425246264e+02 3.985687821992952131e-04
7.000000000000000666e-01 5.999229938421181032e+02 3.182239164182626380e-04
7.000000000000000666e-01 6.161527946417116937e+02 2.502141445924551560e-04
7.000000000000000666e-01 6.323825954413051704e+02 1.934095555136669585e-04
7.000000000000000666e-01 6.486123962408986472e+02 1.465812782827564963e-04
7.000000000000000666e-01 6.648421970404922376e+02 1.083957588216827436e-04
7.000000000000000666e-01 6.810719978400858281e+02 7.747942017380393415e-05
7.000000000000000666e-01 6.973017986396793049e+02 5.239556220475246083e-05
7.000000000000000666e-01 7.135315994392727816e+02 3.218718293438309103e-05
7.000000000000000666e-01 7.297614002388663721e+02 1.651941461253669853e-05
7.000000000000000666e-01 7.459912010384599625e+02 4.464642037645919710e-06
7.000000000000000666e-01 7.535264656954141174e+02 0.000000000000000000e+00
8.000000000000000444e-01 1.000000000000000000e+00 1.652524579969327388e-03
8.000000000000000444e-01 1.317466588172649056e+00 1.070109149118230862e-03
8.000000000000000444e-01 1.735718210951280316e+00 7.104748272145451279e-04
8.000000000000000444e-01 2.286750749411117667e+00 5.393132455129768426e-04
8.000000000000000444e-01 3.012717707827913483e+00 4.323906397683779219e-04
8.000000000000000444e-01 3.969154919659364733e+00 3.325318923592859160e-04
8.000000000000000444e-01 5.229228989932308558e+00 2.389461313998564622e-04
8.000000000000000444e-01 6.889334476139625352e+00 1.791326696943124075e-04
8.000000000000000444e-01 9.076467987059876563e+00 1.407631204026831787e-04
8.000000000000000444e-01 1.195794331157004642e+01 1.118432975715420935e-04
8.000000000000000444e-01 1.575419077625613795e+01 9.050311190880979870e-05
8.000000000000000444e-01 2.075561997141519299e+01 7.879878306158704933e-05
8.000000000000000444e-01 2.734483582914847233e+01 7.873629311996310234e-05
8.000000000000000444e-01 3.602590756396945437e+01 9.252176427405110033e-05
8.000000000000000444e-01 4.746292952412604649e+01 1.292135178443507178e-04
8.000000000000000444e-01 6.253082382482924118e+01 2.035828802202312333e-04
8.000000000000000444e-01 8.238227112012278042e+01 3.432458220232869478e-04
8.000000000000000444e-01 1.085358896585422741e+02 5.938427957917096801e-04
8.000000000000000444e-01 1.130326321332784119e+02 6.438109397984188593e-04
8.000000000000000444e-01 1.292629587985696844e+02 8.384467816083383427e-04
8.000000000000000444e-01 1.429924082427228029e+02 1.017821557223798270e-03
8.000000000000000444e-01 1.454932854638609285e+02 1.051654479006131808e-03
8.000000000000000444e-01 1.617236121291522011e+02 1.277636604132185646e-03
8.000000000000000444e-01 1.779539387944434452e+02 1.509430228998545143e-03
8.000000000000000444e-01 1.883877202221306106e+02 1.658062473299539612e-03
8.000000000000000444e-01 1.941842654597347178e+02 1.739620406315915907e-03
8.000000000000000444e-01 2.104145921250259903e+02 1.960557884335085554e-03
8.000000000000000444e-01 2.266449187903172628e+02 2.164661043541650769e-03
8.000000000000000444e-01 2.428752454556085070e+02 2.344924353094494582e-03
8.000000000000000444e-01 2.591055721208997511e+02 2.495161943985274144e-03
8.000000000000000444e-01 2.753358987861910236e+02 2.610434640809992761e-03
8.000000000000000444e-01 2.915662254514822962e+02 2.687317131031088154e-03
8.000000000000000444e-01 3.077965521167735687e+02 2.723900493766803939e-03
8.000000000000000444e-01 3.240268787820648413e+02 2.719956428690511411e-03
8.000000000000000444e-01 3.402572054473561138e+02 2.676905896313887517e-03
8.000000000000000444e-01 3.564875321126473295e+02 2.597623209239903475e-03
8.000000000000000444e-01 3.727178587779386021e+02 2.486130548567054652e-03
8.000000000000000444e-01 3.889481854432298746e+02 2.347045528217625750e-03
8.000000000000000444e-01 4.051785121085211472e+02 2.186245393986368125e-03
8.000000000000000444e-01 4.214088387738123629e+02 2.009789771311431064e-03
8.000000000000000444e-01 4.376391654391036354e+02 1.823822005244518044e-03
8.000000000000000444e-01 4.538694921043949080e+02 1.633952443583530081e-03
8.000000000000000444e-01 4.700998187696861805e+02 1.445368716370698482e-03
8.000000000000000444e-01 4.863301454349774531e+02 1.262509930720617313e-03
8.000000000000000444e-01 5.025604721002687256e+02 1.088904825212885785e-03
8.000000000000000444e-01 5.187907987655598845e+02 9.273860246586871888e-04
8.000000000000000444e-01 5.350211254308512707e+02 7.798020515773476571e-04
8.000000000000000444e-01 5.512514520961424296e+02 6.472619944808944391e-04
8.000000000000000444e-01 5.674817787614338158e+02 5.301101684718499468e-04
8.000000000000000444e-01 5.837121054267249747e+02 4.282196475677577455e-04
8.000000000000000444e-01 5.999424320920162472e+02 3.408135857197022093e-04
8.000000000000000444e-01 6.161727587573075198e+02 2.668103443087680490e-04
8.000000000000000444e-01 6.324030854225987923e+02 2.047683122785084195e-04
8.000000000000000444e-01 6.486334120878900649e+02 1.534422583891405679e-04
8.000000000000000444e-01 6.648637387531813374e+02 1.118870254953290954e-04
8.000000000000000444e-01 6.810940654184726100e+02 7.872358185813323368e-05
8.000000000000000444e-01 6.973243920837638825e+02 5.256157189932778126e-05
8.000000000000000444e-01 7.135547187490551551e+02 3.223959268694647840e-05
8.000000000000000444e-01 7.297850454143463139e+02 1.650721762294401809e-05
8.000000000000000444e-01 7.460153720796375865e+02 4.447572153825979608e-06
8.000000000000000444e-01 7.535508808885227836e+02 0.000000000000000000e+00
9.000000000000000222e-01 1.000000000000000000e+00 1.121152016086868859e-03
9.000000000000000222e-01 1.317467479624749860e+00 7.209641659330236598e-04
9.000000000000000222e-01 1.735720559868790813e+00 4.855639438598478093e-04
9.000000000000000222e-01 2.286755391343195498e+00 3.851644710988769366e-04
9.000000000000000222e-01 3.012725861951228712e+00 3.069894545448713309e-04
9.000000000000000222e-01 3.969168348145187153e+00 2.270216793787029465e-04
9.000000000000000222e-01 5.229250219837171976e+00 1.652625182619628635e-04
9.000000000000000222e-01 6.889367107456047634e+00 1.250037076672869888e-04
9.000000000000000222e-01 9.076517119269773559e+00 9.936437412770420549e-05
9.000000000000000222e-01 1.195801613289524390e+01 8.010562616250097923e-05
9.000000000000000222e-01 1.575429737591759505e+01 6.603767742546841368e-05
9.000000000000000222e-01 2.075577445710896285e+01 6.067570264792088993e-05
9.000000000000000222e-01 2.734505786166710806e+01 6.479435935769863096e-05
9.000000000000000222e-01 3.602622446120351896e+01 8.320280544053872151e-05
9.000000000000000222e-01 4.746337914129730962e+01 1.235458828787716612e-04
9.000000000000000222e-01 6.253145849175889737e+01 2.028893446021742038e-04
9.000000000000000222e-01 8.238316301639726191e+01 3.508219880948676124e-04
9.000000000000000222e-01 1.085371381427277981e+02 6.159315532329405875e-04
9.000000000000000222e-01 1.130340853101910312e+02 6.687969470542538515e-04
9.000000000000000222e-01 1.292646206367825528e+02 8.750661929200036215e-04
9.000000000000000222e-01 1.429941498345829132e+02 1.065255786144335371e-03
9.000000000000000222e-01 1.454951559633740885e+02 1.101131198293742739e-03
9.000000000000000222e-01 1.617256912899656243e+02 1.340606033742223905e-03
9.000000000000000222e-01 1.779562266165571600e+02 1.585979056114899784e-03
9.000000000000000222e-01 1.883901421836517898e+02 1.743148535552697595e-03
9.000000000000000222e-01 1.941867619431486958e+02 1.829279707081648719e-03
9.000000000000000222e-01 2.104172972697402315e+02 2.062179143188012584e-03
9.000000000000000222e-01 2.266478325963317388e+02 2.276601324418253604e-03
9.000000000000000222e-01 2.428783679229233030e+02 2.465040523633001048e-03
9.000000000000000222e-01 2.591089032495148103e+02 2.621052454843825815e-03
9.000000000000000222e-01 2.753394385761063745e+02 2.739551108360365611e-03
9.000000000000000222e-01 2.915699739026978818e+02 2.817077400998355911e-03
9.000000000000000222e-01 3.078005092292893892e+02 2.851796256386237519e-03
9.000000000000000222e-01 3.240310445558809533e+02 2.843752937067422527e-03
9.000000000000000222e-01 3.402615798824724607e+02 2.794679384287483345e-03
9.000000000000000222e-01 3.564921152090640248e+02 2.707814049919814604e-03
9.000000000000000222e-01 3.727226505356555322e+02 2.587649371903131146e-03
9.000000000000000222e-01 3.889531858622470395e+02 2.439611729317833072e-03
9.000000000000000222e-01 4.051837211888386037e+02 2.269795703593777223e-03
9.000000000000000222e-01 4.214142565154301110e+02 2.084329039389088128e-03
9.000000000000000222e-01 4.376447918420216752e+02 1.889109316832292534e-03
9.000000000000000222e-01 4.538753271686131825e+02 1.690048277637452509e-03
9.000000000000000222e-01 4.701058624952047467e+02 1.492775771437251540e-03
9.000000000000000222e-01 4.863363978217962540e+02 1.301827142493348476e-03
9.000000000000000222e-01 5.025669331483877613e+02 1.120930973696845608e-03
9.000000000000000222e-01 5.187974684749793823e+02 9.529020833286619419e-04
9.000000000000000222e-01 5.350280038015708897e+02 7.996717534632957237e-04
9.000000000000000222e-01 5.512585391281623970e+02 6.618421698462226407e-04
9.000000000000000222e-01 5.674890744547539043e+02 5.399445005198624196e-04
9.000000000000000222e-01 5.837196097813455253e+02 4.341075087523894285e-04
9.000000000000000222e-01 5.999501451079370327e+02 3.439261327620420148e-04
9.000000000000000222e-01 6.161806804345285400e+02 2.681231803552387130e-04
9.000000000000000222e-01 6.324112157611200473e+02 2.050044692763961212e-04
9.000000000000000222e-01 6.486417510877115546e+02 1.535247015597754317e-04
9.000000000000000222e-01 6.648722864143030620e+02 1.119490333997788685e-04
9.000000000000000222e-01 6.811028217408946830e+02 7.869576682992702197e-05
9.000000000000000222e-01 6.973333570674861903e+02 5.253781130219276697e-05
9.000000000000000222e-01 7.135638923940776976e+02 3.223965741508669810e-05
9.000000000000000222e-01 7.297944277206692050e+02 1.654475826575560430e-05
9.000000000000000222e-01 7.460249630472608260e+02 4.528651799694358333e-06
9.000000000000000222e-01 7.535605687346069317e+02 0.000000000000000000e+00
1.000000000000000000e+00 1.000000000000000000e+00 9.676704922207097310e-04
1.000000000000000000e+00 1.317467728129859905e+00 6.134398138063207459e-04
1.000000000000000000e+00 1.735721214663654477e+00 3.963222653320439383e-04
1.000000000000000000e+00 2.286756685349725871e+00 3.419157767744765907e-04
1.000000000000000000e+00 3.012728135033472032e+00 2.706905723952247769e-04
1.000000000000000000e+00 3.969172091535458247e+00 1.941728629747073161e-04
1.000000000000000000e+00 5.229256137991664666e+00 1.435377557306129410e-04
1.000000000000000000e+00 6.889376203929002962e+00 1.033109890149751670e-04
1.000000000000000000e+00 9.076530815622261272e+00 8.790833139549817353e-05
1.000000000000000000e+00 1.195803643295852758e+01 6.834984498245257121e-05
1.000000000000000000e+00 1.575432709222396532e+01 5.891585959108961351e-05
1.000000000000000000e+00 2.075581752240700695e+01 5.352746476071461166e-05
1.000000000000000000e+00 2.734511975672349848e+01 6.112387595897612121e-05
1.000000000000000000e+00 3.602631280132945335e+01 8.016325544649296293e-05
1.000000000000000000e+00 4.746350447926320015e+01 1.213106615375866620e-04
1.000000000000000000e+00 6.253163541537631431e+01 2.030967147258876809e-04
1.000000000000000000e+00 8.238341164694051599e+01 3.536616749311201216e-04
1.000000000000000000e+00 1.085374861780817639e+02 6.235188997824475405e-04
1.000000000000000000e+00 1.130344904073358521e+02 6.774190479460556139e-04
1.000000000000000000e+00 1.292650839017225337e+02 8.874367155480570235e-04
1.000000000000000000e+00 1.429946353319635080e+02 1.080979527769824295e-03
1.000000000000000000e+00 1.454956773961092154e+02 1.117530897701621631e-03
1.000000000000000000e+00 1.617262708904959254e+02 1.361359605953132859e-03
1.000000000000000000e+00 1.779568643848825786e+02 1.610975096878178173e-03
1.000000000000000000e+00 1.883908173455596682e+02 1.770735876113950979e-03
1.000000000000000000e+00 1.941874578792692887e+02 1.858235584596816450e-03
1.000000000000000000e+00 2.104180513736559703e+02 2.094552870655599659e-03
1.000000000000000000e+00 2.266486448680426520e+02 2.311810096630999723e-03
1.000000000000000000e+00 2.428792383624293336e+02 2.502363236710220071e-03
1.000000000000000000e+00 2.591098318568160153e+02 2.659594925549674596e-03
1.000000000000000000e+00 2.753404253512027253e+02 2.778498351127024497e-03
1.000000000000000000e+00 2.915710188455893785e+02 2.855623887690276162e-03
1.000000000000000000e+00 3.078016123399760886e+02 2.889185767665967963e-03
1.000000000000000000e+00 3.240322058343627987e+02 2.879338014494915200e-03
1.000000000000000000e+00 3.402627993287494519e+02 2.828039251787058724e-03
1.000000000000000000e+00 3.564933928231361051e+02 2.738250351345377937e-03
1.000000000000000000e+00 3.727239863175228152e+02 2.615177182932448049e-03
1.000000000000000000e+00 3.889545798119095252e+02 2.464104647132149030e-03
1.000000000000000000e+00 4.051851733062961785e+02 2.291241303718757026e-03
1.000000000000000000e+00 4.214157668006828885e+02 2.102965904592151661e-03
1.000000000000000000e+00 4.376463602950695417e+02 1.905550702649510403e-03
1.000000000000000000e+00 4.538769537894562518e+02 1.704978875426085144e-03
1.000000000000000000e+00 4.701075472838429050e+02 1.506619776031419521e-03
1.000000000000000000e+00 4.863381407782296151e+02 1.314135583252571586e-03
1.000000000000000000e+00 5.025687342726163251e+02 1.128464216826350307e-03
1.000000000000000000e+00 5.187993277670029784e+02 9.573120455562443088e-04
1.000000000000000000e+00 5.350299212613897453e+02 8.033845263035843502e-04
1.000000000000000000e+00 5.512605147557762848e+02 6.607726598976582273e-04
1.000000000000000000e+00 5.674911082501630517e+02 5.399262676111155936e-04
1.000000000000000000e+00 5.837217017445497049e+02 4.337785018781927654e-04
1.000000000000000000e+00 5.999522952389363581e+02 3.448259612036555619e-04
1.000000000000000000e+00 6.161828887333231251e+02 2.684819968396504769e-04
1.000000000000000000e+00 6.324134822277097783e+02 2.031636355313046313e-04
1.000000000000000000e+00 6.486440757220964315e+02 1.538421571518076348e-04
1.000000000000000000e+00 6.648746692164831984e+02 1.124735620219483137e-04
1.000000000000000000e+00 6.811052627108698516e+02 7.933069255192898663e-05
1.000000000000000000e+00 6.973358562052565048e+02 5.265894651040046900e-05
1.000000000000000000e+00 7.135664496996431581e+02 3.279657935512814436e-05
1.000000000000000000e+00 7.297970431940299250e+02 1.608831745642094190e-05
1.000000000000000000e+00 7.460276366884165782e+02 4.735256657389006665e-06
1.000000000000000000e+00 7.535632693822390138e+02 0.000000000000000000e+00
