# mx [GeV]: 30.0
# sigma_p [cm^2]: 3.98107170553e-31
# depth [m]: 10.6
# target: full
# Columns: gamma/pi, v [km/s], f(v, gamma) [s/km]
0.000000000000000000e+00 1.000000000000000000e+00 6.312703354508989242e-03
0.000000000000000000e+00 1.132172226193306930e+00 6.154100678603453833e-03
0.000000000000000000e+00 1.281813949763508598e+00 5.814563212667285715e-03
0.000000000000000000e+00 1.451234153069387078e+00 5.381050456365751682e-03
0.000000000000000000e+00 1.643047001808326302e+00 5.197176981891310846e-03
0.000000000000000000e+00 1.860212181777571194e+00 4.257023639814656521e-03
0.000000000000000000e+00 2.106080567035021112e+00 4.136693845302966827e-03
0.000000000000000000e+00 2.384445924122502003e+00 3.928415463182583639e-03
0.000000000000000000e+00 2.699603450151330186e+00 3.680759660481379685e-03
0.000000000000000000e+00 3.056416047996963758e+00 3.243502020500446496e-03
0.000000000000000000e+00 3.460389361233671135e+00 3.130984128716561132e-03
0.000000000000000000e+00 3.917756726603560669e+00 2.970306421265788994e-03
0.000000000000000000e+00 4.435575354842557161e+00 2.751505212851371087e-03
0.000000000000000000e+00 5.021835223940263937e+00 2.533417225380278723e-03
0.000000000000000000e+00 5.685582365064412613e+00 2.346871863962470949e-03
0.000000000000000000e+00 6.345833745595531816e+00 2.240558693215355477e-03
0.000000000000000000e+00 6.437058443460384360e+00 2.225246043356684730e-03
0.000000000000000000e+00 7.257030385988736398e+00 2.079798072446702607e-03
0.000000000000000000e+00 7.287858788068965588e+00 2.074492999792267901e-03
0.000000000000000000e+00 8.168227026381940092e+00 1.894261256782904133e-03
0.000000000000000000e+00 8.251111308270495215e+00 1.882925430629016524e-03
0.000000000000000000e+00 9.079423666775145563e+00 1.767515597890244360e-03
0.000000000000000000e+00 9.341679058453378204e+00 1.667343929065383387e-03
0.000000000000000000e+00 9.990620307168349257e+00 1.600929515697903502e-03
0.000000000000000000e+00 1.057638957599255569e+01 1.536788239696242325e-03
0.000000000000000000e+00 1.090181694756155295e+01 1.515414184159365575e-03
0.000000000000000000e+00 1.181301358795475842e+01 1.362180654346887166e-03
0.000000000000000000e+00 1.272421022834796389e+01 1.274165794489390139e-03
0.000000000000000000e+00 1.363540686874116759e+01 1.165839738975733364e-03
0.000000000000000000e+00 1.454660350913437128e+01 1.083533823666616488e-03
0.000000000000000000e+00 1.545780014952757497e+01 9.796054034059606917e-04
0.000000000000000000e+00 1.636899678992078222e+01 9.075188248657522615e-04
0.000000000000000000e+00 1.728019343031398591e+01 8.077541920640982868e-04
0.000000000000000000e+00 1.819139007070718961e+01 7.473011213650012936e-04
0.000000000000000000e+00 1.910258671110039330e+01 6.658321129905314184e-04
0.000000000000000000e+00 2.001378335149360055e+01 6.136580459127038674e-04
0.000000000000000000e+00 2.092497999188680424e+01 5.529760501702656733e-04
0.000000000000000000e+00 2.183617663228000794e+01 5.066353822585897620e-04
0.000000000000000000e+00 2.274737327267321163e+01 4.435555576267131875e-04
0.000000000000000000e+00 2.365856991306641532e+01 4.743455578210508381e-04
0.000000000000000000e+00 2.456976655345961902e+01 3.566782619285852420e-04
0.000000000000000000e+00 2.548096319385282627e+01 3.166969901737091302e-04
0.000000000000000000e+00 2.639215983424602996e+01 2.881832471731708895e-04
0.000000000000000000e+00 2.730335647463923365e+01 2.476020289138285038e-04
0.000000000000000000e+00 2.821455311503243735e+01 2.246705167328171546e-04
0.000000000000000000e+00 2.912574975542564104e+01 1.942160532357626527e-04
0.000000000000000000e+00 3.003694639581884829e+01 1.705318589617717707e-04
0.000000000000000000e+00 3.094814303621205198e+01 1.435336836041879282e-04
0.000000000000000000e+00 3.185933967660525568e+01 1.250553464510314387e-04
0.000000000000000000e+00 3.277053631699845937e+01 1.058462867886460971e-04
0.000000000000000000e+00 3.368173295739166662e+01 9.563644664603559032e-05
0.000000000000000000e+00 3.459292959778487386e+01 7.866717544770378018e-05
0.000000000000000000e+00 3.550412623817807400e+01 6.037309913101376771e-05
0.000000000000000000e+00 3.641532287857128125e+01 4.968325839086361535e-05
0.000000000000000000e+00 3.732651951896448139e+01 4.205848788710480376e-05
0.000000000000000000e+00 3.823771615935768864e+01 3.290077153617979993e-05
0.000000000000000000e+00 3.914891279975089589e+01 2.333103523847105708e-05
0.000000000000000000e+00 4.006010944014410313e+01 1.637279236361776114e-05
0.000000000000000000e+00 4.097130608053730327e+01 7.799368165698818969e-06
0.000000000000000000e+00 4.188250272093051052e+01 2.940250780650942919e-06
0.000000000000000000e+00 4.230555830397021566e+01 0.000000000000000000e+00
1.000000000000000056e-01 1.000000000000000000e+00 7.661320017232356276e-03
1.000000000000000056e-01 1.134256474765810818e+00 6.826582129809977313e-03
1.000000000000000056e-01 1.286537750548164327e+00 6.507740527228834948e-03
1.000000000000000056e-01 1.459263773589896784e+00 6.110591415678118948e-03
1.000000000000000056e-01 1.655179383585530628e+00 5.459061041151045540e-03
1.000000000000000056e-01 1.877397932730771712e+00 5.019393758206264732e-03
1.000000000000000056e-01 2.129450760911825835e+00 4.570703537810728856e-03
1.000000000000000056e-01 2.415343313259220803e+00 4.358858942720709832e-03
1.000000000000000056e-01 2.739618791846577306e+00 4.040525864869578404e-03
1.000000000000000056e-01 3.107430353042068383e+00 3.751987829221662719e-03
1.000000000000000056e-01 3.524622997821775794e+00 3.447843194689309294e-03
1.000000000000000056e-01 3.997826456387831406e+00 3.260723075765825998e-03
1.000000000000000056e-01 4.534560543147954093e+00 3.034019464049556372e-03
1.000000000000000056e-01 5.143354656283138482e+00 2.814812606648522085e-03
1.000000000000000056e-01 5.833883320906030789e+00 2.620246087354425029e-03
1.000000000000000056e-01 6.571512291876907774e+00 2.424975287611706373e-03
1.000000000000000056e-01 6.617119929765935993e+00 2.415821673185619516e-03
1.000000000000000056e-01 7.505511124638900355e+00 2.245813126151371183e-03
1.000000000000000056e-01 7.515114056864360847e+00 2.243795678900834673e-03
1.000000000000000056e-01 8.458715821851814809e+00 2.031150110632883726e-03
1.000000000000000056e-01 8.513174589548494708e+00 1.952652925274168949e-03
1.000000000000000056e-01 9.402317586839266994e+00 1.903151400806016910e-03
1.000000000000000056e-01 9.656123399007155328e+00 1.866953512352188425e-03
1.000000000000000056e-01 1.034591935182672096e+01 1.748180163666348055e-03
1.000000000000000056e-01 1.095252048646151444e+01 1.654729278673009330e-03
1.000000000000000056e-01 1.128952111681417492e+01 1.613588380422985216e-03
1.000000000000000056e-01 1.223312288180162710e+01 1.492393827896365674e-03
1.000000000000000056e-01 1.317672464678908284e+01 1.364451299353496884e-03
1.000000000000000056e-01 1.412032641177653502e+01 1.262303069351639008e-03
1.000000000000000056e-01 1.506392817676398721e+01 1.154752730664544919e-03
1.000000000000000056e-01 1.600752994175144295e+01 1.058862141504354933e-03
1.000000000000000056e-01 1.695113170673889513e+01 9.614300952485836400e-04
1.000000000000000056e-01 1.789473347172634732e+01 8.808901873739229680e-04
1.000000000000000056e-01 1.883833523671380306e+01 8.000288968826406834e-04
1.000000000000000056e-01 1.978193700170125524e+01 7.242987932230523021e-04
1.000000000000000056e-01 2.072553876668870743e+01 6.552104859436274969e-04
1.000000000000000056e-01 2.166914053167616316e+01 5.903244014526172782e-04
1.000000000000000056e-01 2.261274229666361535e+01 5.308239109661800226e-04
1.000000000000000056e-01 2.355634406165106753e+01 4.756889249191357909e-04
1.000000000000000056e-01 2.449994582663852327e+01 4.260912576908695891e-04
1.000000000000000056e-01 2.544354759162597546e+01 3.772924156740906803e-04
1.000000000000000056e-01 2.638714935661342764e+01 3.368605211015573281e-04
1.000000000000000056e-01 2.733075112160088338e+01 2.966804551183991430e-04
1.000000000000000056e-01 2.827435288658833556e+01 2.631562812663608007e-04
1.000000000000000056e-01 2.921795465157578775e+01 2.312895317984773528e-04
1.000000000000000056e-01 3.016155641656324349e+01 2.020939814685596950e-04
1.000000000000000056e-01 3.110515818155069567e+01 1.759952637171522262e-04
1.000000000000000056e-01 3.204875994653814786e+01 1.515272734315140177e-04
1.000000000000000056e-01 3.299236171152560360e+01 1.311964178272148119e-04
1.000000000000000056e-01 3.393596347651305933e+01 1.121292856836027881e-04
1.000000000000000056e-01 3.487956524150050797e+01 9.451788608394351312e-05
1.000000000000000056e-01 3.582316700648796370e+01 7.970018412358276694e-05
1.000000000000000056e-01 3.676676877147541944e+01 6.551837715945327788e-05
1.000000000000000056e-01 3.771037053646286807e+01 5.281661167511723806e-05
1.000000000000000056e-01 3.865397230145032381e+01 4.234800256633190763e-05
1.000000000000000056e-01 3.959757406643777955e+01 3.243064337865948419e-05
1.000000000000000056e-01 4.054117583142522818e+01 2.381459896099975495e-05
1.000000000000000056e-01 4.148477759641268392e+01 1.599079975418959141e-05
1.000000000000000056e-01 4.242837936140013966e+01 8.965258113236777415e-06
1.000000000000000056e-01 4.337198112638758829e+01 2.725509362590272558e-06
1.000000000000000056e-01 4.381008194584605064e+01 0.000000000000000000e+00
2.000000000000000111e-01 1.000000000000000000e+00 1.090463162073222227e-02
2.000000000000000111e-01 1.140126085843331083e+00 9.859965457331899830e-03
2.000000000000000111e-01 1.299887491620435043e+00 8.842716700418628076e-03
2.000000000000000111e-01 1.482035637857912480e+00 8.237434812107232232e-03
2.000000000000000111e-01 1.689707490871266371e+00 7.553605934909200098e-03
2.000000000000000111e-01 1.926479587787213177e+00 6.890144085200884498e-03
2.000000000000000111e-01 2.196429631880910005e+00 6.369549274178508413e-03
2.000000000000000111e-01 2.504206719026690564e+00 5.777753918255757945e-03
2.000000000000000111e-01 2.855111404706470957e+00 5.430662241035359369e-03
2.000000000000000111e-01 3.255186990494644217e+00 5.040912574463760239e-03
2.000000000000000111e-01 3.711323602160791157e+00 4.668678086270357935e-03
2.000000000000000111e-01 4.231376851829555363e+00 4.288850311284892261e-03
2.000000000000000111e-01 4.824303127804508762e+00 4.014330348845722256e-03
2.000000000000000111e-01 5.500313842025494004e+00 3.722402804766092831e-03
2.000000000000000111e-01 6.271051291618421786e+00 3.433750395758362450e-03
2.000000000000000111e-01 7.149789163235676703e+00 3.178433339794751403e-03
2.000000000000000111e-01 7.248631384361717167e+00 3.151982205669910577e-03
2.000000000000000111e-01 8.151661133284958893e+00 2.911363429993276374e-03
2.000000000000000111e-01 8.289460506218784275e+00 2.880017970564648956e-03
2.000000000000000111e-01 9.293921501013393538e+00 2.649475085347422366e-03
2.000000000000000111e-01 9.330289628075851383e+00 2.641174029752261891e-03
2.000000000000000111e-01 1.037111874993291849e+01 2.430112960396542572e-03
2.000000000000000111e-01 1.059624234308557966e+01 2.388552894771945288e-03
2.000000000000000111e-01 1.141194787178998560e+01 2.240804883929997660e-03
2.000000000000000111e-01 1.208105230726952861e+01 2.119419895552360125e-03
2.000000000000000111e-01 1.245277699364705271e+01 2.049115187605816957e-03
2.000000000000000111e-01 1.349360611550411981e+01 1.891568058724395728e-03
2.000000000000000111e-01 1.453443523736118692e+01 1.737803450742697294e-03
2.000000000000000111e-01 1.557526435921825403e+01 1.586263468783859253e-03
2.000000000000000111e-01 1.661609348107532114e+01 1.453585494346174966e-03
2.000000000000000111e-01 1.765692260293239002e+01 1.322220367119078662e-03
2.000000000000000111e-01 1.869775172478945535e+01 1.204966102475698306e-03
2.000000000000000111e-01 1.973858084664652068e+01 1.088857565264183267e-03
2.000000000000000111e-01 2.077940996850358957e+01 9.871112714676445223e-04
2.000000000000000111e-01 2.182023909036065845e+01 8.908389543594266886e-04
2.000000000000000111e-01 2.286106821221772378e+01 7.973116156683808433e-04
2.000000000000000111e-01 2.390189733407478911e+01 7.172980766771322025e-04
2.000000000000000111e-01 2.494272645593185445e+01 6.418090795365618195e-04
2.000000000000000111e-01 2.598355557778892688e+01 5.702847778460732545e-04
2.000000000000000111e-01 2.702438469964599221e+01 5.085105157146218267e-04
2.000000000000000111e-01 2.806521382150305755e+01 4.499446947706146026e-04
2.000000000000000111e-01 2.910604294336012288e+01 3.973025477221925643e-04
2.000000000000000111e-01 3.014687206521719531e+01 3.480337240078218279e-04
2.000000000000000111e-01 3.118770118707426064e+01 3.059680665135602797e-04
2.000000000000000111e-01 3.222853030893132598e+01 2.659124231657462433e-04
2.000000000000000111e-01 3.326935943078839131e+01 2.316042323282498463e-04
2.000000000000000111e-01 3.431018855264546374e+01 2.002784298371325985e-04
2.000000000000000111e-01 3.535101767450252908e+01 1.711420894477462160e-04
2.000000000000000111e-01 3.639184679635959441e+01 1.468532400961421983e-04
2.000000000000000111e-01 3.743267591821665974e+01 1.239878913838923888e-04
2.000000000000000111e-01 3.847350504007373218e+01 1.045638063324221321e-04
2.000000000000000111e-01 3.951433416193079751e+01 8.714982323536328991e-05
2.000000000000000111e-01 4.055516328378786284e+01 7.115004313311639025e-05
2.000000000000000111e-01 4.159599240564492817e+01 5.744847191597183189e-05
2.000000000000000111e-01 4.263682152750199350e+01 4.524307518898629016e-05
2.000000000000000111e-01 4.367765064935906594e+01 3.419708868602240462e-05
2.000000000000000111e-01 4.471847977121613127e+01 2.502879861702254753e-05
2.000000000000000111e-01 4.575930889307319660e+01 1.669857112201336168e-05
2.000000000000000111e-01 4.680013801493026904e+01 9.290094375057791182e-06
2.000000000000000111e-01 4.784096713678733437e+01 2.759209578256860624e-06
2.000000000000000111e-01 4.832420922907811445e+01 0.000000000000000000e+00
3.000000000000000444e-01 1.000000000000000000e+00 1.748056291995710859e-02
3.000000000000000444e-01 1.148854846467879609e+00 1.545823631718840421e-02
3.000000000000000444e-01 1.319867458252735215e+00 1.396235329988392872e-02
3.000000000000000444e-01 1.516336126108896787e+00 1.266635040308311880e-02
3.000000000000000444e-01 1.742050107354536026e+00 1.169971965834864548e-02
3.000000000000000444e-01 2.001362708624148556e+00 1.058989963198965316e-02
3.000000000000000444e-01 2.299275247342936090e+00 9.612598233962372021e-03
3.000000000000000444e-01 2.641533511273564727e+00 8.660412000077914382e-03
3.000000000000000444e-01 3.034738576533950294e+00 8.189051910279186372e-03
3.000000000000000444e-01 3.486474121414062655e+00 7.576207643018856644e-03
3.000000000000000444e-01 4.005452691471388604e+00 6.974540180955118504e-03
3.000000000000000444e-01 4.601683736894718102e+00 6.377920323014028316e-03
3.000000000000000444e-01 5.286666663043919634e+00 5.970404807292978462e-03
3.000000000000000444e-01 6.073612617498180377e+00 5.520693109360393265e-03
3.000000000000000444e-01 6.977699291181247432e+00 5.090268015773929261e-03
3.000000000000000444e-01 8.016363647869065190e+00 4.676332092652204543e-03
3.000000000000000444e-01 8.378944292017983742e+00 4.554407699116772186e-03
3.000000000000000444e-01 9.209638227903306884e+00 4.270415983778052572e-03
3.000000000000000444e-01 9.582074754461592292e+00 4.160623032735147504e-03
3.000000000000000444e-01 1.058053751234256801e+01 3.871796780952585417e-03
3.000000000000000444e-01 1.078520521690519907e+01 3.813562769785004344e-03
3.000000000000000444e-01 1.198833567934880762e+01 3.500383712907324894e-03
3.000000000000000444e-01 1.215550179928995966e+01 3.461227700474026753e-03
3.000000000000000444e-01 1.319146614179241439e+01 3.221708554826715597e-03
3.000000000000000444e-01 1.396490715336330624e+01 3.044115996404631128e-03
3.000000000000000444e-01 1.439459660423602294e+01 2.946800918947128315e-03
3.000000000000000444e-01 1.559772706667963149e+01 2.703588104843402881e-03
3.000000000000000444e-01 1.680085752912323827e+01 2.475288544633033952e-03
3.000000000000000444e-01 1.800398799156684504e+01 2.251011233823523288e-03
3.000000000000000444e-01 1.920711845401045537e+01 2.052055924080224778e-03
3.000000000000000444e-01 2.041024891645406214e+01 1.859794802600178059e-03
3.000000000000000444e-01 2.161337937889766891e+01 1.681096798967469420e-03
3.000000000000000444e-01 2.281650984134127924e+01 1.514748078432928777e-03
3.000000000000000444e-01 2.401964030378488602e+01 1.359292474390890078e-03
3.000000000000000444e-01 2.522277076622849279e+01 1.218032397949169897e-03
3.000000000000000444e-01 2.642590122867210312e+01 1.084247282272435449e-03
3.000000000000000444e-01 2.762903169111570989e+01 9.641729801959904658e-04
3.000000000000000444e-01 2.883216215355931666e+01 8.562183422276171832e-04
3.000000000000000444e-01 3.003529261600292699e+01 7.549723547957094350e-04
3.000000000000000444e-01 3.123842307844653376e+01 6.650993599319719729e-04
3.000000000000000444e-01 3.244155354089014054e+01 5.825587273422334813e-04
3.000000000000000444e-01 3.364468400333375087e+01 5.102590850771325081e-04
3.000000000000000444e-01 3.484781446577736119e+01 4.415360371106565843e-04
3.000000000000000444e-01 3.605094492822096441e+01 3.841537738469847892e-04
3.000000000000000444e-01 3.725407539066457474e+01 3.324970448808512715e-04
3.000000000000000444e-01 3.845720585310817796e+01 2.845140637733107225e-04
3.000000000000000444e-01 3.966033631555178829e+01 2.429641168073247719e-04
3.000000000000000444e-01 4.086346677799539862e+01 2.071343915035759361e-04
3.000000000000000444e-01 4.206659724043900184e+01 1.736992088311057876e-04
3.000000000000000444e-01 4.326972770288261216e+01 1.465038912776371464e-04
3.000000000000000444e-01 4.447285816532622249e+01 1.210927619071572233e-04
3.000000000000000444e-01 4.567598862776982571e+01 9.961576276689650719e-05
3.000000000000000444e-01 4.687911909021343604e+01 8.122346376176085088e-05
3.000000000000000444e-01 4.808224955265704637e+01 6.446477520050502273e-05
3.000000000000000444e-01 4.928538001510064959e+01 5.034102816263849253e-05
3.000000000000000444e-01 5.048851047754425991e+01 3.788452262863682468e-05
3.000000000000000444e-01 5.169164093998787024e+01 2.701074859734709250e-05
3.000000000000000444e-01 5.289477140243147346e+01 1.789228303511147903e-05
3.000000000000000444e-01 5.409790186487508379e+01 9.711419873835573736e-06
3.000000000000000444e-01 5.530103232731869412e+01 2.911253263851200300e-06
3.000000000000000444e-01 5.585962861345322494e+01 0.000000000000000000e+00
4.000000000000000222e-01 1.000000000000000000e+00 2.769006046362778792e-02
4.000000000000000222e-01 1.159274035858566254e+00 2.415265005620775146e-02
4.000000000000000222e-01 1.343916290215808163e+00 2.165542637340554105e-02
4.000000000000000222e-01 1.557967261614552124e+00 1.934564812488143853e-02
4.000000000000000222e-01 1.806110995107420347e+00 1.803837347276510128e-02
4.000000000000000222e-01 2.093777582506710200e+00 1.623386723410712162e-02
4.000000000000000222e-01 2.427261988262745973e+00 1.466750298202816778e-02
4.000000000000000222e-01 2.813861801219441627e+00 1.352336659686009281e-02
4.000000000000000222e-01 3.262036926647916335e+00 1.247325312411016150e-02
4.000000000000000222e-01 3.781594713074803327e+00 1.152138791952596678e-02
4.000000000000000222e-01 4.383904565007643583e+00 1.061772998200382831e-02
4.000000000000000222e-01 5.082146737895204325e+00 9.743553643820393115e-03
4.000000000000000222e-01 5.891600759665220011e+00 9.097061392899142077e-03
4.000000000000000222e-01 6.829979790324492761e+00 8.433958627580975115e-03
4.000000000000000222e-01 7.917818236361920725e+00 7.790121500118343985e-03
4.000000000000000222e-01 9.178921102061837090e+00 7.178904652340485290e-03
4.000000000000000222e-01 9.946890195394441747e+00 6.843801541272419298e-03
4.000000000000000222e-01 1.064088491081458443e+01 6.563463796228924223e-03
4.000000000000000222e-01 1.137516160806646326e+01 6.288610422399218067e-03
4.000000000000000222e-01 1.233570159566654034e+01 5.938081997810709493e-03
4.000000000000000222e-01 1.280343302073848655e+01 5.773627726573793244e-03
4.000000000000000222e-01 1.423170443341050984e+01 5.324244985996155061e-03
4.000000000000000222e-01 1.430045857395530540e+01 5.302755264401210269e-03
4.000000000000000222e-01 1.565997584608253135e+01 4.896253241059468110e-03
4.000000000000000222e-01 1.657815032565740054e+01 4.619241107501125682e-03
4.000000000000000222e-01 1.708824725875455286e+01 4.485138639262255603e-03
4.000000000000000222e-01 1.851651867142657437e+01 4.113684885326613500e-03
4.000000000000000222e-01 1.994479008409859944e+01 3.746505454173394440e-03
4.000000000000000222e-01 2.137306149677062095e+01 3.406950869354108836e-03
4.000000000000000222e-01 2.280133290944264246e+01 3.087443128262999659e-03
4.000000000000000222e-01 2.422960432211466753e+01 2.782153096099681481e-03
4.000000000000000222e-01 2.565787573478668904e+01 2.499236569307396530e-03
4.000000000000000222e-01 2.708614714745871055e+01 2.231429028649155148e-03
4.000000000000000222e-01 2.851441856013073206e+01 1.992599190514851570e-03
4.000000000000000222e-01 2.994268997280275713e+01 1.767364796071452466e-03
4.000000000000000222e-01 3.137096138547477864e+01 1.558869424289961942e-03
4.000000000000000222e-01 3.279923279814680370e+01 1.374582544352853652e-03
4.000000000000000222e-01 3.422750421081882166e+01 1.205050554180633936e-03
4.000000000000000222e-01 3.565577562349083962e+01 1.051072856151747488e-03
4.000000000000000222e-01 3.708404703616287179e+01 9.146969840373574568e-04
4.000000000000000222e-01 3.851231844883488975e+01 7.923376984486369800e-04
4.000000000000000222e-01 3.994058986150690771e+01 6.834537498606234546e-04
4.000000000000000222e-01 4.136886127417893988e+01 5.851478741086495574e-04
4.000000000000000222e-01 4.279713268685095784e+01 5.022446374619300279e-04
4.000000000000000222e-01 4.422540409952297580e+01 4.256512660810537639e-04
4.000000000000000222e-01 4.565367551219500797e+01 3.618046271038544343e-04
4.000000000000000222e-01 4.708194692486702593e+01 3.048517578607282466e-04
4.000000000000000222e-01 4.851021833753904389e+01 2.556542538272479187e-04
4.000000000000000222e-01 4.993848975021107606e+01 2.119228680189835085e-04
4.000000000000000222e-01 5.136676116288309402e+01 1.759323227507512098e-04
4.000000000000000222e-01 5.279503257555511198e+01 1.436953447097987901e-04
4.000000000000000222e-01 5.422330398822712993e+01 1.165297826512722500e-04
4.000000000000000222e-01 5.565157540089916210e+01 9.316476317846279971e-05
4.000000000000000222e-01 5.707984681357118006e+01 7.330868152186227041e-05
4.000000000000000222e-01 5.850811822624319802e+01 5.649740352337739624e-05
4.000000000000000222e-01 5.993638963891523019e+01 4.198040272284472472e-05
4.000000000000000222e-01 6.136466105158724815e+01 2.940068091695862383e-05
4.000000000000000222e-01 6.279293246425926611e+01 1.936295095606770114e-05
4.000000000000000222e-01 6.422120387693129828e+01 1.015851761747985865e-05
4.000000000000000222e-01 6.564947528960331624e+01 3.040972860048562937e-06
4.000000000000000222e-01 6.631260130262961638e+01 0.000000000000000000e+00
5.000000000000000000e-01 1.000000000000000000e+00 3.812349233068702825e-02
5.000000000000000000e-01 1.170219255022253435e+00 3.303412410250146369e-02
5.000000000000000000e-01 1.369413104824837690e+00 2.922200577310332670e-02
5.000000000000000000e-01 1.602513583345832382e+00 2.631217243731145614e-02
5.000000000000000000e-01 1.875292251666001775e+00 2.464246759912183324e-02
5.000000000000000000e-01 2.194503101693592750e+00 2.211574152772426138e-02
5.000000000000000000e-01 2.568049784807900249e+00 2.004346461837960142e-02
5.000000000000000000e-01 3.005181306037959299e+00 1.860250359017084909e-02
5.000000000000000000e-01 3.516721029158543121e+00 1.723615685636199421e-02
5.000000000000000000e-01 4.115334662863001647e+00 1.595237307229423890e-02
5.000000000000000000e-01 4.815843863342799125e+00 1.480228848227295273e-02
5.000000000000000000e-01 5.635593218064500753e+00 1.375191767391334419e-02
5.000000000000000000e-01 6.594879697251902151e+00 1.290553213625901877e-02
5.000000000000000000e-01 7.717455206279506541e+00 1.207055427205572760e-02
5.000000000000000000e-01 9.031114682160014340e+00 1.126979622734542233e-02
5.000000000000000000e-01 1.056838429537782709e+01 1.049338751253460142e-02
5.000000000000000000e-01 1.189128550905041593e+01 9.897095396860977959e-03
5.000000000000000000e-01 1.236732679692592285e+01 9.692535465608125358e-03
5.000000000000000000e-01 1.359875214624739925e+01 9.188523818832276813e-03
5.000000000000000000e-01 1.447248395091540196e+01 8.851247664200184023e-03
5.000000000000000000e-01 1.530621878344438258e+01 8.548427662262990043e-03
5.000000000000000000e-01 1.693597938736173703e+01 7.961384692621947812e-03
5.000000000000000000e-01 1.701368542064136591e+01 7.934778124612480027e-03
5.000000000000000000e-01 1.872115205783834568e+01 7.332832948136449626e-03
5.000000000000000000e-01 1.981880918175069084e+01 6.969711783949446120e-03
5.000000000000000000e-01 2.042861869503533256e+01 6.764650989271170714e-03
5.000000000000000000e-01 2.213608533223231234e+01 6.192203130002248840e-03
5.000000000000000000e-01 2.384355196942929567e+01 5.660147805860014925e-03
5.000000000000000000e-01 2.555101860662627900e+01 5.137827283579865512e-03
5.000000000000000000e-01 2.725848524382326232e+01 4.637367726735818103e-03
5.000000000000000000e-01 2.896595188102024565e+01 4.163743902721776802e-03
5.000000000000000000e-01 3.067341851821722898e+01 3.717379572875379769e-03
5.000000000000000000e-01 3.238088515541420520e+01 3.303403194097532213e-03
5.000000000000000000e-01 3.408835179261119208e+01 2.917759756842054544e-03
5.000000000000000000e-01 3.579581842980817896e+01 2.565057844702500148e-03
5.000000000000000000e-01 3.750328506700515874e+01 2.245372199326202065e-03
5.000000000000000000e-01 3.921075170420213851e+01 1.952829538397819059e-03
5.000000000000000000e-01 4.091821834139912539e+01 1.692010716346120528e-03
5.000000000000000000e-01 4.262568497859611227e+01 1.458036044107929559e-03
5.000000000000000000e-01 4.433315161579308494e+01 1.251911104863523546e-03
5.000000000000000000e-01 4.604061825299007182e+01 1.066661891934199240e-03
5.000000000000000000e-01 4.774808489018705870e+01 9.082614221030350845e-04
5.000000000000000000e-01 4.945555152738404558e+01 7.694325810746053314e-04
5.000000000000000000e-01 5.116301816458101825e+01 6.465619367021885030e-04
5.000000000000000000e-01 5.287048480177800514e+01 5.426155758763497343e-04
5.000000000000000000e-01 5.457795143897499202e+01 4.527900652905913538e-04
5.000000000000000000e-01 5.628541807617196469e+01 3.748257334962696533e-04
5.000000000000000000e-01 5.799288471336895157e+01 3.093771756442167302e-04
5.000000000000000000e-01 5.970035135056593845e+01 2.539456406683821650e-04
5.000000000000000000e-01 6.140781798776292533e+01 2.064134534791307559e-04
5.000000000000000000e-01 6.311528462495989800e+01 1.664938101448387264e-04
5.000000000000000000e-01 6.482275126215688488e+01 1.328236224646663305e-04
5.000000000000000000e-01 6.653021789935387176e+01 1.048569887737380171e-04
5.000000000000000000e-01 6.823768453655084443e+01 8.128975202240074603e-05
5.000000000000000000e-01 6.994515117374783131e+01 6.144973260102463140e-05
5.000000000000000000e-01 7.165261781094481819e+01 4.451757863504820226e-05
5.000000000000000000e-01 7.336008444814180507e+01 3.138650798477335998e-05
5.000000000000000000e-01 7.506755108533877774e+01 1.989083026872930500e-05
5.000000000000000000e-01 7.677501772253576462e+01 1.085656034682972838e-05
5.000000000000000000e-01 7.848248435973275150e+01 3.121147366166160488e-06
5.000000000000000000e-01 7.927523672700277757e+01 0.000000000000000000e+00
6.000000000000000888e-01 1.000000000000000000e+00 4.216950236739000490e-02
6.000000000000000888e-01 1.180663854951357283e+00 3.650406359599144696e-02
6.000000000000000888e-01 1.393967138388599425e+00 3.247140771719087687e-02
6.000000000000000888e-01 1.645806615285396068e+00 2.962958580598213862e-02
6.000000000000000888e-01 1.943144382907300960e+00 2.758555500053216231e-02
6.000000000000000888e-01 2.294200337850410332e+00 2.480108016946040023e-02
6.000000000000000888e-01 2.708679414917171346e+00 2.278978803043587437e-02
6.000000000000000888e-01 3.198039879843494582e+00 2.116692210526335827e-02
6.000000000000000888e-01 3.775810092824195330e+00 1.994518408727595851e-02
6.000000000000000888e-01 4.457962499758056474e+00 1.864079407891669135e-02
6.000000000000000888e-01 5.263355190192935851e+00 1.757787916681856702e-02
6.000000000000000888e-01 6.214253228831426057e+00 1.662249895981002257e-02
6.000000000000000888e-01 7.336944172796029839e+00 1.581696554281523948e-02
6.000000000000000888e-01 8.662464790616258625e+00 1.506304665177084223e-02
6.000000000000000888e-01 1.022745907306939195e+01 1.435395906854784916e-02
6.000000000000000888e-01 1.207519125556734707e+01 1.364435044740095783e-02
6.000000000000000888e-01 1.407830403647222006e+01 1.294590886090430867e-02
6.000000000000000888e-01 1.425674185707305952e+01 1.288374112304512507e-02
6.000000000000000888e-01 1.609980410324772038e+01 1.229039618181099192e-02
6.000000000000000888e-01 1.683241980001824700e+01 1.205231984659200714e-02
6.000000000000000888e-01 1.812130417002321536e+01 1.162408352922632802e-02
6.000000000000000888e-01 1.987342964924910049e+01 1.103180190690529819e-02
6.000000000000000888e-01 2.014280423679871745e+01 1.094029411516102453e-02
6.000000000000000888e-01 2.216430430357421244e+01 1.024156507108296352e-02
6.000000000000000888e-01 2.346384006078703521e+01 9.762737497562770997e-03
6.000000000000000888e-01 2.418580437034971453e+01 9.507062637500111879e-03
6.000000000000000888e-01 2.620730443712520952e+01 8.773226346526488348e-03
6.000000000000000888e-01 2.822880450390071161e+01 8.029985635571749644e-03
6.000000000000000888e-01 3.025030457067620659e+01 7.295977646804278037e-03
6.000000000000000888e-01 3.227180463745170869e+01 6.582272554522205187e-03
6.000000000000000888e-01 3.429330470422720367e+01 5.896218845847115385e-03
6.000000000000000888e-01 3.631480477100270576e+01 5.240017710444236886e-03
6.000000000000000888e-01 3.833630483777820075e+01 4.629720655380404823e-03
6.000000000000000888e-01 4.035780490455370284e+01 4.061264453336176083e-03
6.000000000000000888e-01 4.237930497132919783e+01 3.536024123948983914e-03
6.000000000000000888e-01 4.440080503810469992e+01 3.063407762076780783e-03
6.000000000000000888e-01 4.642230510488019490e+01 2.636707870207700023e-03
6.000000000000000888e-01 4.844380517165569700e+01 2.257254600693574080e-03
6.000000000000000888e-01 5.046530523843119198e+01 1.917123305930180672e-03
6.000000000000000888e-01 5.248680530520668697e+01 1.625912045251719880e-03
6.000000000000000888e-01 5.450830537198218906e+01 1.365531961213225457e-03
6.000000000000000888e-01 5.652980543875769115e+01 1.145845839233293906e-03
6.000000000000000888e-01 5.855130550553318614e+01 9.551559830223142235e-04
6.000000000000000888e-01 6.057280557230868112e+01 7.927157365657088589e-04
6.000000000000000888e-01 6.259430563908418321e+01 6.522246008244301065e-04
6.000000000000000888e-01 6.461580570585968530e+01 5.369155351386368591e-04
6.000000000000000888e-01 6.663730577263518740e+01 4.388735343407899284e-04
6.000000000000000888e-01 6.865880583941067528e+01 3.565283594498030919e-04
6.000000000000000888e-01 7.068030590618617737e+01 2.879204367700594590e-04
6.000000000000000888e-01 7.270180597296167946e+01 2.305310962794816668e-04
6.000000000000000888e-01 7.472330603973718155e+01 1.833810518443490837e-04
6.000000000000000888e-01 7.674480610651266943e+01 1.443413886852940259e-04
6.000000000000000888e-01 7.876630617328817152e+01 1.115709284895403296e-04
6.000000000000000888e-01 8.078780624006367361e+01 8.611576861747816081e-05
6.000000000000000888e-01 8.280930630683917570e+01 6.424212998852802444e-05
6.000000000000000888e-01 8.483080637361466358e+01 4.675660309924147727e-05
6.000000000000000888e-01 8.685230644039016568e+01 3.212573093445752012e-05
6.000000000000000888e-01 8.887380650716566777e+01 2.042481898868852210e-05
6.000000000000000888e-01 9.089530657394115565e+01 1.062770516109521105e-05
6.000000000000000888e-01 9.291680664071665774e+01 3.055921580896542630e-06
6.000000000000000888e-01 9.385536024314814085e+01 0.000000000000000000e+00
7.000000000000000666e-01 1.000000000000000000e+00 3.732670054221875339e-02
7.000000000000000666e-01 1.189754892544455656e+00 3.251273524608576382e-02
7.000000000000000666e-01 1.415516704333469322e+00 2.961924946676544601e-02
7.000000000000000666e-01 1.684117924459148652e+00 2.720131653054076379e-02
7.000000000000000666e-01 2.003687540247086396e+00 2.504279838382789461e-02
7.000000000000000666e-01 2.383897054139337168e+00 2.284115792097878017e-02
7.000000000000000666e-01 2.836253183484591212e+00 2.143570215161883299e-02
7.000000000000000666e-01 3.374446101545580667e+00 2.017769983997163771e-02
7.000000000000000666e-01 4.014763758941419347e+00 1.909151648815311103e-02
7.000000000000000666e-01 4.776584824610722535e+00 1.816520244866580078e-02
7.000000000000000666e-01 5.682965164734208763e+00 1.740469808451739625e-02
7.000000000000000666e-01 6.761335608902233396e+00 1.684700766335004568e-02
7.000000000000000666e-01 8.044332120826476640e+00 1.641706698448558779e-02
7.000000000000000666e-01 9.570783498005820178e+00 1.605609422086181140e-02
7.000000000000000666e-01 1.138688649223616700e+01 1.573972750908940454e-02
7.000000000000000666e-01 1.354760391498635208e+01 1.543528893485651005e-02
7.000000000000000666e-01 1.611832804010943221e+01 1.509026264208719256e-02
7.000000000000000666e-01 1.628709909879648876e+01 1.506593794289990372e-02
7.000000000000000666e-01 1.862575948221342159e+01 1.466964050724674402e-02
7.000000000000000666e-01 1.917685964535668575e+01 1.456106321720546277e-02
7.000000000000000666e-01 2.096441986563035087e+01 1.419400373541445520e-02
7.000000000000000666e-01 2.281576258670144952e+01 1.372999345974933692e-02
7.000000000000000666e-01 2.330308024904728370e+01 1.359071783591081148e-02
7.000000000000000666e-01 2.564174063246421298e+01 1.290664611529735058e-02
7.000000000000000666e-01 2.714516516466080631e+01 1.241896603464937889e-02
7.000000000000000666e-01 2.798040101588114581e+01 1.212896255945053459e-02
7.000000000000000666e-01 3.031906139929807864e+01 1.128404997324986350e-02
7.000000000000000666e-01 3.265772178271500792e+01 1.038872068501295147e-02
7.000000000000000666e-01 3.499638216613193720e+01 9.475155371511253047e-03
7.000000000000000666e-01 3.733504254954887358e+01 8.550009639140506920e-03
7.000000000000000666e-01 3.967370293296580286e+01 7.653078835824514425e-03
7.000000000000000666e-01 4.201236331638273214e+01 6.783167071046890262e-03
7.000000000000000666e-01 4.435102369979966852e+01 5.958560751044913659e-03
7.000000000000000666e-01 4.668968408321659780e+01 5.192794005818775725e-03
7.000000000000000666e-01 4.902834446663352708e+01 4.492986796001454883e-03
7.000000000000000666e-01 5.136700485005046346e+01 3.851555965979310860e-03
7.000000000000000666e-01 5.370566523346739274e+01 3.283628001722267969e-03
7.000000000000000666e-01 5.604432561688432202e+01 2.780769939216962659e-03
7.000000000000000666e-01 5.838298600030125840e+01 2.336745628405911390e-03
7.000000000000000666e-01 6.072164638371818768e+01 1.954303994417086552e-03
7.000000000000000666e-01 6.306030676713511696e+01 1.626030434496023675e-03
7.000000000000000666e-01 6.539896715055205334e+01 1.340782616842151791e-03
7.000000000000000666e-01 6.773762753396897551e+01 1.105264764890473341e-03
7.000000000000000666e-01 7.007628791738591190e+01 9.040916426669280172e-04
7.000000000000000666e-01 7.241494830080284828e+01 7.367410095606859687e-04
7.000000000000000666e-01 7.475360868421978466e+01 5.968922186133510718e-04
7.000000000000000666e-01 7.709226906763670684e+01 4.816143453891985789e-04
7.000000000000000666e-01 7.943092945105362901e+01 3.856051931318463634e-04
7.000000000000000666e-01 8.176958983447056539e+01 3.076717984686068007e-04
7.000000000000000666e-01 8.410825021788750178e+01 2.439705597861337172e-04
7.000000000000000666e-01 8.644691060130443816e+01 1.916605197003610789e-04
7.000000000000000666e-01 8.878557098472136033e+01 1.482089338132539240e-04
7.000000000000000666e-01 9.112423136813829672e+01 1.148303763861495392e-04
7.000000000000000666e-01 9.346289175155523310e+01 8.707232715091339737e-05
7.000000000000000666e-01 9.580155213497215527e+01 6.415708200866442892e-05
7.000000000000000666e-01 9.814021251838909166e+01 4.597498669818409254e-05
7.000000000000000666e-01 1.004788729018060280e+02 3.175622737427050645e-05
7.000000000000000666e-01 1.028175332852229502e+02 1.993175592183456376e-05
7.000000000000000666e-01 1.051561936686398866e+02 1.028523674107096991e-05
7.000000000000000666e-01 1.074948540520568230e+02 3.074719118807187323e-06
7.000000000000000666e-01 1.085806606586432537e+02 0.000000000000000000e+00
8.000000000000000444e-01 1.000000000000000000e+00 2.854863079222257072e-02
8.000000000000000444e-01 1.196795240487219525e+00 2.527632694530998134e-02
8.000000000000000444e-01 1.432318847652861882e+00 2.264513350529821431e-02
8.000000000000000444e-01 1.714192379731084070e+00 2.162819237271266029e-02
8.000000000000000444e-01 2.051537281341622165e+00 1.981710404557958036e-02
8.000000000000000444e-01 2.455270053991743140e+00 1.845612048550341819e-02
8.000000000000000444e-01 2.938455514728116835e+00 1.740739987422966831e-02
8.000000000000000444e-01 3.516729574410033532e+00 1.675138607980987057e-02
8.000000000000000444e-01 4.208805216734573307e+00 1.606846529148123204e-02
8.000000000000000444e-01 5.037078051525718081e+00 1.549098651413737503e-02
8.000000000000000444e-01 6.028351038028616493e+00 1.529218485403381102e-02
8.000000000000000444e-01 7.214701830298839269e+00 1.513132851819989216e-02
8.000000000000000444e-01 8.634520812036083015e+00 1.509525276150516272e-02
8.000000000000000444e-01 1.033375341173262463e+01 1.518822677381899411e-02
8.000000000000000444e-01 1.236738689953017634e+01 1.539872103596024062e-02
8.000000000000000444e-01 1.480122977862170153e+01 1.565403216256160482e-02
8.000000000000000444e-01 1.771404135241215982e+01 1.585483702981719048e-02
8.000000000000000444e-01 1.821916482032774098e+01 1.588528022260964068e-02
8.000000000000000444e-01 2.083525002529787784e+01 1.591022442692015954e-02
8.000000000000000444e-01 2.120008038036066722e+01 1.589057031234867093e-02
8.000000000000000444e-01 2.345133523026801470e+01 1.573268930671413088e-02
8.000000000000000444e-01 2.537215529716212359e+01 1.547440668553474140e-02
8.000000000000000444e-01 2.606742043523815511e+01 1.535750573047104869e-02
8.000000000000000444e-01 2.868350564020828841e+01 1.480176165960121748e-02
8.000000000000000444e-01 3.036527470054623024e+01 1.433613037763063064e-02
8.000000000000000444e-01 3.129959084517842882e+01 1.407275414894312848e-02
8.000000000000000444e-01 3.391567605014856213e+01 1.321133714231924848e-02
8.000000000000000444e-01 3.653176125511870254e+01 1.223960402030353431e-02
8.000000000000000444e-01 3.914784646008884295e+01 1.120906584585665798e-02
8.000000000000000444e-01 4.176393166505897625e+01 1.012744087946927662e-02
8.000000000000000444e-01 4.438001687002910955e+01 9.059758182328346218e-03
8.000000000000000444e-01 4.699610207499924996e+01 8.013883516513154587e-03
8.000000000000000444e-01 4.961218727996939037e+01 7.013992762596356866e-03
8.000000000000000444e-01 5.222827248493952368e+01 6.083610768758795050e-03
8.000000000000000444e-01 5.484435768990966409e+01 5.225865129578782277e-03
8.000000000000000444e-01 5.746044289487979739e+01 4.450983505718896817e-03
8.000000000000000444e-01 6.007652809984993780e+01 3.759464813384875200e-03
8.000000000000000444e-01 6.269261330482007821e+01 3.157317761806800564e-03
8.000000000000000444e-01 6.530869850979021862e+01 2.629429561433322543e-03
8.000000000000000444e-01 6.792478371476035193e+01 2.178108331064478129e-03
8.000000000000000444e-01 7.054086891973048523e+01 1.791125113819779955e-03
8.000000000000000444e-01 7.315695412470063275e+01 1.467688294075860647e-03
8.000000000000000444e-01 7.577303932967075184e+01 1.194558554580824484e-03
8.000000000000000444e-01 7.838912453464089936e+01 9.668267230699001272e-04
8.000000000000000444e-01 8.100520973961104687e+01 7.808721068111072142e-04
8.000000000000000444e-01 8.362129494458116596e+01 6.264497909327711601e-04
8.000000000000000444e-01 8.623738014955131348e+01 4.998435626572294340e-04
8.000000000000000444e-01 8.885346535452146099e+01 3.979425006208702582e-04
8.000000000000000444e-01 9.146955055949158009e+01 3.132575405953045232e-04
8.000000000000000444e-01 9.408563576446172760e+01 2.468476239938113370e-04
8.000000000000000444e-01 9.670172096943184670e+01 1.928229835567187814e-04
8.000000000000000444e-01 9.931780617440199421e+01 1.482008192941925177e-04
8.000000000000000444e-01 1.019338913793721417e+02 1.134232587722458610e-04
8.000000000000000444e-01 1.045499765843422608e+02 8.557620084093889995e-05
8.000000000000000444e-01 1.071660617893124083e+02 6.294768210943358494e-05
8.000000000000000444e-01 1.097821469942825559e+02 4.489658566736358332e-05
8.000000000000000444e-01 1.123982321992526749e+02 3.058801852123477021e-05
8.000000000000000444e-01 1.150143174042228225e+02 1.886389077269744769e-05
8.000000000000000444e-01 1.176304026091929700e+02 1.018512036832132818e-05
8.000000000000000444e-01 1.202464878141630891e+02 2.828591648472314990e-06
8.000000000000000444e-01 1.214610988021849352e+02 0.000000000000000000e+00
9.000000000000000222e-01 1.000000000000000000e+00 2.200857114495417474e-02
9.000000000000000222e-01 1.201242729505931139e+00 1.970337660267380483e-02
9.000000000000000222e-01 1.442984095190859906e+00 1.823776360216748660e-02
9.000000000000000222e-01 1.733374153140714968e+00 1.707598208155894359e-02
9.000000000000000222e-01 2.082203098973784527e+00 1.563854861055561860e-02
9.000000000000000222e-01 2.501231333996977391e+00 1.452679481644337731e-02
9.000000000000000222e-01 3.004585954776290979e+00 1.427363701486647832e-02
9.000000000000000222e-01 3.609237033350655377e+00 1.368790130664032309e-02
9.000000000000000222e-01 4.335569745376031570e+00 1.316398269837907795e-02
9.000000000000000222e-01 5.208071634898839619e+00 1.315035589383472571e-02
9.000000000000000222e-01 6.256158186168298663e+00 1.309576826710679050e-02
9.000000000000000222e-01 7.515164535773683596e+00 1.319448125959950431e-02
9.000000000000000222e-01 9.027536759638955743e+00 1.348814076732254320e-02
9.000000000000000222e-01 1.084426289786383002e+01 1.389216918665556882e-02
9.000000000000000222e-01 1.302659196290984056e+01 1.444565196332126336e-02
9.000000000000000222e-01 1.564809888568584384e+01 1.510958028675754745e-02
9.000000000000000222e-01 1.879716501701998510e+01 1.580956630302979282e-02
9.000000000000000222e-01 1.954951199569398312e+01 1.592126177788764571e-02
9.000000000000000222e-01 2.235662141046029916e+01 1.626953912784687151e-02
9.000000000000000222e-01 2.257995781201849539e+01 1.628866315925033698e-02
9.000000000000000222e-01 2.516373082522661520e+01 1.636712354174324133e-02
9.000000000000000222e-01 2.712401015423787243e+01 1.627960311953765421e-02
9.000000000000000222e-01 2.797084023999293123e+01 1.620538169008019919e-02
9.000000000000000222e-01 3.077794965475924727e+01 1.579926288556684350e-02
9.000000000000000222e-01 3.258251999282330047e+01 1.540342563268912515e-02
9.000000000000000222e-01 3.358505906952556330e+01 1.515941897353272234e-02
9.000000000000000222e-01 3.639216848429187223e+01 1.432826623249912508e-02
9.000000000000000222e-01 3.919927789905818827e+01 1.333972432495011962e-02
9.000000000000000222e-01 4.200638731382450430e+01 1.224774541229321778e-02
9.000000000000000222e-01 4.481349672859082034e+01 1.109085736437614121e-02
9.000000000000000222e-01 4.762060614335713638e+01 9.912303192914341532e-03
9.000000000000000222e-01 5.042771555812345241e+01 8.757363858200717735e-03
9.000000000000000222e-01 5.323482497288976845e+01 7.646117254176100324e-03
9.000000000000000222e-01 5.604193438765608448e+01 6.609714757294671457e-03
9.000000000000000222e-01 5.884904380242240052e+01 5.655100883464345661e-03
9.000000000000000222e-01 6.165615321718871655e+01 4.793471967459008408e-03
9.000000000000000222e-01 6.446326263195503259e+01 4.032854668177500955e-03
9.000000000000000222e-01 6.727037204672134862e+01 3.363554236270481848e-03
9.000000000000000222e-01 7.007748146148766466e+01 2.784958962071022379e-03
9.000000000000000222e-01 7.288459087625398070e+01 2.294784065698026246e-03
9.000000000000000222e-01 7.569170029102029673e+01 1.875595295949292283e-03
9.000000000000000222e-01 7.849880970578661277e+01 1.525863895361386944e-03
9.000000000000000222e-01 8.130591912055292880e+01 1.235169069266680436e-03
9.000000000000000222e-01 8.411302853531924484e+01 9.944884489742921753e-04
9.000000000000000222e-01 8.692013795008554666e+01 7.971087243560807988e-04
9.000000000000000222e-01 8.972724736485187691e+01 6.354583054103937929e-04
9.000000000000000222e-01 9.253435677961817873e+01 5.046339260432081445e-04
9.000000000000000222e-01 9.534146619438450898e+01 3.999473332522751655e-04
9.000000000000000222e-01 9.814857560915081081e+01 3.138323115484207963e-04
9.000000000000000222e-01 1.009556850239171411e+02 2.446396460896344298e-04
9.000000000000000222e-01 1.037627944386834429e+02 1.903596714842602016e-04
9.000000000000000222e-01 1.065699038534497731e+02 1.462935894247820981e-04
9.000000000000000222e-01 1.093770132682160749e+02 1.113570310904151252e-04
9.000000000000000222e-01 1.121841226829824052e+02 8.349227467726221062e-05
9.000000000000000222e-01 1.149912320977487070e+02 6.134960331356072909e-05
9.000000000000000222e-01 1.177983415125150373e+02 4.355847910825364551e-05
9.000000000000000222e-01 1.206054509272813391e+02 2.972039521087114656e-05
9.000000000000000222e-01 1.234125603420476693e+02 1.858515239163281338e-05
9.000000000000000222e-01 1.262196697568139712e+02 9.748394372725625214e-06
9.000000000000000222e-01 1.290267791715803014e+02 2.788403926282232128e-06
9.000000000000000222e-01 1.303300799712932303e+02 0.000000000000000000e+00
1.000000000000000000e+00 1.000000000000000000e+00 2.013685699003984683e-02
1.000000000000000000e+00 1.202766621132039138e+00 1.693153759084422422e-02
1.000000000000000000e+00 1.446647544909382299e+00 1.657638881967097438e-02
1.000000000000000000e+00 1.739979379559617678e+00 1.536964090565054973e-02
1.000000000000000000e+00 2.092789119192343339e+00 1.464868553008969072e-02
1.000000000000000000e+00 2.517136897632870962e+00 1.341336042167230735e-02
1.000000000000000000e+00 3.027528241292671840e+00 1.307496076266093099e-02
1.000000000000000000e+00 3.641409913161412160e+00 1.356853623665207724e-02
1.000000000000000000e+00 4.379766297409863895e+00 1.224904442582740345e-02
1.000000000000000000e+00 5.267836710883643470e+00 1.224973463487026917e-02
1.000000000000000000e+00 6.335978161424834276e+00 1.227099441527519305e-02
1.000000000000000000e+00 7.620703044783339486e+00 1.246781963674847317e-02
1.000000000000000000e+00 9.165927251824699695e+00 1.281755154234805877e-02
1.000000000000000000e+00 1.102447135021927060e+01 1.328604441989467838e-02
1.000000000000000000e+00 1.325986615567020444e+01 1.403592568120189468e-02
1.000000000000000000e+00 1.594852441271852861e+01 1.483579269156787457e-02
1.000000000000000000e+00 1.918235281992730634e+01 1.566934421615606005e-02
1.000000000000000000e+00 2.002613901486648018e+01 1.586368302609279801e-02
1.000000000000000000e+00 2.290168718110371771e+01 1.632552293533338222e-02
1.000000000000000000e+00 2.307189368658661621e+01 1.635032690939993566e-02
1.000000000000000000e+00 2.577723534734095523e+01 1.651644770490300063e-02
1.000000000000000000e+00 2.775010361253340108e+01 1.651802854384425839e-02
1.000000000000000000e+00 2.865278351357819275e+01 1.640700441198193402e-02
1.000000000000000000e+00 3.152833167981543028e+01 1.610547115813887667e-02
1.000000000000000000e+00 3.337689835811080030e+01 1.575192712480170260e-02
1.000000000000000000e+00 3.440387984605266780e+01 1.548894619784620987e-02
1.000000000000000000e+00 3.727942801228991243e+01 1.467898724352447587e-02
1.000000000000000000e+00 4.015497617852714995e+01 1.371260801444791622e-02
1.000000000000000000e+00 4.303052434476438748e+01 1.258415561984400216e-02
1.000000000000000000e+00 4.590607251100162500e+01 1.138271222899557393e-02
1.000000000000000000e+00 4.878162067723886253e+01 1.020323361514995780e-02
1.000000000000000000e+00 5.165716884347610005e+01 9.007846108449086425e-03
1.000000000000000000e+00 5.453271700971333757e+01 7.839804613215598655e-03
1.000000000000000000e+00 5.740826517595057510e+01 6.783217854629802063e-03
1.000000000000000000e+00 6.028381334218781262e+01 5.786977754017891967e-03
1.000000000000000000e+00 6.315936150842505015e+01 4.899408747450035954e-03
1.000000000000000000e+00 6.603490967466228767e+01 4.122880369117929572e-03
1.000000000000000000e+00 6.891045784089952519e+01 3.421761544167442170e-03
1.000000000000000000e+00 7.178600600713676272e+01 2.829496227160697291e-03
1.000000000000000000e+00 7.466155417337400024e+01 2.333891030101638026e-03
1.000000000000000000e+00 7.753710233961123777e+01 1.901450338445438183e-03
1.000000000000000000e+00 8.041265050584847529e+01 1.531991968511467548e-03
1.000000000000000000e+00 8.328819867208571281e+01 1.247008500898886142e-03
1.000000000000000000e+00 8.616374683832296455e+01 1.003763694051099326e-03
1.000000000000000000e+00 8.903929500456018786e+01 7.940805070863283990e-04
1.000000000000000000e+00 9.191484317079743960e+01 6.410894057309247289e-04
1.000000000000000000e+00 9.479039133703466291e+01 5.050952591236373707e-04
1.000000000000000000e+00 9.766593950327191465e+01 3.996001851349693761e-04
1.000000000000000000e+00 1.005414876695091380e+02 3.074988903988023397e-04
1.000000000000000000e+00 1.034170358357463897e+02 2.469759904477429450e-04
1.000000000000000000e+00 1.062925840019836130e+02 1.931999579893730690e-04
1.000000000000000000e+00 1.091681321682208647e+02 1.453944063913661130e-04
1.000000000000000000e+00 1.120436803344580881e+02 1.093123867110976191e-04
1.000000000000000000e+00 1.149192285006953398e+02 8.330646651325840791e-05
1.000000000000000000e+00 1.177947766669325631e+02 5.889693527329668230e-05
1.000000000000000000e+00 1.206703248331698148e+02 4.395930890633973406e-05
1.000000000000000000e+00 1.235458729994070382e+02 2.914931979671980434e-05
1.000000000000000000e+00 1.264214211656442899e+02 1.684505732027043312e-05
1.000000000000000000e+00 1.292969693318815132e+02 9.397268136318221213e-06
1.000000000000000000e+00 1.321725174981187649e+02 3.217119066465115107e-06
1.000000000000000000e+00 1.335075934324432012e+02 0.000000000000000000e+00
