# mx [GeV]: 100.0
# sigma_p [cm^2]: 1e-31
# depth [m]: 10.6
# target: full
# Columns: gamma/pi, v [km/s], f(v, gamma) [s/km]
0.000000000000000000e+00 1.000000000000000000e+00 1.012414293021785157e-02
0.000000000000000000e+00 1.130432574352574937e+00 9.627815725196596855e-03
0.000000000000000000e+00 1.277877805157389801e+00 8.628489166160347237e-03
0.000000000000000000e+00 1.444554696992086162e+00 8.466005436839920545e-03
0.000000000000000000e+00 1.632971684913867572e+00 8.225101060518472465e-03
0.000000000000000000e+00 1.845964385622045123e+00 8.044891502491944082e-03
0.000000000000000000e+00 2.086738272601897926e+00 7.434131075649557871e-03
0.000000000000000000e+00 2.358916917497408505e+00 7.264104529764961460e-03
0.000000000000000000e+00 2.666596523730435653e+00 7.011630812766837806e-03
0.000000000000000000e+00 3.014407573080223557e+00 6.501007927990094977e-03
0.000000000000000000e+00 3.407584512984974889e+00 6.220733314381807037e-03
0.000000000000000000e+00 3.852044533337569465e+00 5.836811222055661962e-03
0.000000000000000000e+00 4.354476618341552197e+00 5.243859182646548947e-03
0.000000000000000000e+00 4.922442213629934393e+00 4.770298567701020814e-03
0.000000000000000000e+00 5.564489023655474931e+00 4.221567409757396271e-03
0.000000000000000000e+00 6.163109137111677072e+00 3.659628740879506022e-03
0.000000000000000000e+00 6.290279651967503938e+00 3.566514018321216735e-03
0.000000000000000000e+00 7.048068397825148601e+00 3.041772789835706699e-03
0.000000000000000000e+00 7.110737020371244554e+00 3.000523453121636732e-03
0.000000000000000000e+00 7.933027658538620130e+00 2.456128729472338134e-03
0.000000000000000000e+00 8.038208755482424195e+00 2.400919711908897341e-03
0.000000000000000000e+00 8.817986919252092548e+00 2.023995581372345018e-03
0.000000000000000000e+00 9.086653016643403191e+00 1.907718355866919787e-03
0.000000000000000000e+00 9.702946179965563189e+00 1.653048667810367613e-03
0.000000000000000000e+00 1.027184856185279394e+01 1.441353432576089350e-03
0.000000000000000000e+00 1.058790544067903561e+01 1.347615645258816138e-03
0.000000000000000000e+00 1.147286470139250625e+01 1.106488985652109500e-03
0.000000000000000000e+00 1.235782396210597867e+01 9.241352464377025752e-04
0.000000000000000000e+00 1.324278322281945108e+01 7.577736747549411542e-04
0.000000000000000000e+00 1.412774248353292172e+01 6.409233941404180596e-04
0.000000000000000000e+00 1.501270174424639414e+01 5.269223579008405637e-04
0.000000000000000000e+00 1.589766100495986478e+01 4.519826092341210208e-04
0.000000000000000000e+00 1.678262026567333720e+01 3.941780171791096085e-04
0.000000000000000000e+00 1.766757952638680962e+01 3.269445341979811169e-04
0.000000000000000000e+00 1.855253878710028204e+01 2.854175158070352625e-04
0.000000000000000000e+00 1.943749804781375090e+01 2.444615367258790896e-04
0.000000000000000000e+00 2.032245730852722332e+01 2.157236100204440107e-04
0.000000000000000000e+00 2.120741656924069574e+01 1.838447547286912022e-04
0.000000000000000000e+00 2.209237582995416460e+01 1.638217769013600330e-04
0.000000000000000000e+00 2.297733509066763702e+01 1.381754687263797425e-04
0.000000000000000000e+00 2.386229435138110944e+01 1.242146349288825689e-04
0.000000000000000000e+00 2.474725361209458185e+01 1.109831900815895652e-04
0.000000000000000000e+00 2.563221287280805427e+01 9.636183130583111966e-05
0.000000000000000000e+00 2.651717213352152669e+01 8.485568156316396595e-05
0.000000000000000000e+00 2.740213139423499911e+01 7.745764389404790349e-05
0.000000000000000000e+00 2.828709065494847152e+01 6.568049187147804481e-05
0.000000000000000000e+00 2.917204991566193684e+01 6.029622785949217951e-05
0.000000000000000000e+00 3.005700917637540925e+01 5.216303846513931260e-05
0.000000000000000000e+00 3.094196843708888167e+01 4.817589774219202607e-05
0.000000000000000000e+00 3.182692769780235409e+01 4.267226766833150385e-05
0.000000000000000000e+00 3.271188695851582651e+01 3.614333615474353621e-05
0.000000000000000000e+00 3.359684621922929892e+01 3.359192269672510038e-05
0.000000000000000000e+00 3.448180547994277134e+01 2.894709128114011983e-05
0.000000000000000000e+00 3.536676474065624376e+01 2.574835716335981576e-05
0.000000000000000000e+00 3.625172400136971618e+01 2.159031248143397611e-05
0.000000000000000000e+00 3.713668326208318149e+01 1.912867626205786844e-05
0.000000000000000000e+00 3.802164252279665391e+01 1.637793038689489225e-05
0.000000000000000000e+00 3.890660178351012632e+01 1.263178168958864796e-05
0.000000000000000000e+00 3.979156104422359874e+01 9.161822525182822287e-06
0.000000000000000000e+00 4.067652030493707116e+01 5.096112020902697609e-06
0.000000000000000000e+00 4.108739424741118285e+01 0.000000000000000000e+00
1.000000000000000056e-01 1.000000000000000000e+00 1.119531268960130381e-02
1.000000000000000056e-01 1.155217342964642402e+00 1.058849783100057097e-02
1.000000000000000056e-01 1.334527109486288277e+00 9.892732799975980859e-03
1.000000000000000056e-01 1.541668861535034241e+00 9.181961039905262023e-03
1.000000000000000056e-01 1.780962605953827493e+00 8.823023164887923778e-03
1.000000000000000056e-01 2.057398889569365785e+00 8.442609808474122943e-03
1.000000000000000056e-01 2.376742878626728839e+00 8.061049003302166518e-03
1.000000000000000056e-01 2.745654593157305090e+00 7.617477962819760653e-03
1.000000000000000056e-01 3.171827803805848056e+00 7.195866035248708013e-03
1.000000000000000056e-01 3.664150487853969462e+00 6.713902724016574883e-03
1.000000000000000056e-01 4.232890190801260388e+00 6.062568096073544036e-03
1.000000000000000056e-01 4.889908159278530064e+00 5.401937027827135446e-03
1.000000000000000056e-01 5.648906711102869238e+00 4.634736648423036162e-03
1.000000000000000056e-01 6.525715001455393072e+00 3.875792670882141373e-03
1.000000000000000056e-01 7.538619144925807092e+00 3.112199589758585239e-03
1.000000000000000056e-01 8.708743578223574033e+00 2.397414733544847316e-03
1.000000000000000056e-01 9.305967994594027459e+00 2.101386030175080542e-03
1.000000000000000056e-01 1.006049161699582939e+01 1.782228551059313916e-03
1.000000000000000056e-01 1.064220955279214387e+01 1.563276647423213943e-03
1.000000000000000056e-01 1.162205439470398360e+01 1.271603310284047427e-03
1.000000000000000056e-01 1.197845111099026028e+01 1.180672143736289812e-03
1.000000000000000056e-01 1.331469266918837846e+01 8.993258259199057901e-04
1.000000000000000056e-01 1.342599879764048154e+01 8.798486053518999239e-04
1.000000000000000056e-01 1.465093422738649309e+01 6.949483984017632140e-04
1.000000000000000056e-01 1.550994665765671421e+01 5.925872556500315228e-04
1.000000000000000056e-01 1.598717578558461128e+01 5.439005461128922601e-04
1.000000000000000056e-01 1.732341734378272946e+01 4.318013930885388190e-04
1.000000000000000056e-01 1.865965890198084409e+01 3.452011783202082670e-04
1.000000000000000056e-01 1.999590046017895872e+01 2.809792055454982053e-04
1.000000000000000056e-01 2.133214201837707691e+01 2.304333794743383939e-04
1.000000000000000056e-01 2.266838357657519509e+01 1.895218832564301843e-04
1.000000000000000056e-01 2.400462513477330972e+01 1.586854574338957371e-04
1.000000000000000056e-01 2.534086669297142791e+01 1.334093765407673123e-04
1.000000000000000056e-01 2.667710825116954254e+01 1.118614576171827731e-04
1.000000000000000056e-01 2.801334980936766073e+01 9.540149124862867976e-05
1.000000000000000056e-01 2.934959136756577536e+01 8.145585600458067979e-05
1.000000000000000056e-01 3.068583292576389354e+01 6.961587434795578919e-05
1.000000000000000056e-01 3.202207448396201528e+01 5.985753151657829512e-05
1.000000000000000056e-01 3.335831604216012636e+01 5.132097501425640851e-05
1.000000000000000056e-01 3.469455760035824454e+01 4.419659899530656359e-05
1.000000000000000056e-01 3.603079915855636273e+01 3.818423431434215219e-05
1.000000000000000056e-01 3.736704071675447381e+01 3.294263675046413427e-05
1.000000000000000056e-01 3.870328227495259199e+01 2.817733482634737446e-05
1.000000000000000056e-01 4.003952383315071017e+01 2.436874589826014371e-05
1.000000000000000056e-01 4.137576539134882836e+01 2.107417248924057113e-05
1.000000000000000056e-01 4.271200694954694654e+01 1.804162173039620986e-05
1.000000000000000056e-01 4.404824850774505762e+01 1.545143393535341089e-05
1.000000000000000056e-01 4.538449006594317581e+01 1.327221926282522815e-05
1.000000000000000056e-01 4.672073162414129399e+01 1.129627329800464775e-05
1.000000000000000056e-01 4.805697318233941218e+01 9.601177775358524515e-06
1.000000000000000056e-01 4.939321474053752326e+01 7.964545573943868057e-06
1.000000000000000056e-01 5.072945629873564144e+01 6.701382311489606017e-06
1.000000000000000056e-01 5.206569785693375962e+01 5.613112578273303845e-06
1.000000000000000056e-01 5.340193941513187781e+01 4.477288786705836025e-06
1.000000000000000056e-01 5.473818097332999599e+01 3.547241982568736602e-06
1.000000000000000056e-01 5.607442253152810707e+01 2.746836371325658350e-06
1.000000000000000056e-01 5.741066408972622526e+01 1.982047251399986134e-06
1.000000000000000056e-01 5.874690564792434344e+01 1.347392622314083343e-06
1.000000000000000056e-01 6.008314720612246163e+01 7.519026828276004672e-07
1.000000000000000056e-01 6.141938876432057981e+01 2.380287504494731496e-07
1.000000000000000056e-01 6.203978663062684973e+01 0.000000000000000000e+00
2.000000000000000111e-01 1.000000000000000000e+00 1.577487076508657729e-02
2.000000000000000111e-01 1.206157054198062628e+00 1.360972294150980186e-02
2.000000000000000111e-01 1.454814839391748160e+00 1.273008846294890715e-02
2.000000000000000111e-01 1.754735181084378759e+00 1.178648568249855526e-02
2.000000000000000111e-01 2.116486216914438057e+00 1.100893666978108518e-02
2.000000000000000111e-01 2.552814780644320436e+00 1.035272772666282273e-02
2.000000000000000111e-01 3.079095555735227308e+00 9.647008271569215351e-03
2.000000000000000111e-01 3.713872825099948205e+00 8.828934640822093394e-03
2.000000000000000111e-01 4.479513906388789657e+00 7.869796034168553486e-03
2.000000000000000111e-01 5.402997297569158697e+00 6.731098535547862596e-03
2.000000000000000111e-01 6.516863304276109936e+00 5.493076136170432951e-03
2.000000000000000111e-01 7.860360645697125115e+00 4.213841401691376630e-03
2.000000000000000111e-01 9.480829441348427977e+00 3.051337088694202043e-03
2.000000000000000111e-01 1.143536931033108317e+01 2.072547008451003890e-03
2.000000000000000111e-01 1.379285136101587028e+01 1.343696867356818873e-03
2.000000000000000111e-01 1.663634496659464190e+01 8.326929744542240202e-04
2.000000000000000111e-01 2.006604483753055845e+01 5.023944138368161352e-04
2.000000000000000111e-01 2.112635689297886188e+01 4.357472303890072432e-04
2.000000000000000111e-01 2.415988506222710797e+01 2.990888876086334369e-04
2.000000000000000111e-01 2.420280153064209827e+01 2.976429768500171431e-04
2.000000000000000111e-01 2.719341323147535761e+01 2.134036437236708336e-04
2.000000000000000111e-01 2.919237979753963330e+01 1.744551303299458195e-04
2.000000000000000111e-01 3.022694140072360369e+01 1.578312062124263262e-04
2.000000000000000111e-01 3.326046956997185333e+01 1.193647460385575140e-04
2.000000000000000111e-01 3.521059482163143883e+01 1.011447465958800821e-04
2.000000000000000111e-01 3.629399773922010297e+01 9.272997554416259483e-05
2.000000000000000111e-01 3.932752590846834551e+01 7.341159566828129397e-05
2.000000000000000111e-01 4.236105407771659515e+01 5.913893279820748612e-05
2.000000000000000111e-01 4.539458224696484478e+01 4.795453817900237532e-05
2.000000000000000111e-01 4.842811041621308732e+01 3.978976560931815897e-05
2.000000000000000111e-01 5.146163858546133696e+01 3.332554562100941635e-05
2.000000000000000111e-01 5.449516675470958660e+01 2.790995522114861585e-05
2.000000000000000111e-01 5.752869492395782913e+01 2.366625290808748469e-05
2.000000000000000111e-01 6.056222309320607877e+01 2.034623861564677414e-05
2.000000000000000111e-01 6.359575126245432841e+01 1.756329815552769329e-05
2.000000000000000111e-01 6.662927943170257095e+01 1.521245491697051593e-05
2.000000000000000111e-01 6.966280760095082769e+01 1.324610931410451097e-05
2.000000000000000111e-01 7.269633577019907023e+01 1.156599515295635619e-05
2.000000000000000111e-01 7.572986393944731276e+01 1.022241319759921490e-05
2.000000000000000111e-01 7.876339210869556950e+01 8.864156530934420752e-06
2.000000000000000111e-01 8.179692027794381204e+01 7.812985463484401079e-06
2.000000000000000111e-01 8.483044844719205457e+01 6.950123251830708420e-06
2.000000000000000111e-01 8.786397661644031132e+01 6.178231020700744285e-06
2.000000000000000111e-01 9.089750478568855385e+01 5.438215707548915671e-06
2.000000000000000111e-01 9.393103295493679639e+01 4.757041045772221374e-06
2.000000000000000111e-01 9.696456112418505313e+01 4.198859310771650970e-06
2.000000000000000111e-01 9.999808929343329567e+01 3.719829575801257352e-06
2.000000000000000111e-01 1.030316174626815382e+02 3.336901661013307912e-06
2.000000000000000111e-01 1.060651456319297949e+02 2.893131081441572540e-06
2.000000000000000111e-01 1.090986738011780375e+02 2.525926311811183203e-06
2.000000000000000111e-01 1.121322019704262800e+02 2.195662644705861795e-06
2.000000000000000111e-01 1.151657301396745368e+02 1.865144709488225787e-06
2.000000000000000111e-01 1.181992583089227793e+02 1.582286208347377977e-06
2.000000000000000111e-01 1.212327864781710218e+02 1.332350302422090573e-06
2.000000000000000111e-01 1.242663146474192786e+02 1.072975494761267662e-06
2.000000000000000111e-01 1.272998428166675211e+02 8.663577059892320673e-07
2.000000000000000111e-01 1.303333709859157636e+02 6.325809077111130363e-07
2.000000000000000111e-01 1.333668991551640204e+02 4.518824906641444256e-07
2.000000000000000111e-01 1.364004273244122487e+02 2.617406105024597349e-07
2.000000000000000111e-01 1.394339554936605055e+02 8.562452837301133593e-08
2.000000000000000111e-01 1.408423792865257553e+02 0.000000000000000000e+00
3.000000000000000444e-01 1.000000000000000000e+00 2.341734988432760817e-02
3.000000000000000444e-01 1.247332807179844627e+00 2.026616423090689054e-02
3.000000000000000444e-01 1.555839131867151615e+00 1.799805718771458826e-02
3.000000000000000444e-01 1.940649191872106716e+00 1.660457660123538376e-02
3.000000000000000444e-01 2.420635404249132261e+00 1.536288240984002261e-02
3.000000000000000444e-01 3.019337953940988140e+00 1.425715790547644329e-02
3.000000000000000444e-01 3.766119285913861248e+00 1.304839991014055539e-02
3.000000000000000444e-01 4.697604141073089323e+00 1.155849795390525604e-02
3.000000000000000444e-01 5.859475760304359682e+00 9.767959584852768315e-03
3.000000000000000444e-01 7.308716348702691157e+00 7.725115768719647245e-03
3.000000000000000444e-01 9.116401680108554118e+00 5.671870172509430215e-03
3.000000000000000444e-01 1.137118689902885471e+01 3.848622892871376988e-03
3.000000000000000444e-01 1.418365447573233240e+01 2.442705506354995570e-03
3.000000000000000444e-01 1.769173755328417741e+01 1.470767566203046899e-03
3.000000000000000444e-01 2.206748466622703830e+01 8.586898775954588054e-04
3.000000000000000444e-01 2.752549759612314872e+01 4.920574926628390813e-04
3.000000000000000444e-01 3.433345618559435053e+01 2.825514458704634062e-04
3.000000000000000444e-01 3.997751640045003541e+01 1.928272676820501797e-04
3.000000000000000444e-01 4.282524628416360457e+01 1.633749577452695511e-04
3.000000000000000444e-01 4.571787772974542463e+01 1.388698994800391861e-04
3.000000000000000444e-01 5.145823905904081386e+01 1.045822069313766522e-04
3.000000000000000444e-01 5.341733466579399447e+01 9.566874275896959743e-05
3.000000000000000444e-01 5.719860038833620308e+01 8.101676450281075973e-05
3.000000000000000444e-01 6.293896171763159941e+01 6.509159055970533585e-05
3.000000000000000444e-01 6.662919400075004717e+01 5.684829983224186795e-05
3.000000000000000444e-01 6.867932304692698153e+01 5.327116199826645071e-05
3.000000000000000444e-01 7.441968437622237786e+01 4.428207407427099603e-05
3.000000000000000444e-01 8.016004570551777419e+01 3.776020464659665666e-05
3.000000000000000444e-01 8.590040703481315632e+01 3.219129393405459024e-05
3.000000000000000444e-01 9.164076836410853844e+01 2.815464148119075583e-05
3.000000000000000444e-01 9.738112969340393477e+01 2.483180424517344867e-05
3.000000000000000444e-01 1.031214910226993311e+02 2.216166245249312616e-05
3.000000000000000444e-01 1.088618523519947132e+02 1.998272629377791982e-05
3.000000000000000444e-01 1.146022136812900953e+02 1.788001835847476261e-05
3.000000000000000444e-01 1.203425750105855059e+02 1.627077204327165072e-05
3.000000000000000444e-01 1.260829363398808880e+02 1.470141839428554835e-05
3.000000000000000444e-01 1.318232976691762701e+02 1.353972526991831947e-05
3.000000000000000444e-01 1.375636589984716807e+02 1.239398938863923998e-05
3.000000000000000444e-01 1.433040203277670628e+02 1.155211152230690627e-05
3.000000000000000444e-01 1.490443816570624449e+02 1.071796723971667117e-05
3.000000000000000444e-01 1.547847429863578270e+02 9.944034918137188665e-06
3.000000000000000444e-01 1.605251043156532376e+02 9.125014325939091096e-06
3.000000000000000444e-01 1.662654656449486197e+02 8.510166408631423645e-06
3.000000000000000444e-01 1.720058269742440018e+02 7.958332749155949565e-06
3.000000000000000444e-01 1.777461883035394123e+02 7.509386687874518462e-06
3.000000000000000444e-01 1.834865496328347945e+02 7.052682426464243332e-06
3.000000000000000444e-01 1.892269109621301766e+02 6.475868156908112718e-06
3.000000000000000444e-01 1.949672722914255871e+02 5.998483494934349218e-06
3.000000000000000444e-01 2.007076336207209692e+02 5.510047601604083526e-06
3.000000000000000444e-01 2.064479949500163514e+02 5.082294425906767432e-06
3.000000000000000444e-01 2.121883562793117335e+02 4.640019068369378966e-06
3.000000000000000444e-01 2.179287176086071440e+02 4.175029779359499811e-06
3.000000000000000444e-01 2.236690789379025261e+02 3.749431626931964306e-06
3.000000000000000444e-01 2.294094402671979083e+02 3.215719948316156234e-06
3.000000000000000444e-01 2.351498015964933188e+02 2.791872529090148116e-06
3.000000000000000444e-01 2.408901629257887009e+02 2.312592168038421481e-06
3.000000000000000444e-01 2.466305242550840831e+02 1.813895889513125280e-06
3.000000000000000444e-01 2.523708855843794652e+02 1.312844918733772620e-06
3.000000000000000444e-01 2.581112469136748473e+02 7.676957859614270052e-07
3.000000000000000444e-01 2.638516082429702578e+02 2.628176128068487381e-07
3.000000000000000444e-01 2.665167760030002455e+02 0.000000000000000000e+00
4.000000000000000222e-01 1.000000000000000000e+00 3.361816975964584953e-02
4.000000000000000222e-01 1.267053732154731271e+00 2.892043695927160041e-02
4.000000000000000222e-01 1.605425160167233800e+00 2.570983686003954979e-02
4.000000000000000222e-01 2.034159940885000850e+00 2.349580899624906585e-02
4.000000000000000222e-01 2.577389944897988006e+00 2.184390561217846791e-02
4.000000000000000222e-01 3.265691548901073382e+00 2.034491918871108446e-02
4.000000000000000222e-01 4.137806665101270376e+00 1.871327632534779128e-02
4.000000000000000222e-01 5.242823377951287611e+00 1.662060608219108684e-02
4.000000000000000222e-01 6.642938928061254522e+00 1.401103529561106495e-02
4.000000000000000222e-01 8.416960561275962149e+00 1.096156664520571422e-02
4.000000000000000222e-01 1.066474129256389247e+01 7.916433441734873136e-03
4.000000000000000222e-01 1.351280025720775235e+01 5.286078720467200266e-03
4.000000000000000222e-01 1.712144399775649717e+01 3.313091279872440540e-03
4.000000000000000222e-01 2.169378951723559013e+01 1.991139358706426818e-03
4.000000000000000222e-01 2.748719697239255311e+01 1.172277205755684407e-03
4.000000000000000222e-01 3.482775551034221451e+01 6.858570963948456677e-04
4.000000000000000222e-01 4.412863760195160978e+01 4.055614896551685460e-04
4.000000000000000222e-01 5.385882411343292375e+01 2.634429481796228328e-04
4.000000000000000222e-01 5.591335496845639597e+01 2.440425998335447920e-04
4.000000000000000222e-01 6.159239885792585767e+01 1.999290157975088661e-04
4.000000000000000222e-01 6.932597360241878448e+01 1.572728105220454978e-04
4.000000000000000222e-01 7.084522509007496183e+01 1.502121364272007177e-04
4.000000000000000222e-01 7.705954834691172550e+01 1.273728620811053402e-04
4.000000000000000222e-01 8.479312309140465231e+01 1.070208492498782543e-04
4.000000000000000222e-01 8.976470685572154196e+01 9.532876554796949182e-05
4.000000000000000222e-01 9.252669783589757913e+01 9.056499813526109786e-05
4.000000000000000222e-01 1.002602725803905059e+02 7.866495889356661816e-05
4.000000000000000222e-01 1.079938473248834470e+02 6.911472573729919794e-05
4.000000000000000222e-01 1.157274220693763880e+02 6.211761080773284488e-05
4.000000000000000222e-01 1.234609968138693148e+02 5.655265700437271664e-05
4.000000000000000222e-01 1.311945715583622416e+02 5.132347980494261975e-05
4.000000000000000222e-01 1.389281463028551684e+02 4.765215679915608081e-05
4.000000000000000222e-01 1.466617210473480952e+02 4.366672900240938779e-05
4.000000000000000222e-01 1.543952957918410505e+02 4.179244669235284793e-05
4.000000000000000222e-01 1.621288705363339773e+02 3.885798583921863322e-05
4.000000000000000222e-01 1.698624452808269041e+02 3.721292876588800475e-05
4.000000000000000222e-01 1.775960200253198309e+02 3.502625857376184847e-05
4.000000000000000222e-01 1.853295947698127577e+02 3.317642299702652737e-05
4.000000000000000222e-01 1.930631695143056845e+02 3.182531801064739145e-05
4.000000000000000222e-01 2.007967442587986397e+02 3.045458565063471483e-05
4.000000000000000222e-01 2.085303190032915666e+02 2.887186713348888938e-05
4.000000000000000222e-01 2.162638937477844934e+02 2.777308879635320482e-05
4.000000000000000222e-01 2.239974684922774202e+02 2.675749548742519643e-05
4.000000000000000222e-01 2.317310432367703470e+02 2.528212815307142659e-05
4.000000000000000222e-01 2.394646179812632738e+02 2.429804625219240076e-05
4.000000000000000222e-01 2.471981927257562290e+02 2.300520619694993688e-05
4.000000000000000222e-01 2.549317674702491558e+02 2.149174840338650952e-05
4.000000000000000222e-01 2.626653422147421111e+02 2.012819844012887617e-05
4.000000000000000222e-01 2.703989169592350095e+02 1.868389710510605270e-05
4.000000000000000222e-01 2.781324917037279647e+02 1.707882780837717947e-05
4.000000000000000222e-01 2.858660664482209199e+02 1.541283241384249010e-05
4.000000000000000222e-01 2.935996411927138183e+02 1.383808962303574380e-05
4.000000000000000222e-01 3.013332159372067736e+02 1.206526674164202628e-05
4.000000000000000222e-01 3.090667906816996719e+02 1.039409096620707138e-05
4.000000000000000222e-01 3.168003654261926272e+02 8.599844030594261447e-06
4.000000000000000222e-01 3.245339401706855824e+02 6.879472981944462998e-06
4.000000000000000222e-01 3.322675149151784808e+02 5.179561040663787163e-06
4.000000000000000222e-01 3.400010896596714360e+02 3.578094595673312921e-06
4.000000000000000222e-01 3.477346644041643913e+02 2.089442655172406460e-06
4.000000000000000222e-01 3.554682391486572897e+02 6.173756865992701007e-07
4.000000000000000222e-01 3.590588274228861678e+02 0.000000000000000000e+00
5.000000000000000000e-01 1.000000000000000000e+00 4.182930419586830539e-02
5.000000000000000000e-01 1.280133063082099287e+00 3.614010058764091649e-02
5.000000000000000000e-01 1.638740659195957905e+00 3.232265611866414617e-02
5.000000000000000000e-01 2.097806099653699796e+00 2.979352688966374271e-02
5.000000000000000000e-01 2.685470948102002264e+00 2.807127098203590285e-02
5.000000000000000000e-01 3.437760150611805621e+00 2.658663555448864332e-02
5.000000000000000000e-01 4.400790431744268538e+00 2.494258493274473590e-02
5.000000000000000000e-01 5.633597335371185899e+00 2.262005459164637827e-02
5.000000000000000000e-01 7.211754213099867528e+00 1.944195614960724655e-02
5.000000000000000000e-01 9.232005011010766538e+00 1.548157182075762459e-02
5.000000000000000000e-01 1.181819485313450357e+01 1.134245440082161209e-02
5.000000000000000000e-01 1.512886197744417416e+01 7.684915500472749676e-03
5.000000000000000000e-01 1.936695642413191010e+01 4.902861629284703884e-03
5.000000000000000000e-01 2.479228124980152259e+01 3.014256861896370127e-03
5.000000000000000000e-01 3.173741893710132445e+01 1.824743153266406058e-03
5.000000000000000000e-01 4.062811931827132383e+01 1.099702422030189369e-03
5.000000000000000000e-01 5.200939883016368981e+01 6.746794864165468752e-04
5.000000000000000000e-01 6.546338046314363623e+01 4.355108051509572545e-04
5.000000000000000000e-01 6.657895103351600596e+01 4.214323281958729439e-04
5.000000000000000000e-01 7.486325047836426450e+01 3.412854932578158682e-04
5.000000000000000000e-01 8.426312049358487855e+01 2.785737662576717386e-04
5.000000000000000000e-01 8.522991652332790125e+01 2.746020578710025163e-04
5.000000000000000000e-01 9.366299050880550681e+01 2.330508972267664614e-04
5.000000000000000000e-01 1.030628605240261209e+02 2.011809477768096118e-04
5.000000000000000000e-01 1.091056341052393890e+02 1.864415140874235905e-04
5.000000000000000000e-01 1.124627305392467491e+02 1.758890880567377194e-04
5.000000000000000000e-01 1.218626005544673774e+02 1.592653771777627781e-04
5.000000000000000000e-01 1.312624705696879914e+02 1.442299618424768720e-04
5.000000000000000000e-01 1.406623405849086339e+02 1.331210082947180363e-04
5.000000000000000000e-01 1.500622106001292480e+02 1.238680468345051467e-04
5.000000000000000000e-01 1.594620806153498620e+02 1.171225988528967093e-04
5.000000000000000000e-01 1.688619506305705045e+02 1.101533488362443556e-04
5.000000000000000000e-01 1.782618206457911185e+02 1.062475063111200112e-04
5.000000000000000000e-01 1.876616906610117326e+02 1.020022644395458258e-04
5.000000000000000000e-01 1.970615606762323466e+02 9.757677244488248739e-05
5.000000000000000000e-01 2.064614306914529891e+02 9.477875579361956277e-05
5.000000000000000000e-01 2.158613007066736031e+02 9.188023096767512863e-05
5.000000000000000000e-01 2.252611707218942172e+02 8.937048072227746199e-05
5.000000000000000000e-01 2.346610407371148597e+02 8.491200501943693604e-05
5.000000000000000000e-01 2.440609107523354737e+02 8.341648860710257471e-05
5.000000000000000000e-01 2.534607807675560878e+02 8.019206703681826969e-05
5.000000000000000000e-01 2.628606507827767018e+02 7.674873671998501629e-05
5.000000000000000000e-01 2.722605207979973443e+02 7.295314420577613597e-05
5.000000000000000000e-01 2.816603908132179868e+02 6.861369903367382935e-05
5.000000000000000000e-01 2.910602608284385724e+02 6.424389772145031963e-05
5.000000000000000000e-01 3.004601308436592149e+02 5.936015838149472838e-05
5.000000000000000000e-01 3.098600008588798573e+02 5.416274367212948663e-05
5.000000000000000000e-01 3.192598708741004430e+02 4.882573772810201707e-05
5.000000000000000000e-01 3.286597408893210286e+02 4.341116780201496054e-05
5.000000000000000000e-01 3.380596109045417279e+02 3.787143272684052262e-05
5.000000000000000000e-01 3.474594809197623135e+02 3.247583128546292709e-05
5.000000000000000000e-01 3.568593509349828992e+02 2.763133768407200622e-05
5.000000000000000000e-01 3.662592209502035985e+02 2.292139976297379167e-05
5.000000000000000000e-01 3.756590909654241841e+02 1.868771883040169578e-05
5.000000000000000000e-01 3.850589609806447697e+02 1.474587447296008672e-05
5.000000000000000000e-01 3.944588309958654690e+02 1.129704947914451316e-05
5.000000000000000000e-01 4.038587010110860547e+02 8.184888921088343970e-06
5.000000000000000000e-01 4.132585710263066403e+02 5.404877037872416136e-06
5.000000000000000000e-01 4.226584410415273396e+02 2.953053156702994627e-06
5.000000000000000000e-01 4.320583110567479821e+02 8.816643579461906978e-07
5.000000000000000000e-01 4.364225364209575559e+02 0.000000000000000000e+00
6.000000000000000888e-01 1.000000000000000000e+00 4.270711976901102325e-02
6.000000000000000888e-01 1.289393023091979007e+00 3.726096564930370808e-02
6.000000000000000888e-01 1.662534367998272700e+00 3.381420007105237491e-02
6.000000000000000888e-01 2.143660214747605597e+00 3.177009499992455854e-02
6.000000000000000888e-01 2.764020524775415932e+00 3.061951257190185724e-02
6.000000000000000888e-01 3.563908780328451265e+00 2.981773680267031310e-02
6.000000000000000888e-01 4.595279116291749233e+00 2.883059642469759307e-02
6.000000000000000888e-01 5.925120831706856883e+00 2.701984562902208162e-02
6.000000000000000888e-01 7.639809461379764244e+00 2.397886387885886025e-02
6.000000000000000888e-01 9.850717017255158581e+00 1.966482352335346614e-02
6.000000000000000888e-01 1.270144579450223077e+01 1.482598944453761801e-02
6.000000000000000888e-01 1.637715559061213000e+01 1.032011637384789259e-02
6.000000000000000888e-01 2.111659015662708327e+01 6.769934168198177629e-03
6.000000000000000888e-01 2.722758401944772899e+01 4.281539574803539840e-03
6.000000000000000888e-01 3.510705687032655220e+01 2.664423880311233596e-03
6.000000000000000888e-01 4.526679418989237291e+01 1.658042596794197807e-03
6.000000000000000888e-01 5.836668860618777188e+01 1.053971918307873871e-03
6.000000000000000888e-01 7.507100893898825689e+01 6.843516047194180213e-04
6.000000000000000888e-01 7.525760106980062858e+01 6.808470939538743523e-04
6.000000000000000888e-01 8.585043586356093215e+01 5.512375245296562490e-04
6.000000000000000888e-01 9.662986278813360741e+01 4.634879046365658010e-04
6.000000000000000888e-01 9.703662575404035806e+01 4.608062925229880025e-04
6.000000000000000888e-01 1.074092897127062685e+02 4.010659754091830398e-04
6.000000000000000888e-01 1.181887166372789437e+02 3.502475777368416394e-04
6.000000000000000888e-01 1.251183482316470617e+02 3.280514626153554136e-04
6.000000000000000888e-01 1.289681435618516048e+02 3.222434644346267138e-04
6.000000000000000888e-01 1.397475704864242800e+02 2.935382324930557664e-04
6.000000000000000888e-01 1.505269974109969553e+02 2.740150559979312927e-04
6.000000000000000888e-01 1.613064243355696306e+02 2.598237628801911025e-04
6.000000000000000888e-01 1.720858512601423058e+02 2.466943166597613396e-04
6.000000000000000888e-01 1.828652781847149811e+02 2.387185436959803953e-04
6.000000000000000888e-01 1.936447051092876563e+02 2.327549424382816315e-04
6.000000000000000888e-01 2.044241320338603032e+02 2.240059576512638925e-04
6.000000000000000888e-01 2.152035589584329784e+02 2.223921048347865710e-04
6.000000000000000888e-01 2.259829858830056537e+02 2.148427121323445493e-04
6.000000000000000888e-01 2.367624128075783290e+02 2.113338131653606127e-04
6.000000000000000888e-01 2.475418397321510042e+02 2.068934330356993255e-04
6.000000000000000888e-01 2.583212666567236511e+02 2.003565282508280941e-04
6.000000000000000888e-01 2.691006935812963548e+02 1.936305577259116791e-04
6.000000000000000888e-01 2.798801205058690584e+02 1.853692658478263986e-04
6.000000000000000888e-01 2.906595474304417053e+02 1.754229086995851711e-04
6.000000000000000888e-01 3.014389743550143521e+02 1.650008765146742089e-04
6.000000000000000888e-01 3.122184012795870558e+02 1.519732741549943776e-04
6.000000000000000888e-01 3.229978282041597026e+02 1.388460763564994163e-04
6.000000000000000888e-01 3.337772551287323495e+02 1.250291873445642040e-04
6.000000000000000888e-01 3.445566820533050532e+02 1.109162967697305551e-04
6.000000000000000888e-01 3.553361089778777000e+02 9.689264339261475904e-05
6.000000000000000888e-01 3.661155359024504037e+02 8.388353438166600256e-05
6.000000000000000888e-01 3.768949628270230505e+02 7.148798404694217310e-05
6.000000000000000888e-01 3.876743897515957542e+02 6.037618715675251098e-05
6.000000000000000888e-01 3.984538166761684010e+02 5.024451784824765651e-05
6.000000000000000888e-01 4.092332436007411047e+02 4.141642896119841484e-05
6.000000000000000888e-01 4.200126705253137516e+02 3.343472537649376004e-05
6.000000000000000888e-01 4.307920974498863984e+02 2.671629609523728044e-05
6.000000000000000888e-01 4.415715243744591021e+02 2.068025986269366525e-05
6.000000000000000888e-01 4.523509512990317489e+02 1.556891369871541637e-05
6.000000000000000888e-01 4.631303782236044526e+02 1.115381206772927386e-05
6.000000000000000888e-01 4.739098051481770995e+02 7.291234998430610236e-06
6.000000000000000888e-01 4.846892320727498031e+02 4.030634361529854285e-06
6.000000000000000888e-01 4.954686589973224500e+02 1.169472284545258007e-06
6.000000000000000888e-01 5.004733929265883603e+02 0.000000000000000000e+00
7.000000000000000666e-01 1.000000000000000000e+00 3.632535656886389658e-02
7.000000000000000666e-01 1.295486709698743688e+00 3.210936821985695133e-02
7.000000000000000666e-01 1.678285815006077097e+00 2.962627568934122699e-02
7.000000000000000666e-01 2.174196968416297171e+00 2.875892415700306848e-02
7.000000000000000666e-01 2.816643276850612665e+00 2.853920439562761258e-02
7.000000000000000666e-01 3.648923931122287190e+00 2.877326105287651703e-02
7.000000000000000666e-01 4.727132457470617055e+00 2.886282276900683369e-02
7.000000000000000666e-01 6.123937273638746959e+00 2.815931307244706056e-02
7.000000000000000666e-01 7.933479349027756200e+00 2.596366543649774108e-02
7.000000000000000666e-01 1.027771705833489868e+01 2.208979274731133480e-02
7.000000000000000666e-01 1.331464585511692711e+01 1.720303195150778980e-02
7.000000000000000666e-01 1.724894674964944841e+01 1.235165723444613291e-02
7.000000000000000666e-01 2.234578127047219809e+01 8.341725332455651037e-03
7.000000000000000666e-01 2.894866265373185144e+01 5.420059569911641825e-03
7.000000000000000666e-01 3.750260773146197124e+01 3.475419743245482945e-03
7.000000000000000666e-01 4.858412989515434788e+01 2.222722354955813766e-03
7.000000000000000666e-01 6.294009458144986269e+01 1.442221521576247511e-03
7.000000000000000666e-01 8.153805603745020392e+01 9.659624444286551244e-04
7.000000000000000666e-01 8.210649769849398183e+01 9.551382577965435682e-04
7.000000000000000666e-01 9.389614865007260391e+01 7.913691800359659448e-04
7.000000000000000666e-01 1.056314679311881690e+02 6.820209835723779280e-04
7.000000000000000666e-01 1.056857996016512260e+02 6.845825928582881638e-04
7.000000000000000666e-01 1.174754505532298481e+02 5.978422454874812676e-04
7.000000000000000666e-01 1.292651015048084844e+02 5.438050851533527547e-04
7.000000000000000666e-01 1.368441628308233078e+02 5.079850020521892249e-04
7.000000000000000666e-01 1.410547524563870923e+02 4.951971495560901233e-04
7.000000000000000666e-01 1.528444034079657285e+02 4.693189163762170771e-04
7.000000000000000666e-01 1.646340543595443364e+02 4.431813721070176275e-04
7.000000000000000666e-01 1.764237053111229727e+02 4.340537586094744458e-04
7.000000000000000666e-01 1.882133562627016090e+02 4.190454401765158934e-04
7.000000000000000666e-01 2.000030072142802169e+02 4.102315786653726684e-04
7.000000000000000666e-01 2.117926581658588248e+02 4.035638494053706503e-04
7.000000000000000666e-01 2.235823091174374895e+02 3.990639934656804461e-04
7.000000000000000666e-01 2.353719600690160973e+02 3.931426090191817899e-04
7.000000000000000666e-01 2.471616110205947052e+02 3.889665610303276932e-04
7.000000000000000666e-01 2.589512619721733131e+02 3.805491531464578006e-04
7.000000000000000666e-01 2.707409129237519778e+02 3.722823562012057765e-04
7.000000000000000666e-01 2.825305638753305857e+02 3.590843821270083870e-04
7.000000000000000666e-01 2.943202148269091936e+02 3.419504165908332179e-04
7.000000000000000666e-01 3.061098657784878583e+02 3.222752681465084292e-04
7.000000000000000666e-01 3.178995167300664662e+02 2.995711138550408419e-04
7.000000000000000666e-01 3.296891676816450740e+02 2.733230362478366671e-04
7.000000000000000666e-01 3.414788186332236819e+02 2.466918139212941866e-04
7.000000000000000666e-01 3.532684695848022898e+02 2.190967354636171223e-04
7.000000000000000666e-01 3.650581205363809545e+02 1.920167744959166316e-04
7.000000000000000666e-01 3.768477714879595624e+02 1.660277370368704064e-04
7.000000000000000666e-01 3.886374224395381702e+02 1.423756124864071374e-04
7.000000000000000666e-01 4.004270733911168350e+02 1.204890578642179384e-04
7.000000000000000666e-01 4.122167243426954428e+02 1.013447179840443131e-04
7.000000000000000666e-01 4.240063752942740507e+02 8.407710528564070810e-05
7.000000000000000666e-01 4.357960262458526586e+02 6.934621104666543741e-05
7.000000000000000666e-01 4.475856771974313233e+02 5.639985543955432971e-05
7.000000000000000666e-01 4.593753281490099312e+02 4.542739622529908222e-05
7.000000000000000666e-01 4.711649791005885390e+02 3.567812282517093879e-05
7.000000000000000666e-01 4.829546300521672038e+02 2.757646906832908181e-05
7.000000000000000666e-01 4.947442810037458116e+02 2.059745200328958384e-05
7.000000000000000666e-01 5.065339319553244195e+02 1.462002736158532204e-05
7.000000000000000666e-01 5.183235829069030842e+02 9.411317308061948282e-06
7.000000000000000666e-01 5.301132338584817489e+02 5.199576438979614382e-06
7.000000000000000666e-01 5.419028848100603000e+02 1.498734033995424060e-06
7.000000000000000666e-01 5.473766513232932311e+02 0.000000000000000000e+00
8.000000000000000444e-01 1.000000000000000000e+00 2.787568548015235959e-02
8.000000000000000444e-01 1.299194526216611134e+00 2.509518573213705139e-02
8.000000000000000444e-01 1.687906416951204802e+00 2.392157524991855508e-02
8.000000000000000444e-01 2.192918777668898311e+00 2.374656909337574326e-02
8.000000000000000444e-01 2.849028072385054511e+00 2.436006582325633135e-02
8.000000000000000444e-01 3.701441676680126136e+00 2.545169942932766494e-02
8.000000000000000444e-01 4.808892765452855045e+00 2.649943725868231931e-02
8.000000000000000444e-01 6.247687158039012090e+00 2.685829036845265375e-02
8.000000000000000444e-01 8.116960957238099184e+00 2.568480415197547245e-02
8.000000000000000444e-01 1.054551124515768379e+01 2.261600020195259769e-02
8.000000000000000444e-01 1.370067048586458469e+01 1.815664205567310563e-02
8.000000000000000444e-01 1.779983610073275102e+01 1.339572778024357078e-02
8.000000000000000444e-01 2.312544962962480710e+01 9.274263430269340594e-03
8.000000000000000444e-01 3.004445757510651305e+01 6.172763492850717217e-03
8.000000000000000444e-01 3.903359482472558994e+01 4.031413819416569504e-03
8.000000000000000444e-01 5.071223273484051219e+01 2.639333018088344408e-03
8.000000000000000444e-01 6.588505518132764394e+01 1.751116644586412719e-03
8.000000000000000444e-01 8.559750305106027213e+01 1.201612395697240505e-03
8.000000000000000444e-01 8.668834480493093508e+01 1.177897917632973962e-03
8.000000000000000444e-01 9.913590200769024818e+01 9.904007178508727159e-04
8.000000000000000444e-01 1.112078074217471482e+02 8.633590385815598884e-04
8.000000000000000444e-01 1.115834592104495755e+02 8.659670114076421224e-04
8.000000000000000444e-01 1.240310164132088886e+02 7.687229778620005777e-04
8.000000000000000444e-01 1.364785736159682017e+02 7.064608552906121060e-04
8.000000000000000444e-01 1.444805746748849344e+02 6.758555216243687528e-04
8.000000000000000444e-01 1.489261308187275290e+02 6.685293670477227912e-04
8.000000000000000444e-01 1.613736880214868279e+02 6.322560311963377078e-04
8.000000000000000444e-01 1.738212452242461552e+02 6.105797107578619454e-04
8.000000000000000444e-01 1.862688024270054825e+02 5.949650716841316462e-04
8.000000000000000444e-01 1.987163596297647814e+02 5.838235864163322927e-04
8.000000000000000444e-01 2.111639168325240803e+02 5.798088586631233677e-04
8.000000000000000444e-01 2.236114740352834360e+02 5.796144594973608394e-04
8.000000000000000444e-01 2.360590312380427349e+02 5.765607968293623084e-04
8.000000000000000444e-01 2.485065884408020338e+02 5.735209320433707573e-04
8.000000000000000444e-01 2.609541456435613895e+02 5.669265990798344999e-04
8.000000000000000444e-01 2.734017028463206884e+02 5.558492377693121300e-04
8.000000000000000444e-01 2.858492600490799873e+02 5.405194827438191416e-04
8.000000000000000444e-01 2.982968172518393430e+02 5.183067620815279362e-04
8.000000000000000444e-01 3.107443744545986419e+02 4.896818367386039173e-04
8.000000000000000444e-01 3.231919316573579408e+02 4.553804207356736437e-04
8.000000000000000444e-01 3.356394888601172397e+02 4.159579414155508770e-04
8.000000000000000444e-01 3.480870460628765954e+02 3.754287550366833194e-04
8.000000000000000444e-01 3.605346032656358943e+02 3.335088978206667085e-04
8.000000000000000444e-01 3.729821604683951932e+02 2.922101557282271301e-04
8.000000000000000444e-01 3.854297176711545490e+02 2.522381563469483609e-04
8.000000000000000444e-01 3.978772748739138478e+02 2.159305908500449168e-04
8.000000000000000444e-01 4.103248320766731467e+02 1.830920146138897574e-04
8.000000000000000444e-01 4.227723892794324456e+02 1.543183575460149259e-04
8.000000000000000444e-01 4.352199464821918014e+02 1.287662217440133897e-04
8.000000000000000444e-01 4.476675036849511002e+02 1.066977904811707803e-04
8.000000000000000444e-01 4.601150608877103991e+02 8.721660153415782522e-05
8.000000000000000444e-01 4.725626180904697549e+02 7.044501542952975870e-05
8.000000000000000444e-01 4.850101752932290538e+02 5.663417114442558339e-05
8.000000000000000444e-01 4.974577324959883526e+02 4.431829662460765989e-05
8.000000000000000444e-01 5.099052896987477084e+02 3.386866897766548779e-05
8.000000000000000444e-01 5.223528469015070641e+02 2.528193915342100012e-05
8.000000000000000444e-01 5.348004041042663630e+02 1.780674803108969525e-05
8.000000000000000444e-01 5.472479613070256619e+02 1.146743491202276921e-05
8.000000000000000444e-01 5.596955185097849608e+02 6.176698097637436192e-06
8.000000000000000444e-01 5.721430757125442597e+02 1.804813481369138177e-06
8.000000000000000444e-01 5.779222986995396241e+02 0.000000000000000000e+00
9.000000000000000222e-01 1.000000000000000000e+00 2.186566143183883010e-02
9.000000000000000222e-01 1.301157828354225332e+00 2.005032300259471795e-02
9.000000000000000222e-01 1.693011694287483548e+00 1.957845245248144780e-02
9.000000000000000222e-01 2.202875419517409394e+00 1.990181105504926565e-02
9.000000000000000222e-01 2.866288596994175819e+00 2.101616535221817808e-02
9.000000000000000222e-01 3.729493846301420223e+00 2.250914540392310106e-02
9.000000000000000222e-01 4.852660113914002871e+00 2.415492818066079794e-02
9.000000000000000222e-01 6.314076695561511521e+00 2.516496723612258318e-02
9.000000000000000222e-01 8.215610321258839832e+00 2.470711533321047482e-02
9.000000000000000222e-01 1.068980568421371125e+01 2.228065570367556911e-02
9.000000000000000222e-01 1.390912434960016242e+01 1.826067794987355775e-02
9.000000000000000222e-01 1.809796603303462703e+01 1.372962147587701229e-02
9.000000000000000222e-01 2.354831018117186403e+01 9.661047130116440923e-03
9.000000000000000222e-01 3.064006813674528473e+01 6.528355912891808596e-03
9.000000000000000222e-01 3.986756451743298157e+01 4.323745316428522639e-03
9.000000000000000222e-01 5.187399366927508026e+01 2.866500858014511561e-03
9.000000000000000222e-01 6.749625295077477460e+01 1.929915523393702440e-03
9.000000000000000222e-01 8.782327791147754681e+01 1.332518970900922360e-03
9.000000000000000222e-01 8.921150192087466735e+01 1.307416443425068846e-03
9.000000000000000222e-01 1.020213586069489793e+02 1.119160035368738440e-03
9.000000000000000222e-01 1.142719455662477657e+02 9.799108263055511785e-04
9.000000000000000222e-01 1.148312152930232912e+02 9.772288473682731128e-04
9.000000000000000222e-01 1.276410719790976032e+02 8.806591482570865111e-04
9.000000000000000222e-01 1.404509286651719151e+02 8.215283785334804656e-04
9.000000000000000222e-01 1.486858365347911501e+02 7.925408099942129764e-04
9.000000000000000222e-01 1.532607853512462270e+02 7.805930490944528941e-04
9.000000000000000222e-01 1.660706420373205674e+02 7.478369670745230961e-04
9.000000000000000222e-01 1.788804987233948509e+02 7.246343041797068552e-04
9.000000000000000222e-01 1.916903554094691913e+02 7.068465754973157246e-04
9.000000000000000222e-01 2.045002120955434748e+02 7.054235574199989919e-04
9.000000000000000222e-01 2.173100687816178151e+02 7.034701618856894090e-04
9.000000000000000222e-01 2.301199254676921271e+02 7.040898939238806383e-04
9.000000000000000222e-01 2.429297821537664390e+02 7.041628951027766601e-04
9.000000000000000222e-01 2.557396388398407510e+02 7.036090283964166253e-04
9.000000000000000222e-01 2.685494955259150629e+02 6.967688182529239212e-04
9.000000000000000222e-01 2.813593522119894033e+02 6.837995555955731462e-04
9.000000000000000222e-01 2.941692088980636868e+02 6.625846664303535263e-04
9.000000000000000222e-01 3.069790655841379703e+02 6.323791450140585661e-04
9.000000000000000222e-01 3.197889222702123107e+02 5.924638122432159329e-04
9.000000000000000222e-01 3.325987789562866510e+02 5.492344996517495607e-04
9.000000000000000222e-01 3.454086356423609914e+02 4.973813014096529605e-04
9.000000000000000222e-01 3.582184923284352180e+02 4.451781376469534724e-04
9.000000000000000222e-01 3.710283490145095584e+02 3.924168633431628344e-04
9.000000000000000222e-01 3.838382057005838988e+02 3.416691971866823584e-04
9.000000000000000222e-01 3.966480623866582391e+02 2.950146733356867048e-04
9.000000000000000222e-01 4.094579190727324658e+02 2.509814959438640483e-04
9.000000000000000222e-01 4.222677757588068062e+02 2.120920522543265590e-04
9.000000000000000222e-01 4.350776324448811465e+02 1.781478257177953001e-04
9.000000000000000222e-01 4.478874891309554869e+02 1.485178115662361446e-04
9.000000000000000222e-01 4.606973458170297135e+02 1.222458762315920238e-04
9.000000000000000222e-01 4.735072025031040539e+02 9.995420964209654154e-05
9.000000000000000222e-01 4.863170591891783943e+02 8.071847237564116161e-05
9.000000000000000222e-01 4.991269158752527346e+02 6.408700594238608058e-05
9.000000000000000222e-01 5.119367725613270750e+02 5.035313336364292079e-05
9.000000000000000222e-01 5.247466292474013017e+02 3.846329088679281694e-05
9.000000000000000222e-01 5.375564859334756420e+02 2.834632429704129065e-05
9.000000000000000222e-01 5.503663426195499824e+02 1.992319151456887794e-05
9.000000000000000222e-01 5.631761993056243227e+02 1.281186595270764377e-05
9.000000000000000222e-01 5.759860559916985494e+02 6.938667505983132000e-06
9.000000000000000222e-01 5.887959126777728898e+02 2.016177606102237873e-06
9.000000000000000222e-01 5.947433461391644869e+02 0.000000000000000000e+00
1.000000000000000000e+00 1.000000000000000000e+00 1.900206834558137298e-02
1.000000000000000000e+00 1.301768753054356020e+00 1.840906273356681180e-02
1.000000000000000000e+00 1.694601886428692694e+00 1.788495304433846897e-02
1.000000000000000000e+00 2.205979784619838568e+00 1.876084331356536739e-02
1.000000000000000000e+00 2.871675553487683885e+00 1.970877345187247581e-02
1.000000000000000000e+00 3.738257504440339662e+00 2.147995725605310324e-02
1.000000000000000000e+00 4.866346810151389590e+00 2.321588926992661575e-02
1.000000000000000000e+00 6.334858218980817135e+00 2.438610855114047363e-02
1.000000000000000000e+00 8.246520484498795156e+00 2.427056394471804879e-02
1.000000000000000000e+00 1.073506268814320030e+01 2.204367850919687274e-02
1.000000000000000000e+00 1.397456916950451600e+01 1.818792607131635222e-02
1.000000000000000000e+00 1.819165748225774237e+01 1.378798339368092138e-02
1.000000000000000000e+00 2.368133127667060478e+01 9.751616115391405909e-03
1.000000000000000000e+00 3.082761708669860923e+01 6.620411967334720663e-03
1.000000000000000000e+00 4.013042865458880470e+01 4.410260570952212640e-03
1.000000000000000000e+00 5.224053806922086807e+01 2.934832383340971445e-03
1.000000000000000000e+00 6.800510010125825033e+01 1.987344074886612799e-03
1.000000000000000000e+00 8.852691436015162196e+01 1.378460492930482862e-03
1.000000000000000000e+00 9.001072564465458470e+01 1.353420672098817933e-03
1.000000000000000000e+00 1.029353426602972945e+02 1.155362004776063715e-03
1.000000000000000000e+00 1.152415709183643173e+02 1.025809759105216325e-03
1.000000000000000000e+00 1.158599596759400043e+02 1.010151047062505950e-03
1.000000000000000000e+00 1.287845766915827141e+02 9.159837291589381864e-04
1.000000000000000000e+00 1.417091937072254382e+02 8.596486436530189788e-04
1.000000000000000000e+00 1.500178760744242652e+02 8.255708946128792990e-04
1.000000000000000000e+00 1.546338107228681338e+02 8.091320851613281349e-04
1.000000000000000000e+00 1.675584277385108578e+02 7.825207688302566024e-04
1.000000000000000000e+00 1.804830447541535818e+02 7.563845204555653913e-04
1.000000000000000000e+00 1.934076617697962774e+02 7.525065978707241822e-04
1.000000000000000000e+00 2.063322787854389730e+02 7.507757105884011297e-04
1.000000000000000000e+00 2.192568958010817255e+02 7.505383070224760488e-04
1.000000000000000000e+00 2.321815128167244211e+02 7.481685871052922354e-04
1.000000000000000000e+00 2.451061298323671167e+02 7.507026499554231508e-04
1.000000000000000000e+00 2.580307468480098123e+02 7.504184477628271250e-04
1.000000000000000000e+00 2.709553638636525648e+02 7.449308136585882983e-04
1.000000000000000000e+00 2.838799808792952604e+02 7.282307271272120235e-04
1.000000000000000000e+00 2.968045978949379560e+02 7.059386633790609147e-04
1.000000000000000000e+00 3.097292149105807084e+02 6.729941740439028802e-04
1.000000000000000000e+00 3.226538319262234040e+02 6.308303250732122478e-04
1.000000000000000000e+00 3.355784489418660996e+02 5.796932906468470247e-04
1.000000000000000000e+00 3.485030659575088521e+02 5.286958770445041120e-04
1.000000000000000000e+00 3.614276829731515477e+02 4.700459420513411674e-04
1.000000000000000000e+00 3.743522999887942433e+02 4.125283636039658430e-04
1.000000000000000000e+00 3.872769170044369389e+02 3.601619197669677307e-04
1.000000000000000000e+00 4.002015340200796913e+02 3.101317285799497919e-04
1.000000000000000000e+00 4.131261510357223870e+02 2.628976406855866154e-04
1.000000000000000000e+00 4.260507680513650826e+02 2.212587537375477196e-04
1.000000000000000000e+00 4.389753850670078350e+02 1.860977022652074160e-04
1.000000000000000000e+00 4.519000020826505306e+02 1.536864513354589342e-04
1.000000000000000000e+00 4.648246190982932262e+02 1.276734564816401621e-04
1.000000000000000000e+00 4.777492361139359218e+02 1.040730938997968104e-04
1.000000000000000000e+00 4.906738531295786743e+02 8.348807289170999944e-05
1.000000000000000000e+00 5.035984701452213699e+02 6.754726720730217871e-05
1.000000000000000000e+00 5.165230871608640655e+02 5.269343773865233784e-05
1.000000000000000000e+00 5.294477041765068179e+02 3.968499030408410605e-05
1.000000000000000000e+00 5.423723211921494567e+02 2.970517287138299458e-05
1.000000000000000000e+00 5.552969382077922091e+02 2.051072834549732925e-05
1.000000000000000000e+00 5.682215552234348479e+02 1.376510376302223538e-05
1.000000000000000000e+00 5.811461722390776004e+02 6.522145426875408575e-06
1.000000000000000000e+00 5.940707892547203528e+02 1.829439669664713360e-06
1.000000000000000000e+00 6.000715042976972882e+02 0.000000000000000000e+00
