# Total number of nucleus signal events at MPI (signal averaged over 1 day). Log10(m_x) = 5.0
# Columns: Log10(sigma/cm^2)      N_sig
-2.559999999999992681e+01 0.000000000000000000e+00
-2.580000000000030624e+01 0.000000000000000000e+00
-2.600000000000000000e+01 0.000000000000000000e+00
-2.620000000000013429e+01 1.683670305334661864e-04
-2.621000000000033836e+01 5.262883053383129832e-04
-2.622000000000025821e+01 2.104631867825801275e-03
-2.622999999999969845e+01 1.077215532117935769e-02
-2.624000000000011923e+01 6.097777234938642904e-02
-2.625000000000027001e+01 3.090138740186784694e-01
-2.625999999999970314e+01 1.263378970502066156e+00
-2.627000000000020563e+01 4.149102346765615401e+00
-2.627999999999981284e+01 1.112988595649081347e+01
-2.629000000000030823e+01 2.548997806714204373e+01
-2.630000000000023519e+01 5.152136017549291580e+01
-2.631000000000039662e+01 9.408404737085507463e+01
-2.631999999999967343e+01 1.587788079756114712e+02
-2.633000000000018304e+01 2.506332590453757518e+02
-2.633999999999988262e+01 3.749619335426216935e+02
-2.634999999999996589e+01 5.361232787615607549e+02
-2.640000000000054214e+01 1.992796922172056384e+03
-2.659999999999992681e+01 1.452714366535387671e+04
-2.680000000000030624e+01 1.557682698341968899e+04
-2.700000000000000000e+01 9.931914222341152708e+03
-2.700000000000000000e+01 9.931914222341152708e+03
-2.700000000000000000e+01 9.931914222341152708e+03
