# Total number of CDMS-I signal events at SUF (signal averaged over 1 day). Log10(m_x) = 1.0
# Columns: Log10(sigma/cm^2)      N_sig
-2.940000000000054214e+01 0.000000000000000000e+00
-2.959999999999992681e+01 0.000000000000000000e+00
-2.980000000000030624e+01 0.000000000000000000e+00
-3.000000000000000000e+01 4.368522382321088018e-06
-3.020000000000013429e+01 4.512349572182666191e-01
-3.040000000000054214e+01 3.306348428216293541e+03
-3.059999999999992681e+01 4.322554296025992953e+05
-3.080000000000030624e+01 4.313744286711907946e+06
-3.100000000000000000e+01 1.200144973867466301e+07
-3.120000000000013429e+01 1.804793911506207660e+07
-3.140000000000054214e+01 1.965258224527789652e+07
-3.159999999999992681e+01 1.773915703732632101e+07
-3.180000000000030624e+01 1.419035589192038029e+07
-3.200000000000000000e+01 1.053107697241126001e+07
-3.220000000000013074e+01 7.421382024500333704e+06
-3.030000000000023519e+01 6.444831533197690021e+01
-3.038000000000035072e+01 1.659492573247178825e+03
-3.033000000000018304e+01 2.417981053189060106e+02
-3.034999999999996589e+01 5.394666868596929135e+02
-3.031999999999967343e+01 1.550891425891089739e+02
-3.029000000000030823e+01 4.115863069657196149e+01
-3.022999999999969845e+01 2.256214434021407644e+00
-3.024000000000011923e+01 3.736015767278295208e+00
-3.033999999999988262e+01 3.624223790082451728e+02
-3.027999999999981284e+01 2.596971684985583551e+01
-3.036999999999958533e+01 1.150264832038166560e+03
-3.027000000000020563e+01 1.621091203089085298e+01
-3.031000000000039662e+01 1.011036670473751258e+02
-3.025999999999970314e+01 1.004138234442838140e+01
-3.025000000000027001e+01 6.161703317693210558e+00
-3.036000000000016641e+01 7.926884840978358397e+02
