# Total number of CDMS-I signal events at SUF (signal averaged over 1 day). Log10(m_x) = 3.0
# Columns: Log10(sigma/cm^2)      N_sig
-2.959999999999992681e+01 0.000000000000000000e+00
-2.980000000000030624e+01 1.002146151938919211e+06
-3.000000000000000000e+01 5.925598338695466518e+08
-3.020000000000013429e+01 3.106196006312925816e+09
-3.040000000000054214e+01 6.158896192229847908e+09
-3.059999999999992681e+01 7.363047944872547150e+09
-3.080000000000030624e+01 6.647013361731271744e+09
-2.896999999999902897e+01 0.000000000000000000e+00
-2.892999999999982563e+01 0.000000000000000000e+00
-2.896000000000126207e+01 0.000000000000000000e+00
-2.891999999999906379e+01 0.000000000000000000e+00
-2.895000000000075957e+01 0.000000000000000000e+00
-2.893999999999882178e+01 0.000000000000000000e+00
-2.885000000000084697e+01 0.000000000000000000e+00
-2.890000000000143743e+01 0.000000000000000000e+00
-2.889000000000105572e+01 0.000000000000000000e+00
-2.891000000000084214e+01 0.000000000000000000e+00
-2.887999999999881595e+01 0.000000000000000000e+00
-2.882999999999947249e+01 0.000000000000000000e+00
-2.883999999999877772e+01 0.000000000000000000e+00
-2.887000000000053390e+01 0.000000000000000000e+00
-2.886000000000090893e+01 0.000000000000000000e+00
-2.881999999999891315e+01 0.000000000000000000e+00
-2.975999999999984524e+01 0.000000000000000000e+00
-2.977000000000044722e+01 0.000000000000000000e+00
-2.974999999999973710e+01 0.000000000000000000e+00
-2.973999999999999488e+01 0.000000000000000000e+00
-2.972000000000074138e+01 0.000000000000000000e+00
-2.973000000000066834e+01 0.000000000000000000e+00
-2.969999999999975770e+01 0.000000000000000000e+00
-2.970999999999956387e+01 0.000000000000000000e+00
-2.968999999999989825e+01 0.000000000000000000e+00
-2.967000000000045290e+01 0.000000000000000000e+00
-2.968000000000083816e+01 0.000000000000000000e+00
-2.964999999999967883e+01 0.000000000000000000e+00
-2.965999999999991132e+01 0.000000000000000000e+00
-2.963999999999957780e+01 0.000000000000000000e+00
-2.962999999999998479e+01 0.000000000000000000e+00
-2.961999999999990862e+01 0.000000000000000000e+00
