# Total number of CDMS-I signal events at SUF (signal averaged over 1 day). Log10(m_x) = 4.0
# Columns: Log10(sigma/cm^2)      N_sig
-2.859999999999992681e+01 0.000000000000000000e+00
-2.880000000000030624e+01 4.837388216169530797e-28
-2.900000000000000000e+01 4.264291224229754806e+08
-2.920000000000013429e+01 2.589792885237413883e+09
-2.940000000000054214e+01 5.573440949212303162e+09
-2.959999999999992681e+01 7.046922372332618713e+09
-2.980000000000030624e+01 6.569993497396313667e+09
-3.000000000000000000e+01 5.162610512125247002e+09
-2.881999999999891315e+01 8.341638990593729541e+05
-2.882999999999947249e+01 2.612041315618388355e+06
-2.883999999999877772e+01 5.633329713901554234e+06
-2.885000000000084697e+01 1.035367192297307961e+07
-2.886000000000090893e+01 1.694913027984188125e+07
-2.887000000000053390e+01 2.552044731342357025e+07
-2.887999999999881595e+01 3.618982948893034458e+07
-2.889000000000105572e+01 4.941444270782886446e+07
-2.890000000000143743e+01 6.556735190916715562e+07
-2.891000000000084214e+01 8.479891313178929687e+07
-2.891999999999906379e+01 1.072974850912327170e+08
-2.892999999999982563e+01 1.329324896587144881e+08
-2.893999999999882178e+01 1.620226139154491425e+08
-2.895000000000075957e+01 1.950603769902299643e+08
-2.896000000000126207e+01 2.326384727072289586e+08
-2.896999999999902897e+01 2.739853038865051270e+08
-2.880000000000030624e+01 4.837388216169530797e-28
-2.881000000000069505e+01 1.042362793031424226e+05
