# mx [GeV]: 100000.0
# sigma_p [cm^2]: 1.25892541179e-28
# depth [m]: 10.6
# target: full
# Columns: gamma/pi, v [km/s], f(v, gamma) [s/km]
0.000000000000000000e+00 0.000000000000000000e+00 0.000000000000000000e+00
0.000000000000000000e+00 1.666666666666666644e-02 0.000000000000000000e+00
0.000000000000000000e+00 3.333333333333333287e-02 0.000000000000000000e+00
0.000000000000000000e+00 5.000000000000000278e-02 0.000000000000000000e+00
0.000000000000000000e+00 6.666666666666666574e-02 0.000000000000000000e+00
0.000000000000000000e+00 8.333333333333332871e-02 0.000000000000000000e+00
0.000000000000000000e+00 1.000000000000000056e-01 0.000000000000000000e+00
0.000000000000000000e+00 1.166666666666666685e-01 0.000000000000000000e+00
0.000000000000000000e+00 1.333333333333333315e-01 0.000000000000000000e+00
0.000000000000000000e+00 1.499999999999999944e-01 0.000000000000000000e+00
0.000000000000000000e+00 1.666666666666666574e-01 0.000000000000000000e+00
0.000000000000000000e+00 1.833333333333333204e-01 0.000000000000000000e+00
0.000000000000000000e+00 2.000000000000000111e-01 0.000000000000000000e+00
0.000000000000000000e+00 2.166666666666666741e-01 0.000000000000000000e+00
0.000000000000000000e+00 2.333333333333333370e-01 0.000000000000000000e+00
0.000000000000000000e+00 2.500000000000000000e-01 0.000000000000000000e+00
0.000000000000000000e+00 2.666666666666666630e-01 0.000000000000000000e+00
0.000000000000000000e+00 2.833333333333333259e-01 0.000000000000000000e+00
0.000000000000000000e+00 2.999999999999999889e-01 0.000000000000000000e+00
0.000000000000000000e+00 3.166666666666666519e-01 0.000000000000000000e+00
0.000000000000000000e+00 3.333333333333333148e-01 0.000000000000000000e+00
0.000000000000000000e+00 3.499999999999999778e-01 0.000000000000000000e+00
0.000000000000000000e+00 3.666666666666666408e-01 0.000000000000000000e+00
0.000000000000000000e+00 3.833333333333333037e-01 0.000000000000000000e+00
0.000000000000000000e+00 4.000000000000000222e-01 0.000000000000000000e+00
0.000000000000000000e+00 4.166666666666666852e-01 0.000000000000000000e+00
0.000000000000000000e+00 4.333333333333333481e-01 0.000000000000000000e+00
0.000000000000000000e+00 4.500000000000000111e-01 0.000000000000000000e+00
0.000000000000000000e+00 4.666666666666666741e-01 0.000000000000000000e+00
0.000000000000000000e+00 4.833333333333333370e-01 0.000000000000000000e+00
0.000000000000000000e+00 5.000000000000000000e-01 0.000000000000000000e+00
0.000000000000000000e+00 5.166666666666666075e-01 0.000000000000000000e+00
0.000000000000000000e+00 5.333333333333333259e-01 0.000000000000000000e+00
0.000000000000000000e+00 5.500000000000000444e-01 0.000000000000000000e+00
0.000000000000000000e+00 5.666666666666666519e-01 0.000000000000000000e+00
0.000000000000000000e+00 5.833333333333333703e-01 0.000000000000000000e+00
0.000000000000000000e+00 5.999999999999999778e-01 0.000000000000000000e+00
0.000000000000000000e+00 6.166666666666666963e-01 0.000000000000000000e+00
0.000000000000000000e+00 6.333333333333333037e-01 0.000000000000000000e+00
0.000000000000000000e+00 6.500000000000000222e-01 0.000000000000000000e+00
0.000000000000000000e+00 6.666666666666666297e-01 0.000000000000000000e+00
0.000000000000000000e+00 6.833333333333333481e-01 0.000000000000000000e+00
0.000000000000000000e+00 6.999999999999999556e-01 0.000000000000000000e+00
0.000000000000000000e+00 7.166666666666666741e-01 0.000000000000000000e+00
0.000000000000000000e+00 7.333333333333332815e-01 0.000000000000000000e+00
0.000000000000000000e+00 7.500000000000000000e-01 0.000000000000000000e+00
0.000000000000000000e+00 7.666666666666666075e-01 0.000000000000000000e+00
0.000000000000000000e+00 7.833333333333333259e-01 0.000000000000000000e+00
0.000000000000000000e+00 8.000000000000000444e-01 0.000000000000000000e+00
0.000000000000000000e+00 8.166666666666666519e-01 0.000000000000000000e+00
0.000000000000000000e+00 8.333333333333333703e-01 0.000000000000000000e+00
0.000000000000000000e+00 8.499999999999999778e-01 0.000000000000000000e+00
0.000000000000000000e+00 8.666666666666666963e-01 0.000000000000000000e+00
0.000000000000000000e+00 8.833333333333333037e-01 0.000000000000000000e+00
0.000000000000000000e+00 9.000000000000000222e-01 0.000000000000000000e+00
0.000000000000000000e+00 9.166666666666666297e-01 0.000000000000000000e+00
0.000000000000000000e+00 9.333333333333333481e-01 0.000000000000000000e+00
0.000000000000000000e+00 9.499999999999999556e-01 0.000000000000000000e+00
0.000000000000000000e+00 9.666666666666666741e-01 0.000000000000000000e+00
0.000000000000000000e+00 9.833333333333332815e-01 0.000000000000000000e+00
0.000000000000000000e+00 1.000000000000000000e+00 0.000000000000000000e+00
1.000000000000000056e-01 0.000000000000000000e+00 0.000000000000000000e+00
1.000000000000000056e-01 1.666666666666666644e-02 0.000000000000000000e+00
1.000000000000000056e-01 3.333333333333333287e-02 0.000000000000000000e+00
1.000000000000000056e-01 5.000000000000000278e-02 0.000000000000000000e+00
1.000000000000000056e-01 6.666666666666666574e-02 0.000000000000000000e+00
1.000000000000000056e-01 8.333333333333332871e-02 0.000000000000000000e+00
1.000000000000000056e-01 1.000000000000000056e-01 0.000000000000000000e+00
1.000000000000000056e-01 1.166666666666666685e-01 0.000000000000000000e+00
1.000000000000000056e-01 1.333333333333333315e-01 0.000000000000000000e+00
1.000000000000000056e-01 1.499999999999999944e-01 0.000000000000000000e+00
1.000000000000000056e-01 1.666666666666666574e-01 0.000000000000000000e+00
1.000000000000000056e-01 1.833333333333333204e-01 0.000000000000000000e+00
1.000000000000000056e-01 2.000000000000000111e-01 0.000000000000000000e+00
1.000000000000000056e-01 2.166666666666666741e-01 0.000000000000000000e+00
1.000000000000000056e-01 2.333333333333333370e-01 0.000000000000000000e+00
1.000000000000000056e-01 2.500000000000000000e-01 0.000000000000000000e+00
1.000000000000000056e-01 2.666666666666666630e-01 0.000000000000000000e+00
1.000000000000000056e-01 2.833333333333333259e-01 0.000000000000000000e+00
1.000000000000000056e-01 2.999999999999999889e-01 0.000000000000000000e+00
1.000000000000000056e-01 3.166666666666666519e-01 0.000000000000000000e+00
1.000000000000000056e-01 3.333333333333333148e-01 0.000000000000000000e+00
1.000000000000000056e-01 3.499999999999999778e-01 0.000000000000000000e+00
1.000000000000000056e-01 3.666666666666666408e-01 0.000000000000000000e+00
1.000000000000000056e-01 3.833333333333333037e-01 0.000000000000000000e+00
1.000000000000000056e-01 4.000000000000000222e-01 0.000000000000000000e+00
1.000000000000000056e-01 4.166666666666666852e-01 0.000000000000000000e+00
1.000000000000000056e-01 4.333333333333333481e-01 0.000000000000000000e+00
1.000000000000000056e-01 4.500000000000000111e-01 0.000000000000000000e+00
1.000000000000000056e-01 4.666666666666666741e-01 0.000000000000000000e+00
1.000000000000000056e-01 4.833333333333333370e-01 0.000000000000000000e+00
1.000000000000000056e-01 5.000000000000000000e-01 0.000000000000000000e+00
1.000000000000000056e-01 5.166666666666666075e-01 0.000000000000000000e+00
1.000000000000000056e-01 5.333333333333333259e-01 0.000000000000000000e+00
1.000000000000000056e-01 5.500000000000000444e-01 0.000000000000000000e+00
1.000000000000000056e-01 5.666666666666666519e-01 0.000000000000000000e+00
1.000000000000000056e-01 5.833333333333333703e-01 0.000000000000000000e+00
1.000000000000000056e-01 5.999999999999999778e-01 0.000000000000000000e+00
1.000000000000000056e-01 6.166666666666666963e-01 0.000000000000000000e+00
1.000000000000000056e-01 6.333333333333333037e-01 0.000000000000000000e+00
1.000000000000000056e-01 6.500000000000000222e-01 0.000000000000000000e+00
1.000000000000000056e-01 6.666666666666666297e-01 0.000000000000000000e+00
1.000000000000000056e-01 6.833333333333333481e-01 0.000000000000000000e+00
1.000000000000000056e-01 6.999999999999999556e-01 0.000000000000000000e+00
1.000000000000000056e-01 7.166666666666666741e-01 0.000000000000000000e+00
1.000000000000000056e-01 7.333333333333332815e-01 0.000000000000000000e+00
1.000000000000000056e-01 7.500000000000000000e-01 0.000000000000000000e+00
1.000000000000000056e-01 7.666666666666666075e-01 0.000000000000000000e+00
1.000000000000000056e-01 7.833333333333333259e-01 0.000000000000000000e+00
1.000000000000000056e-01 8.000000000000000444e-01 0.000000000000000000e+00
1.000000000000000056e-01 8.166666666666666519e-01 0.000000000000000000e+00
1.000000000000000056e-01 8.333333333333333703e-01 0.000000000000000000e+00
1.000000000000000056e-01 8.499999999999999778e-01 0.000000000000000000e+00
1.000000000000000056e-01 8.666666666666666963e-01 0.000000000000000000e+00
1.000000000000000056e-01 8.833333333333333037e-01 0.000000000000000000e+00
1.000000000000000056e-01 9.000000000000000222e-01 0.000000000000000000e+00
1.000000000000000056e-01 9.166666666666666297e-01 0.000000000000000000e+00
1.000000000000000056e-01 9.333333333333333481e-01 0.000000000000000000e+00
1.000000000000000056e-01 9.499999999999999556e-01 0.000000000000000000e+00
1.000000000000000056e-01 9.666666666666666741e-01 0.000000000000000000e+00
1.000000000000000056e-01 9.833333333333332815e-01 0.000000000000000000e+00
1.000000000000000056e-01 1.000000000000000000e+00 0.000000000000000000e+00
2.000000000000000111e-01 0.000000000000000000e+00 0.000000000000000000e+00
2.000000000000000111e-01 1.666666666666666644e-02 0.000000000000000000e+00
2.000000000000000111e-01 3.333333333333333287e-02 0.000000000000000000e+00
2.000000000000000111e-01 5.000000000000000278e-02 0.000000000000000000e+00
2.000000000000000111e-01 6.666666666666666574e-02 0.000000000000000000e+00
2.000000000000000111e-01 8.333333333333332871e-02 0.000000000000000000e+00
2.000000000000000111e-01 1.000000000000000056e-01 0.000000000000000000e+00
2.000000000000000111e-01 1.166666666666666685e-01 0.000000000000000000e+00
2.000000000000000111e-01 1.333333333333333315e-01 0.000000000000000000e+00
2.000000000000000111e-01 1.499999999999999944e-01 0.000000000000000000e+00
2.000000000000000111e-01 1.666666666666666574e-01 0.000000000000000000e+00
2.000000000000000111e-01 1.833333333333333204e-01 0.000000000000000000e+00
2.000000000000000111e-01 2.000000000000000111e-01 0.000000000000000000e+00
2.000000000000000111e-01 2.166666666666666741e-01 0.000000000000000000e+00
2.000000000000000111e-01 2.333333333333333370e-01 0.000000000000000000e+00
2.000000000000000111e-01 2.500000000000000000e-01 0.000000000000000000e+00
2.000000000000000111e-01 2.666666666666666630e-01 0.000000000000000000e+00
2.000000000000000111e-01 2.833333333333333259e-01 0.000000000000000000e+00
2.000000000000000111e-01 2.999999999999999889e-01 0.000000000000000000e+00
2.000000000000000111e-01 3.166666666666666519e-01 0.000000000000000000e+00
2.000000000000000111e-01 3.333333333333333148e-01 0.000000000000000000e+00
2.000000000000000111e-01 3.499999999999999778e-01 0.000000000000000000e+00
2.000000000000000111e-01 3.666666666666666408e-01 0.000000000000000000e+00
2.000000000000000111e-01 3.833333333333333037e-01 0.000000000000000000e+00
2.000000000000000111e-01 4.000000000000000222e-01 0.000000000000000000e+00
2.000000000000000111e-01 4.166666666666666852e-01 0.000000000000000000e+00
2.000000000000000111e-01 4.333333333333333481e-01 0.000000000000000000e+00
2.000000000000000111e-01 4.500000000000000111e-01 0.000000000000000000e+00
2.000000000000000111e-01 4.666666666666666741e-01 0.000000000000000000e+00
2.000000000000000111e-01 4.833333333333333370e-01 0.000000000000000000e+00
2.000000000000000111e-01 5.000000000000000000e-01 0.000000000000000000e+00
2.000000000000000111e-01 5.166666666666666075e-01 0.000000000000000000e+00
2.000000000000000111e-01 5.333333333333333259e-01 0.000000000000000000e+00
2.000000000000000111e-01 5.500000000000000444e-01 0.000000000000000000e+00
2.000000000000000111e-01 5.666666666666666519e-01 0.000000000000000000e+00
2.000000000000000111e-01 5.833333333333333703e-01 0.000000000000000000e+00
2.000000000000000111e-01 5.999999999999999778e-01 0.000000000000000000e+00
2.000000000000000111e-01 6.166666666666666963e-01 0.000000000000000000e+00
2.000000000000000111e-01 6.333333333333333037e-01 0.000000000000000000e+00
2.000000000000000111e-01 6.500000000000000222e-01 0.000000000000000000e+00
2.000000000000000111e-01 6.666666666666666297e-01 0.000000000000000000e+00
2.000000000000000111e-01 6.833333333333333481e-01 0.000000000000000000e+00
2.000000000000000111e-01 6.999999999999999556e-01 0.000000000000000000e+00
2.000000000000000111e-01 7.166666666666666741e-01 0.000000000000000000e+00
2.000000000000000111e-01 7.333333333333332815e-01 0.000000000000000000e+00
2.000000000000000111e-01 7.500000000000000000e-01 0.000000000000000000e+00
2.000000000000000111e-01 7.666666666666666075e-01 0.000000000000000000e+00
2.000000000000000111e-01 7.833333333333333259e-01 0.000000000000000000e+00
2.000000000000000111e-01 8.000000000000000444e-01 0.000000000000000000e+00
2.000000000000000111e-01 8.166666666666666519e-01 0.000000000000000000e+00
2.000000000000000111e-01 8.333333333333333703e-01 0.000000000000000000e+00
2.000000000000000111e-01 8.499999999999999778e-01 0.000000000000000000e+00
2.000000000000000111e-01 8.666666666666666963e-01 0.000000000000000000e+00
2.000000000000000111e-01 8.833333333333333037e-01 0.000000000000000000e+00
2.000000000000000111e-01 9.000000000000000222e-01 0.000000000000000000e+00
2.000000000000000111e-01 9.166666666666666297e-01 0.000000000000000000e+00
2.000000000000000111e-01 9.333333333333333481e-01 0.000000000000000000e+00
2.000000000000000111e-01 9.499999999999999556e-01 0.000000000000000000e+00
2.000000000000000111e-01 9.666666666666666741e-01 0.000000000000000000e+00
2.000000000000000111e-01 9.833333333333332815e-01 0.000000000000000000e+00
2.000000000000000111e-01 1.000000000000000000e+00 0.000000000000000000e+00
3.000000000000000444e-01 0.000000000000000000e+00 0.000000000000000000e+00
3.000000000000000444e-01 1.666666666666666644e-02 0.000000000000000000e+00
3.000000000000000444e-01 3.333333333333333287e-02 0.000000000000000000e+00
3.000000000000000444e-01 5.000000000000000278e-02 0.000000000000000000e+00
3.000000000000000444e-01 6.666666666666666574e-02 0.000000000000000000e+00
3.000000000000000444e-01 8.333333333333332871e-02 0.000000000000000000e+00
3.000000000000000444e-01 1.000000000000000056e-01 0.000000000000000000e+00
3.000000000000000444e-01 1.166666666666666685e-01 0.000000000000000000e+00
3.000000000000000444e-01 1.333333333333333315e-01 0.000000000000000000e+00
3.000000000000000444e-01 1.499999999999999944e-01 0.000000000000000000e+00
3.000000000000000444e-01 1.666666666666666574e-01 0.000000000000000000e+00
3.000000000000000444e-01 1.833333333333333204e-01 0.000000000000000000e+00
3.000000000000000444e-01 2.000000000000000111e-01 0.000000000000000000e+00
3.000000000000000444e-01 2.166666666666666741e-01 0.000000000000000000e+00
3.000000000000000444e-01 2.333333333333333370e-01 0.000000000000000000e+00
3.000000000000000444e-01 2.500000000000000000e-01 0.000000000000000000e+00
3.000000000000000444e-01 2.666666666666666630e-01 0.000000000000000000e+00
3.000000000000000444e-01 2.833333333333333259e-01 0.000000000000000000e+00
3.000000000000000444e-01 2.999999999999999889e-01 0.000000000000000000e+00
3.000000000000000444e-01 3.166666666666666519e-01 0.000000000000000000e+00
3.000000000000000444e-01 3.333333333333333148e-01 0.000000000000000000e+00
3.000000000000000444e-01 3.499999999999999778e-01 0.000000000000000000e+00
3.000000000000000444e-01 3.666666666666666408e-01 0.000000000000000000e+00
3.000000000000000444e-01 3.833333333333333037e-01 0.000000000000000000e+00
3.000000000000000444e-01 4.000000000000000222e-01 0.000000000000000000e+00
3.000000000000000444e-01 4.166666666666666852e-01 0.000000000000000000e+00
3.000000000000000444e-01 4.333333333333333481e-01 0.000000000000000000e+00
3.000000000000000444e-01 4.500000000000000111e-01 0.000000000000000000e+00
3.000000000000000444e-01 4.666666666666666741e-01 0.000000000000000000e+00
3.000000000000000444e-01 4.833333333333333370e-01 0.000000000000000000e+00
3.000000000000000444e-01 5.000000000000000000e-01 0.000000000000000000e+00
3.000000000000000444e-01 5.166666666666666075e-01 0.000000000000000000e+00
3.000000000000000444e-01 5.333333333333333259e-01 0.000000000000000000e+00
3.000000000000000444e-01 5.500000000000000444e-01 0.000000000000000000e+00
3.000000000000000444e-01 5.666666666666666519e-01 0.000000000000000000e+00
3.000000000000000444e-01 5.833333333333333703e-01 0.000000000000000000e+00
3.000000000000000444e-01 5.999999999999999778e-01 0.000000000000000000e+00
3.000000000000000444e-01 6.166666666666666963e-01 0.000000000000000000e+00
3.000000000000000444e-01 6.333333333333333037e-01 0.000000000000000000e+00
3.000000000000000444e-01 6.500000000000000222e-01 0.000000000000000000e+00
3.000000000000000444e-01 6.666666666666666297e-01 0.000000000000000000e+00
3.000000000000000444e-01 6.833333333333333481e-01 0.000000000000000000e+00
3.000000000000000444e-01 6.999999999999999556e-01 0.000000000000000000e+00
3.000000000000000444e-01 7.166666666666666741e-01 0.000000000000000000e+00
3.000000000000000444e-01 7.333333333333332815e-01 0.000000000000000000e+00
3.000000000000000444e-01 7.500000000000000000e-01 0.000000000000000000e+00
3.000000000000000444e-01 7.666666666666666075e-01 0.000000000000000000e+00
3.000000000000000444e-01 7.833333333333333259e-01 0.000000000000000000e+00
3.000000000000000444e-01 8.000000000000000444e-01 0.000000000000000000e+00
3.000000000000000444e-01 8.166666666666666519e-01 0.000000000000000000e+00
3.000000000000000444e-01 8.333333333333333703e-01 0.000000000000000000e+00
3.000000000000000444e-01 8.499999999999999778e-01 0.000000000000000000e+00
3.000000000000000444e-01 8.666666666666666963e-01 0.000000000000000000e+00
3.000000000000000444e-01 8.833333333333333037e-01 0.000000000000000000e+00
3.000000000000000444e-01 9.000000000000000222e-01 0.000000000000000000e+00
3.000000000000000444e-01 9.166666666666666297e-01 0.000000000000000000e+00
3.000000000000000444e-01 9.333333333333333481e-01 0.000000000000000000e+00
3.000000000000000444e-01 9.499999999999999556e-01 0.000000000000000000e+00
3.000000000000000444e-01 9.666666666666666741e-01 0.000000000000000000e+00
3.000000000000000444e-01 9.833333333333332815e-01 0.000000000000000000e+00
3.000000000000000444e-01 1.000000000000000000e+00 0.000000000000000000e+00
4.000000000000000222e-01 0.000000000000000000e+00 0.000000000000000000e+00
4.000000000000000222e-01 1.666666666666666644e-02 0.000000000000000000e+00
4.000000000000000222e-01 3.333333333333333287e-02 0.000000000000000000e+00
4.000000000000000222e-01 5.000000000000000278e-02 0.000000000000000000e+00
4.000000000000000222e-01 6.666666666666666574e-02 0.000000000000000000e+00
4.000000000000000222e-01 8.333333333333332871e-02 0.000000000000000000e+00
4.000000000000000222e-01 1.000000000000000056e-01 0.000000000000000000e+00
4.000000000000000222e-01 1.166666666666666685e-01 0.000000000000000000e+00
4.000000000000000222e-01 1.333333333333333315e-01 0.000000000000000000e+00
4.000000000000000222e-01 1.499999999999999944e-01 0.000000000000000000e+00
4.000000000000000222e-01 1.666666666666666574e-01 0.000000000000000000e+00
4.000000000000000222e-01 1.833333333333333204e-01 0.000000000000000000e+00
4.000000000000000222e-01 2.000000000000000111e-01 0.000000000000000000e+00
4.000000000000000222e-01 2.166666666666666741e-01 0.000000000000000000e+00
4.000000000000000222e-01 2.333333333333333370e-01 0.000000000000000000e+00
4.000000000000000222e-01 2.500000000000000000e-01 0.000000000000000000e+00
4.000000000000000222e-01 2.666666666666666630e-01 0.000000000000000000e+00
4.000000000000000222e-01 2.833333333333333259e-01 0.000000000000000000e+00
4.000000000000000222e-01 2.999999999999999889e-01 0.000000000000000000e+00
4.000000000000000222e-01 3.166666666666666519e-01 0.000000000000000000e+00
4.000000000000000222e-01 3.333333333333333148e-01 0.000000000000000000e+00
4.000000000000000222e-01 3.499999999999999778e-01 0.000000000000000000e+00
4.000000000000000222e-01 3.666666666666666408e-01 0.000000000000000000e+00
4.000000000000000222e-01 3.833333333333333037e-01 0.000000000000000000e+00
4.000000000000000222e-01 4.000000000000000222e-01 0.000000000000000000e+00
4.000000000000000222e-01 4.166666666666666852e-01 0.000000000000000000e+00
4.000000000000000222e-01 4.333333333333333481e-01 0.000000000000000000e+00
4.000000000000000222e-01 4.500000000000000111e-01 0.000000000000000000e+00
4.000000000000000222e-01 4.666666666666666741e-01 0.000000000000000000e+00
4.000000000000000222e-01 4.833333333333333370e-01 0.000000000000000000e+00
4.000000000000000222e-01 5.000000000000000000e-01 0.000000000000000000e+00
4.000000000000000222e-01 5.166666666666666075e-01 0.000000000000000000e+00
4.000000000000000222e-01 5.333333333333333259e-01 0.000000000000000000e+00
4.000000000000000222e-01 5.500000000000000444e-01 0.000000000000000000e+00
4.000000000000000222e-01 5.666666666666666519e-01 0.000000000000000000e+00
4.000000000000000222e-01 5.833333333333333703e-01 0.000000000000000000e+00
4.000000000000000222e-01 5.999999999999999778e-01 0.000000000000000000e+00
4.000000000000000222e-01 6.166666666666666963e-01 0.000000000000000000e+00
4.000000000000000222e-01 6.333333333333333037e-01 0.000000000000000000e+00
4.000000000000000222e-01 6.500000000000000222e-01 0.000000000000000000e+00
4.000000000000000222e-01 6.666666666666666297e-01 0.000000000000000000e+00
4.000000000000000222e-01 6.833333333333333481e-01 0.000000000000000000e+00
4.000000000000000222e-01 6.999999999999999556e-01 0.000000000000000000e+00
4.000000000000000222e-01 7.166666666666666741e-01 0.000000000000000000e+00
4.000000000000000222e-01 7.333333333333332815e-01 0.000000000000000000e+00
4.000000000000000222e-01 7.500000000000000000e-01 0.000000000000000000e+00
4.000000000000000222e-01 7.666666666666666075e-01 0.000000000000000000e+00
4.000000000000000222e-01 7.833333333333333259e-01 0.000000000000000000e+00
4.000000000000000222e-01 8.000000000000000444e-01 0.000000000000000000e+00
4.000000000000000222e-01 8.166666666666666519e-01 0.000000000000000000e+00
4.000000000000000222e-01 8.333333333333333703e-01 0.000000000000000000e+00
4.000000000000000222e-01 8.499999999999999778e-01 0.000000000000000000e+00
4.000000000000000222e-01 8.666666666666666963e-01 0.000000000000000000e+00
4.000000000000000222e-01 8.833333333333333037e-01 0.000000000000000000e+00
4.000000000000000222e-01 9.000000000000000222e-01 0.000000000000000000e+00
4.000000000000000222e-01 9.166666666666666297e-01 0.000000000000000000e+00
4.000000000000000222e-01 9.333333333333333481e-01 0.000000000000000000e+00
4.000000000000000222e-01 9.499999999999999556e-01 0.000000000000000000e+00
4.000000000000000222e-01 9.666666666666666741e-01 0.000000000000000000e+00
4.000000000000000222e-01 9.833333333333332815e-01 0.000000000000000000e+00
4.000000000000000222e-01 1.000000000000000000e+00 0.000000000000000000e+00
5.000000000000000000e-01 0.000000000000000000e+00 0.000000000000000000e+00
5.000000000000000000e-01 1.666666666666666644e-02 0.000000000000000000e+00
5.000000000000000000e-01 3.333333333333333287e-02 0.000000000000000000e+00
5.000000000000000000e-01 5.000000000000000278e-02 0.000000000000000000e+00
5.000000000000000000e-01 6.666666666666666574e-02 0.000000000000000000e+00
5.000000000000000000e-01 8.333333333333332871e-02 0.000000000000000000e+00
5.000000000000000000e-01 1.000000000000000056e-01 0.000000000000000000e+00
5.000000000000000000e-01 1.166666666666666685e-01 0.000000000000000000e+00
5.000000000000000000e-01 1.333333333333333315e-01 0.000000000000000000e+00
5.000000000000000000e-01 1.499999999999999944e-01 0.000000000000000000e+00
5.000000000000000000e-01 1.666666666666666574e-01 0.000000000000000000e+00
5.000000000000000000e-01 1.833333333333333204e-01 0.000000000000000000e+00
5.000000000000000000e-01 2.000000000000000111e-01 0.000000000000000000e+00
5.000000000000000000e-01 2.166666666666666741e-01 0.000000000000000000e+00
5.000000000000000000e-01 2.333333333333333370e-01 0.000000000000000000e+00
5.000000000000000000e-01 2.500000000000000000e-01 0.000000000000000000e+00
5.000000000000000000e-01 2.666666666666666630e-01 0.000000000000000000e+00
5.000000000000000000e-01 2.833333333333333259e-01 0.000000000000000000e+00
5.000000000000000000e-01 2.999999999999999889e-01 0.000000000000000000e+00
5.000000000000000000e-01 3.166666666666666519e-01 0.000000000000000000e+00
5.000000000000000000e-01 3.333333333333333148e-01 0.000000000000000000e+00
5.000000000000000000e-01 3.499999999999999778e-01 0.000000000000000000e+00
5.000000000000000000e-01 3.666666666666666408e-01 0.000000000000000000e+00
5.000000000000000000e-01 3.833333333333333037e-01 0.000000000000000000e+00
5.000000000000000000e-01 4.000000000000000222e-01 0.000000000000000000e+00
5.000000000000000000e-01 4.166666666666666852e-01 0.000000000000000000e+00
5.000000000000000000e-01 4.333333333333333481e-01 0.000000000000000000e+00
5.000000000000000000e-01 4.500000000000000111e-01 0.000000000000000000e+00
5.000000000000000000e-01 4.666666666666666741e-01 0.000000000000000000e+00
5.000000000000000000e-01 4.833333333333333370e-01 0.000000000000000000e+00
5.000000000000000000e-01 5.000000000000000000e-01 0.000000000000000000e+00
5.000000000000000000e-01 5.166666666666666075e-01 0.000000000000000000e+00
5.000000000000000000e-01 5.333333333333333259e-01 0.000000000000000000e+00
5.000000000000000000e-01 5.500000000000000444e-01 0.000000000000000000e+00
5.000000000000000000e-01 5.666666666666666519e-01 0.000000000000000000e+00
5.000000000000000000e-01 5.833333333333333703e-01 0.000000000000000000e+00
5.000000000000000000e-01 5.999999999999999778e-01 0.000000000000000000e+00
5.000000000000000000e-01 6.166666666666666963e-01 0.000000000000000000e+00
5.000000000000000000e-01 6.333333333333333037e-01 0.000000000000000000e+00
5.000000000000000000e-01 6.500000000000000222e-01 0.000000000000000000e+00
5.000000000000000000e-01 6.666666666666666297e-01 0.000000000000000000e+00
5.000000000000000000e-01 6.833333333333333481e-01 0.000000000000000000e+00
5.000000000000000000e-01 6.999999999999999556e-01 0.000000000000000000e+00
5.000000000000000000e-01 7.166666666666666741e-01 0.000000000000000000e+00
5.000000000000000000e-01 7.333333333333332815e-01 0.000000000000000000e+00
5.000000000000000000e-01 7.500000000000000000e-01 0.000000000000000000e+00
5.000000000000000000e-01 7.666666666666666075e-01 0.000000000000000000e+00
5.000000000000000000e-01 7.833333333333333259e-01 0.000000000000000000e+00
5.000000000000000000e-01 8.000000000000000444e-01 0.000000000000000000e+00
5.000000000000000000e-01 8.166666666666666519e-01 0.000000000000000000e+00
5.000000000000000000e-01 8.333333333333333703e-01 0.000000000000000000e+00
5.000000000000000000e-01 8.499999999999999778e-01 0.000000000000000000e+00
5.000000000000000000e-01 8.666666666666666963e-01 0.000000000000000000e+00
5.000000000000000000e-01 8.833333333333333037e-01 0.000000000000000000e+00
5.000000000000000000e-01 9.000000000000000222e-01 0.000000000000000000e+00
5.000000000000000000e-01 9.166666666666666297e-01 0.000000000000000000e+00
5.000000000000000000e-01 9.333333333333333481e-01 0.000000000000000000e+00
5.000000000000000000e-01 9.499999999999999556e-01 0.000000000000000000e+00
5.000000000000000000e-01 9.666666666666666741e-01 0.000000000000000000e+00
5.000000000000000000e-01 9.833333333333332815e-01 0.000000000000000000e+00
5.000000000000000000e-01 1.000000000000000000e+00 0.000000000000000000e+00
6.000000000000000888e-01 0.000000000000000000e+00 0.000000000000000000e+00
6.000000000000000888e-01 1.666666666666666644e-02 0.000000000000000000e+00
6.000000000000000888e-01 3.333333333333333287e-02 0.000000000000000000e+00
6.000000000000000888e-01 5.000000000000000278e-02 0.000000000000000000e+00
6.000000000000000888e-01 6.666666666666666574e-02 0.000000000000000000e+00
6.000000000000000888e-01 8.333333333333332871e-02 0.000000000000000000e+00
6.000000000000000888e-01 1.000000000000000056e-01 0.000000000000000000e+00
6.000000000000000888e-01 1.166666666666666685e-01 0.000000000000000000e+00
6.000000000000000888e-01 1.333333333333333315e-01 0.000000000000000000e+00
6.000000000000000888e-01 1.499999999999999944e-01 0.000000000000000000e+00
6.000000000000000888e-01 1.666666666666666574e-01 0.000000000000000000e+00
6.000000000000000888e-01 1.833333333333333204e-01 0.000000000000000000e+00
6.000000000000000888e-01 2.000000000000000111e-01 0.000000000000000000e+00
6.000000000000000888e-01 2.166666666666666741e-01 0.000000000000000000e+00
6.000000000000000888e-01 2.333333333333333370e-01 0.000000000000000000e+00
6.000000000000000888e-01 2.500000000000000000e-01 0.000000000000000000e+00
6.000000000000000888e-01 2.666666666666666630e-01 0.000000000000000000e+00
6.000000000000000888e-01 2.833333333333333259e-01 0.000000000000000000e+00
6.000000000000000888e-01 2.999999999999999889e-01 0.000000000000000000e+00
6.000000000000000888e-01 3.166666666666666519e-01 0.000000000000000000e+00
6.000000000000000888e-01 3.333333333333333148e-01 0.000000000000000000e+00
6.000000000000000888e-01 3.499999999999999778e-01 0.000000000000000000e+00
6.000000000000000888e-01 3.666666666666666408e-01 0.000000000000000000e+00
6.000000000000000888e-01 3.833333333333333037e-01 0.000000000000000000e+00
6.000000000000000888e-01 4.000000000000000222e-01 0.000000000000000000e+00
6.000000000000000888e-01 4.166666666666666852e-01 0.000000000000000000e+00
6.000000000000000888e-01 4.333333333333333481e-01 0.000000000000000000e+00
6.000000000000000888e-01 4.500000000000000111e-01 0.000000000000000000e+00
6.000000000000000888e-01 4.666666666666666741e-01 0.000000000000000000e+00
6.000000000000000888e-01 4.833333333333333370e-01 0.000000000000000000e+00
6.000000000000000888e-01 5.000000000000000000e-01 0.000000000000000000e+00
6.000000000000000888e-01 5.166666666666666075e-01 0.000000000000000000e+00
6.000000000000000888e-01 5.333333333333333259e-01 0.000000000000000000e+00
6.000000000000000888e-01 5.500000000000000444e-01 0.000000000000000000e+00
6.000000000000000888e-01 5.666666666666666519e-01 0.000000000000000000e+00
6.000000000000000888e-01 5.833333333333333703e-01 0.000000000000000000e+00
6.000000000000000888e-01 5.999999999999999778e-01 0.000000000000000000e+00
6.000000000000000888e-01 6.166666666666666963e-01 0.000000000000000000e+00
6.000000000000000888e-01 6.333333333333333037e-01 0.000000000000000000e+00
6.000000000000000888e-01 6.500000000000000222e-01 0.000000000000000000e+00
6.000000000000000888e-01 6.666666666666666297e-01 0.000000000000000000e+00
6.000000000000000888e-01 6.833333333333333481e-01 0.000000000000000000e+00
6.000000000000000888e-01 6.999999999999999556e-01 0.000000000000000000e+00
6.000000000000000888e-01 7.166666666666666741e-01 0.000000000000000000e+00
6.000000000000000888e-01 7.333333333333332815e-01 0.000000000000000000e+00
6.000000000000000888e-01 7.500000000000000000e-01 0.000000000000000000e+00
6.000000000000000888e-01 7.666666666666666075e-01 0.000000000000000000e+00
6.000000000000000888e-01 7.833333333333333259e-01 0.000000000000000000e+00
6.000000000000000888e-01 8.000000000000000444e-01 0.000000000000000000e+00
6.000000000000000888e-01 8.166666666666666519e-01 0.000000000000000000e+00
6.000000000000000888e-01 8.333333333333333703e-01 0.000000000000000000e+00
6.000000000000000888e-01 8.499999999999999778e-01 0.000000000000000000e+00
6.000000000000000888e-01 8.666666666666666963e-01 0.000000000000000000e+00
6.000000000000000888e-01 8.833333333333333037e-01 0.000000000000000000e+00
6.000000000000000888e-01 9.000000000000000222e-01 0.000000000000000000e+00
6.000000000000000888e-01 9.166666666666666297e-01 0.000000000000000000e+00
6.000000000000000888e-01 9.333333333333333481e-01 0.000000000000000000e+00
6.000000000000000888e-01 9.499999999999999556e-01 0.000000000000000000e+00
6.000000000000000888e-01 9.666666666666666741e-01 0.000000000000000000e+00
6.000000000000000888e-01 9.833333333333332815e-01 0.000000000000000000e+00
6.000000000000000888e-01 1.000000000000000000e+00 0.000000000000000000e+00
7.000000000000000666e-01 1.000000000000000000e+00 1.878715989327978555e-06
7.000000000000000666e-01 1.239367657626727626e+00 1.324229600617024934e-06
7.000000000000000666e-01 1.536032190771161376e+00 1.003554833370429708e-06
7.000000000000000666e-01 1.903708618315304690e+00 7.853899210673662227e-07
7.000000000000000666e-01 2.359394891085253132e+00 6.056734884553443156e-07
7.000000000000000666e-01 2.924157719580798176e+00 4.969540534592084812e-07
7.000000000000000666e-01 3.624106503447966698e+00 3.712018586746246901e-07
7.000000000000000666e-01 4.491600388168096814e+00 3.071369442053282125e-07
7.000000000000000666e-01 5.566744252079193878e+00 2.575448534156255052e-07
7.000000000000000666e-01 6.899242784306439447e+00 2.012737056800963272e-07
7.000000000000000666e-01 8.550698368983974618e+00 1.665786022127847724e-07
7.000000000000000666e-01 1.059745900864034951e+01 1.300698934657461565e-07
7.000000000000000666e-01 1.313414794833384747e+01 1.103170277052730762e-07
7.000000000000000666e-01 1.627803817764941385e+01 8.691365460061419716e-08
7.000000000000000666e-01 2.017447404699180069e+01 8.240786821848672583e-08
7.000000000000000666e-01 2.500359064347142279e+01 7.179576539271693722e-08
7.000000000000000666e-01 3.098864156805674597e+01 5.610631889178649060e-08
7.000000000000000666e-01 3.539600641379610835e+01 4.620738638738023035e-08
7.000000000000000666e-01 3.840632011323673112e+01 4.471181587808624799e-08
7.000000000000000666e-01 4.047850989885401418e+01 5.038585621917301013e-08
7.000000000000000666e-01 4.556101338391191291e+01 5.767674539711997133e-08
7.000000000000000666e-01 4.759955099680446722e+01 5.652117840826960017e-08
7.000000000000000666e-01 5.064351686896981874e+01 6.162048197212138623e-08
7.000000000000000666e-01 5.572602035402772458e+01 5.866720761303907813e-08
7.000000000000000666e-01 5.899334402299352575e+01 6.233545251659743423e-08
7.000000000000000666e-01 6.080852383908562331e+01 6.215888534121532531e-08
7.000000000000000666e-01 6.589102732414352204e+01 6.830290325910343961e-08
7.000000000000000666e-01 7.097353080920143498e+01 8.678808425247702597e-08
7.000000000000000666e-01 7.605603429425933371e+01 8.144931669332237969e-08
7.000000000000000666e-01 8.113853777931723243e+01 1.006566795087358095e-07
7.000000000000000666e-01 8.622104126437514537e+01 1.190727790081630179e-07
7.000000000000000666e-01 9.130354474943304410e+01 1.330981271977334913e-07
7.000000000000000666e-01 9.638604823449094283e+01 1.439024010279733285e-07
7.000000000000000666e-01 1.014685517195488558e+02 1.802178790492007200e-07
7.000000000000000666e-01 1.065510552046067403e+02 2.063043383785154404e-07
7.000000000000000666e-01 1.116335586896646532e+02 2.225507633388089762e-07
7.000000000000000666e-01 1.167160621747225662e+02 2.439272346221389363e-07
7.000000000000000666e-01 1.217985656597804507e+02 2.742621801751521088e-07
7.000000000000000666e-01 1.268810691448383636e+02 3.008490211168223006e-07
7.000000000000000666e-01 1.319635726298962766e+02 3.246278902244615455e-07
7.000000000000000666e-01 1.370460761149541611e+02 3.303324176759093163e-07
7.000000000000000666e-01 1.421285796000120740e+02 3.394501077192496659e-07
7.000000000000000666e-01 1.472110830850699870e+02 3.836649761525460615e-07
7.000000000000000666e-01 1.522935865701278715e+02 3.986047514273372919e-07
7.000000000000000666e-01 1.573760900551857844e+02 4.139656690770831278e-07
7.000000000000000666e-01 1.624585935402436974e+02 4.268607755828072705e-07
7.000000000000000666e-01 1.675410970253015819e+02 4.481902370546225653e-07
7.000000000000000666e-01 1.726236005103594948e+02 4.514680100636919936e-07
7.000000000000000666e-01 1.777061039954173793e+02 4.542165175099953264e-07
7.000000000000000666e-01 1.827886074804752923e+02 4.555238554792161426e-07
7.000000000000000666e-01 1.878711109655332052e+02 4.489495219592171832e-07
7.000000000000000666e-01 1.929536144505910897e+02 4.468795117677493018e-07
7.000000000000000666e-01 1.980361179356490027e+02 4.319350510379435647e-07
7.000000000000000666e-01 2.031186214207069156e+02 3.862226087819328116e-07
7.000000000000000666e-01 2.082011249057648001e+02 3.570287315098717644e-07
7.000000000000000666e-01 2.132836283908227131e+02 3.110138179561881834e-07
7.000000000000000666e-01 2.183661318758806260e+02 2.611924135197282361e-07
7.000000000000000666e-01 2.234486353609385105e+02 2.048575499258054750e-07
7.000000000000000666e-01 2.285311388459964235e+02 1.194951482762738841e-07
7.000000000000000666e-01 2.336136423310543364e+02 4.238263417884751168e-08
7.000000000000000666e-01 2.359733760919740746e+02 0.000000000000000000e+00
8.000000000000000444e-01 1.000000000000000000e+00 8.525845593495359555e-06
8.000000000000000444e-01 1.262522160304733410e+00 5.910031252508145684e-06
8.000000000000000444e-01 1.593962205260530673e+00 4.327313744426663986e-06
8.000000000000000444e-01 2.012412606829621975e+00 3.394272458726104266e-06
8.000000000000000444e-01 2.540715511799014337e+00 2.598629450440023332e-06
8.000000000000000444e-01 3.207709636676237874e+00 2.013508168617618157e-06
8.000000000000000444e-01 4.049804500126795048e+00 1.586946758540033054e-06
8.000000000000000444e-01 5.112967926311912770e+00 1.256984479296484737e-06
8.000000000000000444e-01 6.455235311896127648e+00 9.990284968146639174e-07
8.000000000000000444e-01 8.149877631250497245e+00 7.726158591006111618e-07
8.000000000000000444e-01 1.028940111322560291e+01 6.226211284237429110e-07
8.000000000000000444e-01 1.299059692171151781e+01 5.177222238506282550e-07
8.000000000000000444e-01 1.640091648924724055e+01 4.482235088928327526e-07
8.000000000000000444e-01 2.070652051698194995e+01 3.578485577950225284e-07
8.000000000000000444e-01 2.614244101549433807e+01 2.911447437436173166e-07
8.000000000000000444e-01 3.300541110652096677e+01 2.312461838491998498e-07
8.000000000000000444e-01 4.167006293195069588e+01 2.811872157908158479e-07
8.000000000000000444e-01 5.031441598298476947e+01 2.597976829508255515e-07
8.000000000000000444e-01 5.260937787288059297e+01 2.440717379057229492e-07
8.000000000000000444e-01 5.753905007284924977e+01 2.821994569708574225e-07
8.000000000000000444e-01 6.476368416271373007e+01 3.340860360213602812e-07
8.000000000000000444e-01 6.642050540435721473e+01 3.045578960931376912e-07
8.000000000000000444e-01 7.198831825257821038e+01 3.916861771213743001e-07
8.000000000000000444e-01 7.921295234244269068e+01 4.006817392989813160e-07
8.000000000000000444e-01 8.385735997164130140e+01 4.448629873858732280e-07
8.000000000000000444e-01 8.643758643230717098e+01 5.241517660990760067e-07
8.000000000000000444e-01 9.366222052217165128e+01 6.909675411186446722e-07
8.000000000000000444e-01 1.008868546120361316e+02 8.155338778876430215e-07
8.000000000000000444e-01 1.081114887019006119e+02 9.950568080993362449e-07
8.000000000000000444e-01 1.153361227917650922e+02 1.252642345074663898e-06
8.000000000000000444e-01 1.225607568816295725e+02 1.397371786292008777e-06
8.000000000000000444e-01 1.297853909714940528e+02 1.615162662923821447e-06
8.000000000000000444e-01 1.370100250613585331e+02 1.752175237939844456e-06
8.000000000000000444e-01 1.442346591512230134e+02 1.988799427477225622e-06
8.000000000000000444e-01 1.514592932410874937e+02 2.227813908240083578e-06
8.000000000000000444e-01 1.586839273309519740e+02 2.382472788186409109e-06
8.000000000000000444e-01 1.659085614208164543e+02 2.668500402861824183e-06
8.000000000000000444e-01 1.731331955106809346e+02 2.897165925244046216e-06
8.000000000000000444e-01 1.803578296005454149e+02 3.068035422068727041e-06
8.000000000000000444e-01 1.875824636904098952e+02 3.262029631800036468e-06
8.000000000000000444e-01 1.948070977802743755e+02 3.496683548522126726e-06
8.000000000000000444e-01 2.020317318701388558e+02 3.686397379548771362e-06
8.000000000000000444e-01 2.092563659600033361e+02 3.792078162805465926e-06
8.000000000000000444e-01 2.164810000498678164e+02 3.891842600665807815e-06
8.000000000000000444e-01 2.237056341397322967e+02 3.942367611422554323e-06
8.000000000000000444e-01 2.309302682295967770e+02 3.992330374075097249e-06
8.000000000000000444e-01 2.381549023194612573e+02 4.003843753065155786e-06
8.000000000000000444e-01 2.453795364093257376e+02 3.986004561372493286e-06
8.000000000000000444e-01 2.526041704991902179e+02 3.878467218560089201e-06
8.000000000000000444e-01 2.598288045890546982e+02 3.710592572596400393e-06
8.000000000000000444e-01 2.670534386789191785e+02 3.524665405795943391e-06
8.000000000000000444e-01 2.742780727687836588e+02 3.305992877714432142e-06
8.000000000000000444e-01 2.815027068586481391e+02 3.017411423035715719e-06
8.000000000000000444e-01 2.887273409485126194e+02 2.712070895556799043e-06
8.000000000000000444e-01 2.959519750383770997e+02 2.361849452428551886e-06
8.000000000000000444e-01 3.031766091282415800e+02 2.010580817419744259e-06
8.000000000000000444e-01 3.104012432181060603e+02 1.587271973862930599e-06
8.000000000000000444e-01 3.176258773079705406e+02 1.155748530946646852e-06
8.000000000000000444e-01 3.248505113978350209e+02 7.016994506552206490e-07
8.000000000000000444e-01 3.320751454876995012e+02 2.279256849495179690e-07
8.000000000000000444e-01 3.354294398865651488e+02 0.000000000000000000e+00
9.000000000000000222e-01 1.000000000000000000e+00 1.566531916712930671e-05
9.000000000000000222e-01 1.270474880176438282e+00 1.082216628300416666e-05
9.000000000000000222e-01 1.614106421159335225e+00 7.913419662201165959e-06
9.000000000000000222e-01 2.050681662014425921e+00 6.129104313830313555e-06
9.000000000000000222e-01 2.605339538827796897e+00 4.644265917553888054e-06
9.000000000000000222e-01 3.310018438411181929e+00 3.507983749533976284e-06
9.000000000000000222e-01 4.205295278922248414e+00 2.789883477612055266e-06
9.000000000000000222e-01 5.342722015595285256e+00 2.204684216372427853e-06
9.000000000000000222e-01 6.787794112579438099e+00 1.772340060280211211e-06
9.000000000000000222e-01 8.623721911841693455e+00 1.404079502060463121e-06
9.000000000000000222e-01 1.095622206262199860e+01 1.103970079399233866e-06
9.000000000000000222e-01 1.391960491219613871e+01 9.408436492680966228e-07
9.000000000000000222e-01 1.768450838292574900e+01 7.316694421442881721e-07
9.000000000000000222e-01 2.246772366877680582e+01 4.544893582351246357e-07
9.000000000000000222e-01 2.854467853592654691e+01 5.105765805016332319e-07
9.000000000000000222e-01 3.626529704260622822e+01 4.817232913934406384e-07
9.000000000000000222e-01 4.607414891476808094e+01 4.607472526116540624e-07
9.000000000000000222e-01 5.669004736346204965e+01 5.455189996508009293e-07
9.000000000000000222e-01 5.853604882172133728e+01 5.274004165643872093e-07
9.000000000000000222e-01 6.483015672847199085e+01 4.990376646290988314e-07
9.000000000000000222e-01 7.297026609348192494e+01 6.557342968656767006e-07
9.000000000000000222e-01 7.436857961277854656e+01 6.405348595487937874e-07
9.000000000000000222e-01 8.111037545849185904e+01 7.599981514986607821e-07
9.000000000000000222e-01 8.925048482350179313e+01 1.122760307616376749e-06
9.000000000000000222e-01 9.448341227243678020e+01 1.204490818791403434e-06
9.000000000000000222e-01 9.739059418851172722e+01 1.578211845507732583e-06
9.000000000000000222e-01 1.055307035535216755e+02 1.751780432843547260e-06
9.000000000000000222e-01 1.136708129185315954e+02 2.145576691125299559e-06
9.000000000000000222e-01 1.218109222835415437e+02 2.567828508277736888e-06
9.000000000000000222e-01 1.299510316485514636e+02 2.929444894395568486e-06
9.000000000000000222e-01 1.380911410135614119e+02 3.444959222963772023e-06
9.000000000000000222e-01 1.462312503785713318e+02 3.852478158620988368e-06
9.000000000000000222e-01 1.543713597435812801e+02 4.282007975966793731e-06
9.000000000000000222e-01 1.625114691085912284e+02 4.735613497207790064e-06
9.000000000000000222e-01 1.706515784736011483e+02 5.372866056765814718e-06
9.000000000000000222e-01 1.787916878386110966e+02 5.878068113343097839e-06
9.000000000000000222e-01 1.869317972036210165e+02 6.811614986236971100e-06
9.000000000000000222e-01 1.950719065686309648e+02 6.855684005653319648e-06
9.000000000000000222e-01 2.032120159336408847e+02 7.280679247622174729e-06
9.000000000000000222e-01 2.113521252986508330e+02 7.565672217589602434e-06
9.000000000000000222e-01 2.194922346636607529e+02 7.842740070026520791e-06
9.000000000000000222e-01 2.276323440286707012e+02 8.135924334815003954e-06
9.000000000000000222e-01 2.357724533936806210e+02 8.294852775968098823e-06
9.000000000000000222e-01 2.439125627586905694e+02 8.454017264787412649e-06
9.000000000000000222e-01 2.520526721237005177e+02 8.524931021766793605e-06
9.000000000000000222e-01 2.601927814887104660e+02 8.305977372525786645e-06
9.000000000000000222e-01 2.683328908537204143e+02 8.217023281870984835e-06
9.000000000000000222e-01 2.764730002187303057e+02 7.956253863817232199e-06
9.000000000000000222e-01 2.846131095837402540e+02 7.581012560678765361e-06
9.000000000000000222e-01 2.927532189487502023e+02 7.203106433719348291e-06
9.000000000000000222e-01 3.008933283137601506e+02 6.643655219238776784e-06
9.000000000000000222e-01 3.090334376787700421e+02 6.111829492758672501e-06
9.000000000000000222e-01 3.171735470437799904e+02 5.493890631316513801e-06
9.000000000000000222e-01 3.253136564087899387e+02 4.862831618973699500e-06
9.000000000000000222e-01 3.334537657737998870e+02 4.161047087130926599e-06
9.000000000000000222e-01 3.415938751388097785e+02 3.359808431165096237e-06
9.000000000000000222e-01 3.497339845038197268e+02 2.662840859465943328e-06
9.000000000000000222e-01 3.578740938688296751e+02 1.858207670653207807e-06
9.000000000000000222e-01 3.660142032338396234e+02 1.142057046261644959e-06
9.000000000000000222e-01 3.741543125988495149e+02 3.589614481163298551e-07
9.000000000000000222e-01 3.779336490897470071e+02 0.000000000000000000e+00
1.000000000000000000e+00 1.000000000000000000e+00 1.865010768919957092e-05
1.000000000000000000e+00 1.272710310573827552e+00 1.288596305455620839e-05
1.000000000000000000e+00 1.619791534640928399e+00 9.596659195467647160e-06
1.000000000000000000e+00 2.061525387117712604e+00 7.286137163069517503e-06
1.000000000000000000e+00 2.623724615694413842e+00 5.452765451061983169e-06
1.000000000000000000e+00 3.339241370500633632e+00 4.200384232226396688e-06
1.000000000000000000e+00 4.249886921730835709e+00 3.271022953523539884e-06
1.000000000000000000e+00 5.408874904059698174e+00 2.561190918472702851e-06
1.000000000000000000e+00 6.883930859000800595e+00 2.114721735824257522e-06
1.000000000000000000e+00 8.761249781527665093e+00 1.642069273927540195e-06
1.000000000000000000e+00 1.115053293046295124e+01 1.324761060565312958e-06
1.000000000000000000e+00 1.419139822899319547e+01 1.068735515949148919e-06
1.000000000000000000e+00 1.806153884749879523e+01 8.714727997323267362e-07
1.000000000000000000e+00 2.298710671604144551e+01 6.036563137267120888e-07
1.000000000000000000e+00 2.925592772776681016e+01 5.159736186616967675e-07
1.000000000000000000e+00 3.723432086453155421e+01 4.993667425254152696e-07
1.000000000000000000e+00 4.738850407150350463e+01 6.503866525003684288e-07
1.000000000000000000e+00 5.861556252056131200e+01 7.185963874325694681e-07
1.000000000000000000e+00 6.031183773447231999e+01 5.714998167809508478e-07
1.000000000000000000e+00 6.703215611325730094e+01 7.391416768288211348e-07
1.000000000000000000e+00 7.544874970595327568e+01 8.322276231743959195e-07
1.000000000000000000e+00 7.675949773431855760e+01 8.310791697816583134e-07
1.000000000000000000e+00 8.386534329864926463e+01 1.024599106330025466e-06
1.000000000000000000e+00 9.228193689134525357e+01 1.452969006744733722e-06
1.000000000000000000e+00 9.769260420093553421e+01 1.831072534426459521e-06
1.000000000000000000e+00 1.006985304840412283e+02 1.927396863928004337e-06
1.000000000000000000e+00 1.091151240767372173e+02 2.190188609682616953e-06
1.000000000000000000e+00 1.175317176694331920e+02 2.882887482739712682e-06
1.000000000000000000e+00 1.259483112621291809e+02 3.314899991340441902e-06
1.000000000000000000e+00 1.343649048548251699e+02 3.792276637123809057e-06
1.000000000000000000e+00 1.427814984475211304e+02 4.430980415128633189e-06
1.000000000000000000e+00 1.511980920402171478e+02 5.012886968416841063e-06
1.000000000000000000e+00 1.596146856329131083e+02 5.628185433672115301e-06
1.000000000000000000e+00 1.680312792256090972e+02 6.402360750086659119e-06
1.000000000000000000e+00 1.764478728183050862e+02 6.945160376362539692e-06
1.000000000000000000e+00 1.848644664110010467e+02 7.296729650452238235e-06
1.000000000000000000e+00 1.932810600036970641e+02 8.020758603088686261e-06
1.000000000000000000e+00 2.016976535963930246e+02 8.574437115224710720e-06
1.000000000000000000e+00 2.101142471890890420e+02 9.213106366787583460e-06
1.000000000000000000e+00 2.185308407817850025e+02 9.627299816632711903e-06
1.000000000000000000e+00 2.269474343744809630e+02 1.009190031732442471e-05
1.000000000000000000e+00 2.353640279671769804e+02 1.010623569224252014e-05
1.000000000000000000e+00 2.437806215598729409e+02 1.038140728394324963e-05
1.000000000000000000e+00 2.521972151525689583e+02 1.067400096432151793e-05
1.000000000000000000e+00 2.606138087452649188e+02 1.089679841804991437e-05
1.000000000000000000e+00 2.690304023379608793e+02 9.954577092528654297e-06
1.000000000000000000e+00 2.774469959306568967e+02 9.932114563068999885e-06
1.000000000000000000e+00 2.858635895233528572e+02 1.071099295028322036e-05
1.000000000000000000e+00 2.942801831160488746e+02 8.861554311377702961e-06
1.000000000000000000e+00 3.026967767087448351e+02 8.702972298760307395e-06
1.000000000000000000e+00 3.111133703014407956e+02 7.917198579214926367e-06
1.000000000000000000e+00 3.195299638941368130e+02 7.645356982963160861e-06
1.000000000000000000e+00 3.279465574868327735e+02 6.290552481104345417e-06
1.000000000000000000e+00 3.363631510795287340e+02 5.475563377667020828e-06
1.000000000000000000e+00 3.447797446722247514e+02 5.191572650195988261e-06
1.000000000000000000e+00 3.531963382649207119e+02 3.914163353847354063e-06
1.000000000000000000e+00 3.616129318576167293e+02 2.886339171335160462e-06
1.000000000000000000e+00 3.700295254503126898e+02 2.374361232221207799e-06
1.000000000000000000e+00 3.784461190430086504e+02 1.162899779974128821e-06
1.000000000000000000e+00 3.868627126357046677e+02 3.604246196434997915e-07
1.000000000000000000e+00 3.907704168037420800e+02 0.000000000000000000e+00
