# mx [GeV]: 100000.0
# sigma_p [cm^2]: 2.51188643151e-30
# depth [m]: 10.6
# target: full
# Columns: gamma/pi, v [km/s], f(v, gamma) [s/km]
0.000000000000000000e+00 1.000000000000000000e+00 4.878477436316572269e-03
0.000000000000000000e+00 1.275269105618629384e+00 3.802586079714443540e-03
0.000000000000000000e+00 1.626311291745338838e+00 2.813550323860621212e-03
0.000000000000000000e+00 2.073984546481555835e+00 2.045086077617357199e-03
0.000000000000000000e+00 2.644888417658392665e+00 1.485039552825731654e-03
0.000000000000000000e+00 3.372944486848290513e+00 1.080863427266514536e-03
0.000000000000000000e+00 4.301411899044305542e+00 7.899497523035065678e-04
0.000000000000000000e+00 5.485457705391562300e+00 5.804340717229641627e-04
0.000000000000000000e+00 6.995434741863515882e+00 4.307759301291272510e-04
0.000000000000000000e+00 8.921061806669772665e+00 3.195380862241353780e-04
0.000000000000000000e+00 1.137675451136027682e+01 2.411436393590237642e-04
0.000000000000000000e+00 1.450842355054512467e+01 1.822455106207533225e-04
0.000000000000000000e+00 1.850214432523993935e+01 1.413480569538578787e-04
0.000000000000000000e+00 2.359521304567553202e+01 1.118706943144113960e-04
0.000000000000000000e+00 3.009024623763966488e+01 9.191262762690258128e-05
0.000000000000000000e+00 3.837316140731905989e+01 8.058621919522123615e-05
0.000000000000000000e+00 4.893610722767108001e+01 7.697016368883682110e-05
0.000000000000000000e+00 6.089563809309252207e+01 8.385525692893154267e-05
0.000000000000000000e+00 6.240670569668943557e+01 8.520351707350618138e-05
0.000000000000000000e+00 6.963962715261349956e+01 9.547755638592108067e-05
0.000000000000000000e+00 7.838361621213448416e+01 1.127460314296895066e-04
0.000000000000000000e+00 7.958534375842214104e+01 1.157595506041755895e-04
0.000000000000000000e+00 8.712760527165545454e+01 1.367501127538488096e-04
0.000000000000000000e+00 9.587159433117642493e+01 1.664639964410527658e-04
0.000000000000000000e+00 1.014927301551541632e+02 1.862768695282470159e-04
0.000000000000000000e+00 1.046155833906974095e+02 1.978121815590384294e-04
0.000000000000000000e+00 1.133595724502183941e+02 2.261949619216858964e-04
0.000000000000000000e+00 1.221035615097393645e+02 2.483864944246326001e-04
0.000000000000000000e+00 1.308475505692603349e+02 2.618367325309352615e-04
0.000000000000000000e+00 1.395915396287813053e+02 2.683168770894020809e-04
0.000000000000000000e+00 1.483355286883023041e+02 2.714683955732541355e-04
0.000000000000000000e+00 1.570795177478232745e+02 2.727964448532892508e-04
0.000000000000000000e+00 1.658235068073442449e+02 2.732446106164847992e-04
0.000000000000000000e+00 1.745674958668652152e+02 2.713516090646496512e-04
0.000000000000000000e+00 1.833114849263862141e+02 2.673107367827138735e-04
0.000000000000000000e+00 1.920554739859071844e+02 2.610646560425295250e-04
0.000000000000000000e+00 2.007994630454281548e+02 2.519757448353201427e-04
0.000000000000000000e+00 2.095434521049491252e+02 2.415207603099176501e-04
0.000000000000000000e+00 2.182874411644700956e+02 2.292330813694721332e-04
0.000000000000000000e+00 2.270314302239910944e+02 2.167476584414737518e-04
0.000000000000000000e+00 2.357754192835120648e+02 2.036233355998108248e-04
0.000000000000000000e+00 2.445194083430330352e+02 1.904432679035590571e-04
0.000000000000000000e+00 2.532633974025540340e+02 1.769599738897039321e-04
0.000000000000000000e+00 2.620073864620750328e+02 1.641159760447557028e-04
0.000000000000000000e+00 2.707513755215960032e+02 1.512491550807280459e-04
0.000000000000000000e+00 2.794953645811169736e+02 1.382831865317380577e-04
0.000000000000000000e+00 2.882393536406379440e+02 1.263331917014093428e-04
0.000000000000000000e+00 2.969833427001589143e+02 1.148288990137004986e-04
0.000000000000000000e+00 3.057273317596798847e+02 1.032315535770627040e-04
0.000000000000000000e+00 3.144713208192008551e+02 9.124515645391676876e-05
0.000000000000000000e+00 3.232153098787218823e+02 8.001606831830226961e-05
0.000000000000000000e+00 3.319592989382428527e+02 6.926760508872158617e-05
0.000000000000000000e+00 3.407032879977638231e+02 5.983022698861478864e-05
0.000000000000000000e+00 3.494472770572847935e+02 5.039189864264551218e-05
0.000000000000000000e+00 3.581912661168057639e+02 4.184913419893275381e-05
0.000000000000000000e+00 3.669352551763267343e+02 3.502312375135303700e-05
0.000000000000000000e+00 3.756792442358477047e+02 2.731395256682159212e-05
0.000000000000000000e+00 3.844232332953687319e+02 2.107210858529126872e-05
0.000000000000000000e+00 3.931672223548897023e+02 1.415516711039424718e-05
0.000000000000000000e+00 4.019112114144106727e+02 6.955236415733264122e-06
0.000000000000000000e+00 4.059709206206168233e+02 0.000000000000000000e+00
1.000000000000000056e-01 1.000000000000000000e+00 5.110875178133329234e-03
1.000000000000000056e-01 1.286211328533352960e+00 3.946436167412643858e-03
1.000000000000000056e-01 1.654339581647533031e+00 2.882045278681730650e-03
1.000000000000000056e-01 2.127830311156185150e+00 2.071844176392210503e-03
1.000000000000000056e-01 2.736839451405734813e+00 1.489646363994734813e-03
1.000000000000000056e-01 3.520153906775063124e+00 1.074076808019043799e-03
1.000000000000000056e-01 4.527661833075026898e+00 7.786080610708538555e-04
1.000000000000000056e-01 5.823529941469187676e+00 5.671093807168631944e-04
1.000000000000000056e-01 7.490290182770843685e+00 4.174662562713293704e-04
1.000000000000000056e-01 9.634096087082017590e+00 3.077541658869511836e-04
1.000000000000000056e-01 1.239148352738374115e+01 2.308249359318498956e-04
1.000000000000000056e-01 1.593806649025540167e+01 1.740851036135808883e-04
1.000000000000000056e-01 2.049972167468431650e+01 1.351804639427166721e-04
1.000000000000000056e-01 2.636697424975968573e+01 1.073966178482509544e-04
1.000000000000000056e-01 3.391350097918811457e+01 9.050134223534991558e-05
1.000000000000000056e-01 4.361992914965871648e+01 8.205417037566978722e-05
1.000000000000000056e-01 5.610444702211327694e+01 8.522731289240545547e-05
1.000000000000000056e-01 7.162844577858537320e+01 1.053820142478770227e-04
1.000000000000000056e-01 7.216217534094144526e+01 1.064761217949339897e-04
1.000000000000000056e-01 8.191355594166429910e+01 1.297637090168691663e-04
1.000000000000000056e-01 9.219866610474322499e+01 1.637546009909007132e-04
1.000000000000000056e-01 9.281580741512905774e+01 1.658397338661712645e-04
1.000000000000000056e-01 1.024837762678221509e+02 2.034055569866543981e-04
1.000000000000000056e-01 1.127688864309010768e+02 2.420654717662280191e-04
1.000000000000000056e-01 1.193807429643089932e+02 2.619293100987792207e-04
1.000000000000000056e-01 1.230539965939800027e+02 2.709905050495014936e-04
1.000000000000000056e-01 1.333391067570589144e+02 2.876521625319495993e-04
1.000000000000000056e-01 1.436242169201378545e+02 2.958952704677802917e-04
1.000000000000000056e-01 1.539093270832167946e+02 3.005923289342539374e-04
1.000000000000000056e-01 1.641944372462957062e+02 3.032263256238947372e-04
1.000000000000000056e-01 1.744795474093746179e+02 3.033887620463585543e-04
1.000000000000000056e-01 1.847646575724535580e+02 3.003773417046559451e-04
1.000000000000000056e-01 1.950497677355324981e+02 2.935505111971223997e-04
1.000000000000000056e-01 2.053348778986114098e+02 2.830750740106476905e-04
1.000000000000000056e-01 2.156199880616903215e+02 2.696700052599634834e-04
1.000000000000000056e-01 2.259050982247692900e+02 2.549282990595091135e-04
1.000000000000000056e-01 2.361902083878482017e+02 2.393099491075868703e-04
1.000000000000000056e-01 2.464753185509271134e+02 2.230507002024840753e-04
1.000000000000000056e-01 2.567604287140060251e+02 2.068586770826331283e-04
1.000000000000000056e-01 2.670455388770849936e+02 1.902282760841280480e-04
1.000000000000000056e-01 2.773306490401639053e+02 1.739933660744529497e-04
1.000000000000000056e-01 2.876157592032428170e+02 1.581976602421294184e-04
1.000000000000000056e-01 2.979008693663217286e+02 1.430437874541973405e-04
1.000000000000000056e-01 3.081859795294006972e+02 1.278242900529538381e-04
1.000000000000000056e-01 3.184710896924796089e+02 1.114198286396206637e-04
1.000000000000000056e-01 3.287561998555585205e+02 9.652685487344562316e-05
1.000000000000000056e-01 3.390413100186374322e+02 8.283836352766383150e-05
1.000000000000000056e-01 3.493264201817164007e+02 6.960543043268016203e-05
1.000000000000000056e-01 3.596115303447953124e+02 5.791849487457260547e-05
1.000000000000000056e-01 3.698966405078742241e+02 4.842822370330176400e-05
1.000000000000000056e-01 3.801817506709531926e+02 3.974268683633921375e-05
1.000000000000000056e-01 3.904668608340321043e+02 3.247247981382061642e-05
1.000000000000000056e-01 4.007519709971110160e+02 2.610145469398480854e-05
1.000000000000000056e-01 4.110370811601899277e+02 2.050967673695616955e-05
1.000000000000000056e-01 4.213221913232688394e+02 1.582055826191878329e-05
1.000000000000000056e-01 4.316073014863478079e+02 1.167770744014814596e-05
1.000000000000000056e-01 4.418924116494267196e+02 8.142414432356949856e-06
1.000000000000000056e-01 4.521775218125056313e+02 5.078995130410227275e-06
1.000000000000000056e-01 4.624626319755845998e+02 2.648363999152132497e-06
1.000000000000000056e-01 4.727477421386635115e+02 5.935027853757912013e-07
1.000000000000000056e-01 4.775229718572358593e+02 0.000000000000000000e+00
2.000000000000000111e-01 1.000000000000000000e+00 5.821693607802102231e-03
2.000000000000000111e-01 1.296468893513887055e+00 4.429007099565506443e-03
2.000000000000000111e-01 1.680831591849122342e+00 3.201192096124859214e-03
2.000000000000000111e-01 2.179145874067816901e+00 2.282809252637220399e-03
2.000000000000000111e-01 2.825194840158054888e+00 1.629431826950679353e-03
2.000000000000000111e-01 3.662777228380856176e+00 1.167399346206551228e-03
2.000000000000000111e-01 4.748676740466789781e+00 8.410166103527126928e-04
2.000000000000000111e-01 6.156511679368111167e+00 6.096414157082780897e-04
2.000000000000000111e-01 7.981725884855696229e+00 4.456200700980800429e-04
2.000000000000000111e-01 1.034805932627001468e+01 3.279912053668073519e-04
2.000000000000000111e-01 1.341593702474534666e+01 2.445858909518234029e-04
2.000000000000000111e-01 1.739334502992359077e+01 1.851855871225900846e-04
2.000000000000000111e-01 2.254993078545029306e+01 1.441604861590939683e-04
2.000000000000000111e-01 2.923528381422748623e+01 1.161215826539731326e-04
2.000000000000000111e-01 3.790263605819595938e+01 1.007810649429184165e-04
2.000000000000000111e-01 4.913958863162885393e+01 9.651419436397607669e-05
2.000000000000000111e-01 6.370794810097545025e+01 1.092624930661891539e-04
2.000000000000000111e-01 8.259537298251179038e+01 1.572487888217338130e-04
2.000000000000000111e-01 8.329734734974034893e+01 1.601401775982669794e-04
2.000000000000000111e-01 9.525799209739537332e+01 2.119418972829975188e-04
2.000000000000000111e-01 1.070823318200038159e+02 2.700460944810577119e-04
2.000000000000000111e-01 1.072186368450503977e+02 2.706162064394346646e-04
2.000000000000000111e-01 1.191792815927054221e+02 3.218018157847336337e-04
2.000000000000000111e-01 1.311399263403604323e+02 3.567863472852453159e-04
2.000000000000000111e-01 1.388289122495672814e+02 3.698335463555525097e-04
2.000000000000000111e-01 1.431005710880154709e+02 3.763562331214215261e-04
2.000000000000000111e-01 1.550612158356705095e+02 3.901163426023237114e-04
2.000000000000000111e-01 1.670218605833255197e+02 4.009074606067090669e-04
2.000000000000000111e-01 1.789825053309805298e+02 4.076982512307950231e-04
2.000000000000000111e-01 1.909431500786355684e+02 4.091066787447371822e-04
2.000000000000000111e-01 2.029037948262906070e+02 4.030529762428462629e-04
2.000000000000000111e-01 2.148644395739456172e+02 3.913066181638085632e-04
2.000000000000000111e-01 2.268250843216006274e+02 3.756382658146921135e-04
2.000000000000000111e-01 2.387857290692556376e+02 3.571906928432650873e-04
2.000000000000000111e-01 2.507463738169107046e+02 3.373743548106568606e-04
2.000000000000000111e-01 2.627070185645657148e+02 3.157935036569591057e-04
2.000000000000000111e-01 2.746676633122207249e+02 2.934811568319165443e-04
2.000000000000000111e-01 2.866283080598757351e+02 2.704511561069873117e-04
2.000000000000000111e-01 2.985889528075308021e+02 2.475414420245659777e-04
2.000000000000000111e-01 3.105495975551858123e+02 2.217537120640120996e-04
2.000000000000000111e-01 3.225102423028408225e+02 1.973369935671568211e-04
2.000000000000000111e-01 3.344708870504958327e+02 1.751306526195166270e-04
2.000000000000000111e-01 3.464315317981508997e+02 1.546763947310202710e-04
2.000000000000000111e-01 3.583921765458059099e+02 1.356020731693303701e-04
2.000000000000000111e-01 3.703528212934609201e+02 1.185719396792084686e-04
2.000000000000000111e-01 3.823134660411159302e+02 1.022390830167888319e-04
2.000000000000000111e-01 3.942741107887709404e+02 8.783665096439568641e-05
2.000000000000000111e-01 4.062347555364260074e+02 7.462802192156406931e-05
2.000000000000000111e-01 4.181954002840810176e+02 6.293245323647629033e-05
2.000000000000000111e-01 4.301560450317360278e+02 5.245348796885075876e-05
2.000000000000000111e-01 4.421166897793910948e+02 4.332754708794267062e-05
2.000000000000000111e-01 4.540773345270461050e+02 3.490513517532630079e-05
2.000000000000000111e-01 4.660379792747011152e+02 2.800092586432587356e-05
2.000000000000000111e-01 4.779986240223561254e+02 2.204439720950078933e-05
2.000000000000000111e-01 4.899592687700111355e+02 1.682782293961910861e-05
2.000000000000000111e-01 5.019199135176662026e+02 1.228190837706664401e-05
2.000000000000000111e-01 5.138805582653212696e+02 8.520403315868439208e-06
2.000000000000000111e-01 5.258412030129762798e+02 5.343269432382282293e-06
2.000000000000000111e-01 5.378018477606312899e+02 2.749276696296961113e-06
2.000000000000000111e-01 5.497624925082863001e+02 5.621595963213481697e-07
2.000000000000000111e-01 5.553156489982690118e+02 0.000000000000000000e+00
3.000000000000000444e-01 1.000000000000000000e+00 6.946577442157313154e-03
3.000000000000000444e-01 1.304902520313490744e+00 5.208979834234894572e-03
3.000000000000000444e-01 1.702770587520500367e+00 3.736143254558765923e-03
3.000000000000000444e-01 2.221949631171184603e+00 2.649733100963440335e-03
3.000000000000000444e-01 2.899427673724909837e+00 1.882427442510075126e-03
3.000000000000000444e-01 3.783470478910317070e+00 1.343678025372558064e-03
3.000000000000000444e-01 4.937060163461762130e+00 9.640532590495821128e-04
3.000000000000000444e-01 6.442382250240588526e+00 6.979405171435925726e-04
3.000000000000000444e-01 8.406680835161841614e+00 5.071342197221349228e-04
3.000000000000000444e-01 1.096989900927381179e+01 3.736857529060517514e-04
3.000000000000000444e-01 1.431464886478586251e+01 2.773205126220960924e-04
3.000000000000000444e-01 1.867922138106172270e+01 2.114301142078540030e-04
3.000000000000000444e-01 2.437456305764108322e+01 1.649780514436645731e-04
3.000000000000000444e-01 3.180642876545595854e+01 1.359360358987088315e-04
3.000000000000000444e-01 4.150428905821498660e+01 1.208953405940687366e-04
3.000000000000000444e-01 5.415905139588437578e+01 1.234227654338464989e-04
3.000000000000000444e-01 7.067228266427740380e+01 1.545833104977982562e-04
3.000000000000000444e-01 9.222043976492301454e+01 2.503882122730087295e-04
3.000000000000000444e-01 9.421815143995006281e+01 2.628952385973947945e-04
3.000000000000000444e-01 1.077469116467121211e+02 3.528710022637916830e-04
3.000000000000000444e-01 1.203386842736665585e+02 4.302890623239255747e-04
3.000000000000000444e-01 1.212756718534741935e+02 4.352678172072392483e-04
3.000000000000000444e-01 1.348044320602362518e+02 4.898740275130940769e-04
3.000000000000000444e-01 1.483331922669983101e+02 5.272368064426840532e-04
3.000000000000000444e-01 1.570302523999168613e+02 5.485804759136837967e-04
3.000000000000000444e-01 1.618619524737603683e+02 5.597697760594351393e-04
3.000000000000000444e-01 1.753907126805224266e+02 5.904541174613473116e-04
3.000000000000000444e-01 1.889194728872844848e+02 6.102998390739417488e-04
3.000000000000000444e-01 2.024482330940465431e+02 6.198778854017007560e-04
3.000000000000000444e-01 2.159769933008086014e+02 6.176204556073877942e-04
3.000000000000000444e-01 2.295057535075706596e+02 6.074497220867726768e-04
3.000000000000000444e-01 2.430345137143327179e+02 5.905811114687893474e-04
3.000000000000000444e-01 2.565632739210948330e+02 5.697565402747546606e-04
3.000000000000000444e-01 2.700920341278568912e+02 5.434182767240269872e-04
3.000000000000000444e-01 2.836207943346189495e+02 5.130310243794425308e-04
3.000000000000000444e-01 2.971495545413810078e+02 4.786849949747420821e-04
3.000000000000000444e-01 3.106783147481430660e+02 4.428673594794519026e-04
3.000000000000000444e-01 3.242070749549051243e+02 4.063127275930461784e-04
3.000000000000000444e-01 3.377358351616671825e+02 3.701603206820560168e-04
3.000000000000000444e-01 3.512645953684292408e+02 3.344808233858198219e-04
3.000000000000000444e-01 3.647933555751912991e+02 2.998476992890375414e-04
3.000000000000000444e-01 3.783221157819533573e+02 2.673547256782337874e-04
3.000000000000000444e-01 3.918508759887154156e+02 2.357042311736334231e-04
3.000000000000000444e-01 4.053796361954774738e+02 2.058981473912158090e-04
3.000000000000000444e-01 4.189083964022395890e+02 1.788044268671904575e-04
3.000000000000000444e-01 4.324371566090016472e+02 1.547308757245576254e-04
3.000000000000000444e-01 4.459659168157637055e+02 1.306103958000238573e-04
3.000000000000000444e-01 4.594946770225257637e+02 1.099492329132830483e-04
3.000000000000000444e-01 4.730234372292878220e+02 9.239198916337782461e-05
3.000000000000000444e-01 4.865521974360498803e+02 7.621573436878480525e-05
3.000000000000000444e-01 5.000809576428119385e+02 6.210461220852858265e-05
3.000000000000000444e-01 5.136097178495739399e+02 4.985442085405814667e-05
3.000000000000000444e-01 5.271384780563359982e+02 3.930820680382942251e-05
3.000000000000000444e-01 5.406672382630980564e+02 3.028488899070124038e-05
3.000000000000000444e-01 5.541959984698601147e+02 2.278340009510025426e-05
3.000000000000000444e-01 5.677247586766221730e+02 1.629993833989612428e-05
3.000000000000000444e-01 5.812535188833842312e+02 1.120526276164061357e-05
3.000000000000000444e-01 5.947822790901462895e+02 6.871366619714869666e-06
3.000000000000000444e-01 6.083110392969083478e+02 3.504868737734287027e-06
3.000000000000000444e-01 6.218397995036704060e+02 7.185020356124727475e-07
3.000000000000000444e-01 6.281210095996671043e+02 0.000000000000000000e+00
4.000000000000000222e-01 1.000000000000000000e+00 8.173939488923214272e-03
4.000000000000000222e-01 1.310932387780185060e+00 6.079281085652067651e-03
4.000000000000000222e-01 1.718543725331057370e+00 4.344730346054857285e-03
4.000000000000000222e-01 2.252894629352897304e+00 3.076094118231400502e-03
4.000000000000000222e-01 2.953392535874748592e+00 2.182315825004566608e-03
4.000000000000000222e-01 3.871697929106459046e+00 1.555573668294960802e-03
4.000000000000000222e-01 5.075534210967128423e+00 1.115096961084246358e-03
4.000000000000000222e-01 6.653682182443154680e+00 8.070219605605999163e-04
4.000000000000000222e-01 8.722527470960677931e+00 5.855329750068149130e-04
4.000000000000000222e-01 1.143464376498473634e+01 4.320492584299331570e-04
4.000000000000000222e-01 1.499004485424724464e+01 3.203139643946515606e-04
4.000000000000000222e-01 1.965093529371041470e+01 2.452716667369668826e-04
4.000000000000000222e-01 2.576104752669770548e+01 1.925782458658766201e-04
4.000000000000000222e-01 3.377099154589265595e+01 1.613138808767111514e-04
4.000000000000000222e-01 4.427148658496150091e+01 1.473370105879428377e-04
4.000000000000000222e-01 5.803692561940200534e+01 1.582864274270596430e-04
4.000000000000000222e-01 7.608248548166366731e+01 2.158011154057509577e-04
4.000000000000000222e-01 9.973899436072861135e+01 3.818420736892063965e-04
4.000000000000000222e-01 1.028434937576759438e+02 4.076376988284109108e-04
4.000000000000000222e-01 1.176107646562140303e+02 5.381943711369287838e-04
4.000000000000000222e-01 1.307510780321042887e+02 6.307397184132562456e-04
4.000000000000000222e-01 1.323780355547521026e+02 6.392365826362784737e-04
4.000000000000000222e-01 1.471453064532902033e+02 7.133274739046667392e-04
4.000000000000000222e-01 1.619125773518282756e+02 7.809140374069900060e-04
4.000000000000000222e-01 1.714058229294598732e+02 8.260994108660596599e-04
4.000000000000000222e-01 1.766798482503663763e+02 8.492290769111524246e-04
4.000000000000000222e-01 1.914471191489044486e+02 9.045603942762434893e-04
4.000000000000000222e-01 2.062143900474425209e+02 9.404700905988497110e-04
4.000000000000000222e-01 2.209816609459806216e+02 9.589392836630543241e-04
4.000000000000000222e-01 2.357489318445187223e+02 9.643484342920307945e-04
4.000000000000000222e-01 2.505162027430567946e+02 9.594787089615818693e-04
4.000000000000000222e-01 2.652834736415948669e+02 9.424542680096554973e-04
4.000000000000000222e-01 2.800507445401329392e+02 9.151009532497935165e-04
4.000000000000000222e-01 2.948180154386710683e+02 8.784874897641794687e-04
4.000000000000000222e-01 3.095852863372091406e+02 8.375664629695377984e-04
4.000000000000000222e-01 3.243525572357472129e+02 7.844372991493731581e-04
4.000000000000000222e-01 3.391198281342852852e+02 7.308457397779438052e-04
4.000000000000000222e-01 3.538870990328233574e+02 6.744834524287837002e-04
4.000000000000000222e-01 3.686543699313614866e+02 6.168137934264625701e-04
4.000000000000000222e-01 3.834216408298995589e+02 5.584632794832433342e-04
4.000000000000000222e-01 3.981889117284376312e+02 5.014553103870030351e-04
4.000000000000000222e-01 4.129561826269757603e+02 4.457206182682652874e-04
4.000000000000000222e-01 4.277234535255138326e+02 3.919502009101647117e-04
4.000000000000000222e-01 4.424907244240519049e+02 3.421290649740843710e-04
4.000000000000000222e-01 4.572579953225899771e+02 2.982711968444779643e-04
4.000000000000000222e-01 4.720252662211280494e+02 2.523924364530559256e-04
4.000000000000000222e-01 4.867925371196661786e+02 2.133110947553290625e-04
4.000000000000000222e-01 5.015598080182042509e+02 1.783222810577098929e-04
4.000000000000000222e-01 5.163270789167422663e+02 1.472472567950699172e-04
4.000000000000000222e-01 5.310943498152803386e+02 1.196984307071955812e-04
4.000000000000000222e-01 5.458616207138185246e+02 9.661542212118194443e-05
4.000000000000000222e-01 5.606288916123565969e+02 7.644089036014446487e-05
4.000000000000000222e-01 5.753961625108946691e+02 5.969633783312743865e-05
4.000000000000000222e-01 5.901634334094327414e+02 4.545679829120281498e-05
4.000000000000000222e-01 6.049307043079708137e+02 3.387235688624309589e-05
4.000000000000000222e-01 6.196979752065088860e+02 2.385279121429166672e-05
4.000000000000000222e-01 6.344652461050469583e+02 1.603867066457203243e-05
4.000000000000000222e-01 6.492325170035850306e+02 9.952582751277127171e-06
4.000000000000000222e-01 6.639997879021231029e+02 4.981650798945584085e-06
4.000000000000000222e-01 6.787670588006611752e+02 1.113255429506719031e-06
4.000000000000000222e-01 6.856232917178396065e+02 0.000000000000000000e+00
5.000000000000000000e-01 1.000000000000000000e+00 8.920578452906516298e-03
5.000000000000000000e-01 1.314493316230873399e+00 6.664977920976823331e-03
5.000000000000000000e-01 1.727892678415638983e+00 4.784040093105759034e-03
5.000000000000000000e-01 2.271303376941619323e+00 3.398750222558522688e-03
5.000000000000000000e-01 2.985613108122370907e+00 2.417304874767039514e-03
5.000000000000000000e-01 3.924568475478140250e+00 1.727042779136838844e-03
5.000000000000000000e-01 5.158819030106404746e+00 1.239941079127488245e-03
5.000000000000000000e-01 6.781233134719504285e+00 8.993748026942194546e-04
5.000000000000000000e-01 8.913885631392123088e+00 6.530297807725694934e-04
5.000000000000000000e-01 1.171724308411136306e+01 4.829729158815729176e-04
5.000000000000000000e-01 1.540223771871681535e+01 3.587909167133448269e-04
5.000000000000000000e-01 2.024613853625231030e+01 2.756746506518729326e-04
5.000000000000000000e-01 2.661341378538798352e+01 2.182069322729095098e-04
5.000000000000000000e-01 3.498315454297909355e+01 1.844439656157225631e-04
5.000000000000000000e-01 4.598512282741771884e+01 1.718591254032692396e-04
5.000000000000000000e-01 6.044713660269636080e+01 1.917857247153251124e-04
5.000000000000000000e-01 7.945735704953895606e+01 2.757726249069541741e-04
5.000000000000000000e-01 1.044461647669890425e+02 5.127495958566532499e-04
5.000000000000000000e-01 1.082830580336843695e+02 5.568595255073394016e-04
5.000000000000000000e-01 1.238313945718544318e+02 7.239557725777734333e-04
5.000000000000000000e-01 1.372937854921555925e+02 8.373053562616888717e-04
5.000000000000000000e-01 1.393797311100244940e+02 8.524635998802450060e-04
5.000000000000000000e-01 1.549280676481945704e+02 9.648779379268887686e-04
5.000000000000000000e-01 1.704764041863646185e+02 1.082544278920789197e-03
5.000000000000000000e-01 1.804717633894738640e+02 1.155844738214657427e-03
5.000000000000000000e-01 1.860247407245346949e+02 1.194411948186682422e-03
5.000000000000000000e-01 2.015730772627047713e+02 1.284595748492260063e-03
5.000000000000000000e-01 2.171214138008748193e+02 1.350409098019207232e-03
5.000000000000000000e-01 2.326697503390448674e+02 1.394701279185562182e-03
5.000000000000000000e-01 2.482180868772149438e+02 1.423803094443989482e-03
5.000000000000000000e-01 2.637664234153850202e+02 1.433657449671588667e-03
5.000000000000000000e-01 2.793147599535550398e+02 1.424184234631543792e-03
5.000000000000000000e-01 2.948630964917251731e+02 1.396204310969680843e-03
5.000000000000000000e-01 3.104114330298951927e+02 1.353191545615586681e-03
5.000000000000000000e-01 3.259597695680652691e+02 1.297554223920562673e-03
5.000000000000000000e-01 3.415081061062353456e+02 1.230777410879397519e-03
5.000000000000000000e-01 3.570564426444053652e+02 1.154983288191551837e-03
5.000000000000000000e-01 3.726047791825754416e+02 1.071740342828833093e-03
5.000000000000000000e-01 3.881531157207455180e+02 9.825915854482657110e-04
5.000000000000000000e-01 4.037014522589155945e+02 8.936409146528492440e-04
5.000000000000000000e-01 4.192497887970856709e+02 8.035138158286404863e-04
5.000000000000000000e-01 4.347981253352556905e+02 7.140384047650138880e-04
5.000000000000000000e-01 4.503464618734257670e+02 6.271241997250063442e-04
5.000000000000000000e-01 4.658947984115958434e+02 5.481023405143133249e-04
5.000000000000000000e-01 4.814431349497659198e+02 4.712597553683527964e-04
5.000000000000000000e-01 4.969914714879359963e+02 4.019063191549925788e-04
5.000000000000000000e-01 5.125398080261060159e+02 3.383374163856261432e-04
5.000000000000000000e-01 5.280881445642760355e+02 2.813364882529515018e-04
5.000000000000000000e-01 5.436364811024461687e+02 2.307982477342384730e-04
5.000000000000000000e-01 5.591848176406163020e+02 1.871057461899529447e-04
5.000000000000000000e-01 5.747331541787862079e+02 1.507622821221916336e-04
5.000000000000000000e-01 5.902814907169563412e+02 1.177979460545977228e-04
5.000000000000000000e-01 6.058298272551264745e+02 9.152944465612360505e-05
5.000000000000000000e-01 6.213781637932964941e+02 6.960632923382214132e-05
5.000000000000000000e-01 6.369265003314665137e+02 5.096778762436075994e-05
5.000000000000000000e-01 6.524748368696366470e+02 3.619858806455128637e-05
5.000000000000000000e-01 6.680231734078066665e+02 2.465743264633974541e-05
5.000000000000000000e-01 6.835715099459766861e+02 1.510378544420477387e-05
5.000000000000000000e-01 6.991198464841468194e+02 7.629832807612962474e-06
5.000000000000000000e-01 7.146681830223168390e+02 1.842415869407663617e-06
5.000000000000000000e-01 7.218870535578957970e+02 0.000000000000000000e+00
6.000000000000000888e-01 1.000000000000000000e+00 8.803576916047278419e-03
6.000000000000000888e-01 1.316076278898297369e+00 6.716184449550171437e-03
6.000000000000000888e-01 1.732056771878788926e+00 4.885358615106999425e-03
6.000000000000000888e-01 2.279518831174833782e+00 3.502430835833019503e-03
6.000000000000000888e-01 3.000020661011171264e+00 2.508400528252587545e-03
6.000000000000000888e-01 3.948256028161592379e+00 1.801393182185901873e-03
6.000000000000000888e-01 5.196206101680679978e+00 1.299236857753147427e-03
6.000000000000000888e-01 6.838603590688536293e+00 9.459553519583056586e-04
6.000000000000000888e-01 9.000123966493903893e+00 6.892014374130005314e-04
6.000000000000000888e-01 1.184484965944668211e+01 5.114713777166167690e-04
6.000000000000000888e-01 1.558872566391435122e+01 3.814376391586912383e-04
6.000000000000000888e-01 2.051595206453078646e+01 2.943046812715759434e-04
6.000000000000000888e-01 2.700055785114352958e+01 2.334754486705207632e-04
6.000000000000000888e-01 3.553479370491118061e+01 1.994641451645001306e-04
6.000000000000000888e-01 4.676649907057813493e+01 1.884306474897740470e-04
6.000000000000000888e-01 6.154828007390717914e+01 2.137200566687740097e-04
6.000000000000000888e-01 8.100223141225797008e+01 3.172521749092113729e-04
6.000000000000000888e-01 1.066051152995032680e+02 6.078981124011201493e-04
6.000000000000000888e-01 1.107876671228542165e+02 6.634184856472542195e-04
6.000000000000000888e-01 1.266956398379307132e+02 8.639732330609378209e-04
6.000000000000000888e-01 1.403004634548941851e+02 1.004107582154995610e-03
6.000000000000000888e-01 1.426036125530072241e+02 1.024925959625987712e-03
6.000000000000000888e-01 1.585115852680837065e+02 1.179166877620715839e-03
6.000000000000000888e-01 1.744195579831602174e+02 1.343949920078102130e-03
6.000000000000000888e-01 1.846461118714236704e+02 1.449185643232933033e-03
6.000000000000000888e-01 1.903275306982367283e+02 1.504791039589961632e-03
6.000000000000000888e-01 2.062355034133132108e+02 1.639119104748639529e-03
6.000000000000000888e-01 2.221434761283897501e+02 1.743027861346446716e-03
6.000000000000000888e-01 2.380514488434662326e+02 1.824972428929391146e-03
6.000000000000000888e-01 2.539594215585427150e+02 1.885140439035817676e-03
6.000000000000000888e-01 2.698673942736192544e+02 1.921230064384145918e-03
6.000000000000000888e-01 2.857753669886957368e+02 1.926201510558485461e-03
6.000000000000000888e-01 3.016833397037722193e+02 1.911792860029479972e-03
6.000000000000000888e-01 3.175913124188487586e+02 1.866535432572179794e-03
6.000000000000000888e-01 3.334992851339252411e+02 1.804293556334174908e-03
6.000000000000000888e-01 3.494072578490017236e+02 1.723375053490413568e-03
6.000000000000000888e-01 3.653152305640782629e+02 1.626385831684942426e-03
6.000000000000000888e-01 3.812232032791547454e+02 1.518113554045613179e-03
6.000000000000000888e-01 3.971311759942312278e+02 1.402172112621289171e-03
6.000000000000000888e-01 4.130391487093077671e+02 1.278741102588912965e-03
6.000000000000000888e-01 4.289471214243842496e+02 1.148696050937245139e-03
6.000000000000000888e-01 4.448550941394607321e+02 1.023453538387324863e-03
6.000000000000000888e-01 4.607630668545372714e+02 9.036995778107547502e-04
6.000000000000000888e-01 4.766710395696137539e+02 7.946046383379441053e-04
6.000000000000000888e-01 4.925790122846902364e+02 6.827658638584552546e-04
6.000000000000000888e-01 5.084869849997667757e+02 5.802192953318814368e-04
6.000000000000000888e-01 5.243949577148432581e+02 4.875057987646470381e-04
6.000000000000000888e-01 5.403029304299197975e+02 4.068195593899066246e-04
6.000000000000000888e-01 5.562109031449963368e+02 3.336097411227906435e-04
6.000000000000000888e-01 5.721188758600727624e+02 2.702763447113206981e-04
6.000000000000000888e-01 5.880268485751493017e+02 2.159583554539762926e-04
6.000000000000000888e-01 6.039348212902258410e+02 1.695689873144409917e-04
6.000000000000000888e-01 6.198427940053022667e+02 1.303730528495474178e-04
6.000000000000000888e-01 6.357507667203788060e+02 9.926764120521160411e-05
6.000000000000000888e-01 6.516587394354553453e+02 7.315559159029491306e-05
6.000000000000000888e-01 6.675667121505318846e+02 5.280645173762120947e-05
6.000000000000000888e-01 6.834746848656083102e+02 3.544876671456309851e-05
6.000000000000000888e-01 6.993826575806848496e+02 2.208305608141308165e-05
6.000000000000000888e-01 7.152906302957613889e+02 1.140327625997257944e-05
6.000000000000000888e-01 7.311986030108378145e+02 2.972946486955512683e-06
6.000000000000000888e-01 7.385844474856947954e+02 0.000000000000000000e+00
7.000000000000000666e-01 1.000000000000000000e+00 8.078058526106829049e-03
7.000000000000000666e-01 1.316583902462223676e+00 6.366758125371053088e-03
7.000000000000000666e-01 1.733393172222658096e+00 4.721169135682126011e-03
7.000000000000000666e-01 2.282157547186280944e+00 3.427209416694439875e-03
7.000000000000000666e-01 3.004651889508129781e+00 2.476699142910443203e-03
7.000000000000000666e-01 3.955876310229107684e+00 1.791518771180527396e-03
7.000000000000000666e-01 5.208243070179301881e+00 1.299326928860806583e-03
7.000000000000000666e-01 6.857088986308497169e+00 9.507782452147279682e-04
7.000000000000000666e-01 9.027932977124775604e+00 6.955631409945817406e-04
7.000000000000000666e-01 1.188603123019033525e+01 5.180879521123634259e-04
7.000000000000000666e-01 1.564895738183185969e+01 3.877098873224414590e-04
7.000000000000000666e-01 2.060316537923721469e+01 3.002253802539636717e-04
7.000000000000000666e-01 2.712579587807071491e+01 2.393470592249802775e-04
7.000000000000000666e-01 3.571338619454405006e+01 2.055236797764976148e-04
7.000000000000000666e-01 4.701966936615328763e+01 1.948606227723771126e-04
7.000000000000000666e-01 6.190533978657357750e+01 2.235059540905696604e-04
7.000000000000000666e-01 8.150357383945700462e+01 3.366239750336376835e-04
7.000000000000000666e-01 1.073062933101703180e+02 6.557859753174888643e-04
7.000000000000000666e-01 1.116023976962226811e+02 7.198079117068525252e-04
7.000000000000000666e-01 1.276273573654238902e+02 9.443373018468953061e-04
7.000000000000000666e-01 1.412777384050600062e+02 1.106994435163122367e-03
7.000000000000000666e-01 1.436523170346250993e+02 1.131158540092379620e-03
7.000000000000000666e-01 1.596772767038262941e+02 1.320423292928722984e-03
7.000000000000000666e-01 1.757022363730275174e+02 1.524886247429988644e-03
7.000000000000000666e-01 1.860039961603711731e+02 1.654293363967078304e-03
7.000000000000000666e-01 1.917271960422287123e+02 1.723161887122558536e-03
7.000000000000000666e-01 2.077521557114299071e+02 1.893165078695516939e-03
7.000000000000000666e-01 2.237771153806311304e+02 2.034456878617383734e-03
7.000000000000000666e-01 2.398020750498323252e+02 2.152257275132673890e-03
7.000000000000000666e-01 2.558270347190335201e+02 2.242814993804163621e-03
7.000000000000000666e-01 2.718519943882347434e+02 2.301306937972778365e-03
7.000000000000000666e-01 2.878769540574359098e+02 2.325574794743723913e-03
7.000000000000000666e-01 3.039019137266371331e+02 2.312079894007164609e-03
7.000000000000000666e-01 3.199268733958383564e+02 2.283649442566853833e-03
7.000000000000000666e-01 3.359518330650395228e+02 2.220019240319734757e-03
7.000000000000000666e-01 3.519767927342408029e+02 2.131601522606498770e-03
7.000000000000000666e-01 3.680017524034419694e+02 2.021351026004302234e-03
7.000000000000000666e-01 3.840267120726431926e+02 1.894034027389661454e-03
7.000000000000000666e-01 4.000516717418443591e+02 1.755423645335839550e-03
7.000000000000000666e-01 4.160766314110455824e+02 1.606463998921042269e-03
7.000000000000000666e-01 4.321015910802468056e+02 1.459048351118434573e-03
7.000000000000000666e-01 4.481265507494479721e+02 1.307313883672796880e-03
7.000000000000000666e-01 4.641515104186491953e+02 1.147513608696937434e-03
7.000000000000000666e-01 4.801764700878504186e+02 9.990683327754810907e-04
7.000000000000000666e-01 4.962014297570515851e+02 8.650887914986504432e-04
7.000000000000000666e-01 5.122263894262528083e+02 7.377816577877954404e-04
7.000000000000000666e-01 5.282513490954540885e+02 6.214432145177471592e-04
7.000000000000000666e-01 5.442763087646552549e+02 5.167987277360849971e-04
7.000000000000000666e-01 5.603012684338564213e+02 4.239161088540486437e-04
7.000000000000000666e-01 5.763262281030577014e+02 3.423979830519949859e-04
7.000000000000000666e-01 5.923511877722588679e+02 2.744906170671101465e-04
7.000000000000000666e-01 6.083761474414600343e+02 2.162642381983852257e-04
7.000000000000000666e-01 6.244011071106613144e+02 1.663330566606209461e-04
7.000000000000000666e-01 6.404260667798623672e+02 1.264533824330519186e-04
7.000000000000000666e-01 6.564510264490636473e+02 9.341875484143396624e-05
7.000000000000000666e-01 6.724759861182649274e+02 6.668801897102065944e-05
7.000000000000000666e-01 6.885009457874659802e+02 4.516555474075825856e-05
7.000000000000000666e-01 7.045259054566672603e+02 2.809948259361460279e-05
7.000000000000000666e-01 7.205508651258685404e+02 1.464973598651887247e-05
7.000000000000000666e-01 7.365758247950697069e+02 4.042493345628907293e-06
7.000000000000000666e-01 7.440159846414845788e+02 0.000000000000000000e+00
8.000000000000000444e-01 1.000000000000000000e+00 7.289196732627989915e-03
8.000000000000000444e-01 1.316812035483987398e+00 5.945032881685118412e-03
8.000000000000000444e-01 1.733993936795482194e+00 4.490527051036249245e-03
8.000000000000000444e-01 2.283344085428551384e+00 3.298320494935675327e-03
8.000000000000000444e-01 3.006734972843494447e+00 2.403007612653297858e-03
8.000000000000000444e-01 3.959304799750933412e+00 1.749290043461100737e-03
8.000000000000000444e-01 5.213660212461547871e+00 1.275209911090043492e-03
8.000000000000000444e-01 6.865410516693369658e+00 9.369563963291241068e-04
8.000000000000000444e-01 9.040455196920168746e+00 6.877355486005561243e-04
8.000000000000000444e-01 1.190458020955823848e+01 5.139339258157857434e-04
8.000000000000000444e-01 1.567609449733077831e+01 3.860718143507387901e-04
8.000000000000000444e-01 2.064246990346947541e+01 2.995383167752357803e-04
8.000000000000000444e-01 2.718225281100459156e+01 2.395477380091823056e-04
8.000000000000000444e-01 3.579391765309929951e+01 2.061583652639851149e-04
8.000000000000000444e-01 4.713386156272391503e+01 1.965385870948835941e-04
8.000000000000000444e-01 6.206643618463095891e+01 2.264127081137118998e-04
8.000000000000000444e-01 8.172983016752090180e+01 3.445557453003365530e-04
8.000000000000000444e-01 1.076228240226538020e+02 6.786753094782233247e-04
8.000000000000000444e-01 1.119703945896533668e+02 7.467014698302956591e-04
8.000000000000000444e-01 1.280481948384241093e+02 9.867047774285522301e-04
8.000000000000000444e-01 1.417190299658056745e+02 1.162911434057588463e-03
8.000000000000000444e-01 1.441259950871948377e+02 1.191555174387915958e-03
8.000000000000000444e-01 1.602037953359655944e+02 1.401695102293422108e-03
8.000000000000000444e-01 1.762815955847363227e+02 1.631234120021842144e-03
8.000000000000000444e-01 1.866173243160888546e+02 1.777521393581863287e-03
8.000000000000000444e-01 1.923593958335070511e+02 1.853908599472362190e-03
8.000000000000000444e-01 2.084371960822778078e+02 2.049715206179962990e-03
8.000000000000000444e-01 2.245149963310485361e+02 2.216229025687504756e-03
8.000000000000000444e-01 2.405927965798192645e+02 2.355352982606033659e-03
8.000000000000000444e-01 2.566705968285900212e+02 2.467493980384730719e-03
8.000000000000000444e-01 2.727483970773607780e+02 2.541366534402409675e-03
8.000000000000000444e-01 2.888261973261314779e+02 2.577694424158020504e-03
8.000000000000000444e-01 3.049039975749022346e+02 2.576478456802993103e-03
8.000000000000000444e-01 3.209817978236729914e+02 2.547286035599760721e-03
8.000000000000000444e-01 3.370595980724436913e+02 2.484482940984982739e-03
8.000000000000000444e-01 3.531373983212144481e+02 2.389601108208234785e-03
8.000000000000000444e-01 3.692151985699852048e+02 2.274844343561934802e-03
8.000000000000000444e-01 3.852929988187559616e+02 2.130365978622963865e-03
8.000000000000000444e-01 4.013707990675266615e+02 1.975261241648778535e-03
8.000000000000000444e-01 4.174485993162974182e+02 1.809971248218519152e-03
8.000000000000000444e-01 4.335263995650681750e+02 1.637891752889420122e-03
8.000000000000000444e-01 4.496041998138388749e+02 1.465040911145623929e-03
8.000000000000000444e-01 4.656820000626096316e+02 1.295638833085645172e-03
8.000000000000000444e-01 4.817598003113803884e+02 1.130316944515674139e-03
8.000000000000000444e-01 4.978376005601510883e+02 9.752706514510635361e-04
8.000000000000000444e-01 5.139154008089218451e+02 8.308870443361023777e-04
8.000000000000000444e-01 5.299932010576925450e+02 6.986726744255284532e-04
8.000000000000000444e-01 5.460710013064633586e+02 5.807988637888773309e-04
8.000000000000000444e-01 5.621488015552340585e+02 4.763616473464887661e-04
8.000000000000000444e-01 5.782266018040047584e+02 3.853457539357299727e-04
8.000000000000000444e-01 5.943044020527755720e+02 3.072943125307969802e-04
8.000000000000000444e-01 6.103822023015462719e+02 2.408795280142444920e-04
8.000000000000000444e-01 6.264600025503169718e+02 1.856721043398381276e-04
8.000000000000000444e-01 6.425378027990876717e+02 1.398705124764825837e-04
8.000000000000000444e-01 6.586156030478584853e+02 1.027612651311555835e-04
8.000000000000000444e-01 6.746934032966291852e+02 7.274547303089641732e-05
8.000000000000000444e-01 6.907712035453998851e+02 4.887240837253078741e-05
8.000000000000000444e-01 7.068490037941706987e+02 3.007474595436538615e-05
8.000000000000000444e-01 7.229268040429413986e+02 1.550521439749769521e-05
8.000000000000000444e-01 7.390046042917122122e+02 4.328379264974469995e-06
8.000000000000000444e-01 7.464692972643557596e+02 0.000000000000000000e+00
9.000000000000000222e-01 1.000000000000000000e+00 6.767932823788750697e-03
9.000000000000000222e-01 1.316907060195873447e+00 5.658643645631044813e-03
9.000000000000000222e-01 1.734244205193737676e+00 4.329430757770091030e-03
9.000000000000000222e-01 2.283838437923414233e+00 3.204714124793159313e-03
9.000000000000000222e-01 3.007602963248059424e+00 2.347369704206990221e-03
9.000000000000000222e-01 3.960733576567398995e+00 1.715444777380031654e-03
9.000000000000000222e-01 5.215918010536460869e+00 1.254373625287382886e-03
9.000000000000000222e-01 6.868879253478278990e+00 9.242150371921264811e-04
9.000000000000000222e-01 9.045675584538507508e+00 6.800902281051803087e-04
9.000000000000000222e-01 1.191231404152019380e+01 5.093045160272774690e-04
9.000000000000000222e-01 1.568741046454837829e+01 3.831416127091526571e-04
9.000000000000000222e-01 2.065886159695439162e+01 2.977188979956756337e-04
9.000000000000000222e-01 2.720580069263862910e+01 2.387587875203819345e-04
9.000000000000000222e-01 3.582751101041760222e+01 2.058535751437039121e-04
9.000000000000000222e-01 4.718150219886432239e+01 1.964225283537926264e-04
9.000000000000000222e-01 6.213365335633157116e+01 2.272433319389264791e-04
9.000000000000000222e-01 8.182424678071605229e+01 3.471503897070828018e-04
9.000000000000000222e-01 1.077549282807344753e+02 6.886438973589751721e-04
9.000000000000000222e-01 1.121240159711583289e+02 7.591020284538650209e-04
9.000000000000000222e-01 1.282238746747092648e+02 1.006978139074520516e-03
9.000000000000000222e-01 1.419032258237991755e+02 1.190505785061861778e-03
9.000000000000000222e-01 1.443237333782602150e+02 1.220061489359863761e-03
9.000000000000000222e-01 1.604235920818111367e+02 1.441765898581438875e-03
9.000000000000000222e-01 1.765234507853620869e+02 1.684458454115054810e-03
9.000000000000000222e-01 1.868733599519304960e+02 1.839086017673863217e-03
9.000000000000000222e-01 1.926233094889130371e+02 1.921153350151646923e-03
9.000000000000000222e-01 2.087231681924639588e+02 2.129420821754876743e-03
9.000000000000000222e-01 2.248230268960149090e+02 2.309180662442364505e-03
9.000000000000000222e-01 2.409228855995658591e+02 2.460197756455160135e-03
9.000000000000000222e-01 2.570227443031167809e+02 2.581528793250195599e-03
9.000000000000000222e-01 2.731226030066677026e+02 2.663878863643702292e-03
9.000000000000000222e-01 2.892224617102186812e+02 2.706945940476641107e-03
9.000000000000000222e-01 3.053223204137696030e+02 2.710251732867773738e-03
9.000000000000000222e-01 3.214221791173205247e+02 2.681658231474647568e-03
9.000000000000000222e-01 3.375220378208715033e+02 2.617298710920683107e-03
9.000000000000000222e-01 3.536218965244224250e+02 2.518481061492651614e-03
9.000000000000000222e-01 3.697217552279733468e+02 2.396733526931171289e-03
9.000000000000000222e-01 3.858216139315242685e+02 2.247449101992234858e-03
9.000000000000000222e-01 4.019214726350752471e+02 2.083734581185154970e-03
9.000000000000000222e-01 4.180213313386261689e+02 1.910038643592013204e-03
9.000000000000000222e-01 4.341211900421770906e+02 1.727704847045559823e-03
9.000000000000000222e-01 4.502210487457280692e+02 1.543610566365231354e-03
9.000000000000000222e-01 4.663209074492789910e+02 1.365008569260079633e-03
9.000000000000000222e-01 4.824207661528299127e+02 1.190293162018433862e-03
9.000000000000000222e-01 4.985206248563808913e+02 1.026399808547489700e-03
9.000000000000000222e-01 5.146204835599318130e+02 8.732070993330504419e-04
9.000000000000000222e-01 5.307203422634827348e+02 7.333260962562481626e-04
9.000000000000000222e-01 5.468202009670336565e+02 6.087695871108935375e-04
9.000000000000000222e-01 5.629200596705846920e+02 4.984443098658432846e-04
9.000000000000000222e-01 5.790199183741356137e+02 4.022359904563791583e-04
9.000000000000000222e-01 5.951197770776865354e+02 3.196635276590923422e-04
9.000000000000000222e-01 6.112196357812374572e+02 2.500997393759967261e-04
9.000000000000000222e-01 6.273194944847883789e+02 1.920254494747757773e-04
9.000000000000000222e-01 6.434193531883393007e+02 1.443016573910898604e-04
9.000000000000000222e-01 6.595192118918902224e+02 1.055382352340434172e-04
9.000000000000000222e-01 6.756190705954411442e+02 7.451363525880226374e-05
9.000000000000000222e-01 6.917189292989921796e+02 4.987793853714455054e-05
9.000000000000000222e-01 7.078187880025431014e+02 3.068972836601033130e-05
9.000000000000000222e-01 7.239186467060940231e+02 1.572285476765498155e-05
9.000000000000000222e-01 7.400185054096449448e+02 4.384499587658395742e-06
9.000000000000000222e-01 7.474934398077222113e+02 0.000000000000000000e+00
1.000000000000000000e+00 1.000000000000000000e+00 6.595863296583908027e-03
1.000000000000000000e+00 1.316934000634006008e+00 5.554424438117169793e-03
1.000000000000000000e+00 1.734315162025888313e+00 4.273144224865191992e-03
1.000000000000000000e+00 2.283978604686967451e+00 3.172204902543048627e-03
1.000000000000000000e+00 3.007849081232883304e+00 2.328071448949275025e-03
1.000000000000000000e+00 3.961138723851340693e+00 1.703823682686348567e-03
1.000000000000000000e+00 5.216558266667827404e+00 1.247372333935488700e-03
1.000000000000000000e+00 6.869862947663258446e+00 9.197130681505204458e-04
1.000000000000000000e+00 9.047156095473500415e+00 6.773412858166240899e-04
1.000000000000000000e+00 1.191450747117225006e+01 5.076262756465531713e-04
1.000000000000000000e+00 1.569061998959462834e+01 3.819099935873389155e-04
1.000000000000000000e+00 2.066351095532475668e+01 2.970684845426153366e-04
1.000000000000000000e+00 2.721248014954045047e+01 2.383608570977152445e-04
1.000000000000000000e+00 3.583704035050777037e+01 2.057634671815340472e-04
1.000000000000000000e+00 4.719501691967651169e+01 1.964990509350225472e-04
1.000000000000000000e+00 6.215272244201917573e+01 2.275609919636418664e-04
1.000000000000000000e+00 8.185103341586329861e+01 3.472466118144540274e-04
1.000000000000000000e+00 1.077924088923805499e+02 6.915040568760898957e-04
1.000000000000000000e+00 1.121676054560099516e+02 7.622244970318536482e-04
1.000000000000000000e+00 1.282737231625139316e+02 1.012596401466790523e-03
1.000000000000000000e+00 1.419554882806193632e+02 1.198530069492318969e-03
1.000000000000000000e+00 1.443798408690179258e+02 1.228769775991558986e-03
1.000000000000000000e+00 1.604859585755219200e+02 1.453460521803351130e-03
1.000000000000000000e+00 1.765920762820259142e+02 1.700231415412691840e-03
1.000000000000000000e+00 1.869460090933498577e+02 1.857403081372457259e-03
1.000000000000000000e+00 1.926981939885299084e+02 1.941270359455913317e-03
1.000000000000000000e+00 2.088043116950339027e+02 2.153672528028312185e-03
1.000000000000000000e+00 2.249104294015378969e+02 2.336673500625069660e-03
1.000000000000000000e+00 2.410165471080418911e+02 2.491915083998455255e-03
1.000000000000000000e+00 2.571226648145458853e+02 2.616060509721252966e-03
1.000000000000000000e+00 2.732287825210498795e+02 2.700311613405520332e-03
1.000000000000000000e+00 2.893349002275538737e+02 2.745647572476516210e-03
1.000000000000000000e+00 3.054410179340578679e+02 2.750377454434866070e-03
1.000000000000000000e+00 3.215471356405618621e+02 2.721103379502746392e-03
1.000000000000000000e+00 3.376532533470658564e+02 2.655277002186930482e-03
1.000000000000000000e+00 3.537593710535698506e+02 2.556101951659328891e-03
1.000000000000000000e+00 3.698654887600738448e+02 2.432895412513020293e-03
1.000000000000000000e+00 3.859716064665778390e+02 2.281744069902535629e-03
1.000000000000000000e+00 4.020777241730818332e+02 2.115712353050207186e-03
1.000000000000000000e+00 4.181838418795858274e+02 1.938127745702738700e-03
1.000000000000000000e+00 4.342899595860898216e+02 1.753025650615834498e-03
1.000000000000000000e+00 4.503960772925938159e+02 1.566771387220341517e-03
1.000000000000000000e+00 4.665021949990978101e+02 1.384546959706458788e-03
1.000000000000000000e+00 4.826083127056018043e+02 1.207175621254776791e-03
1.000000000000000000e+00 4.987144304121057985e+02 1.040722830829758075e-03
1.000000000000000000e+00 5.148205481186098496e+02 8.875765082839002671e-04
1.000000000000000000e+00 5.309266658251137869e+02 7.422603840720301592e-04
1.000000000000000000e+00 5.470327835316178380e+02 6.153840434650518316e-04
1.000000000000000000e+00 5.631389012381217754e+02 5.052700164229521288e-04
1.000000000000000000e+00 5.792450189446258264e+02 4.065568423736437955e-04
1.000000000000000000e+00 5.953511366511297638e+02 3.237931292407997654e-04
1.000000000000000000e+00 6.114572543576338148e+02 2.522633331530130642e-04
1.000000000000000000e+00 6.275633720641377522e+02 1.941153259296415868e-04
1.000000000000000000e+00 6.436694897706416896e+02 1.434866770062828906e-04
1.000000000000000000e+00 6.597756074771457406e+02 1.065819106068864597e-04
1.000000000000000000e+00 6.758817251836497917e+02 7.300762279412435112e-05
1.000000000000000000e+00 6.919878428901537291e+02 5.130644555109979183e-05
1.000000000000000000e+00 7.080939605966576664e+02 3.211384941260302816e-05
1.000000000000000000e+00 7.242000783031617175e+02 1.585443768705870637e-05
1.000000000000000000e+00 7.403061960096656549e+02 4.081685810945604935e-06
1.000000000000000000e+00 7.477840363733996583e+02 0.000000000000000000e+00
