# mx [GeV]: 100000.0
# sigma_p [cm^2]: 1e-28
# depth [m]: 10.6
# target: full
# Columns: gamma/pi, v [km/s], f(v, gamma) [s/km]
0.000000000000000000e+00 0.000000000000000000e+00 0.000000000000000000e+00
0.000000000000000000e+00 1.666666666666666644e-02 0.000000000000000000e+00
0.000000000000000000e+00 3.333333333333333287e-02 0.000000000000000000e+00
0.000000000000000000e+00 5.000000000000000278e-02 0.000000000000000000e+00
0.000000000000000000e+00 6.666666666666666574e-02 0.000000000000000000e+00
0.000000000000000000e+00 8.333333333333332871e-02 0.000000000000000000e+00
0.000000000000000000e+00 1.000000000000000056e-01 0.000000000000000000e+00
0.000000000000000000e+00 1.166666666666666685e-01 0.000000000000000000e+00
0.000000000000000000e+00 1.333333333333333315e-01 0.000000000000000000e+00
0.000000000000000000e+00 1.499999999999999944e-01 0.000000000000000000e+00
0.000000000000000000e+00 1.666666666666666574e-01 0.000000000000000000e+00
0.000000000000000000e+00 1.833333333333333204e-01 0.000000000000000000e+00
0.000000000000000000e+00 2.000000000000000111e-01 0.000000000000000000e+00
0.000000000000000000e+00 2.166666666666666741e-01 0.000000000000000000e+00
0.000000000000000000e+00 2.333333333333333370e-01 0.000000000000000000e+00
0.000000000000000000e+00 2.500000000000000000e-01 0.000000000000000000e+00
0.000000000000000000e+00 2.666666666666666630e-01 0.000000000000000000e+00
0.000000000000000000e+00 2.833333333333333259e-01 0.000000000000000000e+00
0.000000000000000000e+00 2.999999999999999889e-01 0.000000000000000000e+00
0.000000000000000000e+00 3.166666666666666519e-01 0.000000000000000000e+00
0.000000000000000000e+00 3.333333333333333148e-01 0.000000000000000000e+00
0.000000000000000000e+00 3.499999999999999778e-01 0.000000000000000000e+00
0.000000000000000000e+00 3.666666666666666408e-01 0.000000000000000000e+00
0.000000000000000000e+00 3.833333333333333037e-01 0.000000000000000000e+00
0.000000000000000000e+00 4.000000000000000222e-01 0.000000000000000000e+00
0.000000000000000000e+00 4.166666666666666852e-01 0.000000000000000000e+00
0.000000000000000000e+00 4.333333333333333481e-01 0.000000000000000000e+00
0.000000000000000000e+00 4.500000000000000111e-01 0.000000000000000000e+00
0.000000000000000000e+00 4.666666666666666741e-01 0.000000000000000000e+00
0.000000000000000000e+00 4.833333333333333370e-01 0.000000000000000000e+00
0.000000000000000000e+00 5.000000000000000000e-01 0.000000000000000000e+00
0.000000000000000000e+00 5.166666666666666075e-01 0.000000000000000000e+00
0.000000000000000000e+00 5.333333333333333259e-01 0.000000000000000000e+00
0.000000000000000000e+00 5.500000000000000444e-01 0.000000000000000000e+00
0.000000000000000000e+00 5.666666666666666519e-01 0.000000000000000000e+00
0.000000000000000000e+00 5.833333333333333703e-01 0.000000000000000000e+00
0.000000000000000000e+00 5.999999999999999778e-01 0.000000000000000000e+00
0.000000000000000000e+00 6.166666666666666963e-01 0.000000000000000000e+00
0.000000000000000000e+00 6.333333333333333037e-01 0.000000000000000000e+00
0.000000000000000000e+00 6.500000000000000222e-01 0.000000000000000000e+00
0.000000000000000000e+00 6.666666666666666297e-01 0.000000000000000000e+00
0.000000000000000000e+00 6.833333333333333481e-01 0.000000000000000000e+00
0.000000000000000000e+00 6.999999999999999556e-01 0.000000000000000000e+00
0.000000000000000000e+00 7.166666666666666741e-01 0.000000000000000000e+00
0.000000000000000000e+00 7.333333333333332815e-01 0.000000000000000000e+00
0.000000000000000000e+00 7.500000000000000000e-01 0.000000000000000000e+00
0.000000000000000000e+00 7.666666666666666075e-01 0.000000000000000000e+00
0.000000000000000000e+00 7.833333333333333259e-01 0.000000000000000000e+00
0.000000000000000000e+00 8.000000000000000444e-01 0.000000000000000000e+00
0.000000000000000000e+00 8.166666666666666519e-01 0.000000000000000000e+00
0.000000000000000000e+00 8.333333333333333703e-01 0.000000000000000000e+00
0.000000000000000000e+00 8.499999999999999778e-01 0.000000000000000000e+00
0.000000000000000000e+00 8.666666666666666963e-01 0.000000000000000000e+00
0.000000000000000000e+00 8.833333333333333037e-01 0.000000000000000000e+00
0.000000000000000000e+00 9.000000000000000222e-01 0.000000000000000000e+00
0.000000000000000000e+00 9.166666666666666297e-01 0.000000000000000000e+00
0.000000000000000000e+00 9.333333333333333481e-01 0.000000000000000000e+00
0.000000000000000000e+00 9.499999999999999556e-01 0.000000000000000000e+00
0.000000000000000000e+00 9.666666666666666741e-01 0.000000000000000000e+00
0.000000000000000000e+00 9.833333333333332815e-01 0.000000000000000000e+00
0.000000000000000000e+00 1.000000000000000000e+00 0.000000000000000000e+00
1.000000000000000056e-01 0.000000000000000000e+00 0.000000000000000000e+00
1.000000000000000056e-01 1.666666666666666644e-02 0.000000000000000000e+00
1.000000000000000056e-01 3.333333333333333287e-02 0.000000000000000000e+00
1.000000000000000056e-01 5.000000000000000278e-02 0.000000000000000000e+00
1.000000000000000056e-01 6.666666666666666574e-02 0.000000000000000000e+00
1.000000000000000056e-01 8.333333333333332871e-02 0.000000000000000000e+00
1.000000000000000056e-01 1.000000000000000056e-01 0.000000000000000000e+00
1.000000000000000056e-01 1.166666666666666685e-01 0.000000000000000000e+00
1.000000000000000056e-01 1.333333333333333315e-01 0.000000000000000000e+00
1.000000000000000056e-01 1.499999999999999944e-01 0.000000000000000000e+00
1.000000000000000056e-01 1.666666666666666574e-01 0.000000000000000000e+00
1.000000000000000056e-01 1.833333333333333204e-01 0.000000000000000000e+00
1.000000000000000056e-01 2.000000000000000111e-01 0.000000000000000000e+00
1.000000000000000056e-01 2.166666666666666741e-01 0.000000000000000000e+00
1.000000000000000056e-01 2.333333333333333370e-01 0.000000000000000000e+00
1.000000000000000056e-01 2.500000000000000000e-01 0.000000000000000000e+00
1.000000000000000056e-01 2.666666666666666630e-01 0.000000000000000000e+00
1.000000000000000056e-01 2.833333333333333259e-01 0.000000000000000000e+00
1.000000000000000056e-01 2.999999999999999889e-01 0.000000000000000000e+00
1.000000000000000056e-01 3.166666666666666519e-01 0.000000000000000000e+00
1.000000000000000056e-01 3.333333333333333148e-01 0.000000000000000000e+00
1.000000000000000056e-01 3.499999999999999778e-01 0.000000000000000000e+00
1.000000000000000056e-01 3.666666666666666408e-01 0.000000000000000000e+00
1.000000000000000056e-01 3.833333333333333037e-01 0.000000000000000000e+00
1.000000000000000056e-01 4.000000000000000222e-01 0.000000000000000000e+00
1.000000000000000056e-01 4.166666666666666852e-01 0.000000000000000000e+00
1.000000000000000056e-01 4.333333333333333481e-01 0.000000000000000000e+00
1.000000000000000056e-01 4.500000000000000111e-01 0.000000000000000000e+00
1.000000000000000056e-01 4.666666666666666741e-01 0.000000000000000000e+00
1.000000000000000056e-01 4.833333333333333370e-01 0.000000000000000000e+00
1.000000000000000056e-01 5.000000000000000000e-01 0.000000000000000000e+00
1.000000000000000056e-01 5.166666666666666075e-01 0.000000000000000000e+00
1.000000000000000056e-01 5.333333333333333259e-01 0.000000000000000000e+00
1.000000000000000056e-01 5.500000000000000444e-01 0.000000000000000000e+00
1.000000000000000056e-01 5.666666666666666519e-01 0.000000000000000000e+00
1.000000000000000056e-01 5.833333333333333703e-01 0.000000000000000000e+00
1.000000000000000056e-01 5.999999999999999778e-01 0.000000000000000000e+00
1.000000000000000056e-01 6.166666666666666963e-01 0.000000000000000000e+00
1.000000000000000056e-01 6.333333333333333037e-01 0.000000000000000000e+00
1.000000000000000056e-01 6.500000000000000222e-01 0.000000000000000000e+00
1.000000000000000056e-01 6.666666666666666297e-01 0.000000000000000000e+00
1.000000000000000056e-01 6.833333333333333481e-01 0.000000000000000000e+00
1.000000000000000056e-01 6.999999999999999556e-01 0.000000000000000000e+00
1.000000000000000056e-01 7.166666666666666741e-01 0.000000000000000000e+00
1.000000000000000056e-01 7.333333333333332815e-01 0.000000000000000000e+00
1.000000000000000056e-01 7.500000000000000000e-01 0.000000000000000000e+00
1.000000000000000056e-01 7.666666666666666075e-01 0.000000000000000000e+00
1.000000000000000056e-01 7.833333333333333259e-01 0.000000000000000000e+00
1.000000000000000056e-01 8.000000000000000444e-01 0.000000000000000000e+00
1.000000000000000056e-01 8.166666666666666519e-01 0.000000000000000000e+00
1.000000000000000056e-01 8.333333333333333703e-01 0.000000000000000000e+00
1.000000000000000056e-01 8.499999999999999778e-01 0.000000000000000000e+00
1.000000000000000056e-01 8.666666666666666963e-01 0.000000000000000000e+00
1.000000000000000056e-01 8.833333333333333037e-01 0.000000000000000000e+00
1.000000000000000056e-01 9.000000000000000222e-01 0.000000000000000000e+00
1.000000000000000056e-01 9.166666666666666297e-01 0.000000000000000000e+00
1.000000000000000056e-01 9.333333333333333481e-01 0.000000000000000000e+00
1.000000000000000056e-01 9.499999999999999556e-01 0.000000000000000000e+00
1.000000000000000056e-01 9.666666666666666741e-01 0.000000000000000000e+00
1.000000000000000056e-01 9.833333333333332815e-01 0.000000000000000000e+00
1.000000000000000056e-01 1.000000000000000000e+00 0.000000000000000000e+00
2.000000000000000111e-01 0.000000000000000000e+00 0.000000000000000000e+00
2.000000000000000111e-01 1.666666666666666644e-02 0.000000000000000000e+00
2.000000000000000111e-01 3.333333333333333287e-02 0.000000000000000000e+00
2.000000000000000111e-01 5.000000000000000278e-02 0.000000000000000000e+00
2.000000000000000111e-01 6.666666666666666574e-02 0.000000000000000000e+00
2.000000000000000111e-01 8.333333333333332871e-02 0.000000000000000000e+00
2.000000000000000111e-01 1.000000000000000056e-01 0.000000000000000000e+00
2.000000000000000111e-01 1.166666666666666685e-01 0.000000000000000000e+00
2.000000000000000111e-01 1.333333333333333315e-01 0.000000000000000000e+00
2.000000000000000111e-01 1.499999999999999944e-01 0.000000000000000000e+00
2.000000000000000111e-01 1.666666666666666574e-01 0.000000000000000000e+00
2.000000000000000111e-01 1.833333333333333204e-01 0.000000000000000000e+00
2.000000000000000111e-01 2.000000000000000111e-01 0.000000000000000000e+00
2.000000000000000111e-01 2.166666666666666741e-01 0.000000000000000000e+00
2.000000000000000111e-01 2.333333333333333370e-01 0.000000000000000000e+00
2.000000000000000111e-01 2.500000000000000000e-01 0.000000000000000000e+00
2.000000000000000111e-01 2.666666666666666630e-01 0.000000000000000000e+00
2.000000000000000111e-01 2.833333333333333259e-01 0.000000000000000000e+00
2.000000000000000111e-01 2.999999999999999889e-01 0.000000000000000000e+00
2.000000000000000111e-01 3.166666666666666519e-01 0.000000000000000000e+00
2.000000000000000111e-01 3.333333333333333148e-01 0.000000000000000000e+00
2.000000000000000111e-01 3.499999999999999778e-01 0.000000000000000000e+00
2.000000000000000111e-01 3.666666666666666408e-01 0.000000000000000000e+00
2.000000000000000111e-01 3.833333333333333037e-01 0.000000000000000000e+00
2.000000000000000111e-01 4.000000000000000222e-01 0.000000000000000000e+00
2.000000000000000111e-01 4.166666666666666852e-01 0.000000000000000000e+00
2.000000000000000111e-01 4.333333333333333481e-01 0.000000000000000000e+00
2.000000000000000111e-01 4.500000000000000111e-01 0.000000000000000000e+00
2.000000000000000111e-01 4.666666666666666741e-01 0.000000000000000000e+00
2.000000000000000111e-01 4.833333333333333370e-01 0.000000000000000000e+00
2.000000000000000111e-01 5.000000000000000000e-01 0.000000000000000000e+00
2.000000000000000111e-01 5.166666666666666075e-01 0.000000000000000000e+00
2.000000000000000111e-01 5.333333333333333259e-01 0.000000000000000000e+00
2.000000000000000111e-01 5.500000000000000444e-01 0.000000000000000000e+00
2.000000000000000111e-01 5.666666666666666519e-01 0.000000000000000000e+00
2.000000000000000111e-01 5.833333333333333703e-01 0.000000000000000000e+00
2.000000000000000111e-01 5.999999999999999778e-01 0.000000000000000000e+00
2.000000000000000111e-01 6.166666666666666963e-01 0.000000000000000000e+00
2.000000000000000111e-01 6.333333333333333037e-01 0.000000000000000000e+00
2.000000000000000111e-01 6.500000000000000222e-01 0.000000000000000000e+00
2.000000000000000111e-01 6.666666666666666297e-01 0.000000000000000000e+00
2.000000000000000111e-01 6.833333333333333481e-01 0.000000000000000000e+00
2.000000000000000111e-01 6.999999999999999556e-01 0.000000000000000000e+00
2.000000000000000111e-01 7.166666666666666741e-01 0.000000000000000000e+00
2.000000000000000111e-01 7.333333333333332815e-01 0.000000000000000000e+00
2.000000000000000111e-01 7.500000000000000000e-01 0.000000000000000000e+00
2.000000000000000111e-01 7.666666666666666075e-01 0.000000000000000000e+00
2.000000000000000111e-01 7.833333333333333259e-01 0.000000000000000000e+00
2.000000000000000111e-01 8.000000000000000444e-01 0.000000000000000000e+00
2.000000000000000111e-01 8.166666666666666519e-01 0.000000000000000000e+00
2.000000000000000111e-01 8.333333333333333703e-01 0.000000000000000000e+00
2.000000000000000111e-01 8.499999999999999778e-01 0.000000000000000000e+00
2.000000000000000111e-01 8.666666666666666963e-01 0.000000000000000000e+00
2.000000000000000111e-01 8.833333333333333037e-01 0.000000000000000000e+00
2.000000000000000111e-01 9.000000000000000222e-01 0.000000000000000000e+00
2.000000000000000111e-01 9.166666666666666297e-01 0.000000000000000000e+00
2.000000000000000111e-01 9.333333333333333481e-01 0.000000000000000000e+00
2.000000000000000111e-01 9.499999999999999556e-01 0.000000000000000000e+00
2.000000000000000111e-01 9.666666666666666741e-01 0.000000000000000000e+00
2.000000000000000111e-01 9.833333333333332815e-01 0.000000000000000000e+00
2.000000000000000111e-01 1.000000000000000000e+00 0.000000000000000000e+00
3.000000000000000444e-01 0.000000000000000000e+00 0.000000000000000000e+00
3.000000000000000444e-01 1.666666666666666644e-02 0.000000000000000000e+00
3.000000000000000444e-01 3.333333333333333287e-02 0.000000000000000000e+00
3.000000000000000444e-01 5.000000000000000278e-02 0.000000000000000000e+00
3.000000000000000444e-01 6.666666666666666574e-02 0.000000000000000000e+00
3.000000000000000444e-01 8.333333333333332871e-02 0.000000000000000000e+00
3.000000000000000444e-01 1.000000000000000056e-01 0.000000000000000000e+00
3.000000000000000444e-01 1.166666666666666685e-01 0.000000000000000000e+00
3.000000000000000444e-01 1.333333333333333315e-01 0.000000000000000000e+00
3.000000000000000444e-01 1.499999999999999944e-01 0.000000000000000000e+00
3.000000000000000444e-01 1.666666666666666574e-01 0.000000000000000000e+00
3.000000000000000444e-01 1.833333333333333204e-01 0.000000000000000000e+00
3.000000000000000444e-01 2.000000000000000111e-01 0.000000000000000000e+00
3.000000000000000444e-01 2.166666666666666741e-01 0.000000000000000000e+00
3.000000000000000444e-01 2.333333333333333370e-01 0.000000000000000000e+00
3.000000000000000444e-01 2.500000000000000000e-01 0.000000000000000000e+00
3.000000000000000444e-01 2.666666666666666630e-01 0.000000000000000000e+00
3.000000000000000444e-01 2.833333333333333259e-01 0.000000000000000000e+00
3.000000000000000444e-01 2.999999999999999889e-01 0.000000000000000000e+00
3.000000000000000444e-01 3.166666666666666519e-01 0.000000000000000000e+00
3.000000000000000444e-01 3.333333333333333148e-01 0.000000000000000000e+00
3.000000000000000444e-01 3.499999999999999778e-01 0.000000000000000000e+00
3.000000000000000444e-01 3.666666666666666408e-01 0.000000000000000000e+00
3.000000000000000444e-01 3.833333333333333037e-01 0.000000000000000000e+00
3.000000000000000444e-01 4.000000000000000222e-01 0.000000000000000000e+00
3.000000000000000444e-01 4.166666666666666852e-01 0.000000000000000000e+00
3.000000000000000444e-01 4.333333333333333481e-01 0.000000000000000000e+00
3.000000000000000444e-01 4.500000000000000111e-01 0.000000000000000000e+00
3.000000000000000444e-01 4.666666666666666741e-01 0.000000000000000000e+00
3.000000000000000444e-01 4.833333333333333370e-01 0.000000000000000000e+00
3.000000000000000444e-01 5.000000000000000000e-01 0.000000000000000000e+00
3.000000000000000444e-01 5.166666666666666075e-01 0.000000000000000000e+00
3.000000000000000444e-01 5.333333333333333259e-01 0.000000000000000000e+00
3.000000000000000444e-01 5.500000000000000444e-01 0.000000000000000000e+00
3.000000000000000444e-01 5.666666666666666519e-01 0.000000000000000000e+00
3.000000000000000444e-01 5.833333333333333703e-01 0.000000000000000000e+00
3.000000000000000444e-01 5.999999999999999778e-01 0.000000000000000000e+00
3.000000000000000444e-01 6.166666666666666963e-01 0.000000000000000000e+00
3.000000000000000444e-01 6.333333333333333037e-01 0.000000000000000000e+00
3.000000000000000444e-01 6.500000000000000222e-01 0.000000000000000000e+00
3.000000000000000444e-01 6.666666666666666297e-01 0.000000000000000000e+00
3.000000000000000444e-01 6.833333333333333481e-01 0.000000000000000000e+00
3.000000000000000444e-01 6.999999999999999556e-01 0.000000000000000000e+00
3.000000000000000444e-01 7.166666666666666741e-01 0.000000000000000000e+00
3.000000000000000444e-01 7.333333333333332815e-01 0.000000000000000000e+00
3.000000000000000444e-01 7.500000000000000000e-01 0.000000000000000000e+00
3.000000000000000444e-01 7.666666666666666075e-01 0.000000000000000000e+00
3.000000000000000444e-01 7.833333333333333259e-01 0.000000000000000000e+00
3.000000000000000444e-01 8.000000000000000444e-01 0.000000000000000000e+00
3.000000000000000444e-01 8.166666666666666519e-01 0.000000000000000000e+00
3.000000000000000444e-01 8.333333333333333703e-01 0.000000000000000000e+00
3.000000000000000444e-01 8.499999999999999778e-01 0.000000000000000000e+00
3.000000000000000444e-01 8.666666666666666963e-01 0.000000000000000000e+00
3.000000000000000444e-01 8.833333333333333037e-01 0.000000000000000000e+00
3.000000000000000444e-01 9.000000000000000222e-01 0.000000000000000000e+00
3.000000000000000444e-01 9.166666666666666297e-01 0.000000000000000000e+00
3.000000000000000444e-01 9.333333333333333481e-01 0.000000000000000000e+00
3.000000000000000444e-01 9.499999999999999556e-01 0.000000000000000000e+00
3.000000000000000444e-01 9.666666666666666741e-01 0.000000000000000000e+00
3.000000000000000444e-01 9.833333333333332815e-01 0.000000000000000000e+00
3.000000000000000444e-01 1.000000000000000000e+00 0.000000000000000000e+00
4.000000000000000222e-01 0.000000000000000000e+00 0.000000000000000000e+00
4.000000000000000222e-01 1.666666666666666644e-02 0.000000000000000000e+00
4.000000000000000222e-01 3.333333333333333287e-02 0.000000000000000000e+00
4.000000000000000222e-01 5.000000000000000278e-02 0.000000000000000000e+00
4.000000000000000222e-01 6.666666666666666574e-02 0.000000000000000000e+00
4.000000000000000222e-01 8.333333333333332871e-02 0.000000000000000000e+00
4.000000000000000222e-01 1.000000000000000056e-01 0.000000000000000000e+00
4.000000000000000222e-01 1.166666666666666685e-01 0.000000000000000000e+00
4.000000000000000222e-01 1.333333333333333315e-01 0.000000000000000000e+00
4.000000000000000222e-01 1.499999999999999944e-01 0.000000000000000000e+00
4.000000000000000222e-01 1.666666666666666574e-01 0.000000000000000000e+00
4.000000000000000222e-01 1.833333333333333204e-01 0.000000000000000000e+00
4.000000000000000222e-01 2.000000000000000111e-01 0.000000000000000000e+00
4.000000000000000222e-01 2.166666666666666741e-01 0.000000000000000000e+00
4.000000000000000222e-01 2.333333333333333370e-01 0.000000000000000000e+00
4.000000000000000222e-01 2.500000000000000000e-01 0.000000000000000000e+00
4.000000000000000222e-01 2.666666666666666630e-01 0.000000000000000000e+00
4.000000000000000222e-01 2.833333333333333259e-01 0.000000000000000000e+00
4.000000000000000222e-01 2.999999999999999889e-01 0.000000000000000000e+00
4.000000000000000222e-01 3.166666666666666519e-01 0.000000000000000000e+00
4.000000000000000222e-01 3.333333333333333148e-01 0.000000000000000000e+00
4.000000000000000222e-01 3.499999999999999778e-01 0.000000000000000000e+00
4.000000000000000222e-01 3.666666666666666408e-01 0.000000000000000000e+00
4.000000000000000222e-01 3.833333333333333037e-01 0.000000000000000000e+00
4.000000000000000222e-01 4.000000000000000222e-01 0.000000000000000000e+00
4.000000000000000222e-01 4.166666666666666852e-01 0.000000000000000000e+00
4.000000000000000222e-01 4.333333333333333481e-01 0.000000000000000000e+00
4.000000000000000222e-01 4.500000000000000111e-01 0.000000000000000000e+00
4.000000000000000222e-01 4.666666666666666741e-01 0.000000000000000000e+00
4.000000000000000222e-01 4.833333333333333370e-01 0.000000000000000000e+00
4.000000000000000222e-01 5.000000000000000000e-01 0.000000000000000000e+00
4.000000000000000222e-01 5.166666666666666075e-01 0.000000000000000000e+00
4.000000000000000222e-01 5.333333333333333259e-01 0.000000000000000000e+00
4.000000000000000222e-01 5.500000000000000444e-01 0.000000000000000000e+00
4.000000000000000222e-01 5.666666666666666519e-01 0.000000000000000000e+00
4.000000000000000222e-01 5.833333333333333703e-01 0.000000000000000000e+00
4.000000000000000222e-01 5.999999999999999778e-01 0.000000000000000000e+00
4.000000000000000222e-01 6.166666666666666963e-01 0.000000000000000000e+00
4.000000000000000222e-01 6.333333333333333037e-01 0.000000000000000000e+00
4.000000000000000222e-01 6.500000000000000222e-01 0.000000000000000000e+00
4.000000000000000222e-01 6.666666666666666297e-01 0.000000000000000000e+00
4.000000000000000222e-01 6.833333333333333481e-01 0.000000000000000000e+00
4.000000000000000222e-01 6.999999999999999556e-01 0.000000000000000000e+00
4.000000000000000222e-01 7.166666666666666741e-01 0.000000000000000000e+00
4.000000000000000222e-01 7.333333333333332815e-01 0.000000000000000000e+00
4.000000000000000222e-01 7.500000000000000000e-01 0.000000000000000000e+00
4.000000000000000222e-01 7.666666666666666075e-01 0.000000000000000000e+00
4.000000000000000222e-01 7.833333333333333259e-01 0.000000000000000000e+00
4.000000000000000222e-01 8.000000000000000444e-01 0.000000000000000000e+00
4.000000000000000222e-01 8.166666666666666519e-01 0.000000000000000000e+00
4.000000000000000222e-01 8.333333333333333703e-01 0.000000000000000000e+00
4.000000000000000222e-01 8.499999999999999778e-01 0.000000000000000000e+00
4.000000000000000222e-01 8.666666666666666963e-01 0.000000000000000000e+00
4.000000000000000222e-01 8.833333333333333037e-01 0.000000000000000000e+00
4.000000000000000222e-01 9.000000000000000222e-01 0.000000000000000000e+00
4.000000000000000222e-01 9.166666666666666297e-01 0.000000000000000000e+00
4.000000000000000222e-01 9.333333333333333481e-01 0.000000000000000000e+00
4.000000000000000222e-01 9.499999999999999556e-01 0.000000000000000000e+00
4.000000000000000222e-01 9.666666666666666741e-01 0.000000000000000000e+00
4.000000000000000222e-01 9.833333333333332815e-01 0.000000000000000000e+00
4.000000000000000222e-01 1.000000000000000000e+00 0.000000000000000000e+00
5.000000000000000000e-01 0.000000000000000000e+00 0.000000000000000000e+00
5.000000000000000000e-01 1.666666666666666644e-02 0.000000000000000000e+00
5.000000000000000000e-01 3.333333333333333287e-02 0.000000000000000000e+00
5.000000000000000000e-01 5.000000000000000278e-02 0.000000000000000000e+00
5.000000000000000000e-01 6.666666666666666574e-02 0.000000000000000000e+00
5.000000000000000000e-01 8.333333333333332871e-02 0.000000000000000000e+00
5.000000000000000000e-01 1.000000000000000056e-01 0.000000000000000000e+00
5.000000000000000000e-01 1.166666666666666685e-01 0.000000000000000000e+00
5.000000000000000000e-01 1.333333333333333315e-01 0.000000000000000000e+00
5.000000000000000000e-01 1.499999999999999944e-01 0.000000000000000000e+00
5.000000000000000000e-01 1.666666666666666574e-01 0.000000000000000000e+00
5.000000000000000000e-01 1.833333333333333204e-01 0.000000000000000000e+00
5.000000000000000000e-01 2.000000000000000111e-01 0.000000000000000000e+00
5.000000000000000000e-01 2.166666666666666741e-01 0.000000000000000000e+00
5.000000000000000000e-01 2.333333333333333370e-01 0.000000000000000000e+00
5.000000000000000000e-01 2.500000000000000000e-01 0.000000000000000000e+00
5.000000000000000000e-01 2.666666666666666630e-01 0.000000000000000000e+00
5.000000000000000000e-01 2.833333333333333259e-01 0.000000000000000000e+00
5.000000000000000000e-01 2.999999999999999889e-01 0.000000000000000000e+00
5.000000000000000000e-01 3.166666666666666519e-01 0.000000000000000000e+00
5.000000000000000000e-01 3.333333333333333148e-01 0.000000000000000000e+00
5.000000000000000000e-01 3.499999999999999778e-01 0.000000000000000000e+00
5.000000000000000000e-01 3.666666666666666408e-01 0.000000000000000000e+00
5.000000000000000000e-01 3.833333333333333037e-01 0.000000000000000000e+00
5.000000000000000000e-01 4.000000000000000222e-01 0.000000000000000000e+00
5.000000000000000000e-01 4.166666666666666852e-01 0.000000000000000000e+00
5.000000000000000000e-01 4.333333333333333481e-01 0.000000000000000000e+00
5.000000000000000000e-01 4.500000000000000111e-01 0.000000000000000000e+00
5.000000000000000000e-01 4.666666666666666741e-01 0.000000000000000000e+00
5.000000000000000000e-01 4.833333333333333370e-01 0.000000000000000000e+00
5.000000000000000000e-01 5.000000000000000000e-01 0.000000000000000000e+00
5.000000000000000000e-01 5.166666666666666075e-01 0.000000000000000000e+00
5.000000000000000000e-01 5.333333333333333259e-01 0.000000000000000000e+00
5.000000000000000000e-01 5.500000000000000444e-01 0.000000000000000000e+00
5.000000000000000000e-01 5.666666666666666519e-01 0.000000000000000000e+00
5.000000000000000000e-01 5.833333333333333703e-01 0.000000000000000000e+00
5.000000000000000000e-01 5.999999999999999778e-01 0.000000000000000000e+00
5.000000000000000000e-01 6.166666666666666963e-01 0.000000000000000000e+00
5.000000000000000000e-01 6.333333333333333037e-01 0.000000000000000000e+00
5.000000000000000000e-01 6.500000000000000222e-01 0.000000000000000000e+00
5.000000000000000000e-01 6.666666666666666297e-01 0.000000000000000000e+00
5.000000000000000000e-01 6.833333333333333481e-01 0.000000000000000000e+00
5.000000000000000000e-01 6.999999999999999556e-01 0.000000000000000000e+00
5.000000000000000000e-01 7.166666666666666741e-01 0.000000000000000000e+00
5.000000000000000000e-01 7.333333333333332815e-01 0.000000000000000000e+00
5.000000000000000000e-01 7.500000000000000000e-01 0.000000000000000000e+00
5.000000000000000000e-01 7.666666666666666075e-01 0.000000000000000000e+00
5.000000000000000000e-01 7.833333333333333259e-01 0.000000000000000000e+00
5.000000000000000000e-01 8.000000000000000444e-01 0.000000000000000000e+00
5.000000000000000000e-01 8.166666666666666519e-01 0.000000000000000000e+00
5.000000000000000000e-01 8.333333333333333703e-01 0.000000000000000000e+00
5.000000000000000000e-01 8.499999999999999778e-01 0.000000000000000000e+00
5.000000000000000000e-01 8.666666666666666963e-01 0.000000000000000000e+00
5.000000000000000000e-01 8.833333333333333037e-01 0.000000000000000000e+00
5.000000000000000000e-01 9.000000000000000222e-01 0.000000000000000000e+00
5.000000000000000000e-01 9.166666666666666297e-01 0.000000000000000000e+00
5.000000000000000000e-01 9.333333333333333481e-01 0.000000000000000000e+00
5.000000000000000000e-01 9.499999999999999556e-01 0.000000000000000000e+00
5.000000000000000000e-01 9.666666666666666741e-01 0.000000000000000000e+00
5.000000000000000000e-01 9.833333333333332815e-01 0.000000000000000000e+00
5.000000000000000000e-01 1.000000000000000000e+00 0.000000000000000000e+00
6.000000000000000888e-01 1.000000000000000000e+00 7.944023968859659880e-06
6.000000000000000888e-01 1.256659755101210196e+00 5.668699836116903542e-06
6.000000000000000888e-01 1.579193740091033415e+00 4.172482784289706111e-06
6.000000000000000888e-01 1.984509218680162279e+00 3.247581282496168302e-06
6.000000000000000888e-01 2.493852868742706619e+00 2.454390894129411345e-06
6.000000000000000888e-01 3.133924535292659908e+00 1.952937456406836594e-06
6.000000000000000888e-01 3.938276839026548348e+00 1.594368301255317574e-06
6.000000000000000888e-01 4.949074008051869811e+00 1.224810250170799139e-06
6.000000000000000888e-01 6.219302130936227080e+00 9.987120466170939269e-07
6.000000000000000888e-01 7.815546692762752379e+00 7.924506178941706950e-07
6.000000000000000888e-01 9.821482992909313481e+00 6.236670010247309259e-07
6.000000000000000888e-01 1.234226241260012102e+01 5.069055902051529892e-07
6.000000000000000888e-01 1.551002446081294117e+01 4.425732543980702507e-07
6.000000000000000888e-01 1.949082354053896182e+01 3.675355291447585677e-07
6.000000000000000888e-01 2.449333353717459971e+01 2.570042408707166900e-07
6.000000000000000888e-01 3.077978652443808016e+01 2.531113325044267903e-07
6.000000000000000888e-01 3.867971899586789419e+01 2.580316420583928788e-07
6.000000000000000888e-01 4.605615535395482141e+01 2.273316559217381360e-07
6.000000000000000888e-01 4.860724620073098379e+01 2.437662546648949054e-07
6.000000000000000888e-01 5.266934689195858965e+01 2.539086769708157912e-07
6.000000000000000888e-01 5.928253842996235790e+01 2.447065462130555104e-07
6.000000000000000888e-01 6.108277010675480057e+01 2.866826226807172924e-07
6.000000000000000888e-01 6.589572996796613324e+01 2.840433633884956493e-07
6.000000000000000888e-01 7.250892150596989438e+01 3.610554647354657794e-07
6.000000000000000888e-01 7.676025892325802147e+01 3.783264095266877571e-07
6.000000000000000888e-01 7.912211304397366973e+01 4.150945297068917806e-07
6.000000000000000888e-01 8.573530458197743087e+01 4.970505849075174208e-07
6.000000000000000888e-01 9.234849611998120622e+01 6.138844434299039081e-07
6.000000000000000888e-01 9.896168765798498157e+01 7.552262837525732458e-07
6.000000000000000888e-01 1.055748791959887427e+02 9.026509726128959726e-07
6.000000000000000888e-01 1.121880707339925181e+02 1.022492938654641228e-06
6.000000000000000888e-01 1.188012622719962792e+02 1.174066831347940564e-06
6.000000000000000888e-01 1.254144538100000545e+02 1.403681415628516689e-06
6.000000000000000888e-01 1.320276453480038299e+02 1.475061193936663023e-06
6.000000000000000888e-01 1.386408368860076052e+02 1.667042615982043845e-06
6.000000000000000888e-01 1.452540284240113522e+02 1.748866138088263886e-06
6.000000000000000888e-01 1.518672199620151275e+02 1.935345167919832432e-06
6.000000000000000888e-01 1.584804115000189029e+02 2.083816272962323459e-06
6.000000000000000888e-01 1.650936030380226498e+02 2.275808352567293645e-06
6.000000000000000888e-01 1.717067945760264251e+02 2.410549072903811860e-06
6.000000000000000888e-01 1.783199861140302005e+02 2.617738633808317829e-06
6.000000000000000888e-01 1.849331776520339758e+02 2.723341362457511450e-06
6.000000000000000888e-01 1.915463691900377512e+02 2.866300453275944950e-06
6.000000000000000888e-01 1.981595607280415265e+02 2.956054316448707488e-06
6.000000000000000888e-01 2.047727522660453019e+02 2.934539426299911179e-06
6.000000000000000888e-01 2.113859438040490772e+02 2.948834077913470706e-06
6.000000000000000888e-01 2.179991353420527957e+02 2.982736383535390674e-06
6.000000000000000888e-01 2.246123268800565711e+02 2.950996913856679296e-06
6.000000000000000888e-01 2.312255184180603464e+02 2.927742324024251979e-06
6.000000000000000888e-01 2.378387099560641218e+02 2.827098902879548045e-06
6.000000000000000888e-01 2.444519014940678971e+02 2.687802427164826189e-06
6.000000000000000888e-01 2.510650930320716725e+02 2.531343748087822597e-06
6.000000000000000888e-01 2.576782845700754478e+02 2.335287137493466717e-06
6.000000000000000888e-01 2.642914761080792232e+02 2.101926661886204184e-06
6.000000000000000888e-01 2.709046676460829985e+02 1.869899364049353120e-06
6.000000000000000888e-01 2.775178591840867171e+02 1.524293590977449550e-06
6.000000000000000888e-01 2.841310507220904924e+02 1.244126091308350875e-06
6.000000000000000888e-01 2.907442422600942677e+02 8.883957200334628570e-07
6.000000000000000888e-01 2.973574337980980431e+02 5.479813967529663872e-07
6.000000000000000888e-01 3.039706253361018184e+02 1.821156191720780870e-07
6.000000000000000888e-01 3.070410356930321427e+02 0.000000000000000000e+00
7.000000000000000666e-01 1.000000000000000000e+00 2.786605374475221674e-05
7.000000000000000666e-01 1.273607001450468790e+00 1.933504756519530972e-05
7.000000000000000666e-01 1.622074794143654408e+00 1.417381699057800823e-05
7.000000000000000666e-01 2.065885814697685952e+00 1.079205997529531015e-05
7.000000000000000666e-01 2.631126637796178613e+00 8.354146090668874275e-06
7.000000000000000666e-01 3.351021307600044352e+00 6.353346473941637350e-06
7.000000000000000666e-01 4.267884199369122555e+00 5.060658645100017130e-06
7.000000000000000666e-01 5.435607197696341153e+00 3.955258621823237028e-06
7.000000000000000666e-01 6.922827384120623151e+00 3.135076647469056723e-06
7.000000000000000666e-01 8.816961426249060096e+00 2.532896924518890043e-06
7.000000000000000666e-01 1.122934380398951326e+01 1.878493872213042866e-06
7.000000000000000666e-01 1.430177089045548477e+01 1.532438211369139021e-06
7.000000000000000666e-01 1.821483553922461240e+01 1.308840839686246915e-06
7.000000000000000666e-01 2.319854207302529403e+01 1.151650564591164358e-06
7.000000000000000666e-01 2.954582560764827193e+01 7.748469579612910804e-07
7.000000000000000666e-01 3.762977035753539212e+01 8.399588661593115196e-07
7.000000000000000666e-01 4.792553899033039499e+01 7.899673605557137837e-07
7.000000000000000666e-01 5.940521469711867297e+01 9.598441688480752504e-07
7.000000000000000666e-01 6.103830200637222703e+01 1.140680978945962764e-06
7.000000000000000666e-01 6.793519424337161183e+01 1.256508950603612006e-06
7.000000000000000666e-01 7.646517378962454359e+01 1.331140804638048160e-06
7.000000000000000666e-01 7.773880879196386218e+01 1.420988733652472792e-06
7.000000000000000666e-01 8.499515333587748955e+01 1.785626338814129674e-06
7.000000000000000666e-01 9.352513288213043552e+01 2.270891298023404074e-06
7.000000000000000666e-01 9.900869116186444785e+01 2.699967044599598397e-06
7.000000000000000666e-01 1.020551124283833673e+02 2.846944881051463894e-06
7.000000000000000666e-01 1.105850919746362990e+02 3.602407596122116783e-06
7.000000000000000666e-01 1.191150715208892450e+02 4.412188129581623121e-06
7.000000000000000666e-01 1.276450510671421910e+02 5.058402484647393889e-06
7.000000000000000666e-01 1.361750306133951369e+02 5.920483445101073354e-06
7.000000000000000666e-01 1.447050101596480545e+02 6.442484136008415898e-06
7.000000000000000666e-01 1.532349897059010004e+02 7.383297373025376894e-06
7.000000000000000666e-01 1.617649692521539464e+02 8.193164008364710847e-06
7.000000000000000666e-01 1.702949487984068924e+02 9.267147598885563462e-06
7.000000000000000666e-01 1.788249283446598099e+02 1.014432372363185628e-05
7.000000000000000666e-01 1.873549078909127559e+02 1.116353604079855408e-05
7.000000000000000666e-01 1.958848874371657018e+02 1.180159959626430946e-05
7.000000000000000666e-01 2.044148669834186478e+02 1.241320335065926997e-05
7.000000000000000666e-01 2.129448465296715938e+02 1.300598156085680484e-05
7.000000000000000666e-01 2.214748260759245113e+02 1.343128677390574486e-05
7.000000000000000666e-01 2.300048056221774573e+02 1.380479928990878230e-05
7.000000000000000666e-01 2.385347851684304032e+02 1.394379179443341141e-05
7.000000000000000666e-01 2.470647647146833208e+02 1.405867571867136845e-05
7.000000000000000666e-01 2.555947442609362668e+02 1.399028191492668703e-05
7.000000000000000666e-01 2.641247238071891843e+02 1.369183620123004595e-05
7.000000000000000666e-01 2.726547033534421303e+02 1.323136586130451999e-05
7.000000000000000666e-01 2.811846828996950762e+02 1.274619042319837144e-05
7.000000000000000666e-01 2.897146624459480222e+02 1.204249744583825710e-05
7.000000000000000666e-01 2.982446419922009682e+02 1.138013586505154754e-05
7.000000000000000666e-01 3.067746215384539141e+02 1.053014109598367787e-05
7.000000000000000666e-01 3.153046010847068032e+02 9.575098914789530530e-06
7.000000000000000666e-01 3.238345806309597492e+02 8.655478796452149707e-06
7.000000000000000666e-01 3.323645601772126952e+02 7.641505411474104519e-06
7.000000000000000666e-01 3.408945397234656411e+02 6.637073893574204912e-06
7.000000000000000666e-01 3.494245192697185871e+02 5.580054983315728161e-06
7.000000000000000666e-01 3.579544988159715331e+02 4.536951581108414655e-06
7.000000000000000666e-01 3.664844783622244790e+02 3.458095026993080418e-06
7.000000000000000666e-01 3.750144579084773682e+02 2.421737465502473809e-06
7.000000000000000666e-01 3.835444374547303141e+02 1.442304558016559873e-06
7.000000000000000666e-01 3.920744170009832601e+02 4.321502165129627338e-07
7.000000000000000666e-01 3.960347646474578482e+02 0.000000000000000000e+00
8.000000000000000444e-01 1.000000000000000000e+00 5.797890606030398677e-05
8.000000000000000444e-01 1.281954665795534520e+00 3.972570591637703268e-05
8.000000000000000444e-01 1.643407765154940581e+00 2.898795095331530502e-05
8.000000000000000444e-01 2.106774252344988163e+00 2.214600948433945895e-05
8.000000000000000444e-01 2.700789082571556143e+00 1.702151699462864162e-05
8.000000000000000444e-01 3.462289165732247653e+00 1.260959166860196450e-05
8.000000000000000444e-01 4.438497750343783466e+00 9.975090809850480813e-06
8.000000000000000444e-01 5.689952900176197481e+00 7.595285058633188203e-06
8.000000000000000444e-01 7.294261668537708410e+00 6.057821144465887905e-06
8.000000000000000444e-01 9.350912779515434536e+00 4.844175777250624176e-06
8.000000000000000444e-01 1.198744626714690398e+01 3.623518697972530271e-06
8.000000000000000444e-01 1.536736267314223525e+01 2.980695389253545977e-06
8.000000000000000444e-01 1.970026227980682521e+01 2.704207680423229112e-06
8.000000000000000444e-01 2.525484314699412991e+01 1.895272684882276610e-06
8.000000000000000444e-01 3.237556400622352015e+01 1.811660799033657858e-06
8.000000000000000444e-01 4.150400533554019944e+01 1.879882412037352178e-06
8.000000000000000444e-01 5.320625328909851248e+01 1.964086776025462087e-06
8.000000000000000444e-01 6.725613869593118466e+01 2.590026023699830306e-06
8.000000000000000444e-01 6.820800465345884334e+01 2.379058907099325547e-06
8.000000000000000444e-01 7.691343040611617710e+01 3.104129456935523090e-06
8.000000000000000444e-01 8.657072211630116954e+01 3.595232944306462846e-06
8.000000000000000444e-01 8.743956981010508400e+01 3.863695736842562041e-06
8.000000000000000444e-01 9.622801382648614776e+01 5.205080400216691768e-06
8.000000000000000444e-01 1.058853055366711544e+02 6.461391776017675362e-06
8.000000000000000444e-01 1.120935644932186079e+02 8.065013014381965968e-06
8.000000000000000444e-01 1.155425972468561326e+02 8.499001980229962933e-06
8.000000000000000444e-01 1.251998889570411251e+02 1.045861538016438327e-05
8.000000000000000444e-01 1.348571806672261175e+02 1.194379178171340126e-05
8.000000000000000444e-01 1.445144723774110957e+02 1.363240228018620572e-05
8.000000000000000444e-01 1.541717640875961024e+02 1.572439288918861444e-05
8.000000000000000444e-01 1.638290557977811090e+02 1.776157848529831749e-05
8.000000000000000444e-01 1.734863475079660873e+02 2.017421616914624659e-05
8.000000000000000444e-01 1.831436392181510655e+02 2.270662692079732125e-05
8.000000000000000444e-01 1.928009309283360722e+02 2.494009837827068730e-05
8.000000000000000444e-01 2.024582226385210504e+02 2.700359754414514131e-05
8.000000000000000444e-01 2.121155143487060570e+02 2.844660124745017818e-05
8.000000000000000444e-01 2.217728060588910353e+02 2.963834712041376912e-05
8.000000000000000444e-01 2.314300977690760135e+02 3.072368294586497113e-05
8.000000000000000444e-01 2.410873894792610201e+02 3.133526966757004369e-05
8.000000000000000444e-01 2.507446811894459984e+02 3.201357967281753879e-05
8.000000000000000444e-01 2.604019728996310050e+02 3.195793100716012457e-05
8.000000000000000444e-01 2.700592646098159548e+02 3.158753578551151903e-05
8.000000000000000444e-01 2.797165563200010183e+02 3.067285066496721214e-05
8.000000000000000444e-01 2.893738480301859681e+02 2.985956474744389490e-05
8.000000000000000444e-01 2.990311397403709179e+02 2.862828967510020221e-05
8.000000000000000444e-01 3.086884314505559814e+02 2.717921547760548359e-05
8.000000000000000444e-01 3.183457231607409312e+02 2.532348108559874788e-05
8.000000000000000444e-01 3.280030148709258810e+02 2.355121313309661599e-05
8.000000000000000444e-01 3.376603065811109445e+02 2.165278243885934166e-05
8.000000000000000444e-01 3.473175982912958943e+02 1.954721855829027522e-05
8.000000000000000444e-01 3.569748900014809578e+02 1.735092885940643515e-05
8.000000000000000444e-01 3.666321817116659076e+02 1.532368409727601134e-05
8.000000000000000444e-01 3.762894734218508574e+02 1.332975242060265424e-05
8.000000000000000444e-01 3.859467651320359209e+02 1.123563211861926524e-05
8.000000000000000444e-01 3.956040568422208707e+02 9.189503750041818980e-06
8.000000000000000444e-01 4.052613485524058206e+02 7.370810144882045230e-06
8.000000000000000444e-01 4.149186402625908840e+02 5.544799703080159097e-06
8.000000000000000444e-01 4.245759319727758339e+02 3.783180221510083009e-06
8.000000000000000444e-01 4.342332236829607837e+02 2.236831290313836421e-06
8.000000000000000444e-01 4.438905153931458472e+02 6.512041449137780900e-07
8.000000000000000444e-01 4.483742579728746023e+02 0.000000000000000000e+00
9.000000000000000222e-01 1.000000000000000000e+00 8.624680791994437934e-05
9.000000000000000222e-01 1.286089230739430933e+00 5.862353471925095110e-05
9.000000000000000222e-01 1.654025509423941109e+00 4.306942485576909971e-05
9.000000000000000222e-01 2.127224395038431748e+00 3.269588838138485864e-05
9.000000000000000222e-01 2.735800385825128078e+00 2.484711338094536365e-05
9.000000000000000222e-01 3.518483413662477410e+00 1.884083687900814903e-05
9.000000000000000222e-01 4.525083626846622131e+00 1.449716585300116000e-05
9.000000000000000222e-01 5.819661320682767425e+00 1.132508661242409026e-05
9.000000000000000222e-01 7.484603751080920020e+00 9.166726893697284173e-06
9.000000000000000222e-01 9.625868280617119410e+00 7.099023330362506232e-06
9.000000000000000222e-01 1.237972553221796090e+01 5.498864746805604358e-06
9.000000000000000222e-01 1.592143168649549168e+01 4.417695729688462593e-06
9.000000000000000222e-01 2.047638182995538259e+01 3.777202780816693015e-06
9.000000000000000222e-01 2.633445415601418205e+01 2.726486638108115376e-06
9.000000000000000222e-01 3.386845788745109331e+01 2.536358544083233211e-06
9.000000000000000222e-01 4.355785895080277470e+01 2.899836853032917736e-06
9.000000000000000222e-01 5.601929331069458584e+01 2.448387922650994108e-06
9.000000000000000222e-01 7.149936439399363053e+01 3.640690443599100359e-06
9.000000000000000222e-01 7.204580984051776227e+01 3.962251194963708285e-06
9.000000000000000222e-01 8.176593979415682156e+01 4.430124830477828880e-06
9.000000000000000222e-01 9.203251519432001260e+01 6.510742784626088175e-06
9.000000000000000222e-01 9.265734015579077720e+01 7.091779310664830368e-06
9.000000000000000222e-01 1.022990905944832036e+02 9.050683691099095906e-06
9.000000000000000222e-01 1.125656659946463947e+02 1.191529091802067476e-05
9.000000000000000222e-01 1.191656073233227602e+02 1.372259367082770602e-05
9.000000000000000222e-01 1.228322413948095857e+02 1.450628435121531664e-05
9.000000000000000222e-01 1.330988167949727767e+02 1.740294272561814404e-05
9.000000000000000222e-01 1.433653921951359393e+02 2.005237467732397401e-05
9.000000000000000222e-01 1.536319675952991588e+02 2.338640236809043130e-05
9.000000000000000222e-01 1.638985429954623214e+02 2.692523120196259464e-05
9.000000000000000222e-01 1.741651183956255409e+02 3.090489150030313235e-05
9.000000000000000222e-01 1.844316937957887035e+02 3.481016511790417932e-05
9.000000000000000222e-01 1.946982691959518945e+02 3.839923577291553045e-05
9.000000000000000222e-01 2.049648445961150856e+02 4.098786871672928839e-05
9.000000000000000222e-01 2.152314199962782766e+02 4.377509192030083209e-05
9.000000000000000222e-01 2.254979953964414676e+02 4.545407559560962865e-05
9.000000000000000222e-01 2.357645707966046587e+02 4.751256693557762796e-05
9.000000000000000222e-01 2.460311461967678497e+02 4.877387040103872842e-05
9.000000000000000222e-01 2.562977215969310691e+02 4.948299319381139886e-05
9.000000000000000222e-01 2.665642969970942318e+02 4.951987214838141912e-05
9.000000000000000222e-01 2.768308723972573944e+02 4.876584133897307030e-05
9.000000000000000222e-01 2.870974477974206138e+02 4.757749899429511149e-05
9.000000000000000222e-01 2.973640231975838333e+02 4.564008788548328427e-05
9.000000000000000222e-01 3.076305985977469959e+02 4.353646282952069188e-05
9.000000000000000222e-01 3.178971739979101585e+02 4.145298732239846860e-05
9.000000000000000222e-01 3.281637493980733780e+02 3.876327364693377489e-05
9.000000000000000222e-01 3.384303247982365406e+02 3.578680003612535988e-05
9.000000000000000222e-01 3.486969001983997600e+02 3.278504315364619601e-05
9.000000000000000222e-01 3.589634755985629226e+02 2.975215424438580061e-05
9.000000000000000222e-01 3.692300509987261421e+02 2.637789735828833875e-05
9.000000000000000222e-01 3.794966263988893047e+02 2.346692550152922684e-05
9.000000000000000222e-01 3.897632017990525242e+02 2.047111371360056209e-05
9.000000000000000222e-01 4.000297771992156868e+02 1.741117357790118421e-05
9.000000000000000222e-01 4.102963525993788494e+02 1.474576760128473692e-05
9.000000000000000222e-01 4.205629279995420688e+02 1.196312655590710341e-05
9.000000000000000222e-01 4.308295033997052315e+02 9.378214914441983431e-06
9.000000000000000222e-01 4.410960787998684509e+02 7.013985637609809920e-06
9.000000000000000222e-01 4.513626542000316135e+02 4.796024088087211823e-06
9.000000000000000222e-01 4.616292296001948330e+02 2.743768922535599279e-06
9.000000000000000222e-01 4.718958050003579956e+02 8.253906508956422987e-07
9.000000000000000222e-01 4.766624292932909270e+02 0.000000000000000000e+00
1.000000000000000000e+00 1.000000000000000000e+00 9.758679897419202023e-05
1.000000000000000000e+00 1.287347640072396660e+00 6.652822915253863009e-05
1.000000000000000000e+00 1.657263946399969212e+00 4.842682589946599122e-05
1.000000000000000000e+00 2.133474830375067466e+00 3.632894992076927048e-05
1.000000000000000000e+00 2.746523788037200209e+00 2.806450065528149184e-05
1.000000000000000000e+00 3.535730916932388723e+00 2.120380219385332977e-05
1.000000000000000000e+00 4.551714851843922105e+00 1.653583587144338059e-05
1.000000000000000000e+00 5.859639372803752799e+00 1.301743844345862164e-05
1.000000000000000000e+00 7.543392918254210322e+00 1.038281852542104325e-05
1.000000000000000000e+00 9.710969071453387613e+00 7.926946187262795583e-06
1.000000000000000000e+00 1.250139311695155087e+01 6.090675711182656370e-06
1.000000000000000000e+00 1.609363892672488561e+01 4.732615127190086622e-06
1.000000000000000000e+00 2.071810809249653929e+01 4.322329921561706204e-06
1.000000000000000000e+00 2.667140755964024734e+01 3.422124813993955824e-06
1.000000000000000000e+00 3.433537357931195544e+01 3.094338067790381990e-06
1.000000000000000000e+00 4.420156214833136943e+01 3.034573409629438361e-06
1.000000000000000000e+00 5.690277671916777535e+01 2.618769701398029164e-06
1.000000000000000000e+00 7.284038514527810548e+01 4.572169528517712924e-06
1.000000000000000000e+00 7.325365532298715721e+01 4.562817767030923833e-06
1.000000000000000000e+00 8.329951737126675937e+01 5.853279363402616921e-06
1.000000000000000000e+00 9.375864959725541325e+01 8.118444117251034209e-06
1.000000000000000000e+00 9.430292030672428893e+01 8.285351542723656763e-06
1.000000000000000000e+00 1.042177818232440529e+02 1.125076642468520232e-05
1.000000000000000000e+00 1.146769140492327210e+02 1.389793420453415797e-05
1.000000000000000000e+00 1.214006419087968141e+02 1.662822882141598861e-05
1.000000000000000000e+00 1.251360462752213607e+02 1.720582216665425822e-05
1.000000000000000000e+00 1.355951785012100004e+02 2.063875829223834192e-05
1.000000000000000000e+00 1.460543107271986685e+02 2.434865953413999705e-05
1.000000000000000000e+00 1.565134429531873366e+02 2.762560838853348483e-05
1.000000000000000000e+00 1.669725751791759762e+02 3.292599233104039221e-05
1.000000000000000000e+00 1.774317074051646159e+02 3.663782028820798643e-05
1.000000000000000000e+00 1.878908396311532840e+02 4.090718733017516202e-05
1.000000000000000000e+00 1.983499718571419237e+02 4.481152617005487520e-05
1.000000000000000000e+00 2.088091040831305918e+02 4.843309644280412320e-05
1.000000000000000000e+00 2.192682363091192315e+02 5.113917498896823426e-05
1.000000000000000000e+00 2.297273685351078996e+02 5.388219843120881189e-05
1.000000000000000000e+00 2.401865007610965392e+02 5.501204624642469358e-05
1.000000000000000000e+00 2.506456329870851789e+02 5.623563186226326937e-05
1.000000000000000000e+00 2.611047652130738470e+02 5.734795068018537007e-05
1.000000000000000000e+00 2.715638974390624867e+02 5.686693115336405725e-05
1.000000000000000000e+00 2.820230296650511264e+02 5.499240688132584382e-05
1.000000000000000000e+00 2.924821618910398229e+02 5.385913214755612936e-05
1.000000000000000000e+00 3.029412941170284626e+02 5.213650184146634232e-05
1.000000000000000000e+00 3.134004263430171022e+02 4.959158691174401102e-05
1.000000000000000000e+00 3.238595585690057419e+02 4.721004673654515931e-05
1.000000000000000000e+00 3.343186907949943816e+02 4.247035835097318822e-05
1.000000000000000000e+00 3.447778230209830781e+02 4.028315739554796395e-05
1.000000000000000000e+00 3.552369552469717178e+02 3.604716639565407331e-05
1.000000000000000000e+00 3.656960874729603574e+02 3.318048785537988399e-05
1.000000000000000000e+00 3.761552196989489971e+02 2.973371696348601505e-05
1.000000000000000000e+00 3.866143519249376936e+02 2.517172108306288907e-05
1.000000000000000000e+00 3.970734841509263333e+02 2.193309968526587235e-05
1.000000000000000000e+00 4.075326163769149730e+02 1.982350267346718174e-05
1.000000000000000000e+00 4.179917486029036127e+02 1.610356933963252537e-05
1.000000000000000000e+00 4.284508808288922523e+02 1.314577717040236561e-05
1.000000000000000000e+00 4.389100130548809489e+02 1.085761739286968728e-05
1.000000000000000000e+00 4.493691452808695885e+02 7.344075025103082270e-06
1.000000000000000000e+00 4.598282775068582282e+02 5.116680087637853019e-06
1.000000000000000000e+00 4.702874097328468679e+02 3.083387500117970475e-06
1.000000000000000000e+00 4.807465419588355644e+02 7.356309908365809525e-07
1.000000000000000000e+00 4.856025676351874267e+02 0.000000000000000000e+00
