# mx [GeV]: 30.0
# sigma_p [cm^2]: 7.53565929453e-32
# depth [m]: 0.3
# loc: MPI
# Columns: gamma/pi, v [km/s], f(v, gamma) [s/km]
0.000000000000000000e+00 1.000000000000000000e+00 2.652335248417882817e-05
0.000000000000000000e+00 1.274860395615905029e+00 4.032599614344307352e-05
0.000000000000000000e+00 1.625269028309942021e+00 5.881305589349443706e-05
0.000000000000000000e+00 2.071991116413490097e+00 8.014994178723704459e-05
0.000000000000000000e+00 2.641499414383542632e+00 9.775783265161335455e-05
0.000000000000000000e+00 3.367542988440185070e+00 9.928666443365896893e-05
0.000000000000000000e+00 4.293147186496421241e+00 7.390417885358601031e-05
0.000000000000000000e+00 5.473163320614137461e+00 3.074754873061686224e-05
0.000000000000000000e+00 6.977519156188599858e+00 2.507490658268216709e-06
0.000000000000000000e+00 8.895362831876154175e+00 2.899731696905638043e-06
0.000000000000000000e+00 1.134034577899265273e+01 1.851669175234563840e-05
0.000000000000000000e+00 1.445735770622772876e+01 2.775049051480114388e-05
0.000000000000000000e+00 1.843111276492214046e+01 3.320782563503313578e-05
0.000000000000000000e+00 2.349709571112999029e+01 4.377773757146850511e-05
0.000000000000000000e+00 2.995551673411597093e+01 5.895133466130771127e-05
0.000000000000000000e+00 3.818910191453394276e+01 8.141954972662069777e-05
0.000000000000000000e+00 4.868577357497886737e+01 1.144643833894187302e-04
0.000000000000000000e+00 6.052589420584492075e+01 1.540167452305376639e-04
0.000000000000000000e+00 6.206756456066394634e+01 1.588826092814161464e-04
0.000000000000000000e+00 6.921679183540214808e+01 1.833094627850422921e-04
0.000000000000000000e+00 7.790768946495936120e+01 2.119817613865949686e-04
0.000000000000000000e+00 7.912747991072374987e+01 2.159437864109479608e-04
0.000000000000000000e+00 8.659858709451658854e+01 2.394471687914700043e-04
0.000000000000000000e+00 9.528948472407381587e+01 2.644931094040076937e-04
0.000000000000000000e+00 1.008764903430748774e+02 2.795289027042461758e-04
0.000000000000000000e+00 1.039803823536310290e+02 2.874195796117168787e-04
0.000000000000000000e+00 1.126712799831882563e+02 3.069828284161389329e-04
0.000000000000000000e+00 1.213621776127454837e+02 3.235558338231474653e-04
0.000000000000000000e+00 1.300530752423026968e+02 3.364476728229475562e-04
0.000000000000000000e+00 1.387439728718599099e+02 3.459983110189063520e-04
0.000000000000000000e+00 1.474348705014171514e+02 3.521131047951953975e-04
0.000000000000000000e+00 1.561257681309743646e+02 3.548105506090425175e-04
0.000000000000000000e+00 1.648166657605315777e+02 3.539841269437627434e-04
0.000000000000000000e+00 1.735075633900888192e+02 3.504407487621728550e-04
0.000000000000000000e+00 1.821984610196460324e+02 3.438617651838647769e-04
0.000000000000000000e+00 1.908893586492032455e+02 3.350150250486580569e-04
0.000000000000000000e+00 1.995802562787604870e+02 3.239381609805294855e-04
0.000000000000000000e+00 2.082711539083176717e+02 3.116771698448582884e-04
0.000000000000000000e+00 2.169620515378749133e+02 2.971236346930129844e-04
0.000000000000000000e+00 2.256529491674321548e+02 2.820848395507150183e-04
0.000000000000000000e+00 2.343438467969893395e+02 2.651422327283863706e-04
0.000000000000000000e+00 2.430347444265465811e+02 2.485564055178009625e-04
0.000000000000000000e+00 2.517256420561038226e+02 2.314526894622597375e-04
0.000000000000000000e+00 2.604165396856610073e+02 2.140840896883195073e-04
0.000000000000000000e+00 2.691074373152182488e+02 1.975329350620482903e-04
0.000000000000000000e+00 2.777983349447754904e+02 1.807406849595395617e-04
0.000000000000000000e+00 2.864892325743326751e+02 1.647066413771877203e-04
0.000000000000000000e+00 2.951801302038899166e+02 1.487414362594631295e-04
0.000000000000000000e+00 3.038710278334471582e+02 1.345342516990189234e-04
0.000000000000000000e+00 3.125619254630043429e+02 1.192148684811950553e-04
0.000000000000000000e+00 3.212528230925615844e+02 1.042992590636802289e-04
0.000000000000000000e+00 3.299437207221187691e+02 8.998883261091973726e-05
0.000000000000000000e+00 3.386346183516760107e+02 7.695241445221747724e-05
0.000000000000000000e+00 3.473255159812332522e+02 6.573070371208131917e-05
0.000000000000000000e+00 3.560164136107904369e+02 5.528119617634611111e-05
0.000000000000000000e+00 3.647073112403476784e+02 4.452076867807254918e-05
0.000000000000000000e+00 3.733982088699049200e+02 3.576428677297771130e-05
0.000000000000000000e+00 3.820891064994621047e+02 2.773743042220202604e-05
0.000000000000000000e+00 3.907800041290193462e+02 1.770539109613734874e-05
0.000000000000000000e+00 3.994709017585765309e+02 3.772935047376758231e-06
0.000000000000000000e+00 4.035059613722995095e+02 0.000000000000000000e+00
1.000000000000000056e-01 1.000000000000000000e+00 2.678364050764854451e-05
1.000000000000000056e-01 1.284531059654124618e+00 4.149464779600519157e-05
1.000000000000000056e-01 1.650020043216148258e+00 6.171316484654311028e-05
1.000000000000000056e-01 2.119501994562983160e+00 8.577641947083427469e-05
1.000000000000000056e-01 2.722566143015019868e+00 1.065582806368036366e-04
1.000000000000000056e-01 3.497220772665526223e+00 1.096594051816818005e-04
1.000000000000000056e-01 4.492288704956465040e+00 8.156785243332135855e-05
1.000000000000000056e-01 5.770484370449983302e+00 3.264344113820277527e-05
1.000000000000000056e-01 7.412366403091681377e+00 -6.533122680791529921e-07
1.000000000000000056e-01 9.521414870307989275e+00 4.944023091926432571e-06
1.000000000000000056e-01 1.223055313276325862e+01 2.267125374409685400e-05
1.000000000000000056e-01 1.571052537578446717e+01 3.129233219095961326e-05
1.000000000000000056e-01 2.018065780867943104e+01 3.867399555350454414e-05
1.000000000000000056e-01 2.592268175950028208e+01 5.106193359980920046e-05
1.000000000000000056e-01 3.329848986960753621e+01 6.991998071911542070e-05
1.000000000000000056e-01 4.277294447708911918e+01 9.824694158261429433e-05
1.000000000000000056e-01 5.494317569368230636e+01 1.391266909138938555e-04
1.000000000000000056e-01 6.987130228223041684e+01 1.918106697464032426e-04
1.000000000000000056e-01 7.057621569456846089e+01 1.942625560869398738e-04
1.000000000000000056e-01 7.990410466121734601e+01 2.267642104983561718e-04
1.000000000000000056e-01 8.993690704020427518e+01 2.598624561665838629e-04
1.000000000000000056e-01 9.065734113252212012e+01 2.621661029576038515e-04
1.000000000000000056e-01 9.996970941919121856e+01 2.904218651835085659e-04
1.000000000000000056e-01 1.100025117981781477e+02 3.173640087053688835e-04
1.000000000000000056e-01 1.164521704703840612e+02 3.325212484819070982e-04
1.000000000000000056e-01 1.200353141771650769e+02 3.402957417978640271e-04
1.000000000000000056e-01 1.300681165561520061e+02 3.589183475336894975e-04
1.000000000000000056e-01 1.401009189351389352e+02 3.724871237663461435e-04
1.000000000000000056e-01 1.501337213141258644e+02 3.816934980582501391e-04
1.000000000000000056e-01 1.601665236931127936e+02 3.867026740506169700e-04
1.000000000000000056e-01 1.701993260720997228e+02 3.865528909267238020e-04
1.000000000000000056e-01 1.802321284510866519e+02 3.827610066857847011e-04
1.000000000000000056e-01 1.902649308300735811e+02 3.751020212468848271e-04
1.000000000000000056e-01 2.002977332090605387e+02 3.643671571175821178e-04
1.000000000000000056e-01 2.103305355880474394e+02 3.501334484147468253e-04
1.000000000000000056e-01 2.203633379670343970e+02 3.343784078419859075e-04
1.000000000000000056e-01 2.303961403460212978e+02 3.160558146027797437e-04
1.000000000000000056e-01 2.404289427250082554e+02 2.965666242542541438e-04
1.000000000000000056e-01 2.504617451039951561e+02 2.769008984730662458e-04
1.000000000000000056e-01 2.604945474829821137e+02 2.562273850026405928e-04
1.000000000000000056e-01 2.705273498619690145e+02 2.354042872344812472e-04
1.000000000000000056e-01 2.805601522409559720e+02 2.148451288690694891e-04
1.000000000000000056e-01 2.905929546199428728e+02 1.946948275818962445e-04
1.000000000000000056e-01 3.006257569989298304e+02 1.749850694191021458e-04
1.000000000000000056e-01 3.106585593779167880e+02 1.553558485767259827e-04
1.000000000000000056e-01 3.206913617569036887e+02 1.357972019836332434e-04
1.000000000000000056e-01 3.307241641358906463e+02 1.171963224769381452e-04
1.000000000000000056e-01 3.407569665148775471e+02 1.000200078331098469e-04
1.000000000000000056e-01 3.507897688938645047e+02 8.409306675420513265e-05
1.000000000000000056e-01 3.608225712728514054e+02 6.898523842418336849e-05
1.000000000000000056e-01 3.708553736518383630e+02 5.649071871417821503e-05
1.000000000000000056e-01 3.808881760308252638e+02 4.596355239164828560e-05
1.000000000000000056e-01 3.909209784098122213e+02 3.677358622537460123e-05
1.000000000000000056e-01 4.009537807887991789e+02 2.893962733565325174e-05
1.000000000000000056e-01 4.109865831677860797e+02 2.217499333509542709e-05
1.000000000000000056e-01 4.210193855467730373e+02 1.649318451765244192e-05
1.000000000000000056e-01 4.310521879257599380e+02 1.158672318370551692e-05
1.000000000000000056e-01 4.410849903047468956e+02 7.466795447594851254e-06
1.000000000000000056e-01 4.511177926837337964e+02 4.007370217252236052e-06
1.000000000000000056e-01 4.611505950627207540e+02 1.156658847451200669e-06
1.000000000000000056e-01 4.658086818815361312e+02 0.000000000000000000e+00
2.000000000000000111e-01 1.000000000000000000e+00 2.747135445543177733e-05
2.000000000000000111e-01 1.293890220299459992e+00 4.381204077824282940e-05
2.000000000000000111e-01 1.674151902186585161e+00 6.759139710428867156e-05
2.000000000000000111e-01 2.166168773534960401e+00 9.857956519424086175e-05
2.000000000000000111e-01 2.802784591594961405e+00 1.305129435287306775e-04
2.000000000000000111e-01 3.626495572670736856e+00 1.460567864038661925e-04
2.000000000000000111e-01 4.692287155437955271e+00 1.209235852314820845e-04
2.000000000000000111e-01 6.071304461257943430e+00 5.413748805604685736e-05
2.000000000000000111e-01 7.855601466882133899e+00 1.870162385964500887e-06
2.000000000000000111e-01 1.016428591256888758e+01 2.104006832471003577e-06
2.000000000000000111e-01 1.315147013860045533e+01 2.650554529363433412e-05
2.000000000000000111e-01 1.701655859489551048e+01 3.875975527711333191e-05
2.000000000000000111e-01 2.201755874908802113e+01 4.794283411973626315e-05
2.000000000000000111e-01 2.848830394031379853e+01 6.336320527671882366e-05
2.000000000000000111e-01 3.686073786129060892e+01 8.736407679152067825e-05
2.000000000000000111e-01 4.769374823174594979e+01 1.240573112298656454e-04
2.000000000000000111e-01 6.171047440648074200e+01 1.775713110679701134e-04
2.000000000000000111e-01 7.984657932458554797e+01 2.508404525322628057e-04
2.000000000000000111e-01 8.020518159560816684e+01 2.522917247111911509e-04
2.000000000000000111e-01 9.172182305549036130e+01 2.980743816926335605e-04
2.000000000000000111e-01 1.032384645153725700e+02 3.413649374732169819e-04
2.000000000000000111e-01 1.033127081124463444e+02 3.416742699653719248e-04
2.000000000000000111e-01 1.147551059752547644e+02 3.810278881255551231e-04
2.000000000000000111e-01 1.262717474351369731e+02 4.155522036348445773e-04
2.000000000000000111e-01 1.336753026593469826e+02 4.349663968719397807e-04
2.000000000000000111e-01 1.377883888950191817e+02 4.448690823468699632e-04
2.000000000000000111e-01 1.493050303549013620e+02 4.678281234775062084e-04
2.000000000000000111e-01 1.608216718147835707e+02 4.843845055009252738e-04
2.000000000000000111e-01 1.723383132746657793e+02 4.944298410033819580e-04
2.000000000000000111e-01 1.838549547345479596e+02 4.982448016973581393e-04
2.000000000000000111e-01 1.953715961944301682e+02 4.961139002131000932e-04
2.000000000000000111e-01 2.068882376543123769e+02 4.886754775633450360e-04
2.000000000000000111e-01 2.184048791141945571e+02 4.760680538712260121e-04
2.000000000000000111e-01 2.299215205740767658e+02 4.595510108928182688e-04
2.000000000000000111e-01 2.414381620339589745e+02 4.391989909876229813e-04
2.000000000000000111e-01 2.529548034938411547e+02 4.154524465042339423e-04
2.000000000000000111e-01 2.644714449537233349e+02 3.902940869685137849e-04
2.000000000000000111e-01 2.759880864136055720e+02 3.628904013112715303e-04
2.000000000000000111e-01 2.875047278734877523e+02 3.350055230771723240e-04
2.000000000000000111e-01 2.990213693333699894e+02 3.063101442321005600e-04
2.000000000000000111e-01 3.105380107932521696e+02 2.762761475973685133e-04
2.000000000000000111e-01 3.220546522531343498e+02 2.451792673276141383e-04
2.000000000000000111e-01 3.335712937130165301e+02 2.165635608994710953e-04
2.000000000000000111e-01 3.450879351728987672e+02 1.896447270226680494e-04
2.000000000000000111e-01 3.566045766327809474e+02 1.654555814856057403e-04
2.000000000000000111e-01 3.681212180926631845e+02 1.427644263554935303e-04
2.000000000000000111e-01 3.796378595525453647e+02 1.227313956720619019e-04
2.000000000000000111e-01 3.911545010124275450e+02 1.040022574668325334e-04
2.000000000000000111e-01 4.026711424723097821e+02 8.758924132203931468e-05
2.000000000000000111e-01 4.141877839321919623e+02 7.304533641567978095e-05
2.000000000000000111e-01 4.257044253920741426e+02 5.992435513429321333e-05
2.000000000000000111e-01 4.372210668519563797e+02 4.851678720227323014e-05
2.000000000000000111e-01 4.487377083118385599e+02 3.868287291116704837e-05
2.000000000000000111e-01 4.602543497717207401e+02 3.023412665499008691e-05
2.000000000000000111e-01 4.717709912316029772e+02 2.299184758420772515e-05
2.000000000000000111e-01 4.832876326914851575e+02 1.689631744150157773e-05
2.000000000000000111e-01 4.948042741513673377e+02 1.174215841553409538e-05
2.000000000000000111e-01 5.063209156112495748e+02 7.524671196567508949e-06
2.000000000000000111e-01 5.178375570711317550e+02 3.958951425060345167e-06
2.000000000000000111e-01 5.293541985310139353e+02 1.103427928049345363e-06
2.000000000000000111e-01 5.347012106373878169e+02 0.000000000000000000e+00
3.000000000000000444e-01 1.000000000000000000e+00 2.833460122752287264e-05
3.000000000000000444e-01 1.301966818241946156e+00 4.663500943611369111e-05
3.000000000000000444e-01 1.695117595803057098e+00 7.505908399707988162e-05
3.000000000000000444e-01 2.206986862753643752e+00 1.159605991921003229e-04
3.000000000000000444e-01 2.873423663601136546e+00 1.659247080660867667e-04
3.000000000000000444e-01 3.741102264759888385e+00 2.051185938400078854e-04
3.000000000000000444e-01 4.870791012367170936e+00 1.911758004812856115e-04
3.000000000000000444e-01 6.341608276693153634e+00 9.882812846229944233e-05
3.000000000000000444e-01 8.256563550542978192e+00 4.993559475427983292e-06
3.000000000000000444e-01 1.074977177551286545e+01 -2.792554259773353726e-06
3.000000000000000444e-01 1.399584615539156474e+01 3.187529615992084226e-05
3.000000000000000444e-01 1.822212728753893174e+01 4.989101079975644831e-05
3.000000000000000444e-01 2.372460508615681363e+01 6.090441733560880483e-05
3.000000000000000444e-01 3.088864859807028651e+01 8.005741763730597348e-05
3.000000000000000444e-01 4.021599553502310442e+01 1.105812413342619047e-04
3.000000000000000444e-01 5.235989174916635847e+01 1.586791991634592738e-04
3.000000000000000444e-01 6.817084166415486379e+01 2.309811687552870642e-04
3.000000000000000444e-01 8.875617381835522224e+01 3.338619531509996632e-04
3.000000000000000444e-01 9.027129118538910291e+01 3.415628659844999367e-04
3.000000000000000444e-01 1.032333227402142057e+02 4.071951854308493934e-04
3.000000000000000444e-01 1.155575932256130329e+02 4.677398538567616648e-04
3.000000000000000444e-01 1.161953542950393086e+02 4.706776316122310158e-04
3.000000000000000444e-01 1.291573858498644256e+02 5.302395969460460372e-04
3.000000000000000444e-01 1.421194174046895284e+02 5.836959212044938320e-04
3.000000000000000444e-01 1.504521519756485759e+02 6.144531235957277756e-04
3.000000000000000444e-01 1.550814489595146313e+02 6.297622786452310942e-04
3.000000000000000444e-01 1.680434805143397341e+02 6.684377310659999705e-04
3.000000000000000444e-01 1.810055120691648369e+02 6.972151774153486324e-04
3.000000000000000444e-01 1.939675436239899398e+02 7.174297863540326755e-04
3.000000000000000444e-01 2.069295751788150426e+02 7.284217296584964219e-04
3.000000000000000444e-01 2.198916067336401738e+02 7.293331961075631090e-04
3.000000000000000444e-01 2.328536382884652767e+02 7.214474118593280612e-04
3.000000000000000444e-01 2.458156698432903795e+02 7.061588266146307186e-04
3.000000000000000444e-01 2.587777013981154823e+02 6.830477928279786101e-04
3.000000000000000444e-01 2.717397329529405852e+02 6.543921234350676738e-04
3.000000000000000444e-01 2.847017645077656880e+02 6.188985324724499172e-04
3.000000000000000444e-01 2.976637960625907908e+02 5.804615551579576883e-04
3.000000000000000444e-01 3.106258276174158937e+02 5.358742935055645648e-04
3.000000000000000444e-01 3.235878591722409965e+02 4.925460995330367166e-04
3.000000000000000444e-01 3.365498907270660993e+02 4.462933050275167584e-04
3.000000000000000444e-01 3.495119222818912021e+02 4.022090445066982918e-04
3.000000000000000444e-01 3.624739538367163050e+02 3.586416549839001084e-04
3.000000000000000444e-01 3.754359853915414078e+02 3.175737689523507718e-04
3.000000000000000444e-01 3.883980169463665106e+02 2.771728493295288077e-04
3.000000000000000444e-01 4.013600485011916135e+02 2.405609294836035157e-04
3.000000000000000444e-01 4.143220800560167163e+02 2.066841606198704332e-04
3.000000000000000444e-01 4.272841116108418191e+02 1.749416292454612559e-04
3.000000000000000444e-01 4.402461431656669220e+02 1.473114283758336792e-04
3.000000000000000444e-01 4.532081747204920248e+02 1.230042053649500788e-04
3.000000000000000444e-01 4.661702062753171276e+02 1.006474546072168481e-04
3.000000000000000444e-01 4.791322378301422305e+02 8.174395723496328484e-05
3.000000000000000444e-01 4.920942693849673333e+02 6.528996792113498401e-05
3.000000000000000444e-01 5.050563009397924361e+02 5.149073118018972168e-05
3.000000000000000444e-01 5.180183324946175389e+02 3.959476510032506919e-05
3.000000000000000444e-01 5.309803640494426418e+02 2.968895915284015070e-05
3.000000000000000444e-01 5.439423956042677446e+02 2.154571914805283604e-05
3.000000000000000444e-01 5.569044271590928474e+02 1.467373932090740535e-05
3.000000000000000444e-01 5.698664587139179503e+02 9.298887317642733335e-06
3.000000000000000444e-01 5.828284902687430531e+02 4.918589739193153111e-06
3.000000000000000444e-01 5.957905218235681559e+02 1.398616132680187479e-06
3.000000000000000444e-01 6.018086079025940762e+02 0.000000000000000000e+00
4.000000000000000222e-01 1.000000000000000000e+00 2.904565308785286157e-05
4.000000000000000222e-01 1.308147302010836732e+00 4.902683694303137355e-05
4.000000000000000222e-01 1.711249363758231556e+00 8.164729938225704883e-05
4.000000000000000222e-01 2.238566238268091979e+00 1.320985375384644319e-04
4.000000000000000222e-01 2.928374384962952437e+00 2.007128466488196546e-04
4.000000000000000222e-01 3.830745050966929632e+00 2.667933401226149463e-04
4.000000000000000222e-01 5.011178803113755187e+00 2.681109187656382825e-04
4.000000000000000222e-01 6.555360031187152714e+00 1.499667842278813582e-04
4.000000000000000222e-01 8.575376538507148538e+00 7.491295742598395504e-06
4.000000000000000222e-01 1.121785568257515564e+01 -9.686394935260660908e-06
4.000000000000000222e-01 1.467460764550762420e+01 3.802822542492611732e-05
4.000000000000000222e-01 1.919654839953840053e+01 6.095481136507878086e-05
4.000000000000000222e-01 2.511191299677660638e+01 7.435145286046629680e-05
4.000000000000000222e-01 3.285008123506418798e+01 9.760481862054078942e-05
4.000000000000000222e-01 4.297274513848602595e+01 1.355103537138469579e-04
4.000000000000000222e-01 5.621468061290980245e+01 1.973468773102601825e-04
4.000000000000000222e-01 7.353708277717886688e+01 2.940312888971354259e-04
4.000000000000000222e-01 9.619733643271410983e+01 4.389979263077993976e-04
4.000000000000000222e-01 9.877057845943114955e+01 4.561365236682805033e-04
4.000000000000000222e-01 1.129530204946315166e+02 5.526586404645812516e-04
4.000000000000000222e-01 1.258402861150836856e+02 6.401058453151273284e-04
4.000000000000000222e-01 1.271354625298318979e+02 6.487565211028753758e-04
4.000000000000000222e-01 1.413179045650322792e+02 7.421900313648999289e-04
4.000000000000000222e-01 1.555003466002326320e+02 8.292519635473069714e-04
4.000000000000000222e-01 1.646176307657185305e+02 8.814850519244253656e-04
4.000000000000000222e-01 1.696827886354329848e+02 9.089300355987728038e-04
4.000000000000000222e-01 1.838652306706333661e+02 9.766234480528617704e-04
4.000000000000000222e-01 1.980476727058337474e+02 1.032697710013287268e-03
4.000000000000000222e-01 2.122301147410341287e+02 1.075785677256560187e-03
4.000000000000000222e-01 2.264125567762344815e+02 1.103262542458558360e-03
4.000000000000000222e-01 2.405949988114348344e+02 1.115616346310324431e-03
4.000000000000000222e-01 2.547774408466352156e+02 1.113595194208118547e-03
4.000000000000000222e-01 2.689598828818355969e+02 1.098023945855072705e-03
4.000000000000000222e-01 2.831423249170359782e+02 1.068393733616038524e-03
4.000000000000000222e-01 2.973247669522363594e+02 1.026274022592715872e-03
4.000000000000000222e-01 3.115072089874366839e+02 9.758440796479226059e-04
4.000000000000000222e-01 3.256896510226370651e+02 9.165695849636353639e-04
4.000000000000000222e-01 3.398720930578374464e+02 8.497000533028530164e-04
4.000000000000000222e-01 3.540545350930378277e+02 7.817474570173697573e-04
4.000000000000000222e-01 3.682369771282381521e+02 7.109042656178643418e-04
4.000000000000000222e-01 3.824194191634385334e+02 6.364793564850588278e-04
4.000000000000000222e-01 3.966018611986389146e+02 5.686972978871407966e-04
4.000000000000000222e-01 4.107843032338392959e+02 4.970362850384309715e-04
4.000000000000000222e-01 4.249667452690396772e+02 4.340362893273214898e-04
4.000000000000000222e-01 4.391491873042400584e+02 3.745074557935141484e-04
4.000000000000000222e-01 4.533316293394403829e+02 3.195293460389184766e-04
4.000000000000000222e-01 4.675140713746407641e+02 2.684605465386676092e-04
4.000000000000000222e-01 4.816965134098411454e+02 2.234840766033047035e-04
4.000000000000000222e-01 4.958789554450415267e+02 1.841981212313986997e-04
4.000000000000000222e-01 5.100613974802419079e+02 1.494790799232364824e-04
4.000000000000000222e-01 5.242438395154422324e+02 1.198326504286700308e-04
4.000000000000000222e-01 5.384262815506426705e+02 9.473072112247481300e-05
4.000000000000000222e-01 5.526087235858429949e+02 7.297679800222297718e-05
4.000000000000000222e-01 5.667911656210434330e+02 5.569752475230728655e-05
4.000000000000000222e-01 5.809736076562437574e+02 4.120453247525275391e-05
4.000000000000000222e-01 5.951560496914440819e+02 2.946192021948171156e-05
4.000000000000000222e-01 6.093384917266445200e+02 2.013690333628343214e-05
4.000000000000000222e-01 6.235209337618448444e+02 1.235142481105721234e-05
4.000000000000000222e-01 6.377033757970451688e+02 6.492225855024141021e-06
4.000000000000000222e-01 6.518858178322456070e+02 1.875647581845769178e-06
4.000000000000000222e-01 6.584705230628743493e+02 0.000000000000000000e+00
5.000000000000000000e-01 1.000000000000000000e+00 2.932557408076641919e-05
5.000000000000000000e-01 1.312239492643717975e+00 5.011328592818548570e-05
5.000000000000000000e-01 1.721972486053842344e+00 8.476832131628755430e-05
5.000000000000000000e-01 2.259640301445736021e+00 1.398500526340509917e-04
5.000000000000000000e-01 2.965189242726450569e+00 2.174904717325541487e-04
5.000000000000000000e-01 3.891038427467967242e+00 2.959912607863771452e-04
5.000000000000000000e-01 5.105974291917775965e+00 3.023233359981085801e-04
5.000000000000000000e-01 6.700261114278049490e+00 1.675290203828281850e-04
5.000000000000000000e-01 8.792347245180661020e+00 4.235615133686936407e-06
5.000000000000000000e-01 1.153766528816326264e+01 -1.107944495914018173e-05
5.000000000000000000e-01 1.514018004403239281e+01 4.317696655992158588e-05
5.000000000000000000e-01 1.986754217951561685e+01 6.737604716395916666e-05
5.000000000000000000e-01 2.607097346972523511e+01 8.228771034160824085e-05
5.000000000000000000e-01 3.421136099864008173e+01 1.091827145190614842e-04
5.000000000000000000e-01 4.489349899950653366e+01 1.541780068988971302e-04
5.000000000000000000e-01 5.891102235011373267e+01 2.296855407131146169e-04
5.000000000000000000e-01 7.730537007983595288e+01 3.522316376945973729e-04
5.000000000000000000e-01 1.014431596121988264e+02 5.445756078622699010e-04
5.000000000000000000e-01 1.048093978503447659e+02 5.735422240991907205e-04
5.000000000000000000e-01 1.198589524134711866e+02 7.075043680401037855e-04
5.000000000000000000e-01 1.331177203016874557e+02 8.287944283278393361e-04
5.000000000000000000e-01 1.349085069765976073e+02 8.449150556841463237e-04
5.000000000000000000e-01 1.499580615397240422e+02 9.820309640301253147e-04
5.000000000000000000e-01 1.650076161028504771e+02 1.116066820559855283e-03
5.000000000000000000e-01 1.746823297505746666e+02 1.196508830210462867e-03
5.000000000000000000e-01 1.800571706659769120e+02 1.239128093616260074e-03
5.000000000000000000e-01 1.951067252291033185e+02 1.350801214083066594e-03
5.000000000000000000e-01 2.101562797922297534e+02 1.447909837250920114e-03
5.000000000000000000e-01 2.252058343553561599e+02 1.523317479743422232e-03
5.000000000000000000e-01 2.402553889184825948e+02 1.579331648474993546e-03
5.000000000000000000e-01 2.553049434816090297e+02 1.612653572727286736e-03
5.000000000000000000e-01 2.703544980447354646e+02 1.625465182163038542e-03
5.000000000000000000e-01 2.854040526078618996e+02 1.612095761172293402e-03
5.000000000000000000e-01 3.004536071709883345e+02 1.580614749925577300e-03
5.000000000000000000e-01 3.155031617341147694e+02 1.531288499377042762e-03
5.000000000000000000e-01 3.305527162972411475e+02 1.458118419832476944e-03
5.000000000000000000e-01 3.456022708603675824e+02 1.374958482406958907e-03
5.000000000000000000e-01 3.606518254234940173e+02 1.281956817469828269e-03
5.000000000000000000e-01 3.757013799866203954e+02 1.177031318484361320e-03
5.000000000000000000e-01 3.907509345497468303e+02 1.071795030351000311e-03
5.000000000000000000e-01 4.058004891128732652e+02 9.653987127700978423e-04
5.000000000000000000e-01 4.208500436759997001e+02 8.576924251399787365e-04
5.000000000000000000e-01 4.358995982391261350e+02 7.540131382918900844e-04
5.000000000000000000e-01 4.509491528022525699e+02 6.540749401178254244e-04
5.000000000000000000e-01 4.659987073653790048e+02 5.599394555134908254e-04
5.000000000000000000e-01 4.810482619285054398e+02 4.753080317691869144e-04
5.000000000000000000e-01 4.960978164916318747e+02 3.974594191158983630e-04
5.000000000000000000e-01 5.111473710547583096e+02 3.283967441878162473e-04
5.000000000000000000e-01 5.261969256178847445e+02 2.681489016535759749e-04
5.000000000000000000e-01 5.412464801810110657e+02 2.165483482532623561e-04
5.000000000000000000e-01 5.562960347441375006e+02 1.727745283809054044e-04
5.000000000000000000e-01 5.713455893072639356e+02 1.351856945558707851e-04
5.000000000000000000e-01 5.863951438703903705e+02 1.014280640279086314e-04
5.000000000000000000e-01 6.014446984335168054e+02 7.813829586666862443e-05
5.000000000000000000e-01 6.164942529966432403e+02 5.760463016297740890e-05
5.000000000000000000e-01 6.315438075597696752e+02 4.086786162337415721e-05
5.000000000000000000e-01 6.465933621228961101e+02 2.771417621780867860e-05
5.000000000000000000e-01 6.616429166860225450e+02 1.710228062935569758e-05
5.000000000000000000e-01 6.766924712491489800e+02 8.806917840917039198e-06
5.000000000000000000e-01 6.917420258122754149e+02 2.443316921934967506e-06
5.000000000000000000e-01 6.987293190022984390e+02 0.000000000000000000e+00
6.000000000000000888e-01 1.000000000000000000e+00 2.906369491014247649e-05
6.000000000000000888e-01 1.314495166644535473e+00 4.952881656140897489e-05
6.000000000000000888e-01 1.727897543131844849e+00 8.322866078432387483e-05
6.000000000000000888e-01 2.271312968903777652e+00 1.355807855746351816e-04
6.000000000000000888e-01 2.985629919561065826e+00 2.063979508712257885e-04
6.000000000000000888e-01 3.924596098652334497e+00 2.714607821141172377e-04
6.000000000000000888e-01 5.158862602710493128e+00 2.620054194922072431e-04
6.000000000000000888e-01 6.781299956646193117e+00 1.297925906709279339e-04
6.000000000000000888e-01 8.913986016578217431e+00 -3.636910799359281055e-06
6.000000000000000888e-01 1.171739153432904068e+01 -3.139988469625209418e-06
6.000000000000000888e-01 1.540245453755712290e+01 4.482725818465185639e-05
6.000000000000000888e-01 2.024645204408103538e+01 6.458672614171629019e-05
6.000000000000000888e-01 2.661386335364488431e+01 8.105983714547129564e-05
6.000000000000000888e-01 3.498379474410433687e+01 1.106249547203776417e-04
6.000000000000000888e-01 4.598602910200965965e+01 1.611214258755666823e-04
6.000000000000000888e-01 6.044841298776661631e+01 2.473818781535395452e-04
6.000000000000000888e-01 7.945914670375199762e+01 3.914366047871425101e-04
6.000000000000000888e-01 1.044486642877810283e+02 6.258767856760999535e-04
6.000000000000000888e-01 1.082859542437558673e+02 6.656019837751387573e-04
6.000000000000000888e-01 1.238347066479874741e+02 8.342862767959480881e-04
6.000000000000000888e-01 1.372972643687658660e+02 9.872129702554065158e-04
6.000000000000000888e-01 1.393834590522190808e+02 1.010977938156898664e-03
6.000000000000000888e-01 1.549322114564507160e+02 1.191455816264117397e-03
6.000000000000000888e-01 1.704809638606823228e+02 1.369484455210475023e-03
6.000000000000000888e-01 1.804765904062597599e+02 1.480391923695762411e-03
6.000000000000000888e-01 1.860297162649139295e+02 1.540215482373617122e-03
6.000000000000000888e-01 2.015784686691455363e+02 1.696121022483683405e-03
6.000000000000000888e-01 2.171272210733771431e+02 1.833707796986580639e-03
6.000000000000000888e-01 2.326759734776087498e+02 1.951456860217391960e-03
6.000000000000000888e-01 2.482247258818403566e+02 2.039994573181504699e-03
6.000000000000000888e-01 2.637734782860719633e+02 2.099979522069843167e-03
6.000000000000000888e-01 2.793222306903035701e+02 2.130694528039887674e-03
6.000000000000000888e-01 2.948709830945351769e+02 2.126990173726751778e-03
6.000000000000000888e-01 3.104197354987668405e+02 2.100070393238498943e-03
6.000000000000000888e-01 3.259684879029983904e+02 2.040651989434560422e-03
6.000000000000000888e-01 3.415172403072300540e+02 1.956953892267735817e-03
6.000000000000000888e-01 3.570659927114616039e+02 1.849851286301701760e-03
6.000000000000000888e-01 3.726147451156932675e+02 1.729681817972060585e-03
6.000000000000000888e-01 3.881634975199248174e+02 1.603513936297155679e-03
6.000000000000000888e-01 4.037122499241564810e+02 1.454763429966585316e-03
6.000000000000000888e-01 4.192610023283880309e+02 1.308590986941458563e-03
6.000000000000000888e-01 4.348097547326196946e+02 1.166550365400667328e-03
6.000000000000000888e-01 4.503585071368512445e+02 1.025107405207866321e-03
6.000000000000000888e-01 4.659072595410829081e+02 8.916795950417474685e-04
6.000000000000000888e-01 4.814560119453145717e+02 7.657508278384083300e-04
6.000000000000000888e-01 4.970047643495461216e+02 6.453536560243513642e-04
6.000000000000000888e-01 5.125535167537777852e+02 5.404650189895660603e-04
6.000000000000000888e-01 5.281022691580093351e+02 4.477176924198320116e-04
6.000000000000000888e-01 5.436510215622409987e+02 3.640381883937985133e-04
6.000000000000000888e-01 5.591997739664725486e+02 2.941394939265696315e-04
6.000000000000000888e-01 5.747485263707042122e+02 2.329921359429009060e-04
6.000000000000000888e-01 5.902972787749357622e+02 1.823431352715457947e-04
6.000000000000000888e-01 6.058460311791674258e+02 1.402437017623990242e-04
6.000000000000000888e-01 6.213947835833990894e+02 1.050944955379393164e-04
6.000000000000000888e-01 6.369435359876306393e+02 7.669532143254630715e-05
6.000000000000000888e-01 6.524922883918623029e+02 5.459734047289131428e-05
6.000000000000000888e-01 6.680410407960938528e+02 3.680064203291730923e-05
6.000000000000000888e-01 6.835897932003255164e+02 2.300050390963549149e-05
6.000000000000000888e-01 6.991385456045570663e+02 1.180170430881279670e-05
6.000000000000000888e-01 7.146872980087887299e+02 3.216867053281112748e-06
6.000000000000000888e-01 7.219063616250391533e+02 0.000000000000000000e+00
7.000000000000000666e-01 1.000000000000000000e+00 2.836810565999516441e-05
7.000000000000000666e-01 1.315546003103673423e+00 4.761266095800634841e-05
7.000000000000000666e-01 1.730661286282050071e+00 7.797371254165806230e-05
7.000000000000000666e-01 2.276764537894613305e+00 1.219156764582186240e-04
7.000000000000000666e-01 2.995188487835439783e+00 1.742779285977426437e-04
7.000000000000000666e-01 3.940308243714047975e+00 2.091072456116261323e-04
7.000000000000000666e-01 5.183656761014471037e+00 1.763510352149607956e-04
7.000000000000000666e-01 6.819338933413919612e+00 6.844666065562210239e-05
7.000000000000000666e-01 8.971154077661950055e+00 -6.708592135966740279e-06
7.000000000000000666e-01 1.180196589009539920e+01 9.454321950468424100e-06
7.000000000000000666e-01 1.552602905548088685e+01 4.195452825210749438e-05
7.000000000000000666e-01 2.042520546800937709e+01 5.614221513112695503e-05
7.000000000000000666e-01 2.687029741601103794e+01 7.378856640197514565e-05
7.000000000000000666e-01 3.534911236784027722e+01 1.050295982065390190e-04
7.000000000000000666e-01 4.650338348877489381e+01 1.591227775308060011e-04
7.000000000000000666e-01 6.117734027945518704e+01 2.524786811858219324e-04
7.000000000000000666e-01 8.048160548515062374e+01 4.113152619223695234e-04
7.000000000000000666e-01 1.058772544193566034e+02 6.756828525859982608e-04
7.000000000000000666e-01 1.099425991928493005e+02 7.227859301907217432e-04
7.000000000000000666e-01 1.257292288205404844e+02 9.167853697026691253e-04
7.000000000000000666e-01 1.392863988709752903e+02 1.093344065711773913e-03
7.000000000000000666e-01 1.415158584482316542e+02 1.123351705807871213e-03
7.000000000000000666e-01 1.573024880759228381e+02 1.337173376480772649e-03
7.000000000000000666e-01 1.730891177036140220e+02 1.549184799322724654e-03
7.000000000000000666e-01 1.832376653214155056e+02 1.683785060822975271e-03
7.000000000000000666e-01 1.888757473313052060e+02 1.756190751062016320e-03
7.000000000000000666e-01 2.046623769589963899e+02 1.948972837773343307e-03
7.000000000000000666e-01 2.204490065866875739e+02 2.121322202452062197e-03
7.000000000000000666e-01 2.362356362143787578e+02 2.266429666659027387e-03
7.000000000000000666e-01 2.520222658420699418e+02 2.385222376337044203e-03
7.000000000000000666e-01 2.678088954697611257e+02 2.465053253807427801e-03
7.000000000000000666e-01 2.835955250974523096e+02 2.512678513065996332e-03
7.000000000000000666e-01 2.993821547251434367e+02 2.519727776145799358e-03
7.000000000000000666e-01 3.151687843528346207e+02 2.495302112164850348e-03
7.000000000000000666e-01 3.309554139805258046e+02 2.434697492666744196e-03
7.000000000000000666e-01 3.467420436082169886e+02 2.346260644096993375e-03
7.000000000000000666e-01 3.625286732359081725e+02 2.221157294766708517e-03
7.000000000000000666e-01 3.783153028635993564e+02 2.083725355977199354e-03
7.000000000000000666e-01 3.941019324912905404e+02 1.936559140406163065e-03
7.000000000000000666e-01 4.098885621189817243e+02 1.766119747871042027e-03
7.000000000000000666e-01 4.256751917466729083e+02 1.593937178788364020e-03
7.000000000000000666e-01 4.414618213743640922e+02 1.420308924978200705e-03
7.000000000000000666e-01 4.572484510020552761e+02 1.244857874717260685e-03
7.000000000000000666e-01 4.730350806297464601e+02 1.085436746784523279e-03
7.000000000000000666e-01 4.888217102574375872e+02 9.304874925336922408e-04
7.000000000000000666e-01 5.046083398851287711e+02 7.887362644523705432e-04
7.000000000000000666e-01 5.203949695128200119e+02 6.607485809395262583e-04
7.000000000000000666e-01 5.361815991405111390e+02 5.451781113803131794e-04
7.000000000000000666e-01 5.519682287682023798e+02 4.459750865360130948e-04
7.000000000000000666e-01 5.677548583958935069e+02 3.589450271785926011e-04
7.000000000000000666e-01 5.835414880235847477e+02 2.845200816114758441e-04
7.000000000000000666e-01 5.993281176512758748e+02 2.221469342389428771e-04
7.000000000000000666e-01 6.151147472789671156e+02 1.710030476396921610e-04
7.000000000000000666e-01 6.309013769066582427e+02 1.285016681136211714e-04
7.000000000000000666e-01 6.466880065343494834e+02 9.414917083186438392e-05
7.000000000000000666e-01 6.624746361620406105e+02 6.659853896059799523e-05
7.000000000000000666e-01 6.782612657897318513e+02 4.488188825837030594e-05
7.000000000000000666e-01 6.940478954174229784e+02 2.776871858066577112e-05
7.000000000000000666e-01 7.098345250451142192e+02 1.430128297192788133e-05
7.000000000000000666e-01 7.256211546728053463e+02 3.958300612060508611e-06
7.000000000000000666e-01 7.329506612856620222e+02 0.000000000000000000e+00
8.000000000000000444e-01 1.000000000000000000e+00 2.751610444998185879e-05
8.000000000000000444e-01 1.316014108618734912e+00 4.522974861990607988e-05
8.000000000000000444e-01 1.731893134083563490e+00 7.151024688172441252e-05
8.000000000000000444e-01 2.279195799073888029e+00 1.055630565673357007e-04
8.000000000000000444e-01 2.999453827885788293e+00 1.378698846845549881e-04
8.000000000000000444e-01 3.947323555648168281e+00 1.441635248016443025e-04
8.000000000000000444e-01 5.194733490516059149e+00 9.889525098865543115e-05
8.000000000000000444e-01 6.836342564033382807e+00 2.454750184487014121e-05
8.000000000000000444e-01 8.996723265618708609e+00 -3.174570092993016952e-06
8.000000000000000444e-01 1.183981474889264085e+01 1.862507891640501553e-05
8.000000000000000444e-01 1.558136325297489932e+01 3.702419485258715297e-05
8.000000000000000444e-01 2.050529387242847434e+01 4.803718870583767301e-05
8.000000000000000444e-01 2.698525603748916168e+01 6.641799382164810257e-05
8.000000000000000444e-01 3.551297767002463246e+01 9.853435956405969464e-05
8.000000000000000444e-01 4.673557965281452908e+01 1.547031852970424796e-04
8.000000000000000444e-01 6.150468219757858890e+01 2.522151116173787207e-04
8.000000000000000444e-01 8.094102951812496372e+01 4.200181072997951097e-04
8.000000000000000444e-01 1.065195368119779857e+02 7.027607146970083624e-04
8.000000000000000444e-01 1.106882726702556710e+02 7.547223007297004620e-04
8.000000000000000444e-01 1.265819733613693074e+02 9.645260423931634707e-04
8.000000000000000444e-01 1.401812132880957051e+02 1.156347946164638669e-03
8.000000000000000444e-01 1.424756740524829297e+02 1.189557997184047733e-03
8.000000000000000444e-01 1.583693747435965804e+02 1.423834389162611765e-03
8.000000000000000444e-01 1.742630754347102311e+02 1.657344188414411074e-03
8.000000000000000444e-01 1.844804544504260377e+02 1.805031046595295457e-03
8.000000000000000444e-01 1.901567761258238534e+02 1.885625444155426562e-03
8.000000000000000444e-01 2.060504768169374756e+02 2.100699294210326817e-03
8.000000000000000444e-01 2.219441775080511263e+02 2.292616857819865846e-03
8.000000000000000444e-01 2.378378781991647770e+02 2.459236120269890028e-03
8.000000000000000444e-01 2.537315788902783993e+02 2.595133818520990471e-03
8.000000000000000444e-01 2.696252795813920216e+02 2.690194747538524490e-03
8.000000000000000444e-01 2.855189802725057007e+02 2.742428491548330564e-03
8.000000000000000444e-01 3.014126809636193229e+02 2.760957222633959526e-03
8.000000000000000444e-01 3.173063816547329452e+02 2.736252049766076458e-03
8.000000000000000444e-01 3.332000823458465675e+02 2.674165319837668985e-03
8.000000000000000444e-01 3.490937830369602466e+02 2.575743746893681147e-03
8.000000000000000444e-01 3.649874837280738689e+02 2.450560285405767660e-03
8.000000000000000444e-01 3.808811844191874911e+02 2.299944511144792238e-03
8.000000000000000444e-01 3.967748851103011134e+02 2.132163043103854974e-03
8.000000000000000444e-01 4.126685858014147925e+02 1.945321819177566131e-03
8.000000000000000444e-01 4.285622864925284148e+02 1.758323978205775283e-03
8.000000000000000444e-01 4.444559871836420371e+02 1.566242327391511495e-03
8.000000000000000444e-01 4.603496878747557162e+02 1.380145918189109753e-03
8.000000000000000444e-01 4.762433885658693384e+02 1.199874850669390260e-03
8.000000000000000444e-01 4.921370892569829607e+02 1.030912065721694077e-03
8.000000000000000444e-01 5.080307899480965830e+02 8.749230965009874295e-04
8.000000000000000444e-01 5.239244906392101484e+02 7.335131893003126033e-04
8.000000000000000444e-01 5.398181913303238844e+02 6.057684139761350742e-04
8.000000000000000444e-01 5.557118920214375066e+02 4.936813763858843114e-04
8.000000000000000444e-01 5.716055927125511289e+02 3.975749365372231378e-04
8.000000000000000444e-01 5.874992934036647512e+02 3.157972904589830768e-04
8.000000000000000444e-01 6.033929940947783734e+02 2.459108022626008703e-04
8.000000000000000444e-01 6.192866947858919957e+02 1.890616165313481890e-04
8.000000000000000444e-01 6.351803954770056180e+02 1.417184058077949611e-04
8.000000000000000444e-01 6.510740961681192402e+02 1.034913152133172830e-04
8.000000000000000444e-01 6.669677968592328625e+02 7.301551352577197293e-05
8.000000000000000444e-01 6.828614975503464848e+02 4.896819519104417772e-05
8.000000000000000444e-01 6.987551982414602207e+02 3.004621120564669810e-05
8.000000000000000444e-01 7.146488989325738430e+02 1.550397363523832404e-05
8.000000000000000444e-01 7.305425996236874653e+02 4.251649506964040271e-06
8.000000000000000444e-01 7.379218178017044920e+02 0.000000000000000000e+00
9.000000000000000222e-01 1.000000000000000000e+00 2.683496664399209237e-05
9.000000000000000222e-01 1.316217565444597559e+00 4.333060466176628158e-05
9.000000000000000222e-01 1.732428679584903097e+00 6.643826803865873580e-05
9.000000000000000222e-01 2.280253058949639922e+00 9.310188022899746718e-05
9.000000000000000222e-01 3.001309129848291235e+00 1.114733190969190082e-04
9.000000000000000222e-01 3.950375796035560771e+00 1.008996464602049040e-04
9.000000000000000222e-01 5.199554012849190165e+00 5.390259987589437367e-05
9.000000000000000222e-01 6.843744324190047301e+00 5.596770913752560165e-06
9.000000000000000222e-01 9.007856492910706336e+00 4.654174972037981065e-07
9.000000000000000222e-01 1.185629894297324149e+01 2.178065009983246486e-05
9.000000000000000222e-01 1.560546892990359069e+01 3.284257354656286524e-05
9.000000000000000222e-01 2.054019232253900640e+01 4.301918695560171858e-05
9.000000000000000222e-01 2.703536193253611586e+01 6.178706388992252373e-05
9.000000000000000222e-01 3.558441826375622696e+01 9.438421804017838371e-05
9.000000000000000222e-01 4.683683637488348239e+01 1.515937595454978372e-04
9.000000000000000222e-01 6.164746674647611968e+01 2.513209697882662656e-04
9.000000000000000222e-01 8.114147859687356856e+01 4.239644231254489936e-04
9.000000000000000222e-01 1.067998394153518831e+02 7.164771572271608473e-04
9.000000000000000222e-01 1.110138628669305518e+02 7.710627045372741000e-04
9.000000000000000222e-01 1.269543149709000716e+02 9.896266074092135989e-04
9.000000000000000222e-01 1.405718246251483947e+02 1.189097323083151666e-03
9.000000000000000222e-01 1.428947670748695771e+02 1.223968620264060357e-03
9.000000000000000222e-01 1.588352191788391110e+02 1.468111443062351156e-03
9.000000000000000222e-01 1.747756712828086165e+02 1.714622277950471081e-03
9.000000000000000222e-01 1.850231047782176859e+02 1.869198603766304614e-03
9.000000000000000222e-01 1.907161233867781220e+02 1.952729660637086105e-03
9.000000000000000222e-01 2.066565754907476276e+02 2.180277947185607287e-03
9.000000000000000222e-01 2.225970275947171331e+02 2.382761143292669564e-03
9.000000000000000222e-01 2.385374796986866670e+02 2.557546490130938825e-03
9.000000000000000222e-01 2.544779318026562009e+02 2.698866466787880336e-03
9.000000000000000222e-01 2.704183839066257065e+02 2.799813388041861618e-03
9.000000000000000222e-01 2.863588360105952120e+02 2.857796166378732093e-03
9.000000000000000222e-01 3.022992881145647175e+02 2.874723870001412527e-03
9.000000000000000222e-01 3.182397402185342230e+02 2.852343725961608775e-03
9.000000000000000222e-01 3.341801923225037285e+02 2.789696918215477540e-03
9.000000000000000222e-01 3.501206444264732909e+02 2.685584781353654495e-03
9.000000000000000222e-01 3.660610965304427964e+02 2.557536133911907615e-03
9.000000000000000222e-01 3.820015486344123019e+02 2.397392285472961168e-03
9.000000000000000222e-01 3.979420007383818074e+02 2.222986308849828670e-03
9.000000000000000222e-01 4.138824528423513129e+02 2.035421549529105312e-03
9.000000000000000222e-01 4.298229049463208185e+02 1.836382406001525920e-03
9.000000000000000222e-01 4.457633570502903240e+02 1.639253067526697362e-03
9.000000000000000222e-01 4.617038091542598295e+02 1.442945950612826685e-03
9.000000000000000222e-01 4.776442612582293918e+02 1.254541876004379138e-03
9.000000000000000222e-01 4.935847133621988974e+02 1.077898696426373261e-03
9.000000000000000222e-01 5.095251654661684029e+02 9.130513007951751277e-04
9.000000000000000222e-01 5.254656175701379652e+02 7.646916357367339410e-04
9.000000000000000222e-01 5.414060696741074707e+02 6.329776709712398941e-04
9.000000000000000222e-01 5.573465217780769763e+02 5.157705623652403433e-04
9.000000000000000222e-01 5.732869738820464818e+02 4.149238710124537703e-04
9.000000000000000222e-01 5.892274259860159873e+02 3.284030993713851505e-04
9.000000000000000222e-01 6.051678780899854928e+02 2.560416949649141046e-04
9.000000000000000222e-01 6.211083301939549983e+02 1.960876302551472876e-04
9.000000000000000222e-01 6.370487822979246175e+02 1.465726763933800048e-04
9.000000000000000222e-01 6.529892344018941230e+02 1.071787714550520169e-04
9.000000000000000222e-01 6.689296865058636286e+02 7.536552253946405806e-05
9.000000000000000222e-01 6.848701386098331341e+02 5.041123678317059451e-05
9.000000000000000222e-01 7.008105907138026396e+02 3.093661002346429520e-05
9.000000000000000222e-01 7.167510428177721451e+02 1.588123141124510868e-05
9.000000000000000222e-01 7.326914949217416506e+02 4.410227033833201590e-06
9.000000000000000222e-01 7.400924191128704024e+02 0.000000000000000000e+00
1.000000000000000000e+00 1.000000000000000000e+00 2.657680994820899384e-05
1.000000000000000000e+00 1.316276032020119446e+00 4.261313475713418959e-05
1.000000000000000000e+00 1.732582592470630622e+00 6.454210799102602658e-05
1.000000000000000000e+00 2.280556939964373697e+00 8.854222381347982786e-05
1.000000000000000000e+00 3.001842439732251400e+00 1.021019755348862875e-04
1.000000000000000000e+00 3.951253255320362978e+00 8.638392928746832262e-05
1.000000000000000000e+00 5.200939956419666998e+00 4.028939273623689642e-05
1.000000000000000000e+00 6.845872608610973131e+00 3.704171926371625177e-06
1.000000000000000000e+00 9.011058032977675936e+00 4.106555620213216133e-06
1.000000000000000000e+00 1.186103971195087858e+01 2.135779889672235828e-05
1.000000000000000000e+00 1.561240228767976390e+01 3.112848476902050954e-05
1.000000000000000000e+00 2.055023093352895458e+01 4.135055105789682572e-05
1.000000000000000000e+00 2.704977643028260914e+01 6.011390070015630311e-05
1.000000000000000000e+00 3.560497238668374820e+01 9.316337334032842186e-05
1.000000000000000000e+00 4.686597177333000985e+01 1.506543424943514403e-04
1.000000000000000000e+00 6.168855536256574368e+01 2.506567017670907073e-04
1.000000000000000000e+00 8.119916687369151020e+01 4.251019040312557741e-04
1.000000000000000000e+00 1.068805171758421864e+02 7.210169137086422722e-04
1.000000000000000000e+00 1.111075941198734682e+02 7.760097077394282911e-04
1.000000000000000000e+00 1.270615050704194005e+02 9.973471672707556138e-04
1.000000000000000000e+00 1.406842630484757990e+02 1.199433050023336784e-03
1.000000000000000000e+00 1.430154160209653469e+02 1.234621173554905239e-03
1.000000000000000000e+00 1.589693269715112649e+02 1.482995670751343113e-03
1.000000000000000000e+00 1.749232379220571829e+02 1.731279563508271143e-03
1.000000000000000000e+00 1.851793235331224423e+02 1.889543919996236132e-03
1.000000000000000000e+00 1.908771488726031293e+02 1.972631169075839130e-03
1.000000000000000000e+00 2.068310598231490758e+02 2.202590143259734300e-03
1.000000000000000000e+00 2.227849707736949938e+02 2.409414127470361003e-03
1.000000000000000000e+00 2.387388817242409118e+02 2.587080074637453618e-03
1.000000000000000000e+00 2.546927926747868582e+02 2.729190912826718989e-03
1.000000000000000000e+00 2.706467036253328047e+02 2.832831134606046859e-03
1.000000000000000000e+00 2.866006145758786943e+02 2.892154139642860288e-03
1.000000000000000000e+00 3.025545255264246407e+02 2.910972452493515699e-03
1.000000000000000000e+00 3.185084364769705871e+02 2.885079255260985989e-03
1.000000000000000000e+00 3.344623474275165336e+02 2.822556961966224062e-03
1.000000000000000000e+00 3.504162583780624232e+02 2.718533617420017864e-03
1.000000000000000000e+00 3.663701693286083696e+02 2.585973332984492067e-03
1.000000000000000000e+00 3.823240802791543160e+02 2.429482566847535226e-03
1.000000000000000000e+00 3.982779912297002625e+02 2.248524132670712966e-03
1.000000000000000000e+00 4.142319021802461521e+02 2.059359685426410264e-03
1.000000000000000000e+00 4.301858131307920985e+02 1.858420766479231380e-03
1.000000000000000000e+00 4.461397240813380449e+02 1.659461910423715028e-03
1.000000000000000000e+00 4.620936350318839345e+02 1.460181795672054134e-03
1.000000000000000000e+00 4.780475459824298810e+02 1.270758452292326292e-03
1.000000000000000000e+00 4.940014569329758274e+02 1.088785556802779331e-03
1.000000000000000000e+00 5.099553678835217738e+02 9.240383766037591016e-04
1.000000000000000000e+00 5.259092788340677771e+02 7.749875930429743053e-04
1.000000000000000000e+00 5.418631897846136098e+02 6.401325763868117224e-04
1.000000000000000000e+00 5.578171007351595563e+02 5.204456881884037467e-04
1.000000000000000000e+00 5.737710116857055027e+02 4.184680156545887014e-04
1.000000000000000000e+00 5.897249226362514491e+02 3.296710036678277282e-04
1.000000000000000000e+00 6.056788335867973956e+02 2.573051045854845773e-04
1.000000000000000000e+00 6.216327445373433420e+02 1.958971645053074863e-04
1.000000000000000000e+00 6.375866554878892885e+02 1.468990360833346751e-04
1.000000000000000000e+00 6.535405664384352349e+02 1.088746111572898301e-04
1.000000000000000000e+00 6.694944773889811813e+02 7.545745210454098508e-05
1.000000000000000000e+00 6.854483883395271278e+02 5.227000059091600764e-05
1.000000000000000000e+00 7.014022992900729605e+02 3.269367755453074465e-05
1.000000000000000000e+00 7.173562102406189069e+02 1.612966689870976608e-05
1.000000000000000000e+00 7.333101211911648534e+02 4.159512725024928226e-06
1.000000000000000000e+00 7.407172941324897693e+02 0.000000000000000000e+00
