# mx [GeV]: 1000.0
# sigma_p [cm^2]: 5.12861383991e-29
# depth [m]: 0.3
# loc: MPI
# Columns: gamma/pi, v [km/s], f(v, gamma) [s/km]
0.000000000000000000e+00 1.000000000000000000e+00 7.066328068807835490e-03
0.000000000000000000e+00 1.033921520640356695e+00 6.442261744832953468e-03
0.000000000000000000e+00 1.068993710843267664e+00 6.332581742093311601e-03
0.000000000000000000e+00 1.105255603070049109e+00 6.211996102943378659e-03
0.000000000000000000e+00 1.130876493402701799e+00 6.123684558861357263e-03
0.000000000000000000e+00 1.142747553822459849e+00 6.081983806625627410e-03
0.000000000000000000e+00 1.181511288556165606e+00 5.943701704266139349e-03
0.000000000000000000e+00 1.221589948117737912e+00 5.798195782302654859e-03
0.000000000000000000e+00 1.263028136756866315e+00 5.456264304157492327e-03
0.000000000000000000e+00 1.293258759122064117e+00 5.369049702909889886e-03
0.000000000000000000e+00 1.305871971767215589e+00 5.332208936367753040e-03
0.000000000000000000e+00 1.350169134811180616e+00 5.200973398728267645e-03
0.000000000000000000e+00 1.395968924985650617e+00 5.063525625507692661e-03
0.000000000000000000e+00 1.443322313687848135e+00 4.921271104469706822e-03
0.000000000000000000e+00 1.455641024841426434e+00 4.884325063252479768e-03
0.000000000000000000e+00 1.492282001342297715e+00 4.460615219252014353e-03
0.000000000000000000e+00 1.542902476052063543e+00 4.362815612136521949e-03
0.000000000000000000e+00 1.595240074239521189e+00 4.257494836722212038e-03
0.000000000000000000e+00 1.618023290560788752e+00 4.210611683049085563e-03
0.000000000000000000e+00 1.649353043344161218e+00 4.145436338625890955e-03
0.000000000000000000e+00 1.705301606647195545e+00 4.027357474111251633e-03
0.000000000000000000e+00 1.763148030295111912e+00 3.902234587857744772e-03
0.000000000000000000e+00 1.780405556280151069e+00 3.865773130361308853e-03
0.000000000000000000e+00 1.822956692596771955e+00 3.598677657417618820e-03
0.000000000000000000e+00 1.884794155671169813e+00 3.497924774606329078e-03
0.000000000000000000e+00 1.942787821999513387e+00 3.401423086687979051e-03
0.000000000000000000e+00 2.105170087718875926e+00 3.049642928058101266e-03
0.000000000000000000e+00 2.267552353438238022e+00 2.808396070685472562e-03
0.000000000000000000e+00 2.429934619157600117e+00 2.440688543747457969e-03
0.000000000000000000e+00 2.592316884876962657e+00 2.253836076931951642e-03
0.000000000000000000e+00 2.754699150596325197e+00 2.018063234454206111e-03
0.000000000000000000e+00 2.917081416315687292e+00 1.853471849277371934e-03
0.000000000000000000e+00 3.079463682035049388e+00 1.630603628535544792e-03
0.000000000000000000e+00 3.241845947754411483e+00 1.495332869815513277e-03
0.000000000000000000e+00 3.404228213473774467e+00 1.289018675860133982e-03
0.000000000000000000e+00 3.566610479193136563e+00 1.182689831837969172e-03
0.000000000000000000e+00 3.728992744912498658e+00 1.047486296011487274e-03
0.000000000000000000e+00 3.891375010631860754e+00 9.567216158579433137e-04
0.000000000000000000e+00 4.053757276351223737e+00 8.138239831613838793e-04
0.000000000000000000e+00 4.216139542070585833e+00 7.432641454336883034e-04
0.000000000000000000e+00 4.378521807789947928e+00 6.376079819065587698e-04
0.000000000000000000e+00 4.540904073509310024e+00 5.810451963599188620e-04
0.000000000000000000e+00 4.703286339228673008e+00 5.068278408457992969e-04
0.000000000000000000e+00 4.865668604948035103e+00 4.601024950098584550e-04
0.000000000000000000e+00 5.028050870667397199e+00 3.801076766955235344e-04
0.000000000000000000e+00 5.190433136386759294e+00 3.264075229587695714e-04
0.000000000000000000e+00 5.352815402106121390e+00 2.961690630221700459e-04
0.000000000000000000e+00 5.515197667825484373e+00 2.389983370263322753e-04
0.000000000000000000e+00 5.677579933544846469e+00 2.166347104938552096e-04
0.000000000000000000e+00 5.839962199264208564e+00 1.758422595103742913e-04
0.000000000000000000e+00 6.002344464983571548e+00 1.467931645667335742e-04
0.000000000000000000e+00 6.164726730702933644e+00 1.327837061664548257e-04
0.000000000000000000e+00 6.327108996422295739e+00 1.001727968815985118e-04
0.000000000000000000e+00 6.489491262141657835e+00 8.159199336834798615e-05
0.000000000000000000e+00 6.651873527861019930e+00 5.776477869343695225e-05
0.000000000000000000e+00 6.814255793580382914e+00 5.224933034908156625e-05
0.000000000000000000e+00 6.976638059299745009e+00 3.665523190751933196e-05
0.000000000000000000e+00 7.139020325019107105e+00 1.919821859147952361e-05
0.000000000000000000e+00 7.301402590738470089e+00 1.349773977518070382e-05
0.000000000000000000e+00 7.463784856457832184e+00 4.022308316772774101e-06
0.000000000000000000e+00 7.539176622684679252e+00 0.000000000000000000e+00
1.000000000000000056e-01 1.000000000000000000e+00 7.740878253727209897e-03
1.000000000000000056e-01 1.035316981471411824e+00 7.520049895220890478e-03
1.000000000000000056e-01 1.071881252123075390e+00 7.304369623234494187e-03
1.000000000000000056e-01 1.109736862443859717e+00 7.088218915551452656e-03
1.000000000000000056e-01 1.148929418652932188e+00 7.567269882823584801e-03
1.000000000000000056e-01 1.160231525917495343e+00 6.612512408492970430e-03
1.000000000000000056e-01 1.189506137643457473e+00 6.474002161705159214e-03
1.000000000000000056e-01 1.231515903866742034e+00 6.300685619586759816e-03
1.000000000000000056e-01 1.275009328225352512e+00 6.125477573198927390e-03
1.000000000000000056e-01 1.320038809046164552e+00 5.945836013871965559e-03
1.000000000000000056e-01 1.326828873228725447e+00 5.918922485435204259e-03
1.000000000000000056e-01 1.366658595206792226e+00 5.761142221174588539e-03
1.000000000000000056e-01 1.414924851491456081e+00 5.472588680041877429e-03
1.000000000000000056e-01 1.464895726255019737e+00 5.288424988275058046e-03
1.000000000000000056e-01 1.493426220539955551e+00 5.189224710469073423e-03
1.000000000000000056e-01 1.516631421476718700e+00 5.110281407025010422e-03
1.000000000000000056e-01 1.570194265287972790e+00 4.931852705259146680e-03
1.000000000000000056e-01 1.625648787061664935e+00 4.750769181442221663e-03
1.000000000000000056e-01 1.660023567851185655e+00 4.638407627032435296e-03
1.000000000000000056e-01 1.683061795153344642e+00 4.561670177706118358e-03
1.000000000000000056e-01 1.742502457388016346e+00 4.315099748905215811e-03
1.000000000000000056e-01 1.804042384389478393e+00 4.165126405547506065e-03
1.000000000000000056e-01 1.826620915162415759e+00 4.111443724794555318e-03
1.000000000000000056e-01 1.867755715852603027e+00 4.014549021177685542e-03
1.000000000000000056e-01 1.933719209862492461e+00 3.847723770042264704e-03
1.000000000000000056e-01 1.993218262473645863e+00 3.702096704335548424e-03
1.000000000000000056e-01 2.159815609784875967e+00 3.327417153084007324e-03
1.000000000000000056e-01 2.326412957096105849e+00 2.969050508346495094e-03
1.000000000000000056e-01 2.493010304407336175e+00 2.690557941515642898e-03
1.000000000000000056e-01 2.659607651718566501e+00 2.393461032810225396e-03
1.000000000000000056e-01 2.826204999029796383e+00 2.167733107604148928e-03
1.000000000000000056e-01 2.992802346341026265e+00 1.949987967037921993e-03
1.000000000000000056e-01 3.159399693652256591e+00 1.752555166829839048e-03
1.000000000000000056e-01 3.325997040963486473e+00 1.563856412931349023e-03
1.000000000000000056e-01 3.492594388274716799e+00 1.407630939302298694e-03
1.000000000000000056e-01 3.659191735585947125e+00 1.256533471435473340e-03
1.000000000000000056e-01 3.825789082897177007e+00 1.115510446768408189e-03
1.000000000000000056e-01 3.992386430208406889e+00 9.980746355136307056e-04
1.000000000000000056e-01 4.158983777519637215e+00 8.852472277257858501e-04
1.000000000000000056e-01 4.325581124830867097e+00 7.842384225363980502e-04
1.000000000000000056e-01 4.492178472142096979e+00 6.903146683538357404e-04
1.000000000000000056e-01 4.658775819453326861e+00 6.145910300440763285e-04
1.000000000000000056e-01 4.825373166764557631e+00 5.321738649516233885e-04
1.000000000000000056e-01 4.991970514075788401e+00 4.684266759123729778e-04
1.000000000000000056e-01 5.158567861387018283e+00 4.105534791096582216e-04
1.000000000000000056e-01 5.325165208698248165e+00 3.521850528772214038e-04
1.000000000000000056e-01 5.491762556009478047e+00 3.060234831353734987e-04
1.000000000000000056e-01 5.658359903320707929e+00 2.609642734537032343e-04
1.000000000000000056e-01 5.824957250631937811e+00 2.253785868977031348e-04
1.000000000000000056e-01 5.991554597943167693e+00 1.894246144721732519e-04
1.000000000000000056e-01 6.158151945254399351e+00 1.600448074214483871e-04
1.000000000000000056e-01 6.324749292565629233e+00 1.322782080802484489e-04
1.000000000000000056e-01 6.491346639876859115e+00 1.096290425916571741e-04
1.000000000000000056e-01 6.657943987188088997e+00 8.689834745377538025e-05
1.000000000000000056e-01 6.824541334499318879e+00 6.950114190078429254e-05
1.000000000000000056e-01 6.991138681810548761e+00 5.277458749885265355e-05
1.000000000000000056e-01 7.157736029121778643e+00 3.759588556077027104e-05
1.000000000000000056e-01 7.324333376433008524e+00 2.495161503480596054e-05
1.000000000000000056e-01 7.490930723744240183e+00 1.417903270678035616e-05
1.000000000000000056e-01 7.657528071055470065e+00 4.675689151315557154e-06
1.000000000000000056e-01 7.734876839449969843e+00 0.000000000000000000e+00
2.000000000000000111e-01 1.000000000000000000e+00 1.083599683883287521e-02
2.000000000000000111e-01 1.039447993752340871e+00 1.042700515225669124e-02
2.000000000000000111e-01 1.080452131715766484e+00 9.734897215291736863e-03
2.000000000000000111e-01 1.123073800657393484e+00 9.445010366104738750e-03
2.000000000000000111e-01 1.167376808929143861e+00 9.150585099714862378e-03
2.000000000000000111e-01 1.213427481994408419e+00 8.851549858307097493e-03
2.000000000000000111e-01 1.251422018238723899e+00 8.609419172191549313e-03
2.000000000000000111e-01 1.261294761723042557e+00 8.547199801270034814e-03
2.000000000000000111e-01 1.311050309603353448e+00 8.239844902650228509e-03
2.000000000000000111e-01 1.362768614025591019e+00 7.729358785132849768e-03
2.000000000000000111e-01 1.416527101797558696e+00 7.472266471619473487e-03
2.000000000000000111e-01 1.431113384960181811e+00 7.404024293444577166e-03
2.000000000000000111e-01 1.472406254059290376e+00 7.212292911033005467e-03
2.000000000000000111e-01 1.530489726770329018e+00 6.947846685588090349e-03
2.000000000000000111e-01 1.590864475949986589e+00 6.678553489475825590e-03
2.000000000000000111e-01 1.610804751681639502e+00 6.590840397159790885e-03
2.000000000000000111e-01 1.653620887858082700e+00 6.340082063094661796e-03
2.000000000000000111e-01 1.718852914311048696e+00 6.090064873708542215e-03
2.000000000000000111e-01 1.786658213335984069e+00 5.839598913641685408e-03
2.000000000000000111e-01 1.790496118403097192e+00 5.825793972416785232e-03
2.000000000000000111e-01 1.857138295373230275e+00 5.577320443409646000e-03
2.000000000000000111e-01 1.930398675246346452e+00 5.314219082804418071e-03
2.000000000000000111e-01 1.970187485124555105e+00 5.112145477891725555e-03
2.000000000000000111e-01 2.006549030126991262e+00 5.015380363402186653e-03
2.000000000000000111e-01 2.085703363731206572e+00 4.806514919455631869e-03
2.000000000000000111e-01 2.149878851846013017e+00 4.620040368603773109e-03
2.000000000000000111e-01 2.329570218567470707e+00 4.149079507171541704e-03
2.000000000000000111e-01 2.509261585288928842e+00 3.709610819695721793e-03
2.000000000000000111e-01 2.688952952010386532e+00 3.320441813403470378e-03
2.000000000000000111e-01 2.868644318731844223e+00 2.997435826840031455e-03
2.000000000000000111e-01 3.048335685453301913e+00 2.653548119562540789e-03
2.000000000000000111e-01 3.228027052174759604e+00 2.398248510497295437e-03
2.000000000000000111e-01 3.407718418896217294e+00 2.152299473574708841e-03
2.000000000000000111e-01 3.587409785617674984e+00 1.927433482707787901e-03
2.000000000000000111e-01 3.767101152339133563e+00 1.697302884053282111e-03
2.000000000000000111e-01 3.946792519060591253e+00 1.529315401802828480e-03
2.000000000000000111e-01 4.126483885782048944e+00 1.359259012182888627e-03
2.000000000000000111e-01 4.306175252503506634e+00 1.198889301842943076e-03
2.000000000000000111e-01 4.485866619224964325e+00 1.067099404094992016e-03
2.000000000000000111e-01 4.665557985946422015e+00 9.399798246354156917e-04
2.000000000000000111e-01 4.845249352667879705e+00 8.296541395642062023e-04
2.000000000000000111e-01 5.024940719389337396e+00 7.195393918457410184e-04
2.000000000000000111e-01 5.204632086110795974e+00 6.370760845717123554e-04
2.000000000000000111e-01 5.384323452832253665e+00 5.474302729726100193e-04
2.000000000000000111e-01 5.564014819553711355e+00 4.830488666702160896e-04
2.000000000000000111e-01 5.743706186275169046e+00 4.143073628176989422e-04
2.000000000000000111e-01 5.923397552996626736e+00 3.590847214671234224e-04
2.000000000000000111e-01 6.103088919718084426e+00 3.038931738127789066e-04
2.000000000000000111e-01 6.282780286439543005e+00 2.602917456169123473e-04
2.000000000000000111e-01 6.462471653161000695e+00 2.199528787649404377e-04
2.000000000000000111e-01 6.642163019882458386e+00 1.850313628841672388e-04
2.000000000000000111e-01 6.821854386603916076e+00 1.516097983267600637e-04
2.000000000000000111e-01 7.001545753325373767e+00 1.225210909749217163e-04
2.000000000000000111e-01 7.181237120046831457e+00 1.002115090995558402e-04
2.000000000000000111e-01 7.360928486768289147e+00 7.928447522542726950e-05
2.000000000000000111e-01 7.540619853489746838e+00 5.873789637998106847e-05
2.000000000000000111e-01 7.720311220211204528e+00 4.323018015087860111e-05
2.000000000000000111e-01 7.900002586932663107e+00 2.806919123295161534e-05
2.000000000000000111e-01 8.079693953654119909e+00 1.574689142924756835e-05
2.000000000000000111e-01 8.259385320375578488e+00 5.047480535653979494e-06
2.000000000000000111e-01 8.342813454924826289e+00 0.000000000000000000e+00
3.000000000000000444e-01 1.000000000000000000e+00 1.755424883476766618e-02
3.000000000000000444e-01 1.046078583240945381e+00 1.686700357935885450e-02
3.000000000000000444e-01 1.094280402315383371e+00 1.616764960609126320e-02
3.000000000000000444e-01 1.144703292922407911e+00 1.546266220467001733e-02
3.000000000000000444e-01 1.197449598891517253e+00 1.477242130535186618e-02
3.000000000000000444e-01 1.252626379910876553e+00 1.374791890682743739e-02
3.000000000000000444e-01 1.310345628827403797e+00 1.325374386574192272e-02
3.000000000000000444e-01 1.370724498959736248e+00 1.271356347111184462e-02
3.000000000000000444e-01 1.412125039555139017e+00 1.236474829227009707e-02
3.000000000000000444e-01 1.433885541885455472e+00 1.218436361469640156e-02
3.000000000000000444e-01 1.499956956185212409e+00 1.165231694881524969e-02
3.000000000000000444e-01 1.569072847648627533e+00 1.178114998784146085e-02
3.000000000000000444e-01 1.614891711901518034e+00 1.062296995445588012e-02
3.000000000000000444e-01 1.641373501470111851e+00 1.045686696329240807e-02
3.000000000000000444e-01 1.717005666987084345e+00 1.000190378620520633e-02
3.000000000000000444e-01 1.796122855538523577e+00 9.542521329972143349e-03
3.000000000000000444e-01 1.817658384247896830e+00 9.420541186489449909e-03
3.000000000000000444e-01 1.878885652048419619e+00 9.069357497268658655e-03
3.000000000000000444e-01 1.965462040966550639e+00 8.567204292674669361e-03
3.000000000000000444e-01 2.020425056594275848e+00 8.308164636128174269e-03
3.000000000000000444e-01 2.056027747228145852e+00 8.143677155580701307e-03
3.000000000000000444e-01 2.150766592924491238e+00 7.702252736904668939e-03
3.000000000000000444e-01 2.223191728940654865e+00 7.379544715265688726e-03
3.000000000000000444e-01 2.249870870408406720e+00 7.263906802771705543e-03
3.000000000000000444e-01 2.353541732591898583e+00 6.788838488274708156e-03
3.000000000000000444e-01 2.425958401287033883e+00 6.540088476260858333e-03
3.000000000000000444e-01 2.628725073633412457e+00 5.872370711851205606e-03
3.000000000000000444e-01 2.831491745979791474e+00 5.209803107833441659e-03
3.000000000000000444e-01 3.034258418326170492e+00 4.688323177333695788e-03
3.000000000000000444e-01 3.237025090672549510e+00 4.179817580844298608e-03
3.000000000000000444e-01 3.439791763018928528e+00 3.741257337112897929e-03
3.000000000000000444e-01 3.642558435365307545e+00 3.314411031607595193e-03
3.000000000000000444e-01 3.845325107711686563e+00 2.967352822393782771e-03
3.000000000000000444e-01 4.048091780058065581e+00 2.634697815662746193e-03
3.000000000000000444e-01 4.250858452404444598e+00 2.346417685305082594e-03
3.000000000000000444e-01 4.453625124750823616e+00 2.063907735646834055e-03
3.000000000000000444e-01 4.656391797097202634e+00 1.838381400319434112e-03
3.000000000000000444e-01 4.859158469443581652e+00 1.622129938287167512e-03
3.000000000000000444e-01 5.061925141789960669e+00 1.417408213920563764e-03
3.000000000000000444e-01 5.264691814136339687e+00 1.250376168916434967e-03
3.000000000000000444e-01 5.467458486482718705e+00 1.093511591169775161e-03
3.000000000000000444e-01 5.670225158829097722e+00 9.553600903325096348e-04
3.000000000000000444e-01 5.872991831175476740e+00 8.234384622043428460e-04
3.000000000000000444e-01 6.075758503521855758e+00 7.167845425469172643e-04
3.000000000000000444e-01 6.278525175868233887e+00 6.213406277620905308e-04
3.000000000000000444e-01 6.481291848214612905e+00 5.316461600614993043e-04
3.000000000000000444e-01 6.684058520560991923e+00 4.542459517610014847e-04
3.000000000000000444e-01 6.886825192907370941e+00 3.879754311262092071e-04
3.000000000000000444e-01 7.089591865253749958e+00 3.220249521008735293e-04
3.000000000000000444e-01 7.292358537600128976e+00 2.730684013331536220e-04
3.000000000000000444e-01 7.495125209946507994e+00 2.271604379256030753e-04
3.000000000000000444e-01 7.697891882292887011e+00 1.877410604911628367e-04
3.000000000000000444e-01 7.900658554639266029e+00 1.508755921199186022e-04
3.000000000000000444e-01 8.103425226985644159e+00 1.182578168381353151e-04
3.000000000000000444e-01 8.306191899332024065e+00 9.443595423698268414e-05
3.000000000000000444e-01 8.508958571678402194e+00 7.218854057425923201e-05
3.000000000000000444e-01 8.711725244024782100e+00 5.067738509464553298e-05
3.000000000000000444e-01 8.914491916371160229e+00 3.405213036311362668e-05
3.000000000000000444e-01 9.117258588717540135e+00 1.879669551139693688e-05
3.000000000000000444e-01 9.320025261063918265e+00 6.157863421186284701e-06
3.000000000000000444e-01 9.414166930367594333e+00 0.000000000000000000e+00
4.000000000000000222e-01 1.000000000000000000e+00 3.205102548530350953e-02
4.000000000000000222e-01 1.054730902956229510e+00 3.051205711582268346e-02
4.000000000000000222e-01 1.112457277650863219e+00 2.897207918237884941e-02
4.000000000000000222e-01 1.173343068956923974e+00 2.723217155855221783e-02
4.000000000000000222e-01 1.237561194598369774e+00 2.590936272871353571e-02
4.000000000000000222e-01 1.305294036242328648e+00 2.460202052518548413e-02
4.000000000000000222e-01 1.376733957469252756e+00 2.329824248427773276e-02
4.000000000000000222e-01 1.452083850092048101e+00 2.166243684482569223e-02
4.000000000000000222e-01 1.531557710375744286e+00 2.069169034177237992e-02
4.000000000000000222e-01 1.615381246794184156e+00 1.969628562042466044e-02
4.000000000000000222e-01 1.651364692159209335e+00 1.928045510715102606e-02
4.000000000000000222e-01 1.703792521049789732e+00 1.867487458917645171e-02
4.000000000000000222e-01 1.797042624176915293e+00 1.766417300935440443e-02
4.000000000000000222e-01 1.888483724879506109e+00 1.658983798218547148e-02
4.000000000000000222e-01 1.895396389648950075e+00 1.653160426031934777e-02
4.000000000000000222e-01 1.999133145514414567e+00 1.565393887906671444e-02
4.000000000000000222e-01 2.108547507698145917e+00 1.477767701336357015e-02
4.000000000000000222e-01 2.125602757599802661e+00 1.464564902324746315e-02
4.000000000000000222e-01 2.223950216720572914e+00 1.389259827686146684e-02
4.000000000000000222e-01 2.345669020211392120e+00 1.300463143038707754e-02
4.000000000000000222e-01 2.362721790320099657e+00 1.289410130535676227e-02
4.000000000000000222e-01 2.474049603724015611e+00 1.219385201717146025e-02
4.000000000000000222e-01 2.599840823040396209e+00 1.143702798788398013e-02
4.000000000000000222e-01 2.609456572494333049e+00 1.138115693147383721e-02
4.000000000000000222e-01 2.752274486932015485e+00 1.053810193076522815e-02
4.000000000000000222e-01 2.836959855760692761e+00 1.013400246528693011e-02
4.000000000000000222e-01 3.074078888480989313e+00 9.051006467011707413e-03
4.000000000000000222e-01 3.311197921201286309e+00 8.020862536007148519e-03
4.000000000000000222e-01 3.548316953921583305e+00 7.171150826782433582e-03
4.000000000000000222e-01 3.785435986641879857e+00 6.375721711478057017e-03
4.000000000000000222e-01 4.022555019362176409e+00 5.677926551729101448e-03
4.000000000000000222e-01 4.259674052082472961e+00 5.001706400913406500e-03
4.000000000000000222e-01 4.496793084802769513e+00 4.451948281762106545e-03
4.000000000000000222e-01 4.733912117523066954e+00 3.938950062573665090e-03
4.000000000000000222e-01 4.971031150243363506e+00 3.472643571929172508e-03
4.000000000000000222e-01 5.208150182963660058e+00 3.053939346454796581e-03
4.000000000000000222e-01 5.445269215683956610e+00 2.676649459108878214e-03
4.000000000000000222e-01 5.682388248404253162e+00 2.345172615665261362e-03
4.000000000000000222e-01 5.919507281124549714e+00 2.032084147152192748e-03
4.000000000000000222e-01 6.156626313844847154e+00 1.775347573377593488e-03
4.000000000000000222e-01 6.393745346565143706e+00 1.540978476995038008e-03
4.000000000000000222e-01 6.630864379285440258e+00 1.331466250142966136e-03
4.000000000000000222e-01 6.867983412005736810e+00 1.146377201119127718e-03
4.000000000000000222e-01 7.105102444726033362e+00 9.790617777131575827e-04
4.000000000000000222e-01 7.342221477446329914e+00 8.399729271474618052e-04
4.000000000000000222e-01 7.579340510166627354e+00 7.091211573210431853e-04
4.000000000000000222e-01 7.816459542886923906e+00 6.037678655527353418e-04
4.000000000000000222e-01 8.053578575607220458e+00 5.082254595628596166e-04
4.000000000000000222e-01 8.290697608327517898e+00 4.252482869334436172e-04
4.000000000000000222e-01 8.527816641047813562e+00 3.499997299996539138e-04
4.000000000000000222e-01 8.764935673768111002e+00 2.903186408974849520e-04
4.000000000000000222e-01 9.002054706488408442e+00 2.369168065970292869e-04
4.000000000000000222e-01 9.239173739208704106e+00 1.857991747895799733e-04
4.000000000000000222e-01 9.476292771929001546e+00 1.497368910643453609e-04
4.000000000000000222e-01 9.713411804649297210e+00 1.147852666187685597e-04
4.000000000000000222e-01 9.950530837369594650e+00 8.590334421648578012e-05
4.000000000000000222e-01 1.018764987008989031e+01 6.155250772411185436e-05
4.000000000000000222e-01 1.042476890281018775e+01 4.078563965864358845e-05
4.000000000000000222e-01 1.066188793553048519e+01 2.127067167959644141e-05
4.000000000000000222e-01 1.089900696825078086e+01 6.782363086864782301e-06
4.000000000000000222e-01 1.100909794772806194e+01 0.000000000000000000e+00
5.000000000000000000e-01 1.000000000000000000e+00 5.885401850217281128e-02
5.000000000000000000e-01 1.064608581965982070e+00 5.421411265474129770e-02
5.000000000000000000e-01 1.133391432795618936e+00 5.136673453336990103e-02
5.000000000000000000e-01 1.206618246080936485e+00 4.853084729893544780e-02
5.000000000000000000e-01 1.284576139934506145e+00 4.541905618639541925e-02
5.000000000000000000e-01 1.367570782763009474e+00 4.298349608419101131e-02
5.000000000000000000e-01 1.455927591775435515e+00 4.058400025352701390e-02
5.000000000000000000e-01 1.549993008925193649e+00 3.822565268146026901e-02
5.000000000000000000e-01 1.650135859289036055e+00 3.564229022523723867e-02
5.000000000000000000e-01 1.756748797208917745e+00 3.379627425606750168e-02
5.000000000000000000e-01 1.870249845867030691e+00 3.189785865084440730e-02
5.000000000000000000e-01 1.971335500324241874e+00 3.031492130661387133e-02
5.000000000000000000e-01 1.991084036330595719e+00 3.001846679534196302e-02
5.000000000000000000e-01 2.119725152493019404e+00 2.798962806229651767e-02
5.000000000000000000e-01 2.254399059345158829e+00 2.636743364508120635e-02
5.000000000000000000e-01 2.256677588753218444e+00 2.634091476827633144e-02
5.000000000000000000e-01 2.402478327716975226e+00 2.468905656435829363e-02
5.000000000000000000e-01 2.537462618366075340e+00 2.323148472142719939e-02
5.000000000000000000e-01 2.557699045674772798e+00 2.296759650597996610e-02
5.000000000000000000e-01 2.722948354111565550e+00 2.142590151573198903e-02
5.000000000000000000e-01 2.820526177386992295e+00 2.055814565456922857e-02
5.000000000000000000e-01 2.898874186037318168e+00 1.988752255797436932e-02
5.000000000000000000e-01 3.086166336494979401e+00 1.829242909388881580e-02
5.000000000000000000e-01 3.103589736407909250e+00 1.816846368315338037e-02
5.000000000000000000e-01 3.285559167207070086e+00 1.689842837081044491e-02
5.000000000000000000e-01 3.386653295428826205e+00 1.622517879200454857e-02
5.000000000000000000e-01 3.669716854449743160e+00 1.443737313631487766e-02
5.000000000000000000e-01 3.952780413470659671e+00 1.282365152259814893e-02
5.000000000000000000e-01 4.235843972491576181e+00 1.139513141586312797e-02
5.000000000000000000e-01 4.518907531512493136e+00 1.010325393096724728e-02
5.000000000000000000e-01 4.801971090533410091e+00 8.928811709774581162e-03
5.000000000000000000e-01 5.085034649554327046e+00 7.866648711269626920e-03
5.000000000000000000e-01 5.368098208575244001e+00 6.934662864378022575e-03
5.000000000000000000e-01 5.651161767596160956e+00 6.076953244831373446e-03
5.000000000000000000e-01 5.934225326617077911e+00 5.318000434697578091e-03
5.000000000000000000e-01 6.217288885637994866e+00 4.625279139673674038e-03
5.000000000000000000e-01 6.500352444658911821e+00 4.026096211844203479e-03
5.000000000000000000e-01 6.783416003679828776e+00 3.483986787969253329e-03
5.000000000000000000e-01 7.066479562700745731e+00 2.997858654461151452e-03
5.000000000000000000e-01 7.349543121721662686e+00 2.586782763009512487e-03
5.000000000000000000e-01 7.632606680742579641e+00 2.209637171357766491e-03
5.000000000000000000e-01 7.915670239763494820e+00 1.889014377215080410e-03
5.000000000000000000e-01 8.198733798784411775e+00 1.594240678386697752e-03
5.000000000000000000e-01 8.481797357805328730e+00 1.355761585587494109e-03
5.000000000000000000e-01 8.764860916826245685e+00 1.146288618245764994e-03
5.000000000000000000e-01 9.047924475847162640e+00 9.573744717186541409e-04
5.000000000000000000e-01 9.330988034868079595e+00 8.021763348322662277e-04
5.000000000000000000e-01 9.614051593888996550e+00 6.654514673792354205e-04
5.000000000000000000e-01 9.897115152909913505e+00 5.488332304422606327e-04
5.000000000000000000e-01 1.018017871193083046e+01 4.476677342330149991e-04
5.000000000000000000e-01 1.046324227095174741e+01 3.653516058534231814e-04
5.000000000000000000e-01 1.074630582997266437e+01 2.936623214488239745e-04
5.000000000000000000e-01 1.102936938899358132e+01 2.292652420404232751e-04
5.000000000000000000e-01 1.131243294801449828e+01 1.822501708375102200e-04
5.000000000000000000e-01 1.159549650703541523e+01 1.371437369582803145e-04
5.000000000000000000e-01 1.187856006605633219e+01 1.015397758841947743e-04
5.000000000000000000e-01 1.216162362507724914e+01 7.154971402727236909e-05
5.000000000000000000e-01 1.244468718409816610e+01 4.661994194798946538e-05
5.000000000000000000e-01 1.272775074311908305e+01 2.404936908036140285e-05
5.000000000000000000e-01 1.301081430213999823e+01 7.730366269977928404e-06
5.000000000000000000e-01 1.314223666882828034e+01 0.000000000000000000e+00
6.000000000000000888e-01 1.000000000000000000e+00 9.367026667524296080e-02
6.000000000000000888e-01 1.074723197112796180e+00 8.826835390485603117e-02
6.000000000000000888e-01 1.155029950412350015e+00 8.143055944007650260e-02
6.000000000000000888e-01 1.241337481068195192e+00 7.692959723886208523e-02
6.000000000000000888e-01 1.334094186349555899e+00 7.256074229241142592e-02
6.000000000000000888e-01 1.433781969203189011e+00 6.811055474210928051e-02
6.000000000000000888e-01 1.540918741904732103e+00 6.433219732989579887e-02
6.000000000000000888e-01 1.656061116790881194e+00 6.066479557652273980e-02
6.000000000000000888e-01 1.779807298051683473e+00 5.676730066160574906e-02
6.000000000000000888e-01 1.912800189606792323e+00 5.377996850731144030e-02
6.000000000000000888e-01 2.055730735212174753e+00 5.073878246427011851e-02
6.000000000000000888e-01 2.209341508150267419e+00 4.771655337900213012e-02
6.000000000000000888e-01 2.359321284056615120e+00 4.490068997825070324e-02
6.000000000000000888e-01 2.374430569153262116e+00 4.465813926789195115e-02
6.000000000000000888e-01 2.551855612602749623e+00 4.192503615972289349e-02
6.000000000000000888e-01 2.698095622280129113e+00 3.981845346693398818e-02
6.000000000000000888e-01 2.742538422546660470e+00 3.919327285443851422e-02
6.000000000000000888e-01 2.947469661684031905e+00 3.649641601499449550e-02
6.000000000000000888e-01 3.036869960503643107e+00 3.541881774469937683e-02
6.000000000000000888e-01 3.167714018198033887e+00 3.389941852947290363e-02
6.000000000000000888e-01 3.375644298727157100e+00 3.151615487413705896e-02
6.000000000000000888e-01 3.404415737176813117e+00 3.123193669662422192e-02
6.000000000000000888e-01 3.658804565359780714e+00 2.877766037382134198e-02
6.000000000000000888e-01 3.714418636950671093e+00 2.826086849049267921e-02
6.000000000000000888e-01 3.932202140094358978e+00 2.630511136215457277e-02
6.000000000000000888e-01 4.053192975174185086e+00 2.526237481277985100e-02
6.000000000000000888e-01 4.391967313397699968e+00 2.251330473140264812e-02
6.000000000000000888e-01 4.730741651621213961e+00 2.002429284597382481e-02
6.000000000000000888e-01 5.069515989844727955e+00 1.779146248234800970e-02
6.000000000000000888e-01 5.408290328068241948e+00 1.571103717707994507e-02
6.000000000000000888e-01 5.747064666291755941e+00 1.384777049645376408e-02
6.000000000000000888e-01 6.085839004515269934e+00 1.215082614287355152e-02
6.000000000000000888e-01 6.424613342738783928e+00 1.061522730375768012e-02
6.000000000000000888e-01 6.763387680962297921e+00 9.238157083958172325e-03
6.000000000000000888e-01 7.102162019185811914e+00 7.995254382745507413e-03
6.000000000000000888e-01 7.440936357409325907e+00 6.905149210705536535e-03
6.000000000000000888e-01 7.779710695632839901e+00 5.906034105294202287e-03
6.000000000000000888e-01 8.118485033856353894e+00 5.063671852754233170e-03
6.000000000000000888e-01 8.457259372079867887e+00 4.316104854536162612e-03
6.000000000000000888e-01 8.796033710303381881e+00 3.658001399029330546e-03
6.000000000000000888e-01 9.134808048526895874e+00 3.090517266124980650e-03
6.000000000000000888e-01 9.473582386750409867e+00 2.587928763519882058e-03
6.000000000000000888e-01 9.812356724973923860e+00 2.176446738685246067e-03
6.000000000000000888e-01 1.015113106319743785e+01 1.819888425063437331e-03
6.000000000000000888e-01 1.048990540142095185e+01 1.502242208670739746e-03
6.000000000000000888e-01 1.082867973964446762e+01 1.242912548624798682e-03
6.000000000000000888e-01 1.116745407786797983e+01 1.021321214705461040e-03
6.000000000000000888e-01 1.150622841609149560e+01 8.339588332845290384e-04
6.000000000000000888e-01 1.184500275431500782e+01 6.766118516965733245e-04
6.000000000000000888e-01 1.218377709253852359e+01 5.469210839143575763e-04
6.000000000000000888e-01 1.252255143076203581e+01 4.389482929639451354e-04
6.000000000000000888e-01 1.286132576898555158e+01 3.446025600826831993e-04
6.000000000000000888e-01 1.320010010720906379e+01 2.708397452895491917e-04
6.000000000000000888e-01 1.353887444543257956e+01 2.068233232557921376e-04
6.000000000000000888e-01 1.387764878365609178e+01 1.571548616601979251e-04
6.000000000000000888e-01 1.421642312187960755e+01 1.151139244236354121e-04
6.000000000000000888e-01 1.455519746010311977e+01 7.857021819908907481e-05
6.000000000000000888e-01 1.489397179832663554e+01 5.092366589403291417e-05
6.000000000000000888e-01 1.523274613655014775e+01 2.715686762518358058e-05
6.000000000000000888e-01 1.557152047477366175e+01 7.980291663454536935e-06
6.000000000000000888e-01 1.572880856037743591e+01 0.000000000000000000e+00
7.000000000000000666e-01 1.000000000000000000e+00 1.235589944385101224e-01
7.000000000000000666e-01 1.084058099445538659e+00 1.156832388867566064e-01
7.000000000000000666e-01 1.175181962973473215e+00 1.073998326788316582e-01
7.000000000000000666e-01 1.273965525283700551e+00 1.019149809383528421e-01
7.000000000000000666e-01 1.381052646098185566e+00 9.598917753822343302e-02
7.000000000000000666e-01 1.497141306763431157e+00 9.127697280497974741e-02
7.000000000000000666e-01 1.622988159611375103e+00 8.666341834024383906e-02
7.000000000000000666e-01 1.759413459730919671e+00 8.228266702865164040e-02
7.000000000000000666e-01 1.907306411294800386e+00 7.788879550325028545e-02
7.000000000000000666e-01 2.067630963288531909e+00 7.409472139266297386e-02
7.000000000000000666e-01 2.241432092417313893e+00 7.030882214969018384e-02
7.000000000000000666e-01 2.429842614142150303e+00 6.639286175728381645e-02
7.000000000000000666e-01 2.634090566238718623e+00 6.289176098615384403e-02
7.000000000000000666e-01 2.780672637834384453e+00 6.050903299794233720e-02
7.000000000000000666e-01 2.855507213004167433e+00 5.934274344245988458e-02
7.000000000000000666e-01 3.095535722282324542e+00 5.583218622766308870e-02
7.000000000000000666e-01 3.179948708908039823e+00 5.467049875607162684e-02
7.000000000000000666e-01 3.355740571863149224e+00 5.231063725724187374e-02
7.000000000000000666e-01 3.579224779981694748e+00 4.941229598038608672e-02
7.000000000000000666e-01 3.637817746566250232e+00 4.872946299461029807e-02
7.000000000000000666e-01 3.943605792471861271e+00 4.522959464447236927e-02
7.000000000000000666e-01 3.978500851055350118e+00 4.484107851155923891e-02
7.000000000000000666e-01 4.275097800349462851e+00 4.159631900035839353e-02
7.000000000000000666e-01 4.377776922129005044e+00 4.046323211798201480e-02
7.000000000000000666e-01 4.634454396390641051e+00 3.790371868070705613e-02
7.000000000000000666e-01 4.777052993202660858e+00 3.651517348453420242e-02
7.000000000000000666e-01 5.176329064276315783e+00 3.274687070636631697e-02
7.000000000000000666e-01 5.575605135349970709e+00 2.924258985401965646e-02
7.000000000000000666e-01 5.974881206423626523e+00 2.595254664701926797e-02
7.000000000000000666e-01 6.374157277497281449e+00 2.293392507407036179e-02
7.000000000000000666e-01 6.773433348570936374e+00 2.014673645758797288e-02
7.000000000000000666e-01 7.172709419644591300e+00 1.758014185800584051e-02
7.000000000000000666e-01 7.571985490718247114e+00 1.524889183329174863e-02
7.000000000000000666e-01 7.971261561791902039e+00 1.317181276274632072e-02
7.000000000000000666e-01 8.370537632865556077e+00 1.128709385638075081e-02
7.000000000000000666e-01 8.769813703939213667e+00 9.630520708368119423e-03
7.000000000000000666e-01 9.169089775012867705e+00 8.178772484582118307e-03
7.000000000000000666e-01 9.568365846086521742e+00 6.905922931866777421e-03
7.000000000000000666e-01 9.967641917160179332e+00 5.798457143983607939e-03
7.000000000000000666e-01 1.036691798823383337e+01 4.834280422024273861e-03
7.000000000000000666e-01 1.076619405930748741e+01 4.029121163104255020e-03
7.000000000000000666e-01 1.116547013038114500e+01 3.340462093198270921e-03
7.000000000000000666e-01 1.156474620145479903e+01 2.749997866422461239e-03
7.000000000000000666e-01 1.196402227252845307e+01 2.257280958935437530e-03
7.000000000000000666e-01 1.236329834360211066e+01 1.844901271205048139e-03
7.000000000000000666e-01 1.276257441467576470e+01 1.499944026277912588e-03
7.000000000000000666e-01 1.316185048574941874e+01 1.211863962218065081e-03
7.000000000000000666e-01 1.356112655682307633e+01 9.765130980619175609e-04
7.000000000000000666e-01 1.396040262789673037e+01 7.817505546286214599e-04
7.000000000000000666e-01 1.435967869897038440e+01 6.223471194063459047e-04
7.000000000000000666e-01 1.475895477004404199e+01 4.880314823737911829e-04
7.000000000000000666e-01 1.515823084111769603e+01 3.852878769043019381e-04
7.000000000000000666e-01 1.555750691219135007e+01 2.944958021558924692e-04
7.000000000000000666e-01 1.595678298326500766e+01 2.234657962691564894e-04
7.000000000000000666e-01 1.635605905433866170e+01 1.678950440570793731e-04
7.000000000000000666e-01 1.675533512541231573e+01 1.198712731083965662e-04
7.000000000000000666e-01 1.715461119648597332e+01 8.318305063102574557e-05
7.000000000000000666e-01 1.755388726755962736e+01 5.077477430544576878e-05
7.000000000000000666e-01 1.795316333863328140e+01 2.804192118334871187e-05
7.000000000000000666e-01 1.835243940970693899e+01 8.609099458050639675e-06
7.000000000000000666e-01 1.853781758556256420e+01 0.000000000000000000e+00
8.000000000000000444e-01 1.000000000000000000e+00 1.311708569845268790e-01
8.000000000000000444e-01 1.091628028173759146e+00 1.225154678647069617e-01
8.000000000000000444e-01 1.191651751894529543e+00 1.172887998384354036e-01
8.000000000000000444e-01 1.300840452190431096e+00 1.120432549838988323e-01
8.000000000000000444e-01 1.420033897793301358e+00 1.068619685423823074e-01
8.000000000000000444e-01 1.550148803787999130e+00 1.024332202784294099e-01
8.000000000000000444e-01 1.692185882055005086e+00 9.825088665916889563e-02
8.000000000000000444e-01 1.847237537731178492e+00 9.402176726796411532e-02
8.000000000000000444e-01 2.016496270882036423e+00 9.056161451281666275e-02
8.000000000000000444e-01 2.201263848002696033e+00 8.703802475622418600e-02
8.000000000000000444e-01 2.402961313885364714e+00 8.329674613703905162e-02
8.000000000000000444e-01 2.623139920854506091e+00 8.002907581756370237e-02
8.000000000000000444e-01 2.863493059426275522e+00 7.655822256667536851e-02
8.000000000000000444e-01 3.125869282150750106e+00 7.324854726797470905e-02
8.000000000000000444e-01 3.173731121042947745e+00 7.266136350023853774e-02
8.000000000000000444e-01 3.412286520803147205e+00 6.975545901811297522e-02
8.000000000000000444e-01 3.629446358936294192e+00 6.720001593531972628e-02
8.000000000000000444e-01 3.724947606268236733e+00 6.615770544491508809e-02
8.000000000000000444e-01 4.066257210481159845e+00 6.236792006350088541e-02
8.000000000000000444e-01 4.085161596829640196e+00 6.216219762733656701e-02
8.000000000000000444e-01 4.438840340724879319e+00 5.827878931406303697e-02
8.000000000000000444e-01 4.540876834722986644e+00 5.720807005412296281e-02
8.000000000000000444e-01 4.845562528523637447e+00 5.401601315323430880e-02
8.000000000000000444e-01 4.996592072616333091e+00 5.238827554982159601e-02
8.000000000000000444e-01 5.289551868404912760e+00 4.938228182774999364e-02
8.000000000000000444e-01 5.452307310509679539e+00 4.771880766629970488e-02
8.000000000000000444e-01 5.908022548403025098e+00 4.305874921617334344e-02
8.000000000000000444e-01 6.363737786296372434e+00 3.866409878911298420e-02
8.000000000000000444e-01 6.819453024189717993e+00 3.439610995386553627e-02
8.000000000000000444e-01 7.275168262083065329e+00 3.037267884339463209e-02
8.000000000000000444e-01 7.730883499976410889e+00 2.659213779936610636e-02
8.000000000000000444e-01 8.186598737869758224e+00 2.312536900104285656e-02
8.000000000000000444e-01 8.642313975763103784e+00 1.991441668057744585e-02
8.000000000000000444e-01 9.098029213656449343e+00 1.707280806278928600e-02
8.000000000000000444e-01 9.553744451549796679e+00 1.452664169954312988e-02
8.000000000000000444e-01 1.000945968944314224e+01 1.226100440987787886e-02
8.000000000000000444e-01 1.046517492733648957e+01 1.029426229446283626e-02
8.000000000000000444e-01 1.092089016522983513e+01 8.579300064678099455e-03
8.000000000000000444e-01 1.137660540312318247e+01 7.129516535673537450e-03
8.000000000000000444e-01 1.183232064101652803e+01 5.864556842831077435e-03
8.000000000000000444e-01 1.228803587890987536e+01 4.826112468290537881e-03
8.000000000000000444e-01 1.274375111680322092e+01 3.935287325946026232e-03
8.000000000000000444e-01 1.319946635469656826e+01 3.205552903242963898e-03
8.000000000000000444e-01 1.365518159258991382e+01 2.591910666684865954e-03
8.000000000000000444e-01 1.411089683048325938e+01 2.088378804492899490e-03
8.000000000000000444e-01 1.456661206837660671e+01 1.678058115568608136e-03
8.000000000000000444e-01 1.502232730626995227e+01 1.340942346316989541e-03
8.000000000000000444e-01 1.547804254416329961e+01 1.067798885861554912e-03
8.000000000000000444e-01 1.593375778205664517e+01 8.396702466447079558e-04
8.000000000000000444e-01 1.638947301994999250e+01 6.646334782722063215e-04
8.000000000000000444e-01 1.684518825784333629e+01 5.154339681831001350e-04
8.000000000000000444e-01 1.730090349573668362e+01 3.989510334918400887e-04
8.000000000000000444e-01 1.775661873363003096e+01 3.078327855586515649e-04
8.000000000000000444e-01 1.821233397152337474e+01 2.265252035839265625e-04
8.000000000000000444e-01 1.866804920941672208e+01 1.695756304466885221e-04
8.000000000000000444e-01 1.912376444731006941e+01 1.225794505433930326e-04
8.000000000000000444e-01 1.957947968520341675e+01 8.177405328795299584e-05
8.000000000000000444e-01 2.003519492309676409e+01 5.259679392838448363e-05
8.000000000000000444e-01 2.049091016099010787e+01 2.811010193374202938e-05
8.000000000000000444e-01 2.094662539888345520e+01 7.748992079436313034e-06
8.000000000000000444e-01 2.115820747361965104e+01 0.000000000000000000e+00
9.000000000000000222e-01 1.000000000000000000e+00 1.228021250942628595e-01
9.000000000000000222e-01 1.096582052146568342e+00 1.186433381961937567e-01
9.000000000000000222e-01 1.202492197089978898e+00 1.142549044080515830e-01
9.000000000000000222e-01 1.318631361175164773e+00 1.097530462005084917e-01
9.000000000000000222e-01 1.445987484062284834e+00 1.058959465511587206e-01
9.000000000000000222e-01 1.585643922651273519e+00 1.024892687986988515e-01
9.000000000000000222e-01 1.738788666674667915e+00 9.906525006405450529e-02
9.000000000000000222e-01 1.906724444351302505e+00 9.635623611967829294e-02
9.000000000000000222e-01 2.090879804064776248e+00 9.366528595018214221e-02
9.000000000000000222e-01 2.292821266333167074e+00 9.080591097203809248e-02
9.000000000000000222e-01 2.514266649440917600e+00 8.840475957657287220e-02
9.000000000000000222e-01 2.757099682087597703e+00 8.573026880810577510e-02
9.000000000000000222e-01 3.023386027356269157e+00 8.327241534083731911e-02
9.000000000000000222e-01 3.315390854309598012e+00 8.045099136524594408e-02
9.000000000000000222e-01 3.458858425842223916e+00 7.927287828706990058e-02
9.000000000000000222e-01 3.635598106686783293e+00 7.778951126846961328e-02
9.000000000000000222e-01 3.955515020322132980e+00 7.496434545989842657e-02
9.000000000000000222e-01 3.986731632610771126e+00 7.468600187811068325e-02
9.000000000000000222e-01 4.371778355045957909e+00 7.123239698352432092e-02
9.000000000000000222e-01 4.452171614802042043e+00 7.045677930620852791e-02
9.000000000000000222e-01 4.794013680106244735e+00 6.723167872149396485e-02
9.000000000000000222e-01 4.948828209281951551e+00 6.578825588131076429e-02
9.000000000000000222e-01 5.257029359349627562e+00 6.279456469939194430e-02
9.000000000000000222e-01 5.445484803761861059e+00 6.092216363427995635e-02
9.000000000000000222e-01 5.764764043070373489e+00 5.770075386263853745e-02
9.000000000000000222e-01 5.942141398241769679e+00 5.589773069452892706e-02
9.000000000000000222e-01 6.438797992721679186e+00 5.082676551948903110e-02
9.000000000000000222e-01 6.935454587201588694e+00 4.574323709628490969e-02
9.000000000000000222e-01 7.432111181681497314e+00 4.077226010280969593e-02
9.000000000000000222e-01 7.928767776161406822e+00 3.599526044119961965e-02
9.000000000000000222e-01 8.425424370641316330e+00 3.145742779766303593e-02
9.000000000000000222e-01 8.922080965121224949e+00 2.725194816329987169e-02
9.000000000000000222e-01 9.418737559601133569e+00 2.342169379686663902e-02
9.000000000000000222e-01 9.915394154081042188e+00 1.992503764976200770e-02
9.000000000000000222e-01 1.041205074856095258e+01 1.680052948666371088e-02
9.000000000000000222e-01 1.090870734304086120e+01 1.411269265863470367e-02
9.000000000000000222e-01 1.140536393752077160e+01 1.175229307300868636e-02
9.000000000000000222e-01 1.190202053200068022e+01 9.710091747720209221e-03
9.000000000000000222e-01 1.239867712648058884e+01 7.988261937161556664e-03
9.000000000000000222e-01 1.289533372096049746e+01 6.534168461215139785e-03
9.000000000000000222e-01 1.339199031544040608e+01 5.311993419652961783e-03
9.000000000000000222e-01 1.388864690992031825e+01 4.292913720682734607e-03
9.000000000000000222e-01 1.438530350440022687e+01 3.464730427080727187e-03
9.000000000000000222e-01 1.488196009888013549e+01 2.778300455980037189e-03
9.000000000000000222e-01 1.537861669336004411e+01 2.221578447552929273e-03
9.000000000000000222e-01 1.587527328783995273e+01 1.762734529597424033e-03
9.000000000000000222e-01 1.637192988231986135e+01 1.398605834715768974e-03
9.000000000000000222e-01 1.686858647679976997e+01 1.097768131627913264e-03
9.000000000000000222e-01 1.736524307127968214e+01 8.662596234879513463e-04
9.000000000000000222e-01 1.786189966575959076e+01 6.788737334565444993e-04
9.000000000000000222e-01 1.835855626023949938e+01 5.232729616025646926e-04
9.000000000000000222e-01 1.885521285471940800e+01 4.001506056917480004e-04
9.000000000000000222e-01 1.935186944919931662e+01 3.055634824026057781e-04
9.000000000000000222e-01 1.984852604367922524e+01 2.295027989339407592e-04
9.000000000000000222e-01 2.034518263815913386e+01 1.659010561221367056e-04
9.000000000000000222e-01 2.084183923263904248e+01 1.197698750560651361e-04
9.000000000000000222e-01 2.133849582711895465e+01 8.124152002094163537e-05
9.000000000000000222e-01 2.183515242159886327e+01 5.097560704171294330e-05
9.000000000000000222e-01 2.233180901607877189e+01 2.735717340068500450e-05
9.000000000000000222e-01 2.282846561055868051e+01 7.216219385563047318e-06
9.000000000000000222e-01 2.305905617228149396e+01 0.000000000000000000e+00
1.000000000000000000e+00 1.000000000000000000e+00 1.190115699063654664e-01
1.000000000000000000e+00 1.098300257445329553e+00 1.131853354106129028e-01
1.000000000000000000e+00 1.206263455504477111e+00 1.103780669017758315e-01
1.000000000000000000e+00 1.324839463727460087e+00 1.071981972759651902e-01
1.000000000000000000e+00 1.455071524085601808e+00 1.015610471208879817e-01
1.000000000000000000e+00 1.598105429504584452e+00 1.001589594984057113e-01
1.000000000000000000e+00 1.755199604649664069e+00 9.814699726297763938e-02
1.000000000000000000e+00 1.927736177654666871e+00 9.460703258802867499e-02
1.000000000000000000e+00 2.117233140204796360e+00 9.311320514173351826e-02
1.000000000000000000e+00 2.325357702958711137e+00 9.124258373998703209e-02
1.000000000000000000e+00 2.553940963812032727e+00 8.897010321191710369e-02
1.000000000000000000e+00 2.804994018054928429e+00 8.710021808036440272e-02
1.000000000000000000e+00 3.080725652162337624e+00 8.454083715071489258e-02
1.000000000000000000e+00 3.383561776888325490e+00 8.265728699377893063e-02
1.000000000000000000e+00 3.563295775861263337e+00 8.140885245252599267e-02
1.000000000000000000e+00 3.716166770638625216e+00 7.985412091066448892e-02
1.000000000000000000e+00 4.074948502651598581e+00 7.743387237202915829e-02
1.000000000000000000e+00 4.081466920902181883e+00 7.739116150842977049e-02
1.000000000000000000e+00 4.482676169981462344e+00 7.413906385412495637e-02
1.000000000000000000e+00 4.586601229441933825e+00 7.331259938012357757e-02
1.000000000000000000e+00 4.923324391534682931e+00 7.048215514418454397e-02
1.000000000000000000e+00 5.098253956232269068e+00 6.857267848570489099e-02
1.000000000000000000e+00 5.407288446709413776e+00 6.589657739144451354e-02
1.000000000000000000e+00 5.609906683022604312e+00 6.402274504267189970e-02
1.000000000000000000e+00 5.938826293102105858e+00 6.070225532007484520e-02
1.000000000000000000e+00 6.121559409812939556e+00 5.893145023783423475e-02
1.000000000000000000e+00 6.633212136603274800e+00 5.350484707770759157e-02
1.000000000000000000e+00 7.144864863393610044e+00 4.842831007329760629e-02
1.000000000000000000e+00 7.656517590183945288e+00 4.301259557340873091e-02
1.000000000000000000e+00 8.168170316974279643e+00 3.808503373294596511e-02
1.000000000000000000e+00 8.679823043764615775e+00 3.324436791073899500e-02
1.000000000000000000e+00 9.191475770554951907e+00 2.882464426991854928e-02
1.000000000000000000e+00 9.703128497345286263e+00 2.459075187378046909e-02
1.000000000000000000e+00 1.021478122413562062e+01 2.096437418049034926e-02
1.000000000000000000e+00 1.072643395092595675e+01 1.758740059295577779e-02
1.000000000000000000e+00 1.123808667771629288e+01 1.476479513125722627e-02
1.000000000000000000e+00 1.174973940450662724e+01 1.223655125936673298e-02
1.000000000000000000e+00 1.226139213129696159e+01 1.013264467386533474e-02
1.000000000000000000e+00 1.277304485808729773e+01 8.222696074389829191e-03
1.000000000000000000e+00 1.328469758487763386e+01 6.743038094777348973e-03
1.000000000000000000e+00 1.379635031166796821e+01 5.448442056544843849e-03
1.000000000000000000e+00 1.430800303845830257e+01 4.428451920411546373e-03
1.000000000000000000e+00 1.481965576524863870e+01 3.584388271251431890e-03
1.000000000000000000e+00 1.533130849203897483e+01 2.827390108992474272e-03
1.000000000000000000e+00 1.584296121882930919e+01 2.339815882317857094e-03
1.000000000000000000e+00 1.635461394561964354e+01 1.782961226756330951e-03
1.000000000000000000e+00 1.686626667240997790e+01 1.432580213541414073e-03
1.000000000000000000e+00 1.737791939920031581e+01 1.122040757803568090e-03
1.000000000000000000e+00 1.788957212599065016e+01 8.401414897710553957e-04
1.000000000000000000e+00 1.840122485278098452e+01 6.747775191253329924e-04
1.000000000000000000e+00 1.891287757957132243e+01 5.169203945937858461e-04
1.000000000000000000e+00 1.942453030636165678e+01 4.149598121184592961e-04
1.000000000000000000e+00 1.993618303315199114e+01 2.935497015804925855e-04
1.000000000000000000e+00 2.044783575994232550e+01 2.362976940766637148e-04
1.000000000000000000e+00 2.095948848673265985e+01 1.625001138569898010e-04
1.000000000000000000e+00 2.147114121352299776e+01 1.196496482681390046e-04
1.000000000000000000e+00 2.198279394031333212e+01 7.083624300839175411e-05
1.000000000000000000e+00 2.249444666710366647e+01 4.663752785113050214e-05
1.000000000000000000e+00 2.300609939389400438e+01 2.121542536693530150e-05
1.000000000000000000e+00 2.351775212068433873e+01 1.126598554727075110e-05
1.000000000000000000e+00 2.375530517240842343e+01 0.000000000000000000e+00
