# mx [GeV]: 1.0
# sigma_p [cm^2]: 8.31763771103e-28
# depth [m]: 0.3
# loc: MPI
# Columns: gamma/pi, v [km/s], f(v, gamma) [s/km]
0.000000000000000000e+00 1.000000000000000000e+00 6.198815844180409484e-03
0.000000000000000000e+00 1.142534885159280700e+00 5.691389901099976577e-03
0.000000000000000000e+00 1.305385963805931082e+00 5.004712621311505419e-03
0.000000000000000000e+00 1.491449002245546440e+00 4.615036039556361103e-03
0.000000000000000000e+00 1.704032514501539364e+00 4.109090992592544754e-03
0.000000000000000000e+00 1.946916593263696704e+00 3.849554787932126486e-03
0.000000000000000000e+00 2.224420126299235800e+00 3.470267323365375245e-03
0.000000000000000000e+00 2.541477593547290414e+00 3.222445479434358096e-03
0.000000000000000000e+00 2.903726810478438836e+00 2.952455481676532090e-03
0.000000000000000000e+00 3.317609177943908083e+00 2.634133206930162115e-03
0.000000000000000000e+00 3.790484221125518971e+00 2.440364424487689345e-03
0.000000000000000000e+00 4.330760454281710636e+00 2.089355258357827091e-03
0.000000000000000000e+00 4.948044898285107962e+00 1.980868397436556533e-03
0.000000000000000000e+00 5.653313909625141243e+00 1.726087176351573816e-03
0.000000000000000000e+00 6.459108358502926528e+00 1.639900689139136072e-03
0.000000000000000000e+00 7.379756626613491299e+00 1.475070343001893582e-03
0.000000000000000000e+00 7.545207144514553654e+00 1.458637783895396986e-03
0.000000000000000000e+00 8.431629389891288184e+00 1.363721496721811066e-03
0.000000000000000000e+00 8.628621503726899178e+00 1.342174075073685564e-03
0.000000000000000000e+00 9.633430716685058570e+00 1.205946926255260050e-03
0.000000000000000000e+00 9.712035862939245590e+00 1.199543811806826369e-03
0.000000000000000000e+00 1.079545022215159200e+01 1.108754783418408911e-03
0.000000000000000000e+00 1.100653065757765248e+01 1.038096685722355922e-03
0.000000000000000000e+00 1.187886458136393841e+01 9.876842372043526889e-04
0.000000000000000000e+00 1.257534524085758676e+01 9.441871626448009253e-04
0.000000000000000000e+00 1.296227894057628482e+01 9.122468050531461290e-04
0.000000000000000000e+00 1.404569329978863124e+01 8.257771167311367790e-04
0.000000000000000000e+00 1.512910765900097587e+01 7.534337612001936650e-04
0.000000000000000000e+00 1.621252201821332406e+01 7.011870486466295106e-04
0.000000000000000000e+00 1.729593637742566870e+01 6.212575045575954164e-04
0.000000000000000000e+00 1.837935073663801688e+01 5.786900303709815313e-04
0.000000000000000000e+00 1.946276509585036152e+01 5.172491799502095802e-04
0.000000000000000000e+00 2.054617945506270615e+01 4.799846002286437289e-04
0.000000000000000000e+00 2.162959381427505434e+01 4.335494147369673497e-04
0.000000000000000000e+00 2.271300817348739898e+01 3.999352875950056159e-04
0.000000000000000000e+00 2.379642253269974717e+01 3.510801250068503907e-04
0.000000000000000000e+00 2.487983689191209180e+01 3.234337884605458001e-04
0.000000000000000000e+00 2.596325125112443644e+01 2.852571446001305583e-04
0.000000000000000000e+00 2.704666561033678462e+01 2.551361636920497608e-04
0.000000000000000000e+00 2.813007996954912926e+01 2.338450844428162324e-04
0.000000000000000000e+00 2.921349432876147745e+01 2.015239299022362693e-04
0.000000000000000000e+00 3.029690868797382208e+01 1.844117652588479284e-04
0.000000000000000000e+00 3.138032304718617027e+01 1.632436159381367663e-04
0.000000000000000000e+00 3.246373740639851491e+01 1.410249169324171304e-04
0.000000000000000000e+00 3.354715176561086309e+01 1.284180171803365425e-04
0.000000000000000000e+00 3.463056612482321128e+01 1.081020703514953298e-04
0.000000000000000000e+00 3.571398048403555237e+01 9.419918977231100834e-05
0.000000000000000000e+00 3.679739484324790055e+01 8.548183627929474581e-05
0.000000000000000000e+00 3.788080920246024874e+01 7.068363773410917428e-05
0.000000000000000000e+00 3.896422356167259693e+01 5.919215743784670027e-05
0.000000000000000000e+00 4.004763792088494512e+01 5.068856220928510107e-05
0.000000000000000000e+00 4.113105228009728620e+01 4.046695966550632447e-05
0.000000000000000000e+00 4.221446663930963439e+01 3.409132436080517203e-05
0.000000000000000000e+00 4.329788099852198258e+01 2.666680323002176649e-05
0.000000000000000000e+00 4.438129535773432366e+01 2.106890032163939700e-05
0.000000000000000000e+00 4.546470971694667185e+01 1.726302663918454508e-05
0.000000000000000000e+00 4.654812407615902003e+01 1.259675023443882906e-05
0.000000000000000000e+00 4.763153843537136822e+01 7.683683962472029298e-06
0.000000000000000000e+00 4.871495279458370931e+01 4.551599629240356608e-06
0.000000000000000000e+00 4.979836715379605749e+01 1.055827287069783343e-06
0.000000000000000000e+00 5.030138096343036125e+01 0.000000000000000000e+00
1.000000000000000056e-01 1.000000000000000000e+00 6.937219199728967417e-03
1.000000000000000056e-01 1.144109775473695523e+00 6.358925785615716225e-03
1.000000000000000056e-01 1.308987178334469981e+00 5.733098154099529851e-03
1.000000000000000056e-01 1.497625026702196438e+00 5.089370064558368378e-03
1.000000000000000056e-01 1.713447433044037238e+00 4.615123247214805539e-03
1.000000000000000056e-01 1.960371957905993279e+00 4.238945021564743086e-03
1.000000000000000056e-01 2.242880720604754963e+00 3.889449494441839586e-03
1.000000000000000056e-01 2.566101757665386618e+00 3.585402902037090542e-03
1.000000000000000056e-01 2.935902105805200613e+00 3.217400663436810297e-03
1.000000000000000056e-01 3.358994299085537705e+00 2.863007267674789764e-03
1.000000000000000056e-01 3.843058213344177965e+00 2.676327139939312354e-03
1.000000000000000056e-01 4.396880469601549102e+00 2.418534793876170493e-03
1.000000000000000056e-01 5.030513926860503915e+00 2.177588933506889243e-03
1.000000000000000056e-01 5.755460159377669527e+00 1.995076776491260754e-03
1.000000000000000056e-01 6.584878230693385959e+00 1.789782427320139738e-03
1.000000000000000056e-01 7.533823554040234072e+00 1.650079190208089989e-03
1.000000000000000056e-01 7.745286377806168687e+00 1.618405555766202000e-03
1.000000000000000056e-01 8.619521174871410452e+00 1.475811224086097384e-03
1.000000000000000056e-01 8.857430062824491301e+00 1.446797668664523591e-03
1.000000000000000056e-01 9.861678436072894627e+00 1.313781117778256525e-03
1.000000000000000056e-01 9.969573747842812139e+00 1.288362432702869339e-03
1.000000000000000056e-01 1.108171743286113298e+01 1.190028468756341995e-03
1.000000000000000056e-01 1.128284270128914102e+01 1.171250277244678369e-03
1.000000000000000056e-01 1.219386111787945559e+01 1.077843107099733149e-03
1.000000000000000056e-01 1.290881062967694426e+01 1.016719474120350315e-03
1.000000000000000056e-01 1.330600480289777821e+01 9.886181317324607958e-04
1.000000000000000056e-01 1.441814848791609904e+01 9.049319020749258110e-04
1.000000000000000056e-01 1.553029217293441988e+01 8.231329417912572506e-04
1.000000000000000056e-01 1.664243585795274072e+01 7.529619776662118931e-04
1.000000000000000056e-01 1.775457954297106511e+01 6.882026144810097579e-04
1.000000000000000056e-01 1.886672322798938595e+01 6.250386343015869100e-04
1.000000000000000056e-01 1.997886691300770678e+01 5.694319949684615873e-04
1.000000000000000056e-01 2.109101059802603118e+01 5.198560416670256965e-04
1.000000000000000056e-01 2.220315428304434846e+01 4.681583416518090971e-04
1.000000000000000056e-01 2.331529796806267285e+01 4.257058174669420291e-04
1.000000000000000056e-01 2.442744165308099724e+01 3.839231372374786412e-04
1.000000000000000056e-01 2.553958533809931453e+01 3.446728433974002815e-04
1.000000000000000056e-01 2.665172902311763892e+01 3.102801081628210026e-04
1.000000000000000056e-01 2.776387270813595620e+01 2.779885841968298636e-04
1.000000000000000056e-01 2.887601639315428059e+01 2.475228539328450279e-04
1.000000000000000056e-01 2.998816007817260498e+01 2.203555870242963736e-04
1.000000000000000056e-01 3.110030376319092227e+01 1.967342622257119871e-04
1.000000000000000056e-01 3.221244744820924666e+01 1.720601334654706387e-04
1.000000000000000056e-01 3.332459113322757105e+01 1.531370381412847754e-04
1.000000000000000056e-01 3.443673481824588833e+01 1.344407964180418873e-04
1.000000000000000056e-01 3.554887850326421272e+01 1.160206828325906724e-04
1.000000000000000056e-01 3.666102218828253001e+01 1.021077084489130219e-04
1.000000000000000056e-01 3.777316587330085440e+01 8.740960673219592741e-05
1.000000000000000056e-01 3.888530955831917879e+01 7.569861490284578338e-05
1.000000000000000056e-01 3.999745324333749608e+01 6.431178245499761918e-05
1.000000000000000056e-01 4.110959692835582047e+01 5.399164442797125055e-05
1.000000000000000056e-01 4.222174061337413775e+01 4.469374389687737995e-05
1.000000000000000056e-01 4.333388429839246214e+01 3.693066213641528435e-05
1.000000000000000056e-01 4.444602798341078653e+01 2.984116205477639172e-05
1.000000000000000056e-01 4.555817166842910382e+01 2.363168657861400450e-05
1.000000000000000056e-01 4.667031535344742821e+01 1.793073628305654678e-05
1.000000000000000056e-01 4.778245903846574549e+01 1.306962724847580375e-05
1.000000000000000056e-01 4.889460272348406988e+01 8.752820346076699873e-06
1.000000000000000056e-01 5.000674640850239427e+01 4.887444816015051711e-06
1.000000000000000056e-01 5.111889009352071156e+01 1.470684401778247745e-06
1.000000000000000056e-01 5.163524251870779125e+01 0.000000000000000000e+00
2.000000000000000111e-01 1.000000000000000000e+00 9.380467724624967640e-03
2.000000000000000111e-01 1.148652602695103164e+00 8.829948082374656365e-03
2.000000000000000111e-01 1.319402801678234427e+00 8.002939088663795636e-03
2.000000000000000111e-01 1.515535462150914725e+00 7.156722385734440826e-03
2.000000000000000111e-01 1.740823753076374159e+00 6.398352992915641579e-03
2.000000000000000111e-01 1.999601734804634656e+00 5.748899069894564985e-03
2.000000000000000111e-01 2.296847737036987080e+00 5.335383679769302445e-03
2.000000000000000111e-01 2.638280131141892415e+00 4.793388948958224489e-03
2.000000000000000111e-01 3.030467339274912852e+00 4.396833029496722937e-03
2.000000000000000111e-01 3.480954196640632325e+00 3.968083306812091211e-03
2.000000000000000111e-01 3.998407097833704515e+00 3.581937136816223596e-03
2.000000000000000111e-01 4.592780719561257996e+00 3.270908806047054078e-03
2.000000000000000111e-01 5.275509527131927889e+00 2.921916252465947984e-03
2.000000000000000111e-01 6.059727748882901999e+00 2.640756688770751117e-03
2.000000000000000111e-01 6.960522050378082248e+00 2.404550620905008488e-03
2.000000000000000111e-01 7.995221769283439528e+00 2.153734972870517250e-03
2.000000000000000111e-01 8.350963180249157958e+00 2.091266371590052610e-03
2.000000000000000111e-01 9.183732294411971253e+00 1.939995884823502792e-03
2.000000000000000111e-01 9.550075842028524775e+00 1.867828792082820537e-03
2.000000000000000111e-01 1.054891800243138178e+01 1.723915429816536221e-03
2.000000000000000111e-01 1.074918850380788982e+01 1.695521245357192426e-03
2.000000000000000111e-01 1.194830116558725663e+01 1.532420342523362154e-03
2.000000000000000111e-01 1.211704211911003171e+01 1.513562067373557668e-03
2.000000000000000111e-01 1.314741382736662345e+01 1.398703015524686193e-03
2.000000000000000111e-01 1.391827196708192815e+01 1.314186581109941807e-03
2.000000000000000111e-01 1.434652648914599027e+01 1.264864096763926608e-03
2.000000000000000111e-01 1.554563915092535709e+01 1.160781354752026418e-03
2.000000000000000111e-01 1.674475181270472035e+01 1.058235460887482510e-03
2.000000000000000111e-01 1.794386447448408717e+01 9.633366014971758186e-04
2.000000000000000111e-01 1.914297713626345399e+01 8.784112054475238509e-04
2.000000000000000111e-01 2.034208979804282080e+01 7.994063534329984809e-04
2.000000000000000111e-01 2.154120245982218762e+01 7.243263886732726744e-04
2.000000000000000111e-01 2.274031512160155444e+01 6.550527539292273597e-04
2.000000000000000111e-01 2.393942778338092126e+01 5.948749804222870944e-04
2.000000000000000111e-01 2.513854044516028807e+01 5.344337694720525467e-04
2.000000000000000111e-01 2.633765310693965489e+01 4.826244648927269275e-04
2.000000000000000111e-01 2.753676576871902171e+01 4.332211891324625310e-04
2.000000000000000111e-01 2.873587843049838852e+01 3.886359772652025406e-04
2.000000000000000111e-01 2.993499109227775534e+01 3.444724153812490550e-04
2.000000000000000111e-01 3.113410375405712216e+01 3.085703591236442153e-04
2.000000000000000111e-01 3.233321641583648898e+01 2.728637499686439156e-04
2.000000000000000111e-01 3.353232907761584869e+01 2.417772000326479564e-04
2.000000000000000111e-01 3.473144173939521551e+01 2.129398589361152015e-04
2.000000000000000111e-01 3.593055440117458232e+01 1.872306179787304795e-04
2.000000000000000111e-01 3.712966706295394914e+01 1.626134627436699980e-04
2.000000000000000111e-01 3.832877972473331596e+01 1.420976822388668459e-04
2.000000000000000111e-01 3.952789238651268278e+01 1.228851365564403769e-04
2.000000000000000111e-01 4.072700504829204959e+01 1.053051030037957688e-04
2.000000000000000111e-01 4.192611771007141641e+01 9.046623627875340968e-05
2.000000000000000111e-01 4.312523037185078323e+01 7.642120821066681247e-05
2.000000000000000111e-01 4.432434303363015005e+01 6.399529616500330162e-05
2.000000000000000111e-01 4.552345569540951686e+01 5.345078692891942540e-05
2.000000000000000111e-01 4.672256835718888368e+01 4.362209420102325353e-05
2.000000000000000111e-01 4.792168101896825050e+01 3.492377636871113830e-05
2.000000000000000111e-01 4.912079368074761732e+01 2.759846543551123371e-05
2.000000000000000111e-01 5.031990634252698413e+01 2.079217521533871846e-05
2.000000000000000111e-01 5.151901900430635095e+01 1.512989304979747671e-05
2.000000000000000111e-01 5.271813166608571777e+01 1.002126381058502860e-05
2.000000000000000111e-01 5.391724432786508459e+01 5.564152909839591110e-06
2.000000000000000111e-01 5.511635698964445140e+01 1.586059316135064231e-06
2.000000000000000111e-01 5.567308786832772682e+01 0.000000000000000000e+00
3.000000000000000444e-01 1.000000000000000000e+00 1.757885264198457212e-02
3.000000000000000444e-01 1.155588427058481304e+00 1.378662618817325623e-02
3.000000000000000444e-01 1.335384612751495004e+00 1.276904324980484770e-02
3.000000000000000444e-01 1.543155004167599431e+00 1.142461572892126270e-02
3.000000000000000444e-01 1.783252063973460366e+00 1.010834390648052659e-02
3.000000000000000444e-01 2.060705447655881706e+00 9.103308408431591559e-03
3.000000000000000444e-01 2.381327366887503683e+00 8.229498343420234979e-03
3.000000000000000444e-01 2.751834346212845173e+00 7.532238133525380117e-03
3.000000000000000444e-01 3.179987923665606342e+00 6.804208220467005720e-03
3.000000000000000444e-01 3.674757242773704302e+00 6.134315165795345762e-03
3.000000000000000444e-01 4.246506941998626772e+00 5.504925237395649068e-03
3.000000000000000444e-01 4.907214277597113927e+00 4.990633438628549676e-03
3.000000000000000444e-01 5.670720028287371761e+00 4.473555053373714022e-03
3.000000000000000444e-01 6.553018437777630822e+00 3.989054635372272714e-03
3.000000000000000444e-01 7.572592268996677589e+00 3.622603649906661321e-03
3.000000000000000444e-01 8.750799988885086478e+00 3.236534291147627820e-03
3.000000000000000444e-01 9.362929284958962484e+00 3.085872384357396525e-03
3.000000000000000444e-01 1.011232319465909413e+01 2.908278370455134702e-03
3.000000000000000444e-01 1.070734990023512090e+01 2.769877868690469400e-03
3.000000000000000444e-01 1.168568365442310153e+01 2.568220571034652688e-03
3.000000000000000444e-01 1.205177051551127931e+01 2.499763456008744986e-03
3.000000000000000444e-01 1.339619113078743950e+01 2.252150716681613433e-03
3.000000000000000444e-01 1.350384079331779752e+01 2.241363720678583773e-03
3.000000000000000444e-01 1.474061174606359614e+01 2.058320253093475632e-03
3.000000000000000444e-01 1.560488214159826903e+01 1.934529231422445162e-03
3.000000000000000444e-01 1.608503236133975633e+01 1.867776558200987414e-03
3.000000000000000444e-01 1.742945297661591297e+01 1.703151397590675414e-03
3.000000000000000444e-01 1.877387359189207316e+01 1.553574386398144224e-03
3.000000000000000444e-01 2.011829420716823336e+01 1.407344591515712106e-03
3.000000000000000444e-01 2.146271482244438999e+01 1.283156019430544770e-03
3.000000000000000444e-01 2.280713543772054663e+01 1.163122286898569946e-03
3.000000000000000444e-01 2.415155605299670682e+01 1.053967760922717902e-03
3.000000000000000444e-01 2.549597666827286702e+01 9.471824195976896819e-04
3.000000000000000444e-01 2.684039728354902365e+01 8.571260287664789375e-04
3.000000000000000444e-01 2.818481789882518385e+01 7.759586192397512593e-04
3.000000000000000444e-01 2.952923851410134048e+01 6.898847327676340974e-04
3.000000000000000444e-01 3.087365912937750068e+01 6.177519313236059509e-04
3.000000000000000444e-01 3.221807974465366442e+01 5.504640425357295707e-04
3.000000000000000444e-01 3.356250035992981395e+01 4.886366164054655988e-04
3.000000000000000444e-01 3.490692097520597770e+01 4.318415110315556964e-04
3.000000000000000444e-01 3.625134159048213434e+01 3.819131239916643758e-04
3.000000000000000444e-01 3.759576220575829097e+01 3.338981025856327042e-04
3.000000000000000444e-01 3.894018282103445472e+01 2.934634303756397406e-04
3.000000000000000444e-01 4.028460343631061136e+01 2.560794488025381417e-04
3.000000000000000444e-01 4.162902405158676800e+01 2.218799579586189187e-04
3.000000000000000444e-01 4.297344466686293174e+01 1.909310222181888556e-04
3.000000000000000444e-01 4.431786528213908127e+01 1.642758881032185651e-04
3.000000000000000444e-01 4.566228589741524502e+01 1.403174413465174295e-04
3.000000000000000444e-01 4.700670651269140876e+01 1.185297403297216564e-04
3.000000000000000444e-01 4.835112712796755829e+01 9.996762442695698641e-05
3.000000000000000444e-01 4.969554774324372204e+01 8.275950859286600820e-05
3.000000000000000444e-01 5.103996835851988578e+01 6.819212190759216209e-05
3.000000000000000444e-01 5.238438897379603532e+01 5.550083912221762057e-05
3.000000000000000444e-01 5.372880958907219906e+01 4.420895153331134644e-05
3.000000000000000444e-01 5.507323020434836280e+01 3.425551592198686424e-05
3.000000000000000444e-01 5.641765081962451234e+01 2.600629172458161981e-05
3.000000000000000444e-01 5.776207143490067608e+01 1.843596367818598888e-05
3.000000000000000444e-01 5.910649205017682561e+01 1.215952576196994755e-05
3.000000000000000444e-01 6.045091266545298936e+01 6.619675530952930997e-06
3.000000000000000444e-01 6.179533328072915310e+01 1.984117821594599280e-06
3.000000000000000444e-01 6.241952856639308322e+01 0.000000000000000000e+00
4.000000000000000222e-01 1.000000000000000000e+00 2.477990427755310393e-02
4.000000000000000222e-01 1.163967665861287415e+00 2.162552099276482051e-02
4.000000000000000222e-01 1.354820727170573669e+00 2.058709809741234020e-02
4.000000000000000222e-01 1.576967519465224621e+00 1.854150623952680391e-02
4.000000000000000222e-01 1.835539202771001799e+00 1.633235021053700345e-02
4.000000000000000222e-01 2.136508281446251267e+00 1.456122993574664529e-02
4.000000000000000222e-01 2.486826557448303721e+00 1.317037253773738030e-02
4.000000000000000222e-01 2.894585703474962468e+00 1.207748110166943084e-02
4.000000000000000222e-01 3.369204164909204824e+00 1.086275513546927120e-02
4.000000000000000222e-01 3.921644707639495131e+00 9.813893528820066478e-03
4.000000000000000222e-01 4.564667636688413133e+00 8.832747532982661645e-03
4.000000000000000222e-01 5.313125534508771786e+00 7.975848391811835372e-03
4.000000000000000222e-01 6.184306326830181000e+00 7.130013867670470344e-03
4.000000000000000222e-01 7.198332600211717391e+00 6.365019008005088318e-03
4.000000000000000222e-01 8.378626394761644391e+00 5.787231702829766060e-03
4.000000000000000222e-01 9.752450207834485241e+00 5.180049062036152195e-03
4.000000000000000222e-01 1.074060280773143994e+01 4.850797374335850086e-03
4.000000000000000222e-01 1.135153670484153210e+01 4.649538928916017826e-03
4.000000000000000222e-01 1.228284321089287801e+01 4.352247463929973491e-03
4.000000000000000222e-01 1.321282168227312681e+01 4.104244440067668018e-03
4.000000000000000222e-01 1.382508361405431430e+01 3.948123899923667267e-03
4.000000000000000222e-01 1.536732401721575236e+01 3.583007104647837737e-03
4.000000000000000222e-01 1.537929721295686036e+01 3.581603983143125114e-03
4.000000000000000222e-01 1.690956442037719043e+01 3.269644870611476510e-03
4.000000000000000222e-01 1.790100467955239694e+01 3.076419480750202610e-03
4.000000000000000222e-01 1.845180482353862672e+01 2.967643021437199515e-03
4.000000000000000222e-01 1.999404522670006656e+01 2.720242642783342497e-03
4.000000000000000222e-01 2.153628562986150285e+01 2.477783397589227495e-03
4.000000000000000222e-01 2.307852603302293915e+01 2.251230550831516582e-03
4.000000000000000222e-01 2.462076643618437544e+01 2.047086989936137882e-03
4.000000000000000222e-01 2.616300683934581173e+01 1.855774643325931511e-03
4.000000000000000222e-01 2.770524724250724802e+01 1.676011583188594676e-03
4.000000000000000222e-01 2.924748764566869141e+01 1.507421872462642171e-03
4.000000000000000222e-01 3.078972804883012770e+01 1.358522524678284788e-03
4.000000000000000222e-01 3.233196845199156400e+01 1.211381301889169568e-03
4.000000000000000222e-01 3.387420885515300029e+01 1.085383784342895197e-03
4.000000000000000222e-01 3.541644925831443658e+01 9.640591513275656790e-04
4.000000000000000222e-01 3.695868966147587287e+01 8.564646445219067971e-04
4.000000000000000222e-01 3.850093006463731626e+01 7.541156797298243734e-04
4.000000000000000222e-01 4.004317046779875255e+01 6.632324464428269702e-04
4.000000000000000222e-01 4.158541087096018884e+01 5.821348178547766259e-04
4.000000000000000222e-01 4.312765127412162514e+01 5.059317456143436415e-04
4.000000000000000222e-01 4.466989167728306143e+01 4.401188810448922379e-04
4.000000000000000222e-01 4.621213208044450482e+01 3.805599580108200196e-04
4.000000000000000222e-01 4.775437248360594111e+01 3.264513167388039764e-04
4.000000000000000222e-01 4.929661288676737740e+01 2.788464955379941763e-04
4.000000000000000222e-01 5.083885328992881369e+01 2.368931761332874358e-04
4.000000000000000222e-01 5.238109369309024999e+01 2.003065476734232982e-04
4.000000000000000222e-01 5.392333409625168628e+01 1.670620471391214034e-04
4.000000000000000222e-01 5.546557449941312967e+01 1.393484987180977923e-04
4.000000000000000222e-01 5.700781490257456596e+01 1.137724793857558173e-04
4.000000000000000222e-01 5.855005530573600225e+01 9.268326348746588862e-05
4.000000000000000222e-01 6.009229570889743854e+01 7.461119090136004886e-05
4.000000000000000222e-01 6.163453611205887483e+01 5.840825283699168659e-05
4.000000000000000222e-01 6.317677651522031113e+01 4.477257705319710057e-05
4.000000000000000222e-01 6.471901691838174031e+01 3.346957410489423364e-05
4.000000000000000222e-01 6.626125732154318371e+01 2.334909749493395314e-05
4.000000000000000222e-01 6.780349772470462710e+01 1.537315672212367863e-05
4.000000000000000222e-01 6.934573812786605629e+01 8.018742433193816452e-06
4.000000000000000222e-01 7.088797853102749968e+01 2.306301393649113663e-06
4.000000000000000222e-01 7.160401871820960196e+01 0.000000000000000000e+00
5.000000000000000000e-01 1.000000000000000000e+00 3.603648783757137930e-02
5.000000000000000000e-01 1.172674955639394501e+00 3.954499020747277022e-02
5.000000000000000000e-01 1.375166551583855590e+00 2.985951850992891315e-02
5.000000000000000000e-01 1.612623374875376880e+00 2.711213585549409472e-02
5.000000000000000000e-01 1.891083044595033069e+00 2.385268474620899290e-02
5.000000000000000000e-01 2.217625725430891315e+00 2.123856562345606547e-02
5.000000000000000000e-01 2.600554149194450382e+00 1.936380368909790956e-02
5.000000000000000000e-01 3.049604721544445063e+00 1.779003769125295925e-02
5.000000000000000000e-01 3.576195081554819577e+00 1.609715667146641507e-02
5.000000000000000000e-01 4.193714408620119016e+00 1.458239344866055220e-02
5.000000000000000000e-01 4.917863858092886176e+00 1.321328274894391364e-02
5.000000000000000000e-01 5.767055781629657041e+00 1.196856471538952638e-02
5.000000000000000000e-01 6.762881882892472163e+00 1.075520831617795756e-02
5.000000000000000000e-01 7.930662212015392676e+00 9.738853708451370925e-03
5.000000000000000000e-01 9.300088957666172718e+00 8.905542155597065412e-03
5.000000000000000000e-01 1.090598140587359843e+01 8.075553226652029681e-03
5.000000000000000000e-01 1.237446991278975617e+01 7.442410789013265311e-03
5.000000000000000000e-01 1.278917126133688420e+01 7.274561220093483938e-03
5.000000000000000000e-01 1.415131687462623411e+01 6.769621467582058114e-03
5.000000000000000000e-01 1.499754084155284950e+01 6.485084252784866291e-03
5.000000000000000000e-01 1.592816383646271206e+01 6.176746385016039335e-03
5.000000000000000000e-01 1.758724054106799528e+01 5.722501733683867629e-03
5.000000000000000000e-01 1.770501079829918822e+01 5.689209444411483067e-03
5.000000000000000000e-01 1.948185776013566795e+01 5.222839176666499959e-03
5.000000000000000000e-01 2.062411652131626028e+01 4.944317744902706514e-03
5.000000000000000000e-01 2.125870472197214411e+01 4.804177195397033376e-03
5.000000000000000000e-01 2.303555168380862028e+01 4.413836414637301898e-03
5.000000000000000000e-01 2.481239864564510000e+01 4.034041254821460303e-03
5.000000000000000000e-01 2.658924560748157973e+01 3.692290962558560617e-03
5.000000000000000000e-01 2.836609256931805589e+01 3.364309861969972185e-03
5.000000000000000000e-01 3.014293953115453206e+01 3.056433363920605349e-03
5.000000000000000000e-01 3.191978649299101178e+01 2.759844975678128580e-03
5.000000000000000000e-01 3.369663345482749151e+01 2.494486188925293564e-03
5.000000000000000000e-01 3.547348041666396767e+01 2.232704869722296637e-03
5.000000000000000000e-01 3.725032737850044384e+01 2.003054966592433470e-03
5.000000000000000000e-01 3.902717434033692712e+01 1.783863398811982035e-03
5.000000000000000000e-01 4.080402130217339618e+01 1.582007262603830683e-03
5.000000000000000000e-01 4.258086826400987945e+01 1.394647550850157533e-03
5.000000000000000000e-01 4.435771522584635562e+01 1.223596341647717250e-03
5.000000000000000000e-01 4.613456218768283179e+01 1.071139293391558042e-03
5.000000000000000000e-01 4.791140914951930796e+01 9.284091839587958360e-04
5.000000000000000000e-01 4.968825611135579123e+01 8.046671778305200702e-04
5.000000000000000000e-01 5.146510307319226740e+01 6.920540168691182966e-04
5.000000000000000000e-01 5.324195003502874357e+01 5.921997899131476546e-04
5.000000000000000000e-01 5.501879699686521974e+01 5.022773349847726434e-04
5.000000000000000000e-01 5.679564395870169591e+01 4.248946894566200385e-04
5.000000000000000000e-01 5.857249092053817918e+01 3.565209339189156536e-04
5.000000000000000000e-01 6.034933788237465535e+01 2.954902942567316435e-04
5.000000000000000000e-01 6.212618484421113152e+01 2.455025859720356323e-04
5.000000000000000000e-01 6.390303180604760769e+01 1.997242500957050241e-04
5.000000000000000000e-01 6.567987876788409096e+01 1.627411492834250238e-04
5.000000000000000000e-01 6.745672572972057424e+01 1.305184709079975052e-04
5.000000000000000000e-01 6.923357269155704330e+01 1.020738524436485569e-04
5.000000000000000000e-01 7.101041965339351236e+01 7.987939027443802329e-05
5.000000000000000000e-01 7.278726661522999564e+01 6.027548532285766141e-05
5.000000000000000000e-01 7.456411357706647891e+01 4.410269257087989650e-05
5.000000000000000000e-01 7.634096053890294797e+01 3.055852981916628994e-05
5.000000000000000000e-01 7.811780750073944546e+01 1.939277760527930746e-05
5.000000000000000000e-01 7.989465446257591452e+01 1.032825052277437674e-05
5.000000000000000000e-01 8.167150142441238359e+01 2.926964288858949155e-06
5.000000000000000000e-01 8.249646608526504110e+01 0.000000000000000000e+00
6.000000000000000888e-01 1.000000000000000000e+00 4.284638919733566031e-02
6.000000000000000888e-01 1.180762537990785122e+00 4.752372957398858649e-02
6.000000000000000888e-01 1.394200171122440324e+00 3.584753415585267139e-02
6.000000000000000888e-01 1.646219332521719814e+00 3.264802289649949840e-02
6.000000000000000888e-01 1.943794117157842116e+00 2.880918673088583501e-02
6.000000000000000888e-01 2.295159275106851471e+00 2.591442081360749439e-02
6.000000000000000888e-01 2.710038090768256414e+00 2.382259159509441532e-02
6.000000000000000888e-01 3.199911454107228437e+00 2.207272385819737670e-02
6.000000000000000888e-01 3.778335569897434798e+00 2.013088171688281677e-02
6.000000000000000888e-01 4.461317096892955192e+00 1.844844103298004176e-02
6.000000000000000888e-01 5.267756098109006579e+00 1.687445741253084872e-02
6.000000000000000888e-01 6.219969059919626453e+00 1.544415858388822893e-02
6.000000000000000888e-01 7.344306453414856328e+00 1.411280898391065707e-02
6.000000000000000888e-01 8.671881927716228233e+00 1.307196757290526173e-02
6.000000000000000888e-01 1.023943331412663582e+01 1.213472981643665995e-02
6.000000000000000888e-01 1.209033926757556721e+01 1.122624793045126634e-02
6.000000000000000888e-01 1.410067820565349450e+01 1.035632164205369139e-02
6.000000000000000888e-01 1.427581967875217295e+01 1.029283984195569074e-02
6.000000000000000888e-01 1.612539097364476604e+01 9.622541583073691840e-03
6.000000000000000888e-01 1.685635307578220576e+01 9.363317670877830193e-03
6.000000000000000888e-01 1.815010374163603757e+01 8.984298759534917536e-03
6.000000000000000888e-01 1.990335023902938261e+01 8.472373261189184920e-03
6.000000000000000888e-01 2.017481650962730555e+01 8.391164447814153382e-03
6.000000000000000888e-01 2.219952927761858064e+01 7.836425275543122335e-03
6.000000000000000888e-01 2.350113034275582891e+01 7.498181398866312838e-03
6.000000000000000888e-01 2.422424204560984862e+01 7.310003821494495506e-03
6.000000000000000888e-01 2.624895481360112015e+01 6.781141869943828858e-03
6.000000000000000888e-01 2.827366758159239168e+01 6.290376168282331079e-03
6.000000000000000888e-01 3.029838034958366322e+01 5.806394681910641981e-03
6.000000000000000888e-01 3.232309311757493475e+01 5.336896166010175920e-03
6.000000000000000888e-01 3.434780588556620273e+01 4.877511263604571504e-03
6.000000000000000888e-01 3.637251865355747782e+01 4.446052763105053790e-03
6.000000000000000888e-01 3.839723142154874580e+01 4.021519770195901289e-03
6.000000000000000888e-01 4.042194418954001378e+01 3.627402152721636609e-03
6.000000000000000888e-01 4.244665695753128887e+01 3.249071055088025798e-03
6.000000000000000888e-01 4.447136972552256395e+01 2.897281366815098076e-03
6.000000000000000888e-01 4.649608249351383193e+01 2.561388289892920812e-03
6.000000000000000888e-01 4.852079526150509992e+01 2.259217072205116448e-03
6.000000000000000888e-01 5.054550802949637500e+01 1.978676684600356398e-03
6.000000000000000888e-01 5.257022079748764298e+01 1.719710248443886936e-03
6.000000000000000888e-01 5.459493356547891807e+01 1.487005444052594185e-03
6.000000000000000888e-01 5.661964633347018605e+01 1.277798172447434499e-03
6.000000000000000888e-01 5.864435910146146114e+01 1.085780074474235754e-03
6.000000000000000888e-01 6.066907186945272912e+01 9.233357119754505554e-04
6.000000000000000888e-01 6.269378463744399710e+01 7.753957630764966424e-04
6.000000000000000888e-01 6.471849740543527219e+01 6.490334217659171449e-04
6.000000000000000888e-01 6.674321017342654727e+01 5.367579987640715665e-04
6.000000000000000888e-01 6.876792294141782236e+01 4.419242621820411660e-04
6.000000000000000888e-01 7.079263570940908323e+01 3.587934875561942481e-04
6.000000000000000888e-01 7.281734847740035832e+01 2.896518593379573828e-04
6.000000000000000888e-01 7.484206124539161920e+01 2.312788980460751842e-04
6.000000000000000888e-01 7.686677401338289428e+01 1.813109974592595948e-04
6.000000000000000888e-01 7.889148678137416937e+01 1.412614603533694129e-04
6.000000000000000888e-01 8.091619954936544445e+01 1.074156875366987169e-04
6.000000000000000888e-01 8.294091231735670533e+01 8.000177094915786140e-05
6.000000000000000888e-01 8.496562508534798042e+01 5.715443468776620532e-05
6.000000000000000888e-01 8.699033785333925550e+01 3.935400265589175846e-05
6.000000000000000888e-01 8.901505062133053059e+01 2.460341709276927993e-05
6.000000000000000888e-01 9.103976338932179146e+01 1.277748117889846497e-05
6.000000000000000888e-01 9.306447615731306655e+01 3.729682289257312590e-06
6.000000000000000888e-01 9.400452137102330141e+01 0.000000000000000000e+00
7.000000000000000666e-01 1.000000000000000000e+00 4.076022390888482672e-02
7.000000000000000666e-01 1.187552257827554136e+00 4.389513162249764067e-02
7.000000000000000666e-01 1.410280365071321595e+00 3.479515819903530177e-02
7.000000000000000666e-01 1.674781631710315244e+00 3.158037708782727992e-02
7.000000000000000666e-01 1.988890708105700122e+00 2.814471952860214676e-02
7.000000000000000666e-01 2.361911650983167021e+00 2.576739489676272560e-02
7.000000000000000666e-01 2.804893513914266112e+00 2.399330676147669664e-02
7.000000000000000666e-01 3.330957625414748158e+00 2.236340225422269248e-02
7.000000000000000666e-01 3.955686248789192838e+00 2.067556678171664566e-02
7.000000000000000666e-01 4.697584136007014521e+00 1.921390431772334109e-02
7.000000000000000666e-01 5.578626647050029419e+00 1.788604470284324566e-02
7.000000000000000666e-01 6.624910670281220604e+00 1.656727110785304047e-02
7.000000000000000666e-01 7.867427624398319885e+00 1.549979641694948507e-02
7.000000000000000666e-01 9.342981438649093917e+00 1.476974845880039619e-02
7.000000000000000666e-01 1.109527870230865965e+01 1.403272181994062902e-02
7.000000000000000666e-01 1.317622327415262795e+01 1.330802092408605100e-02
7.000000000000000666e-01 1.564745369885991799e+01 1.258399171939816527e-02
7.000000000000000666e-01 1.572364082273293562e+01 1.256406652353810743e-02
7.000000000000000666e-01 1.798139437676638153e+01 1.201293519892546527e-02
7.000000000000000666e-01 1.858216896933320683e+01 1.187758580471676671e-02
7.000000000000000666e-01 2.023914793079983099e+01 1.149464225687499286e-02
7.000000000000000666e-01 2.206729671486477073e+01 1.109212189226483659e-02
7.000000000000000666e-01 2.249690148483327690e+01 1.099856445095775265e-02
7.000000000000000666e-01 2.475465503886672280e+01 1.049079267726744751e-02
7.000000000000000666e-01 2.620606803788822248e+01 1.014967576254685068e-02
7.000000000000000666e-01 2.701240859290017227e+01 9.962608979192320510e-03
7.000000000000000666e-01 2.927016214693361817e+01 9.428044206183039400e-03
7.000000000000000666e-01 3.152791570096706408e+01 8.883017502026363185e-03
7.000000000000000666e-01 3.378566925500051354e+01 8.310662486612004074e-03
7.000000000000000666e-01 3.604342280903395590e+01 7.745734185297128115e-03
7.000000000000000666e-01 3.830117636306741247e+01 7.170858121962340841e-03
7.000000000000000666e-01 4.055892991710085482e+01 6.594740667678848818e-03
7.000000000000000666e-01 4.281668347113429718e+01 6.024099620085519163e-03
7.000000000000000666e-01 4.507443702516775375e+01 5.469474669520152203e-03
7.000000000000000666e-01 4.733219057920119610e+01 4.926224253601472168e-03
7.000000000000000666e-01 4.958994413323463846e+01 4.406814515296105482e-03
7.000000000000000666e-01 5.184769768726809502e+01 3.917103228161762825e-03
7.000000000000000666e-01 5.410545124130153738e+01 3.452472239618007560e-03
7.000000000000000666e-01 5.636320479533497974e+01 3.021600354850918334e-03
7.000000000000000666e-01 5.862095834936843630e+01 2.623644052505472689e-03
7.000000000000000666e-01 6.087871190340187866e+01 2.259975066746698017e-03
7.000000000000000666e-01 6.313646545743532101e+01 1.933322116019486892e-03
7.000000000000000666e-01 6.539421901146877758e+01 1.638404682752560857e-03
7.000000000000000666e-01 6.765197256550221994e+01 1.379805330888330414e-03
7.000000000000000666e-01 6.990972611953566229e+01 1.149796124937138130e-03
7.000000000000000666e-01 7.216747967356911886e+01 9.508307488115348618e-04
7.000000000000000666e-01 7.442523322760256121e+01 7.776100704449034678e-04
7.000000000000000666e-01 7.668298678163601778e+01 6.329982959589918650e-04
7.000000000000000666e-01 7.894074033566946014e+01 5.088944908430317708e-04
7.000000000000000666e-01 8.119849388970290249e+01 4.018824006029751619e-04
7.000000000000000666e-01 8.345624744373634485e+01 3.174151981775118724e-04
7.000000000000000666e-01 8.571400099776980142e+01 2.452916241121856720e-04
7.000000000000000666e-01 8.797175455180324377e+01 1.873644281138057760e-04
7.000000000000000666e-01 9.022950810583668613e+01 1.389031378457624821e-04
7.000000000000000666e-01 9.248726165987014269e+01 1.022047474793464982e-04
7.000000000000000666e-01 9.474501521390358505e+01 7.224140938734959709e-05
7.000000000000000666e-01 9.700276876793702741e+01 4.852464230038897372e-05
7.000000000000000666e-01 9.926052232197048397e+01 2.958191614906250053e-05
7.000000000000000666e-01 1.015182758760039263e+02 1.527906515015002559e-05
7.000000000000000666e-01 1.037760294300373687e+02 4.183721346180953763e-06
7.000000000000000666e-01 1.048242721515529041e+02 0.000000000000000000e+00
8.000000000000000444e-01 1.000000000000000000e+00 3.315823479530499718e-02
8.000000000000000444e-01 1.192607109027735923e+00 3.028619662173069257e-02
8.000000000000000444e-01 1.422311716503493972e+00 2.878391416377787740e-02
8.000000000000000444e-01 1.696259064355508661e+00 2.600334241590096865e-02
8.000000000000000444e-01 2.022970618903115358e+00 2.351006860967408754e-02
8.000000000000000444e-01 2.412609141458094353e+00 2.196058516509620528e-02
8.000000000000000444e-01 2.877294813408225238e+00 2.074615305325192699e-02
8.000000000000000444e-01 3.431482249239282911e+00 1.932179616241837261e-02
8.000000000000000444e-01 4.092410124945253358e+00 1.818322588343109295e-02
8.000000000000000444e-01 4.880637408066793803e+00 1.707573008382214791e-02
8.000000000000000444e-01 5.820682869447162844e+00 1.616449487406364238e-02
8.000000000000000444e-01 6.941787769498645844e+00 1.530724851814875553e-02
8.000000000000000444e-01 8.278825443265874995e+00 1.478902769228467202e-02
8.000000000000000444e-01 9.873386078038580038e+00 1.436862027745889128e-02
8.000000000000000444e-01 1.177507042684428917e+01 1.402410556007121362e-02
8.000000000000000444e-01 1.404303270035675588e+01 1.367928626500974909e-02
8.000000000000000444e-01 1.674782063075442906e+01 1.339937903468013496e-02
8.000000000000000444e-01 1.704518553187042684e+01 1.337585824992546142e-02
8.000000000000000444e-01 1.949269935183130897e+01 1.316922905863670938e-02
8.000000000000000444e-01 1.997356994495910953e+01 1.312336498225340382e-02
8.000000000000000444e-01 2.194021317179219110e+01 1.295413505265741519e-02
8.000000000000000444e-01 2.382062150902095610e+01 1.275952792051895934e-02
8.000000000000000444e-01 2.438772699175307324e+01 1.269088109441975955e-02
8.000000000000000444e-01 2.683524081171395537e+01 1.238156141739246707e-02
8.000000000000000444e-01 2.840864255311738162e+01 1.215822020946536949e-02
8.000000000000000444e-01 2.928275463167483750e+01 1.202298923119489438e-02
8.000000000000000444e-01 3.173026845163571963e+01 1.160726702545065818e-02
8.000000000000000444e-01 3.417778227159659821e+01 1.112559408559617678e-02
8.000000000000000444e-01 3.662529609155748744e+01 1.060077309696148481e-02
8.000000000000000444e-01 3.907280991151836247e+01 1.001489577754201624e-02
8.000000000000000444e-01 4.152032373147925171e+01 9.400282685638406549e-03
8.000000000000000444e-01 4.396783755144012673e+01 8.751739156502118255e-03
8.000000000000000444e-01 4.641535137140101597e+01 8.075751836678447815e-03
8.000000000000000444e-01 4.886286519136189099e+01 7.396547328496465117e-03
8.000000000000000444e-01 5.131037901132278023e+01 6.720235464694706944e-03
8.000000000000000444e-01 5.375789283128365525e+01 6.049678414812016507e-03
8.000000000000000444e-01 5.620540665124454449e+01 5.400230151037817457e-03
8.000000000000000444e-01 5.865292047120541952e+01 4.780123944678798566e-03
8.000000000000000444e-01 6.110043429116630875e+01 4.192112431516409853e-03
8.000000000000000444e-01 6.354794811112718378e+01 3.641460142421955749e-03
8.000000000000000444e-01 6.599546193108807302e+01 3.136777916063929021e-03
8.000000000000000444e-01 6.844297575104894804e+01 2.678179475662055033e-03
8.000000000000000444e-01 7.089048957100983728e+01 2.262909075410904965e-03
8.000000000000000444e-01 7.333800339097071230e+01 1.896380289975931315e-03
8.000000000000000444e-01 7.578551721093160154e+01 1.569479343703723828e-03
8.000000000000000444e-01 7.823303103089247656e+01 1.291449161971609371e-03
8.000000000000000444e-01 8.068054485085336580e+01 1.048626125491882713e-03
8.000000000000000444e-01 8.312805867081425504e+01 8.406888413560242640e-04
8.000000000000000444e-01 8.557557249077513006e+01 6.707210988744464900e-04
8.000000000000000444e-01 8.802308631073600509e+01 5.261822579790895182e-04
8.000000000000000444e-01 9.047060013069689433e+01 4.079425439408406709e-04
8.000000000000000444e-01 9.291811395065778356e+01 3.124132416482333706e-04
8.000000000000000444e-01 9.536562777061865859e+01 2.357927012656094602e-04
8.000000000000000444e-01 9.781314159057953361e+01 1.736111637065197776e-04
8.000000000000000444e-01 1.002606554105404228e+02 1.240227090389457742e-04
8.000000000000000444e-01 1.027081692305013121e+02 8.638073641849692555e-05
8.000000000000000444e-01 1.051556830504621871e+02 5.715810482681273438e-05
8.000000000000000444e-01 1.076031968704230621e+02 3.450601961194626766e-05
8.000000000000000444e-01 1.100507106903839514e+02 1.707004447464092380e-05
8.000000000000000444e-01 1.124982245103448264e+02 4.903696634844953927e-06
8.000000000000000444e-01 1.136345702124695265e+02 0.000000000000000000e+00
9.000000000000000222e-01 1.000000000000000000e+00 2.906768973473089143e-02
9.000000000000000222e-01 1.195717253045485151e+00 2.478296841622917857e-02
9.000000000000000222e-01 1.429739749230640733e+00 2.301930854478318952e-02
9.000000000000000222e-01 1.709564485520002286e+00 2.084774831336526010e-02
9.000000000000000222e-01 2.044155750530095350e+00 1.919860896148428697e-02
9.000000000000000222e-01 2.444232298820977256e+00 1.809132127900933695e-02
9.000000000000000222e-01 2.922610730151269820e+00 1.714863844343366209e-02
9.000000000000000222e-01 3.494616073977736548e+00 1.621303891898965080e-02
9.000000000000000222e-01 4.178572732425256397e+00 1.528335441428576268e-02
9.000000000000000222e-01 4.996391509266294051e+00 1.462689037839413897e-02
9.000000000000000222e-01 5.974271530599679636e+00 1.390265541065487283e-02
9.000000000000000222e-01 7.143539543516493673e+00 1.349230495425013908e-02
9.000000000000000222e-01 8.541653479995339637e+00 1.327430314256360273e-02
9.000000000000000222e-01 1.021340243556643834e+01 1.314096528710220757e-02
9.000000000000000222e-01 1.221234150450356992e+01 1.304100258850862150e-02
9.000000000000000222e-01 1.460250743701836917e+01 1.308647341950802158e-02
9.000000000000000222e-01 1.746047008016787316e+01 1.319799301912077776e-02
9.000000000000000222e-01 1.790987972972375175e+01 1.321559394769669833e-02
9.000000000000000222e-01 2.048155476783793105e+01 1.330950233119993116e-02
9.000000000000000222e-01 2.087778532114121433e+01 1.332894745303294173e-02
9.000000000000000222e-01 2.305322980595211391e+01 1.336528823652241224e-02
9.000000000000000222e-01 2.496392811386831667e+01 1.337473908291181637e-02
9.000000000000000222e-01 2.562490484406629321e+01 1.335833843081226519e-02
9.000000000000000222e-01 2.819657988218047251e+01 1.327661566488106022e-02
9.000000000000000222e-01 2.984979954953958625e+01 1.317950277859014294e-02
9.000000000000000222e-01 3.076825492029465181e+01 1.310877047359513062e-02
9.000000000000000222e-01 3.333992995840883111e+01 1.285773900462931600e-02
9.000000000000000222e-01 3.591160499652301041e+01 1.252855446649239930e-02
9.000000000000000222e-01 3.848328003463718971e+01 1.207768554790385369e-02
9.000000000000000222e-01 4.105495507275136902e+01 1.155460392377047688e-02
9.000000000000000222e-01 4.362663011086554832e+01 1.096447030143430333e-02
9.000000000000000222e-01 4.619830514897973472e+01 1.029966330475525979e-02
9.000000000000000222e-01 4.876998018709391403e+01 9.604642871728071712e-03
9.000000000000000222e-01 5.134165522520810043e+01 8.858930670619331871e-03
9.000000000000000222e-01 5.391333026332227973e+01 8.102505373832100122e-03
9.000000000000000222e-01 5.648500530143645904e+01 7.340885099882072350e-03
9.000000000000000222e-01 5.905668033955063834e+01 6.575947865621045718e-03
9.000000000000000222e-01 6.162835537766481764e+01 5.845250710471582359e-03
9.000000000000000222e-01 6.420003041577899694e+01 5.138736219679827799e-03
9.000000000000000222e-01 6.677170545389317624e+01 4.472272944556716923e-03
9.000000000000000222e-01 6.934338049200735554e+01 3.857198229969044725e-03
9.000000000000000222e-01 7.191505553012153484e+01 3.289348355109448022e-03
9.000000000000000222e-01 7.448673056823571414e+01 2.779841624779986770e-03
9.000000000000000222e-01 7.705840560634989345e+01 2.319941951289975022e-03
9.000000000000000222e-01 7.963008064446407275e+01 1.918065323462641702e-03
9.000000000000000222e-01 8.220175568257826626e+01 1.565862505105892772e-03
9.000000000000000222e-01 8.477343072069244556e+01 1.268702548805845194e-03
9.000000000000000222e-01 8.734510575880662486e+01 1.013348924272272937e-03
9.000000000000000222e-01 8.991678079692080416e+01 8.007190107769997104e-04
9.000000000000000222e-01 9.248845583503498347e+01 6.265265230235554260e-04
9.000000000000000222e-01 9.506013087314916277e+01 4.806034051267641868e-04
9.000000000000000222e-01 9.763180591126334207e+01 3.650361577221878013e-04
9.000000000000000222e-01 1.002034809493775214e+02 2.694084405284916757e-04
9.000000000000000222e-01 1.027751559874917007e+02 1.984898331416646157e-04
9.000000000000000222e-01 1.053468310256058800e+02 1.409647827285788794e-04
9.000000000000000222e-01 1.079185060637200593e+02 9.720154812567315247e-05
9.000000000000000222e-01 1.104901811018342386e+02 6.323928486875516719e-05
9.000000000000000222e-01 1.130618561399484179e+02 3.747766510462826716e-05
9.000000000000000222e-01 1.156335311780625972e+02 1.889655310695640818e-05
9.000000000000000222e-01 1.182052062161767765e+02 5.133692216818448343e-06
9.000000000000000222e-01 1.193991981981583592e+02 0.000000000000000000e+00
1.000000000000000000e+00 1.000000000000000000e+00 2.308004134044982364e-02
1.000000000000000000e+00 1.196764419265917478e+00 2.262815014496818294e-02
1.000000000000000000e+00 1.432245075220888841e+00 2.088642591236436821e-02
1.000000000000000000e+00 1.714059945693197307e+00 1.879677917061593068e-02
1.000000000000000000e+00 2.051325955494489595e+00 1.719899242286494073e-02
1.000000000000000000e+00 2.454953915852466029e+00 1.669334518832516628e-02
1.000000000000000000e+00 2.938001497429766573e+00 1.568949933190833673e-02
1.000000000000000000e+00 3.516095655873931136e+00 1.493453264547232352e-02
1.000000000000000000e+00 4.207938175685380422e+00 1.406872998473743773e-02
1.000000000000000000e+00 5.035910687130998653e+00 1.357291864338026552e-02
1.000000000000000000e+00 6.026798728959356310e+00 1.270327730767394775e-02
1.000000000000000000e+00 7.212658280895615448e+00 1.271576212636330895e-02
1.000000000000000000e+00 8.631852798899551260e+00 1.245894168226905144e-02
1.000000000000000000e+00 1.033029430206390664e+01 1.257307987074597969e-02
1.000000000000000000e+00 1.236292866125553047e+01 1.259345952380809021e-02
1.000000000000000000e+00 1.479551313971343696e+01 1.272160214100083279e-02
1.000000000000000000e+00 1.770674369039040741e+01 1.290684598958345176e-02
1.000000000000000000e+00 1.821025207701237036e+01 1.297815735897683322e-02
1.000000000000000000e+00 2.082505750345517370e+01 1.323046844243903376e-02
1.000000000000000000e+00 2.119080082972052992e+01 1.326640749616185208e-02
1.000000000000000000e+00 2.343986292989797349e+01 1.338677042392531422e-02
1.000000000000000000e+00 2.536039644876020205e+01 1.345897173263015112e-02
1.000000000000000000e+00 2.605466835634077682e+01 1.349314139805792533e-02
1.000000000000000000e+00 2.866947378278357661e+01 1.344442656098428050e-02
1.000000000000000000e+00 3.035042012835394942e+01 1.344854960130080490e-02
1.000000000000000000e+00 3.128427920922637995e+01 1.342551358713275737e-02
1.000000000000000000e+00 3.389908463566918329e+01 1.321066208567295980e-02
1.000000000000000000e+00 3.651389006211198307e+01 1.296757771477308717e-02
1.000000000000000000e+00 3.912869548855478286e+01 1.257506046294483253e-02
1.000000000000000000e+00 4.174350091499758975e+01 1.203882500384222294e-02
1.000000000000000000e+00 4.435830634144038953e+01 1.151027292575627393e-02
1.000000000000000000e+00 4.697311176788319642e+01 1.083754227493259788e-02
1.000000000000000000e+00 4.958791719432599621e+01 1.016311414059342492e-02
1.000000000000000000e+00 5.220272262076879599e+01 9.404930182427979554e-03
1.000000000000000000e+00 5.481752804721159578e+01 8.639573349091766996e-03
1.000000000000000000e+00 5.743233347365440267e+01 7.821909627327528619e-03
1.000000000000000000e+00 6.004713890009720245e+01 7.025008895762603969e-03
1.000000000000000000e+00 6.266194432654000224e+01 6.265882733920867184e-03
1.000000000000000000e+00 6.527674975298280913e+01 5.500671257583203411e-03
1.000000000000000000e+00 6.789155517942560891e+01 4.807903683593601520e-03
1.000000000000000000e+00 7.050636060586840870e+01 4.127614316255203385e-03
1.000000000000000000e+00 7.312116603231120848e+01 3.522180948129421951e-03
1.000000000000000000e+00 7.573597145875402248e+01 2.987253380626241940e-03
1.000000000000000000e+00 7.835077688519680805e+01 2.477024774434856500e-03
1.000000000000000000e+00 8.096558231163962205e+01 2.058519934540009588e-03
1.000000000000000000e+00 8.358038773808242183e+01 1.675938445973954461e-03
1.000000000000000000e+00 8.619519316452522162e+01 1.352678981370848254e-03
1.000000000000000000e+00 8.880999859096802140e+01 1.089312338423643542e-03
1.000000000000000000e+00 9.142480401741082119e+01 8.515610730959375339e-04
1.000000000000000000e+00 9.403960944385363518e+01 6.621236446833487273e-04
1.000000000000000000e+00 9.665441487029643497e+01 4.993254425796642224e-04
1.000000000000000000e+00 9.926922029673923475e+01 3.883778732855334309e-04
1.000000000000000000e+00 1.018840257231820345e+02 2.864918942726402519e-04
1.000000000000000000e+00 1.044988311496248343e+02 2.109568190030699163e-04
1.000000000000000000e+00 1.071136365760676341e+02 1.459069243345978580e-04
1.000000000000000000e+00 1.097284420025104339e+02 1.033603891599749154e-04
1.000000000000000000e+00 1.123432474289532479e+02 6.599049529232196376e-05
1.000000000000000000e+00 1.149580528553960477e+02 3.687431321417627451e-05
1.000000000000000000e+00 1.175728582818388475e+02 1.938173265405698027e-05
1.000000000000000000e+00 1.201876637082816472e+02 6.288435229203450119e-06
1.000000000000000000e+00 1.214016805134158119e+02 0.000000000000000000e+00
