# mx [GeV]: 30.0
# sigma_p [cm^2]: 1.34896288259e-29
# depth [m]: 0.3
# loc: MPI
# Columns: gamma/pi, v [km/s], f(v, gamma) [s/km]
0.000000000000000000e+00 1.000000000000000000e+00 6.624744400300584465e-03
0.000000000000000000e+00 1.039106117088527181e+00 6.011354553716634179e-03
0.000000000000000000e+00 1.079741522570795809e+00 5.906010292061384358e-03
0.000000000000000000e+00 1.121966020977793743e+00 5.786981331427815817e-03
0.000000000000000000e+00 1.165841755563500337e+00 5.655779981993943294e-03
0.000000000000000000e+00 1.211433299763260640e+00 5.514317764034980598e-03
0.000000000000000000e+00 1.243624812121280954e+00 5.412577988859201134e-03
0.000000000000000000e+00 1.258807752228743304e+00 5.364338975099436704e-03
0.000000000000000000e+00 1.308034835579346300e+00 5.041941123169506149e-03
0.000000000000000000e+00 1.359186999015384423e+00 4.914269201709537717e-03
0.000000000000000000e+00 1.412339524944083768e+00 4.778165902851767323e-03
0.000000000000000000e+00 1.422196580015618661e+00 4.752742496652616506e-03
0.000000000000000000e+00 1.467570639775301888e+00 4.635286152510400756e-03
0.000000000000000000e+00 1.524961629050039624e+00 4.487324352537131432e-03
0.000000000000000000e+00 1.584596957071181311e+00 4.080445247498215751e-03
0.000000000000000000e+00 1.600768347909956590e+00 4.054425048608241086e-03
0.000000000000000000e+00 1.646564391212530731e+00 3.978767434389464744e-03
0.000000000000000000e+00 1.710955131089087367e+00 3.868508143252325903e-03
0.000000000000000000e+00 1.777863942778673323e+00 3.750641612969458916e-03
0.000000000000000000e+00 1.779340115804294298e+00 3.748032521296099703e-03
0.000000000000000000e+00 1.847389298292446691e+00 3.624668138824414798e-03
0.000000000000000000e+00 1.919633520499562929e+00 3.336053258876120042e-03
0.000000000000000000e+00 1.957911883698632227e+00 3.285255651566144734e-03
0.000000000000000000e+00 1.994702933719280313e+00 3.235593769289314258e-03
0.000000000000000000e+00 2.072708020202135071e+00 3.128198949765942979e-03
0.000000000000000000e+00 2.136483651592969935e+00 3.038998274320978913e-03
0.000000000000000000e+00 2.315055419487307642e+00 2.733874976398567753e-03
0.000000000000000000e+00 2.493627187381645349e+00 2.370502750242830560e-03
0.000000000000000000e+00 2.672198955275983501e+00 2.205000412140408969e-03
0.000000000000000000e+00 2.850770723170320764e+00 1.980821633198285702e-03
0.000000000000000000e+00 3.029342491064658915e+00 1.830784522056058987e-03
0.000000000000000000e+00 3.207914258958996623e+00 1.614399687474692060e-03
0.000000000000000000e+00 3.386486026853334330e+00 1.489970283794502838e-03
0.000000000000000000e+00 3.565057794747672038e+00 1.286388755025166374e-03
0.000000000000000000e+00 3.743629562642010189e+00 1.188264211450773197e-03
0.000000000000000000e+00 3.922201330536347896e+00 1.056921167267696818e-03
0.000000000000000000e+00 4.100773098430686048e+00 9.713363958268770790e-04
0.000000000000000000e+00 4.279344866325023311e+00 8.282907329029009927e-04
0.000000000000000000e+00 4.457916634219360574e+00 7.612051603172817352e-04
0.000000000000000000e+00 4.636488402113698726e+00 6.551642925855720532e-04
0.000000000000000000e+00 4.815060170008036877e+00 6.004926896638288630e-04
0.000000000000000000e+00 4.993631937902375029e+00 5.259461104041768037e-04
0.000000000000000000e+00 5.172203705796712292e+00 4.798550334715548523e-04
0.000000000000000000e+00 5.350775473691050443e+00 3.975228631896374773e-04
0.000000000000000000e+00 5.529347241585387707e+00 3.623879959693132461e-04
0.000000000000000000e+00 5.707919009479725858e+00 3.122382280708052441e-04
0.000000000000000000e+00 5.886490777374063121e+00 2.834466978181669891e-04
0.000000000000000000e+00 6.065062545268401273e+00 2.298819514000588363e-04
0.000000000000000000e+00 6.243634313162739424e+00 1.870746620159804920e-04
0.000000000000000000e+00 6.422206081057076688e+00 1.697830328417058738e-04
0.000000000000000000e+00 6.600777848951414839e+00 1.420324082412217502e-04
0.000000000000000000e+00 6.779349616845752102e+00 1.283829078142731546e-04
0.000000000000000000e+00 6.957921384740090254e+00 9.721787591853197545e-05
0.000000000000000000e+00 7.136493152634428405e+00 7.926928205337458269e-05
0.000000000000000000e+00 7.315064920528765668e+00 5.627333332314258049e-05
0.000000000000000000e+00 7.493636688423103820e+00 4.612904644544509020e-05
0.000000000000000000e+00 7.672208456317441083e+00 3.120734456839133100e-05
0.000000000000000000e+00 7.850780224211779235e+00 1.874384863975767939e-05
0.000000000000000000e+00 8.029351992106118274e+00 1.316463497553741578e-05
0.000000000000000000e+00 8.207923760000454649e+00 3.923253154641591341e-06
0.000000000000000000e+00 8.290832080808540283e+00 0.000000000000000000e+00
1.000000000000000056e-01 1.000000000000000000e+00 7.242890278847588341e-03
1.000000000000000056e-01 1.040383891419107254e+00 7.018553617881714835e-03
1.000000000000000056e-01 1.082398641524364935e+00 6.798044769292393291e-03
1.000000000000000056e-01 1.126110110735874192e+00 6.575629261615820523e-03
1.000000000000000056e-01 1.171586819173790595e+00 6.189737932974892498e-03
1.000000000000000056e-01 1.218900054067362237e+00 5.998934370501411706e-03
1.000000000000000056e-01 1.268123981501562580e+00 5.823667291421770649e-03
1.000000000000000056e-01 1.273004727166896943e+00 5.806423544637523242e-03
1.000000000000000056e-01 1.319335762676487667e+00 5.643529627442349372e-03
1.000000000000000056e-01 1.372615674861760171e+00 5.456380797029011624e-03
1.000000000000000056e-01 1.428047237235542166e+00 5.230483701706831710e-03
1.000000000000000056e-01 1.455795149529323318e+00 5.087312607086282371e-03
1.000000000000000056e-01 1.485717341805418590e+00 4.990425543807798861e-03
1.000000000000000056e-01 1.545716389616373254e+00 4.807528948305317233e-03
1.000000000000000056e-01 1.608138432459375489e+00 4.624776847353131819e-03
1.000000000000000056e-01 1.638585571891749471e+00 4.536903558935037259e-03
1.000000000000000056e-01 1.673081320302708397e+00 4.437171361219797300e-03
1.000000000000000056e-01 1.740646854677149635e+00 4.193002759111747781e-03
1.000000000000000056e-01 1.810940948255442384e+00 4.026207632364309751e-03
1.000000000000000056e-01 1.821375994254175623e+00 4.004235227270641628e-03
1.000000000000000056e-01 1.884073790876205301e+00 3.875466110149649972e-03
1.000000000000000056e-01 1.960160022272535940e+00 3.723013520528834289e-03
1.000000000000000056e-01 2.004166416616602220e+00 3.623768886269631336e-03
1.000000000000000056e-01 2.039318911776065057e+00 3.547551976058931078e-03
1.000000000000000056e-01 2.121674545278161794e+00 3.365967372560995600e-03
1.000000000000000056e-01 2.186956838979028372e+00 3.244789698666829345e-03
1.000000000000000056e-01 2.369747261341454525e+00 2.928057531650510043e-03
1.000000000000000056e-01 2.552537683703881122e+00 2.650965450265272468e-03
1.000000000000000056e-01 2.735328106066306830e+00 2.379555395915700176e-03
1.000000000000000056e-01 2.918118528428733427e+00 2.151901349848713268e-03
1.000000000000000056e-01 3.100908950791159580e+00 1.947492650627787860e-03
1.000000000000000056e-01 3.283699373153585732e+00 1.768758755171485723e-03
1.000000000000000056e-01 3.466489795516012329e+00 1.565153499425323913e-03
1.000000000000000056e-01 3.649280217878438037e+00 1.426327997481137205e-03
1.000000000000000056e-01 3.832070640240864634e+00 1.279175868269658662e-03
1.000000000000000056e-01 4.014861062603291231e+00 1.144082534959547839e-03
1.000000000000000056e-01 4.197651484965716939e+00 1.026246302176992168e-03
1.000000000000000056e-01 4.380441907328143536e+00 9.211455464227306890e-04
1.000000000000000056e-01 4.563232329690569244e+00 8.167915504397199340e-04
1.000000000000000056e-01 4.746022752052995841e+00 7.209056572708944866e-04
1.000000000000000056e-01 4.928813174415422438e+00 6.463531747780731007e-04
1.000000000000000056e-01 5.111603596777848146e+00 5.633877442363338477e-04
1.000000000000000056e-01 5.294394019140274743e+00 5.005763551163118713e-04
1.000000000000000056e-01 5.477184441502700452e+00 4.386036066167962118e-04
1.000000000000000056e-01 5.659974863865127048e+00 3.864097629364757073e-04
1.000000000000000056e-01 5.842765286227553645e+00 3.305420803223495956e-04
1.000000000000000056e-01 6.025555708589979353e+00 2.931923232764636032e-04
1.000000000000000056e-01 6.208346130952405950e+00 2.484602550317054331e-04
1.000000000000000056e-01 6.391136553314832547e+00 2.095213956129512002e-04
1.000000000000000056e-01 6.573926975677258255e+00 1.815712343514179646e-04
1.000000000000000056e-01 6.756717398039684852e+00 1.486157478054072234e-04
1.000000000000000056e-01 6.939507820402110561e+00 1.256806287985522651e-04
1.000000000000000056e-01 7.122298242764537157e+00 1.049140344987575346e-04
1.000000000000000056e-01 7.305088665126963754e+00 8.123191367630477585e-05
1.000000000000000056e-01 7.487879087489389462e+00 6.499108340735970169e-05
1.000000000000000056e-01 7.670669509851816059e+00 4.931761038028236458e-05
1.000000000000000056e-01 7.853459932214241768e+00 3.566017453840818191e-05
1.000000000000000056e-01 8.036250354576669253e+00 2.356025185213950359e-05
1.000000000000000056e-01 8.219040776939095849e+00 1.253632185497494298e-05
1.000000000000000056e-01 8.401831199301520670e+00 3.577525604152420371e-06
1.000000000000000056e-01 8.486698181112647177e+00 0.000000000000000000e+00
2.000000000000000111e-01 1.000000000000000000e+00 1.003303214642710384e-02
2.000000000000000111e-01 1.044140829422772754e+00 9.608788855532162526e-03
2.000000000000000111e-01 1.090230071667675604e+00 9.084461885402152909e-03
2.000000000000000111e-01 1.138353731292735871e+00 8.787109647907962937e-03
2.000000000000000111e-01 1.188601609168505213e+00 8.485105839456280261e-03
2.000000000000000111e-01 1.241067470050445376e+00 8.180487887641446632e-03
2.000000000000000111e-01 1.295849217548094012e+00 7.870505765736543480e-03
2.000000000000000111e-01 1.353049076817517848e+00 7.397698109711062578e-03
2.000000000000000111e-01 1.363244459609590731e+00 7.344537263733686740e-03
2.000000000000000111e-01 1.412773785317960051e+00 7.124856496669171660e-03
2.000000000000000111e-01 1.475134791988645055e+00 6.863380902743191486e-03
2.000000000000000111e-01 1.540248465217412877e+00 6.597184007664207671e-03
2.000000000000000111e-01 1.558992382015070399e+00 6.521454642000934498e-03
2.000000000000000111e-01 1.608236309989262258e+00 6.324271161961733320e-03
2.000000000000000111e-01 1.679225194620007633e+00 6.014009837035167588e-03
2.000000000000000111e-01 1.753347587498151672e+00 5.756162810306739673e-03
2.000000000000000111e-01 1.754740304420550068e+00 5.751481535465468968e-03
2.000000000000000111e-01 1.830741804276737383e+00 5.502855330134778962e-03
2.000000000000000111e-01 1.911552265976455889e+00 5.240297364195396594e-03
2.000000000000000111e-01 1.950488226826029958e+00 5.110753384632679870e-03
2.000000000000000111e-01 1.995929768481637279e+00 4.914076007625198077e-03
2.000000000000000111e-01 2.084031763932019388e+00 4.713344737898888213e-03
2.000000000000000111e-01 2.146236149231509405e+00 4.572743711334936907e-03
2.000000000000000111e-01 2.176022654535382905e+00 4.505785183654760669e-03
2.000000000000000111e-01 2.272074099349318033e+00 4.270276353024088194e-03
2.000000000000000111e-01 2.341984071636989295e+00 4.108454485018109108e-03
2.000000000000000111e-01 2.537731994042468742e+00 3.682808694534867207e-03
2.000000000000000111e-01 2.733479916447948632e+00 3.328152381322418540e-03
2.000000000000000111e-01 2.929227838853428523e+00 2.999285920662249968e-03
2.000000000000000111e-01 3.124975761258907969e+00 2.698100180524315266e-03
2.000000000000000111e-01 3.320723683664387416e+00 2.424543136670894578e-03
2.000000000000000111e-01 3.516471606069867306e+00 2.192004856645979414e-03
2.000000000000000111e-01 3.712219528475347197e+00 1.969896395582331275e-03
2.000000000000000111e-01 3.907967450880826643e+00 1.768491310200452854e-03
2.000000000000000111e-01 4.103715373286306090e+00 1.583176738448937790e-03
2.000000000000000111e-01 4.299463295691785980e+00 1.425293191115764926e-03
2.000000000000000111e-01 4.495211218097265871e+00 1.256194840467296861e-03
2.000000000000000111e-01 4.690959140502745761e+00 1.127232829248323151e-03
2.000000000000000111e-01 4.886707062908225652e+00 1.000918327262016478e-03
2.000000000000000111e-01 5.082454985313704654e+00 8.893791668723870399e-04
2.000000000000000111e-01 5.278202907719184545e+00 7.756412122228682759e-04
2.000000000000000111e-01 5.473950830124664435e+00 6.897823283245308693e-04
2.000000000000000111e-01 5.669698752530143437e+00 6.151533232419689008e-04
2.000000000000000111e-01 5.865446674935624216e+00 5.285930354544660223e-04
2.000000000000000111e-01 6.061194597341103218e+00 4.632710578172675379e-04
2.000000000000000111e-01 6.256942519746583997e+00 4.008150397812195007e-04
2.000000000000000111e-01 6.452690442152063000e+00 3.398878133946238249e-04
2.000000000000000111e-01 6.648438364557542002e+00 2.964670224710376912e-04
2.000000000000000111e-01 6.844186286963022781e+00 2.507515753091901106e-04
2.000000000000000111e-01 7.039934209368501783e+00 2.142584151183903399e-04
2.000000000000000111e-01 7.235682131773980785e+00 1.774139755838669366e-04
2.000000000000000111e-01 7.431430054179461564e+00 1.488590931214964002e-04
2.000000000000000111e-01 7.627177976584940566e+00 1.204529436554598488e-04
2.000000000000000111e-01 7.822925898990421345e+00 9.665207255587001257e-05
2.000000000000000111e-01 8.018673821395900347e+00 7.379985189306936810e-05
2.000000000000000111e-01 8.214421743801379350e+00 5.717277747965800671e-05
2.000000000000000111e-01 8.410169666206860128e+00 4.155065505300842505e-05
2.000000000000000111e-01 8.605917588612339131e+00 2.723373039156556946e-05
2.000000000000000111e-01 8.801665511017819910e+00 1.505532510666571866e-05
2.000000000000000111e-01 8.997413433423298912e+00 4.317835989669265698e-06
2.000000000000000111e-01 9.088296397397272131e+00 0.000000000000000000e+00
3.000000000000000444e-01 1.000000000000000000e+00 1.629494535886168854e-02
3.000000000000000444e-01 1.050075763609344071e+00 1.560355760151365019e-02
3.000000000000000444e-01 1.102659109319747310e+00 1.490632691529846475e-02
3.000000000000000444e-01 1.157875606219732845e+00 1.420199253830222233e-02
3.000000000000000444e-01 1.215857111365818310e+00 1.351409702726220040e-02
3.000000000000000444e-01 1.276742084657313203e+00 1.277960847100456133e-02
3.000000000000000444e-01 1.340675919478714118e+00 1.228234667656560516e-02
3.000000000000000444e-01 1.407811289899270291e+00 1.173733325945644501e-02
3.000000000000000444e-01 1.478308515258832001e+00 1.120804494957201511e-02
3.000000000000000444e-01 1.518250077049209779e+00 1.091981105449062878e-02
3.000000000000000444e-01 1.552335943010613839e+00 1.068613332334594941e-02
3.000000000000000444e-01 1.630070350735101758e+00 1.007117486676802412e-02
3.000000000000000444e-01 1.711697368285113541e+00 9.619594012999617416e-03
3.000000000000000444e-01 1.736255216317814210e+00 9.486863698101463682e-03
3.000000000000000444e-01 1.797411921070095397e+00 9.163643668851870552e-03
3.000000000000000444e-01 1.887418695538218838e+00 8.701660199314724398e-03
3.000000000000000444e-01 1.954260355586418640e+00 8.344623864419411716e-03
3.000000000000000444e-01 1.981932627967847083e+00 8.225553437954042854e-03
3.000000000000000444e-01 2.081179417735611548e+00 7.809354146417499774e-03
3.000000000000000444e-01 2.172265494855023071e+00 7.440952337470745602e-03
3.000000000000000444e-01 2.185396066286772410e+00 7.388949888429292498e-03
3.000000000000000444e-01 2.294831443094939694e+00 6.935325048123821765e-03
3.000000000000000444e-01 2.390270634123627502e+00 6.578783962211310135e-03
3.000000000000000444e-01 2.409746879962651800e+00 6.520913589968825239e-03
3.000000000000000444e-01 2.530416795082016446e+00 6.165772279670056998e-03
3.000000000000000444e-01 2.608275773392231933e+00 5.934982503496380110e-03
3.000000000000000444e-01 2.826280912660836808e+00 5.312485957498132468e-03
3.000000000000000444e-01 3.044286051929441239e+00 4.780430193249900032e-03
3.000000000000000444e-01 3.262291191198045670e+00 4.300221807399742455e-03
3.000000000000000444e-01 3.480296330466650101e+00 3.866189827906535339e-03
3.000000000000000444e-01 3.698301469735254532e+00 3.444464188766305050e-03
3.000000000000000444e-01 3.916306609003858963e+00 3.115240542968327440e-03
3.000000000000000444e-01 4.134311748272463838e+00 2.782485820723884160e-03
3.000000000000000444e-01 4.352316887541068269e+00 2.500610246070116872e-03
3.000000000000000444e-01 4.570322026809672700e+00 2.214450515129110560e-03
3.000000000000000444e-01 4.788327166078277131e+00 1.990989374663729161e-03
3.000000000000000444e-01 5.006332305346881562e+00 1.769907653769638503e-03
3.000000000000000444e-01 5.224337444615485992e+00 1.562333724238936352e-03
3.000000000000000444e-01 5.442342583884090423e+00 1.387782084050736154e-03
3.000000000000000444e-01 5.660347723152694854e+00 1.222135436223118236e-03
3.000000000000000444e-01 5.878352862421299285e+00 1.079399007816977734e-03
3.000000000000000444e-01 6.096358001689903716e+00 9.335612600330447540e-04
3.000000000000000444e-01 6.314363140958508147e+00 8.229838792303369784e-04
3.000000000000000444e-01 6.532368280227112578e+00 7.188912514330465147e-04
3.000000000000000444e-01 6.750373419495717897e+00 6.191095668761236901e-04
3.000000000000000444e-01 6.968378558764322328e+00 5.340874302419177603e-04
3.000000000000000444e-01 7.186383698032926759e+00 4.588098709843224979e-04
3.000000000000000444e-01 7.404388837301531190e+00 3.864402178116505991e-04
3.000000000000000444e-01 7.622393976570135621e+00 3.294468660400597646e-04
3.000000000000000444e-01 7.840399115838740052e+00 2.764296741052422947e-04
3.000000000000000444e-01 8.058404255107344483e+00 2.311966162378896017e-04
3.000000000000000444e-01 8.276409394375949802e+00 1.882741530994226187e-04
3.000000000000000444e-01 8.494414533644553345e+00 1.555279011725013716e-04
3.000000000000000444e-01 8.712419672913156887e+00 1.230354126621730046e-04
3.000000000000000444e-01 8.930424812181762206e+00 9.518992158657224611e-05
3.000000000000000444e-01 9.148429951450367525e+00 6.986940797174300878e-05
3.000000000000000444e-01 9.366435090718971068e+00 5.085558323114860475e-05
3.000000000000000444e-01 9.584440229987576387e+00 3.283207492932954609e-05
3.000000000000000444e-01 9.802445369256179930e+00 1.852677377352092257e-05
3.000000000000000444e-01 1.002045050852478525e+01 4.691634027617755509e-06
3.000000000000000444e-01 1.012166718032806578e+01 0.000000000000000000e+00
4.000000000000000222e-01 1.000000000000000000e+00 2.950317570692583338e-02
4.000000000000000222e-01 1.057596797758176388e+00 2.806823784726533363e-02
4.000000000000000222e-01 1.118510986628348913e+00 2.643519168082026152e-02
4.000000000000000222e-01 1.182933637715480435e+00 2.512934236608544911e-02
4.000000000000000222e-01 1.251066827208322740e+00 2.385189827130695245e-02
4.000000000000000222e-01 1.323124270237003852e+00 2.260754628966926000e-02
4.000000000000000222e-01 1.399331991238779160e+00 2.137022168052319163e-02
4.000000000000000222e-01 1.479929032934705457e+00 2.017709164049229578e-02
4.000000000000000222e-01 1.565168206141099194e+00 1.922344409266098925e-02
4.000000000000000222e-01 1.655316882767735809e+00 1.825430031231818281e-02
4.000000000000000222e-01 1.738736081628743602e+00 1.739872110435574867e-02
4.000000000000000222e-01 1.750657834490203957e+00 1.727725177202072554e-02
4.000000000000000222e-01 1.851490119727103201e+00 1.619630189711092003e-02
4.000000000000000222e-01 1.958130021704286960e+00 1.537246189145076956e-02
4.000000000000000222e-01 1.988400749760050434e+00 1.513966225859034349e-02
4.000000000000000222e-01 2.070912040548602562e+00 1.452126805675071561e-02
4.000000000000000222e-01 2.190189942523052213e+00 1.366564575808306391e-02
4.000000000000000222e-01 2.238065417891357267e+00 1.332530906567193016e-02
4.000000000000000222e-01 2.316337869694544693e+00 1.285370642938056182e-02
4.000000000000000222e-01 2.449751513514946577e+00 1.205949473890145091e-02
4.000000000000000222e-01 2.487730086022663656e+00 1.184579516650469816e-02
4.000000000000000222e-01 2.590849355996653447e+00 1.127905897322597530e-02
4.000000000000000222e-01 2.737394754153970489e+00 1.051249189950274714e-02
4.000000000000000222e-01 2.740073982375894168e+00 1.050103729305449513e-02
4.000000000000000222e-01 2.897893469381239484e+00 9.832946613155197149e-03
4.000000000000000222e-01 2.987059422285277321e+00 9.467407369722657604e-03
4.000000000000000222e-01 3.236724090416584154e+00 8.465380737424577778e-03
4.000000000000000222e-01 3.486388758547890987e+00 7.607016937539539357e-03
4.000000000000000222e-01 3.736053426679197820e+00 6.820101224773497846e-03
4.000000000000000222e-01 3.985718094810504653e+00 6.130231582227592402e-03
4.000000000000000222e-01 4.235382762941811485e+00 5.458592243280248335e-03
4.000000000000000222e-01 4.485047431073118318e+00 4.908781977122078644e-03
4.000000000000000222e-01 4.734712099204424263e+00 4.395042766448802908e-03
4.000000000000000222e-01 4.984376767335731984e+00 3.915699873325277462e-03
4.000000000000000222e-01 5.234041435467037928e+00 3.474609923260004504e-03
4.000000000000000222e-01 5.483706103598345649e+00 3.091057383185003612e-03
4.000000000000000222e-01 5.733370771729651594e+00 2.735684514095806669e-03
4.000000000000000222e-01 5.983035439860959315e+00 2.398483029906425725e-03
4.000000000000000222e-01 6.232700107992265259e+00 2.120233411608106987e-03
4.000000000000000222e-01 6.482364776123572980e+00 1.856118009598959999e-03
4.000000000000000222e-01 6.732029444254878925e+00 1.624882798983565526e-03
4.000000000000000222e-01 6.981694112386186646e+00 1.411379004798066824e-03
4.000000000000000222e-01 7.231358780517492590e+00 1.219659848779312133e-03
4.000000000000000222e-01 7.481023448648800311e+00 1.056882679632527430e-03
4.000000000000000222e-01 7.730688116780106256e+00 9.028486267812786117e-04
4.000000000000000222e-01 7.980352784911412201e+00 7.738415542485168122e-04
4.000000000000000222e-01 8.230017453042719922e+00 6.578044732630364049e-04
4.000000000000000222e-01 8.479682121174025866e+00 5.556679750799452039e-04
4.000000000000000222e-01 8.729346789305333587e+00 4.618396163968560499e-04
4.000000000000000222e-01 8.979011457436639532e+00 3.868422585449235690e-04
4.000000000000000222e-01 9.228676125567947253e+00 3.190326449051562592e-04
4.000000000000000222e-01 9.478340793699253197e+00 2.564376312836087052e-04
4.000000000000000222e-01 9.728005461830560918e+00 2.087893806206840011e-04
4.000000000000000222e-01 9.977670129961866863e+00 1.618517344410020124e-04
4.000000000000000222e-01 1.022733479809317458e+01 1.259156575383371906e-04
4.000000000000000222e-01 1.047699946622448053e+01 9.403101499402776971e-05
4.000000000000000222e-01 1.072666413435578825e+01 6.612915029216689857e-05
4.000000000000000222e-01 1.097632880248709419e+01 4.343604610224082189e-05
4.000000000000000222e-01 1.122599347061840191e+01 2.356132722818116354e-05
4.000000000000000222e-01 1.147565813874970786e+01 7.238728310054993011e-06
4.000000000000000222e-01 1.159157387752495794e+01 0.000000000000000000e+00
5.000000000000000000e-01 1.000000000000000000e+00 5.264291961777812362e-02
5.000000000000000000e-01 1.065841134690396652e+00 5.013455360914882697e-02
5.000000000000000000e-01 1.136017324398112427e+00 4.754652378721140049e-02
5.000000000000000000e-01 1.210813994064432686e+00 4.442210251967656370e-02
5.000000000000000000e-01 1.290535361332646236e+00 4.207000667354341555e-02
5.000000000000000000e-01 1.375505673880868862e+00 3.979234592930167014e-02
5.000000000000000000e-01 1.466070528222263913e+00 3.759204677732870536e-02
5.000000000000000000e-01 1.562598275336567255e+00 3.517889084288195606e-02
5.000000000000000000e-01 1.665481518849983855e+00 3.347800412177196622e-02
5.000000000000000000e-01 1.775138711856951934e+00 3.172322639247183301e-02
5.000000000000000000e-01 1.892015858878463019e+00 2.995190911770706857e-02
5.000000000000000000e-01 2.015154356725463280e+00 2.801827723370336337e-02
5.000000000000000000e-01 2.016588329879246633e+00 2.800196954952282116e-02
5.000000000000000000e-01 2.149362793721908194e+00 2.648527072526392009e-02
5.000000000000000000e-01 2.290879278921879703e+00 2.492895122841268241e-02
5.000000000000000000e-01 2.304509854101427280e+00 2.478477928940545430e-02
5.000000000000000000e-01 2.441713370084814372e+00 2.337358435411587484e-02
5.000000000000000000e-01 2.593865351477391279e+00 2.195163236485943997e-02
5.000000000000000000e-01 2.602478548959910931e+00 2.187571057255604384e-02
5.000000000000000000e-01 2.773828689630848832e+00 2.044565278499202790e-02
5.000000000000000000e-01 2.883220848853355278e+00 1.958337826786026373e-02
5.000000000000000000e-01 2.956460717992920539e+00 1.900900976277608220e-02
5.000000000000000000e-01 3.151117446333159045e+00 1.767903648853475645e-02
5.000000000000000000e-01 3.172576346229319277e+00 1.754458256157429702e-02
5.000000000000000000e-01 3.358590594542439689e+00 1.639405616404240873e-02
5.000000000000000000e-01 3.461931843605283277e+00 1.578157368008300740e-02
5.000000000000000000e-01 3.751287340981247276e+00 1.416171061115478573e-02
5.000000000000000000e-01 4.040642838357211275e+00 1.275231254975555707e-02
5.000000000000000000e-01 4.329998335733175274e+00 1.146130937895928001e-02
5.000000000000000000e-01 4.619353833109139273e+00 1.028792029916343435e-02
5.000000000000000000e-01 4.908709330485103273e+00 9.194239451146045752e-03
5.000000000000000000e-01 5.198064827861067272e+00 8.244380836056785372e-03
5.000000000000000000e-01 5.487420325237031271e+00 7.342773744353162796e-03
5.000000000000000000e-01 5.776775822612995270e+00 6.537258101024030071e-03
5.000000000000000000e-01 6.066131319988959270e+00 5.784146418204054278e-03
5.000000000000000000e-01 6.355486817364923269e+00 5.120779401305030655e-03
5.000000000000000000e-01 6.644842314740887268e+00 4.501997643456927267e-03
5.000000000000000000e-01 6.934197812116851267e+00 3.943430405220883263e-03
5.000000000000000000e-01 7.223553309492815266e+00 3.456182908630426459e-03
5.000000000000000000e-01 7.512908806868779266e+00 3.001703151465153884e-03
5.000000000000000000e-01 7.802264304244743265e+00 2.606088081132318206e-03
5.000000000000000000e-01 8.091619801620707264e+00 2.229829344941700216e-03
5.000000000000000000e-01 8.380975298996670375e+00 1.924956229629314498e-03
5.000000000000000000e-01 8.670330796372635263e+00 1.649735416262462697e-03
5.000000000000000000e-01 8.959686293748600150e+00 1.393822716885838092e-03
5.000000000000000000e-01 9.249041791124563261e+00 1.178887606727515008e-03
5.000000000000000000e-01 9.538397288500526372e+00 9.906505823394718205e-04
5.000000000000000000e-01 9.827752785876491259e+00 8.245047299315030366e-04
5.000000000000000000e-01 1.011710828325245615e+01 6.802043672510046804e-04
5.000000000000000000e-01 1.040646378062842103e+01 5.592006818294499278e-04
5.000000000000000000e-01 1.069581927800438237e+01 4.558653625934081660e-04
5.000000000000000000e-01 1.098517477538034726e+01 3.607639414819320762e-04
5.000000000000000000e-01 1.127453027275631214e+01 2.890406953409336058e-04
5.000000000000000000e-01 1.156388577013227703e+01 2.232677670283229117e-04
5.000000000000000000e-01 1.185324126750823837e+01 1.697038106018136433e-04
5.000000000000000000e-01 1.214259676488420325e+01 1.249992064080691987e-04
5.000000000000000000e-01 1.243195226226016814e+01 8.720791740264578729e-05
5.000000000000000000e-01 1.272130775963613303e+01 5.631775438082195300e-05
5.000000000000000000e-01 1.301066325701209436e+01 3.015964480264080302e-05
5.000000000000000000e-01 1.330001875438805925e+01 9.102795404134975720e-06
5.000000000000000000e-01 1.343436237816975698e+01 0.000000000000000000e+00
6.000000000000000888e-01 1.000000000000000000e+00 8.736029885744829582e-02
6.000000000000000888e-01 1.073860663989503417e+00 7.986303670047525949e-02
6.000000000000000888e-01 1.153176725663977109e+00 7.582874395280513047e-02
6.000000000000000888e-01 1.238351124318759933e+00 7.170681367721604138e-02
6.000000000000000888e-01 1.329816560613091614e+00 6.705020618741858174e-02
6.000000000000000888e-01 1.428037694764212384e+00 6.351753674782172066e-02
6.000000000000000888e-01 1.533513507101536888e+00 6.013913673793919862e-02
6.000000000000000888e-01 1.646779832972928403e+00 5.704634202403407323e-02
6.000000000000000888e-01 1.768412084880832458e+00 5.381556452812764901e-02
6.000000000000000888e-01 1.899028175677192731e+00 5.107146516384232504e-02
6.000000000000000888e-01 2.039291657667485325e+00 4.831759797092188141e-02
6.000000000000000888e-01 2.189915093571061178e+00 4.539735018559992730e-02
6.000000000000000888e-01 2.323603389800402041e+00 4.336453630886093202e-02
6.000000000000000888e-01 2.351663676462855346e+00 4.294765191808554844e-02
6.000000000000000888e-01 2.525359117086398708e+00 4.045680442555756734e-02
6.000000000000000888e-01 2.657249004746100596e+00 3.864578801925993429e-02
6.000000000000000888e-01 2.711883818286345615e+00 3.798792570460954310e-02
6.000000000000000888e-01 2.912185357767365090e+00 3.566052270341936448e-02
6.000000000000000888e-01 2.990894619691799594e+00 3.479171020462353686e-02
6.000000000000000888e-01 3.127281301952572257e+00 3.334329826453083512e-02
6.000000000000000888e-01 3.324540234637498592e+00 3.138010512297504523e-02
6.000000000000000888e-01 3.358264375396747603e+00 3.108079062893761083e-02
6.000000000000000888e-01 3.606308012015846831e+00 2.893420629658709220e-02
6.000000000000000888e-01 3.658185849583197147e+00 2.850013562317217294e-02
6.000000000000000888e-01 3.872672316334003106e+00 2.673241047395145259e-02
6.000000000000000888e-01 3.991831464528895701e+00 2.576444185379719518e-02
6.000000000000000888e-01 4.325477079474595143e+00 2.340774126008441855e-02
6.000000000000000888e-01 4.659122694420293698e+00 2.118463438055881096e-02
6.000000000000000888e-01 4.992768309365992252e+00 1.915005167234097583e-02
6.000000000000000888e-01 5.326413924311690806e+00 1.724109884968666462e-02
6.000000000000000888e-01 5.660059539257389361e+00 1.552207261101560057e-02
6.000000000000000888e-01 5.993705154203088803e+00 1.389821887371196253e-02
6.000000000000000888e-01 6.327350769148787357e+00 1.241149582411981735e-02
6.000000000000000888e-01 6.660996384094485911e+00 1.101459254998211554e-02
6.000000000000000888e-01 6.994641999040185354e+00 9.771756734088702517e-03
6.000000000000000888e-01 7.328287613985883908e+00 8.600967684817238668e-03
6.000000000000000888e-01 7.661933228931582462e+00 7.538352016158696677e-03
6.000000000000000888e-01 7.995578843877281017e+00 6.590012963207014275e-03
6.000000000000000888e-01 8.329224458822979571e+00 5.722157031996340758e-03
6.000000000000000888e-01 8.662870073768679902e+00 4.943656089932532173e-03
6.000000000000000888e-01 8.996515688714378456e+00 4.232452554791071853e-03
6.000000000000000888e-01 9.330161303660077010e+00 3.625837333400563911e-03
6.000000000000000888e-01 9.663806918605775564e+00 3.086898106453932287e-03
6.000000000000000888e-01 9.997452533551474119e+00 2.599537630857967282e-03
6.000000000000000888e-01 1.033109814849717267e+01 2.183327697685592556e-03
6.000000000000000888e-01 1.066474376344287123e+01 1.820890452421327754e-03
6.000000000000000888e-01 1.099838937838856978e+01 1.504740435956560636e-03
6.000000000000000888e-01 1.133203499333426834e+01 1.236559705551738917e-03
6.000000000000000888e-01 1.166568060827996867e+01 1.008135626109613872e-03
6.000000000000000888e-01 1.199932622322566722e+01 8.158441997358721869e-04
6.000000000000000888e-01 1.233297183817136577e+01 6.470897000146143057e-04
6.000000000000000888e-01 1.266661745311706433e+01 5.136126818299477413e-04
6.000000000000000888e-01 1.300026306806276288e+01 3.958427969446149373e-04
6.000000000000000888e-01 1.333390868300846144e+01 3.059751026115387833e-04
6.000000000000000888e-01 1.366755429795415999e+01 2.290400182878855992e-04
6.000000000000000888e-01 1.400119991289985855e+01 1.616018927200589409e-04
6.000000000000000888e-01 1.433484552784555710e+01 1.117396381264629208e-04
6.000000000000000888e-01 1.466849114279125743e+01 6.806081462907198534e-05
6.000000000000000888e-01 1.500213675773695599e+01 3.737991395422996074e-05
6.000000000000000888e-01 1.533578237268265454e+01 1.045900277028276822e-05
6.000000000000000888e-01 1.549068926533601420e+01 0.000000000000000000e+00
7.000000000000000666e-01 1.000000000000000000e+00 1.142048880521554094e-01
7.000000000000000666e-01 1.080841387577244017e+00 1.048934207483318698e-01
7.000000000000000666e-01 1.168218105099901871e+00 1.002606111696868613e-01
7.000000000000000666e-01 1.262658477709036609e+00 9.522841138252431670e-02
7.000000000000000666e-01 1.364733541083205548e+00 8.961587851546545802e-02
7.000000000000000666e-01 1.475060494217577567e+00 8.544105267601130593e-02
7.000000000000000666e-01 1.594306431330501761e+00 8.146277387938533066e-02
7.000000000000000666e-01 1.723192375462583303e+00 7.736125909486361862e-02
7.000000000000000666e-01 1.862497638157505797e+00 7.415803743730610409e-02
7.000000000000000666e-01 2.013064531585497807e+00 7.075572085341530482e-02
7.000000000000000666e-01 2.175803461601404365e+00 6.814148010440966574e-02
7.000000000000000666e-01 2.351698432532632221e+00 6.407206631927313267e-02
7.000000000000000666e-01 2.541812996981799966e+00 6.096968219246369503e-02
7.000000000000000666e-01 2.628019665750441991e+00 5.964080153232941689e-02
7.000000000000000666e-01 2.747296686619681516e+00 5.784011716792425428e-02
7.000000000000000666e-01 2.969391962852380829e+00 5.492018730773715052e-02
7.000000000000000666e-01 3.005376335704351476e+00 5.446741037708995037e-02
7.000000000000000666e-01 3.209441729390082987e+00 5.198452984182738712e-02
7.000000000000000666e-01 3.382733005658261405e+00 4.990027613766106346e-02
7.000000000000000666e-01 3.468897452142286841e+00 4.900961082358707560e-02
7.000000000000000666e-01 3.749327935536636236e+00 4.617040285279563894e-02
7.000000000000000666e-01 3.760089675612170890e+00 4.606136367161260681e-02
7.000000000000000666e-01 4.052428808327540821e+00 4.319887630892161462e-02
7.000000000000000666e-01 4.137446345566080375e+00 4.234175735965643034e-02
7.000000000000000666e-01 4.380032776250736504e+00 4.019834684579062095e-02
7.000000000000000666e-01 4.514803015519990304e+00 3.903026607176140333e-02
7.000000000000000666e-01 4.892159685473899344e+00 3.586612188319326933e-02
7.000000000000000666e-01 5.269516355427809273e+00 3.284870268488568334e-02
7.000000000000000666e-01 5.646873025381719202e+00 2.997496640775866930e-02
7.000000000000000666e-01 6.024229695335629131e+00 2.729583300322626846e-02
7.000000000000000666e-01 6.401586365289539060e+00 2.469936983416124582e-02
7.000000000000000666e-01 6.778943035243448989e+00 2.225710682825052938e-02
7.000000000000000666e-01 7.156299705197357142e+00 1.994325458561934522e-02
7.000000000000000666e-01 7.533656375151267071e+00 1.779312921470607711e-02
7.000000000000000666e-01 7.911013045105177000e+00 1.572839832486905287e-02
7.000000000000000666e-01 8.288369715059086928e+00 1.389431877386121915e-02
7.000000000000000666e-01 8.665726385012996857e+00 1.216269893403860991e-02
7.000000000000000666e-01 9.043083054966906786e+00 1.058928743460274026e-02
7.000000000000000666e-01 9.420439724920814939e+00 9.151937690687428004e-03
7.000000000000000666e-01 9.797796394874724868e+00 7.853012533865361133e-03
7.000000000000000666e-01 1.017515306482863480e+01 6.708945109177318240e-03
7.000000000000000666e-01 1.055250973478254473e+01 5.669833539166515245e-03
7.000000000000000666e-01 1.092986640473645465e+01 4.781274904957385358e-03
7.000000000000000666e-01 1.130722307469036281e+01 3.991134220897911422e-03
7.000000000000000666e-01 1.168457974464427274e+01 3.317701661417097030e-03
7.000000000000000666e-01 1.206193641459818267e+01 2.712120128859353031e-03
7.000000000000000666e-01 1.243929308455209259e+01 2.225514228987077615e-03
7.000000000000000666e-01 1.281664975450600252e+01 1.798956946109781007e-03
7.000000000000000666e-01 1.319400642445991245e+01 1.450813687620574645e-03
7.000000000000000666e-01 1.357136309441382060e+01 1.140753425809048387e-03
7.000000000000000666e-01 1.394871976436773053e+01 9.037736878226285738e-04
7.000000000000000666e-01 1.432607643432164046e+01 6.967044798471265813e-04
7.000000000000000666e-01 1.470343310427555039e+01 5.366354309895045435e-04
7.000000000000000666e-01 1.508078977422946032e+01 4.024445544981980201e-04
7.000000000000000666e-01 1.545814644418337025e+01 2.908897126539609760e-04
7.000000000000000666e-01 1.583550311413728018e+01 2.096131081546762282e-04
7.000000000000000666e-01 1.621285978409119011e+01 1.408222404929400709e-04
7.000000000000000666e-01 1.659021645404509826e+01 8.792096088663497446e-05
7.000000000000000666e-01 1.696757312399900997e+01 4.568589074633783490e-05
7.000000000000000666e-01 1.734492979395291812e+01 1.285997118278149333e-05
7.000000000000000666e-01 1.752013110500294601e+01 0.000000000000000000e+00
8.000000000000000444e-01 1.000000000000000000e+00 1.175977633901027497e-01
8.000000000000000444e-01 1.086191857558938212e+00 1.137495246354830597e-01
8.000000000000000444e-01 1.179812751427336881e+00 1.091202687686271128e-01
8.000000000000000444e-01 1.281503004044580951e+00 1.035284742052075546e-01
8.000000000000000444e-01 1.391958128430542896e+00 9.961592939823032955e-02
8.000000000000000444e-01 1.511933585164234595e+00 9.575578340413824774e-02
8.000000000000000444e-01 1.642249949375285123e+00 9.234491426593083307e-02
8.000000000000000444e-01 1.783798523088013122e+00 8.886126161102389509e-02
8.000000000000000444e-01 1.937547431303859868e+00 8.582183024069468813e-02
8.000000000000000444e-01 2.104548243516489059e+00 8.276549090882862059e-02
8.000000000000000444e-01 2.285943165947575739e+00 7.954929388552837988e-02
8.000000000000000444e-01 2.482972853694757287e+00 7.675675790498552586e-02
8.000000000000000444e-01 2.696984896223126427e+00 7.386249744029239894e-02
8.000000000000000444e-01 2.886526604804095175e+00 7.164932467224412183e-02
8.000000000000000444e-01 2.929443034236998589e+00 7.116642273559420362e-02
8.000000000000000444e-01 3.181937170970976947e+00 6.843681667059089979e-02
8.000000000000000444e-01 3.301002219852888331e+00 6.704997936245407630e-02
8.000000000000000444e-01 3.456194246372799039e+00 6.565217451590510400e-02
8.000000000000000444e-01 3.715477834901681486e+00 6.328418534044222277e-02
8.000000000000000444e-01 3.754090048552185532e+00 6.293387212183067236e-02
8.000000000000000444e-01 4.077662043280422921e+00 5.992312037233026717e-02
8.000000000000000444e-01 4.129953449950474642e+00 5.941046286058659920e-02
8.000000000000000444e-01 4.429123309288338639e+00 5.689065834567185592e-02
8.000000000000000444e-01 4.544429064999267354e+00 5.590106606249905380e-02
8.000000000000000444e-01 4.810877674673491811e+00 5.363208640921810627e-02
8.000000000000000444e-01 4.958904680048060953e+00 5.240353497889749940e-02
8.000000000000000444e-01 5.373380295096854553e+00 4.890499503084032307e-02
8.000000000000000444e-01 5.787855910145647265e+00 4.546895996538920237e-02
8.000000000000000444e-01 6.202331525194439976e+00 4.206379469496903528e-02
8.000000000000000444e-01 6.616807140243233576e+00 3.868742136835192497e-02
8.000000000000000444e-01 7.031282755292027176e+00 3.532451423489142706e-02
8.000000000000000444e-01 7.445758370340818999e+00 3.212446830397772124e-02
8.000000000000000444e-01 7.860233985389612599e+00 2.898311845637718820e-02
8.000000000000000444e-01 8.274709600438406198e+00 2.594934984838609751e-02
8.000000000000000444e-01 8.689185215487199798e+00 2.310194706486989533e-02
8.000000000000000444e-01 9.103660830535991622e+00 2.039094835230991637e-02
8.000000000000000444e-01 9.518136445584785221e+00 1.788091926543889515e-02
8.000000000000000444e-01 9.932612060633578821e+00 1.550828741546776690e-02
8.000000000000000444e-01 1.034708767568237242e+01 1.340353619461179605e-02
8.000000000000000444e-01 1.076156329073116424e+01 1.148314463000189509e-02
8.000000000000000444e-01 1.117603890577995784e+01 9.741755576970410196e-03
8.000000000000000444e-01 1.159051452082875144e+01 8.196533954211255787e-03
8.000000000000000444e-01 1.200499013587754327e+01 6.860886957931496347e-03
8.000000000000000444e-01 1.241946575092633687e+01 5.666138161875747432e-03
8.000000000000000444e-01 1.283394136597513047e+01 4.654854577361912556e-03
8.000000000000000444e-01 1.324841698102392407e+01 3.794963482080079137e-03
8.000000000000000444e-01 1.366289259607271767e+01 3.062020251235943007e-03
8.000000000000000444e-01 1.407736821112150949e+01 2.443508899783953560e-03
8.000000000000000444e-01 1.449184382617030309e+01 1.934031130150814723e-03
8.000000000000000444e-01 1.490631944121909669e+01 1.520118266488074653e-03
8.000000000000000444e-01 1.532079505626788851e+01 1.172454168373147313e-03
8.000000000000000444e-01 1.573527067131668211e+01 8.963216633050342160e-04
8.000000000000000444e-01 1.614974628636547749e+01 6.762357422668332499e-04
8.000000000000000444e-01 1.656422190141427109e+01 4.968886841459842392e-04
8.000000000000000444e-01 1.697869751646306469e+01 3.576369132294932637e-04
8.000000000000000444e-01 1.739317313151185473e+01 2.515149625294544060e-04
8.000000000000000444e-01 1.780764874656064833e+01 1.687115632967341183e-04
8.000000000000000444e-01 1.822212436160944193e+01 1.008228043704880003e-04
8.000000000000000444e-01 1.863659997665823553e+01 5.211433698086090902e-05
8.000000000000000444e-01 1.905107559170702913e+01 1.493587081263541194e-05
8.000000000000000444e-01 1.924351069869396724e+01 0.000000000000000000e+00
9.000000000000000222e-01 1.000000000000000000e+00 1.129534591942298188e-01
9.000000000000000222e-01 1.089537300524383134e+00 1.094873528619203229e-01
9.000000000000000222e-01 1.187091529233959886e+00 1.048582477119980733e-01
9.000000000000000222e-01 1.293380500236930519e+00 1.014145346558677219e-01
9.000000000000000222e-01 1.409186298779021573e+00 9.821441835367007711e-02
9.000000000000000222e-01 1.535361035907642169e+00 9.529684406589751522e-02
9.000000000000000222e-01 1.672833118393132867e+00 9.264590142765359582e-02
9.000000000000000222e-01 1.822614080041840001e+00 9.027412576046214832e-02
9.000000000000000222e-01 1.985806024666518121e+00 8.793697102083919415e-02
9.000000000000000222e-01 2.163609735480214624e+00 8.542487407935647759e-02
9.000000000000000222e-01 2.357333510583387692e+00 8.340264488571035029e-02
9.000000000000000222e-01 2.568402789556691879e+00 8.114571913397890246e-02
9.000000000000000222e-01 2.798370641992893315e+00 7.919366401191367533e-02
9.000000000000000222e-01 3.048929195143621484e+00 7.722502328763856949e-02
9.000000000000000222e-01 3.060209839963181633e+00 7.713817627527326526e-02
9.000000000000000222e-01 3.321922084766762318e+00 7.519440944862264276e-02
9.000000000000000222e-01 3.499624586214305388e+00 7.402566195783001624e-02
9.000000000000000222e-01 3.619358020789109176e+00 7.322784927244493924e-02
9.000000000000000222e-01 3.939039332465428700e+00 7.092264688392115046e-02
9.000000000000000222e-01 3.943425567601839710e+00 7.089599925761967680e-02
9.000000000000000222e-01 4.296509247743741433e+00 6.867429072726956296e-02
9.000000000000000222e-01 4.378454078716552900e+00 6.807631245050538293e-02
9.000000000000000222e-01 4.681207087464763994e+00 6.597240124548690854e-02
9.000000000000000222e-01 4.817868824967676211e+00 6.504221335038293250e-02
9.000000000000000222e-01 5.100349733271969832e+00 6.302960219653978846e-02
9.000000000000000222e-01 5.257283571218799523e+00 6.183396452692269119e-02
9.000000000000000222e-01 5.696698317469923722e+00 5.861402139894707902e-02
9.000000000000000222e-01 6.136113063721046146e+00 5.514680757495594304e-02
9.000000000000000222e-01 6.575527809972170346e+00 5.162909069448591570e-02
9.000000000000000222e-01 7.014942556223294545e+00 4.790297082255326466e-02
9.000000000000000222e-01 7.454357302474416969e+00 4.419436671845033970e-02
9.000000000000000222e-01 7.893772048725541168e+00 4.039480946450914323e-02
9.000000000000000222e-01 8.333186794976665368e+00 3.670282261535413176e-02
9.000000000000000222e-01 8.772601541227787791e+00 3.302644931143541851e-02
9.000000000000000222e-01 9.212016287478911991e+00 2.951092372571165537e-02
9.000000000000000222e-01 9.651431033730036191e+00 2.608164049250991795e-02
9.000000000000000222e-01 1.009084577998115861e+01 2.290460870750134562e-02
9.000000000000000222e-01 1.053026052623228281e+01 1.993721507712309382e-02
9.000000000000000222e-01 1.096967527248340701e+01 1.716506040634414865e-02
9.000000000000000222e-01 1.140909001873452944e+01 1.467103888232982635e-02
9.000000000000000222e-01 1.184850476498565364e+01 1.242338173737090462e-02
9.000000000000000222e-01 1.228791951123677784e+01 1.042504955980838068e-02
9.000000000000000222e-01 1.272733425748790026e+01 8.655275074462296173e-03
9.000000000000000222e-01 1.316674900373902446e+01 7.138772068296810741e-03
9.000000000000000222e-01 1.360616374999014866e+01 5.823745826196474046e-03
9.000000000000000222e-01 1.404557849624127108e+01 4.707942803352523943e-03
9.000000000000000222e-01 1.448499324249239528e+01 3.761639689915842553e-03
9.000000000000000222e-01 1.492440798874351948e+01 2.997315637980745018e-03
9.000000000000000222e-01 1.536382273499464191e+01 2.336837325093724972e-03
9.000000000000000222e-01 1.580323748124576611e+01 1.820295341336016729e-03
9.000000000000000222e-01 1.624265222749689030e+01 1.397059585444916695e-03
9.000000000000000222e-01 1.668206697374801095e+01 1.042560352345844226e-03
9.000000000000000222e-01 1.712148171999913515e+01 7.851494069774495304e-04
9.000000000000000222e-01 1.756089646625025935e+01 5.755607904634990439e-04
9.000000000000000222e-01 1.800031121250138355e+01 3.999581083566789439e-04
9.000000000000000222e-01 1.843972595875250775e+01 2.875748971545739603e-04
9.000000000000000222e-01 1.887914070500363195e+01 1.843482473137943395e-04
9.000000000000000222e-01 1.931855545125475615e+01 1.154792182384793817e-04
9.000000000000000222e-01 1.975797019750587680e+01 5.642423573022695816e-05
9.000000000000000222e-01 2.019738494375700100e+01 1.577680739816165055e-05
9.000000000000000222e-01 2.040139893308787933e+01 0.000000000000000000e+00
1.000000000000000000e+00 1.000000000000000000e+00 1.092967592470793087e-01
1.000000000000000000e+00 1.090674112026696507e+00 1.046565597183490293e-01
1.000000000000000000e+00 1.189570018645222715e+00 1.019032399154583407e-01
1.000000000000000000e+00 1.297433223779459022e+00 9.904994982794403102e-02
1.000000000000000000e+00 1.415076829259595659e+00 9.428842947492688253e-02
1.000000000000000000e+00 1.543387664202262588e+00 9.315388611805945629e-02
1.000000000000000000e+00 1.683332970166759868e+00 9.143790445322547145e-02
1.000000000000000000e+00 1.835967692481892399e+00 8.792842036428689945e-02
1.000000000000000000e+00 2.002442432707391085e+00 8.687854930021465805e-02
1.000000000000000000e+00 2.184012122177711568e+00 8.535021180201338153e-02
1.000000000000000000e+00 2.382045482011716508e+00 8.324428323047350364e-02
1.000000000000000000e+00 2.598035340900332724e+00 8.184010447991445225e-02
1.000000000000000000e+00 2.833609888450445702e+00 8.032256538277418589e-02
1.000000000000000000e+00 3.090544948915756596e+00 7.840052929417239136e-02
1.000000000000000000e+00 3.121449724975342566e+00 7.826517297687408947e-02
1.000000000000000000e+00 3.370777367837284544e+00 7.704897325316888146e-02
1.000000000000000000e+00 3.569657890612827789e+00 7.599159748965400585e-02
1.000000000000000000e+00 3.676419612505615664e+00 7.498300531140091041e-02
1.000000000000000000e+00 4.009775696307094073e+00 7.345317688412419943e-02
1.000000000000000000e+00 4.017866056250312567e+00 7.341143709644981641e-02
1.000000000000000000e+00 4.373358546995968155e+00 7.135943321185796162e-02
1.000000000000000000e+00 4.466074221887797790e+00 7.086749383237271604e-02
1.000000000000000000e+00 4.769908949819190447e+00 6.914653210343449374e-02
1.000000000000000000e+00 4.914282387525283013e+00 6.781574526110673018e-02
1.000000000000000000e+00 5.202416208292238053e+00 6.623080403407280436e-02
1.000000000000000000e+00 5.362490553162768236e+00 6.525073814151932661e-02
1.000000000000000000e+00 5.810698718800253459e+00 6.208004113391014933e-02
1.000000000000000000e+00 6.258906884437738682e+00 5.885308443416001345e-02
1.000000000000000000e+00 6.707115050075223905e+00 5.519808861943480138e-02
1.000000000000000000e+00 7.155323215712709128e+00 5.156839749818221269e-02
1.000000000000000000e+00 7.603531381350194351e+00 4.754949350900361527e-02
1.000000000000000000e+00 8.051739546987679574e+00 4.375357006304863433e-02
1.000000000000000000e+00 8.499947712625163021e+00 3.977862155651470943e-02
1.000000000000000000e+00 8.948155878262648244e+00 3.595364558062470045e-02
1.000000000000000000e+00 9.396364043900133467e+00 3.201817038157913492e-02
1.000000000000000000e+00 9.844572209537618690e+00 2.845891274355134143e-02
1.000000000000000000e+00 1.029278037517510391e+01 2.489204587116875325e-02
1.000000000000000000e+00 1.074098854081258914e+01 2.173409279636337801e-02
1.000000000000000000e+00 1.118919670645007436e+01 1.870972518961713793e-02
1.000000000000000000e+00 1.163740487208755958e+01 1.603170137108677132e-02
1.000000000000000000e+00 1.208561303772504480e+01 1.345888448420282796e-02
1.000000000000000000e+00 1.253382120336253003e+01 1.134042658427713256e-02
1.000000000000000000e+00 1.298202936900001525e+01 9.391298422290353040e-03
1.000000000000000000e+00 1.343023753463750047e+01 7.768785314371391172e-03
1.000000000000000000e+00 1.387844570027498392e+01 6.251672680222761583e-03
1.000000000000000000e+00 1.432665386591246914e+01 5.089564973690149756e-03
1.000000000000000000e+00 1.477486203154995437e+01 4.017174584288776308e-03
1.000000000000000000e+00 1.522307019718743959e+01 3.217740771609559850e-03
1.000000000000000000e+00 1.567127836282492481e+01 2.506627155437853548e-03
1.000000000000000000e+00 1.611948652846241004e+01 1.974023522314252710e-03
1.000000000000000000e+00 1.656769469409989526e+01 1.467962110936589515e-03
1.000000000000000000e+00 1.701590285973738048e+01 1.100041139946796726e-03
1.000000000000000000e+00 1.746411102537486570e+01 8.493150917291535790e-04
1.000000000000000000e+00 1.791231919101235093e+01 5.880427667567224509e-04
1.000000000000000000e+00 1.836052735664983615e+01 4.270747050190840718e-04
1.000000000000000000e+00 1.880873552228732137e+01 2.981492783087687660e-04
1.000000000000000000e+00 1.925694368792480660e+01 2.081285340402777356e-04
1.000000000000000000e+00 1.970515185356229182e+01 1.184911428720149739e-04
1.000000000000000000e+00 2.015336001919977704e+01 4.215971871321889719e-05
1.000000000000000000e+00 2.060156818483726227e+01 2.086981245492556066e-05
1.000000000000000000e+00 2.080966483316895221e+01 0.000000000000000000e+00
