# mx [GeV]: 100.0
# sigma_p [cm^2]: 3.98107170553e-31
# depth [m]: 0.3
# loc: MPI
# Columns: gamma/pi, v [km/s], f(v, gamma) [s/km]
0.000000000000000000e+00 1.000000000000000000e+00 6.114717353246111381e-04
0.000000000000000000e+00 1.258968131604700780e+00 5.753759715387080304e-04
0.000000000000000000e+00 1.585000756396231170e+00 4.974051787004749080e-04
0.000000000000000000e+00 1.995465440872200569e+00 4.349885035128299307e-04
0.000000000000000000e+00 2.512227397776624738e+00 3.710645044161539705e-04
0.000000000000000000e+00 3.162814233144976672e+00 3.308103256116963096e-04
0.000000000000000000e+00 3.981882325715285553e+00 3.181921434551304435e-04
0.000000000000000000e+00 5.013062951875554063e+00 2.847773206472591794e-04
0.000000000000000000e+00 6.311286498139511814e+00 2.617269892895783654e-04
0.000000000000000000e+00 7.945708570584675279e+00 2.336845609657320713e-04
0.000000000000000000e+00 1.000339387338444652e+01 2.343246285074465282e-04
0.000000000000000000e+00 1.259395409448072733e+01 2.236143712290575758e-04
0.000000000000000000e+00 1.585538685584377028e+01 2.215638270056269636e-04
0.000000000000000000e+00 1.996142676577136044e+01 2.215800799891723524e-04
0.000000000000000000e+00 2.513080015946724544e+01 2.323708505281080661e-04
0.000000000000000000e+00 3.163887652249558968e+01 2.484709331852302458e-04
0.000000000000000000e+00 3.983233726159809862e+01 2.726771461207797877e-04
0.000000000000000000e+00 4.769043146081100559e+01 2.936095004724010573e-04
0.000000000000000000e+00 5.014764321968245753e+01 3.021091952871670294e-04
0.000000000000000000e+00 5.453828828595310085e+01 3.158614540839293832e-04
0.000000000000000000e+00 6.138614511109518901e+01 3.334719997573439747e-04
0.000000000000000000e+00 6.313428468866275978e+01 3.380885771243684291e-04
0.000000000000000000e+00 6.823400193623729137e+01 3.506638607638249360e-04
0.000000000000000000e+00 7.508185876137937953e+01 3.647030498850202898e-04
0.000000000000000000e+00 7.948405243468501169e+01 3.691176688003680833e-04
0.000000000000000000e+00 8.192971558652146769e+01 3.731170408280469020e-04
0.000000000000000000e+00 8.877757241166355584e+01 3.822657324290712369e-04
0.000000000000000000e+00 9.562542923680565821e+01 3.866008266684587487e-04
0.000000000000000000e+00 1.024732860619477606e+02 3.866709875111133915e-04
0.000000000000000000e+00 1.093211428870898487e+02 3.863115904896168061e-04
0.000000000000000000e+00 1.161689997122319369e+02 3.813147713762460832e-04
0.000000000000000000e+00 1.230168565373740250e+02 3.747789177140781062e-04
0.000000000000000000e+00 1.298647133625161132e+02 3.670521920706395938e-04
0.000000000000000000e+00 1.367125701876582298e+02 3.531341435720021711e-04
0.000000000000000000e+00 1.435604270128003179e+02 3.422154832070580140e-04
0.000000000000000000e+00 1.504082838379424061e+02 3.286446548340381832e-04
0.000000000000000000e+00 1.572561406630844942e+02 3.140162664721839691e-04
0.000000000000000000e+00 1.641039974882265824e+02 2.962955253389378462e-04
0.000000000000000000e+00 1.709518543133686990e+02 2.809093280441722065e-04
0.000000000000000000e+00 1.777997111385107871e+02 2.640316018769282001e-04
0.000000000000000000e+00 1.846475679636528753e+02 2.462587843735470293e-04
0.000000000000000000e+00 1.914954247887949634e+02 2.308226816376890216e-04
0.000000000000000000e+00 1.983432816139370516e+02 2.137468495942082276e-04
0.000000000000000000e+00 2.051911384390791397e+02 1.960812743110761818e-04
0.000000000000000000e+00 2.120389952642212279e+02 1.819097168450565767e-04
0.000000000000000000e+00 2.188868520893633445e+02 1.668911218197303406e-04
0.000000000000000000e+00 2.257347089145054326e+02 1.502847463445798745e-04
0.000000000000000000e+00 2.325825657396475208e+02 1.372130605705162022e-04
0.000000000000000000e+00 2.394304225647896089e+02 1.246296212692242055e-04
0.000000000000000000e+00 2.462782793899316971e+02 1.110192463182549795e-04
0.000000000000000000e+00 2.531261362150738137e+02 1.002967517694434123e-04
0.000000000000000000e+00 2.599739930402159303e+02 9.012379786058362222e-05
0.000000000000000000e+00 2.668218498653579900e+02 7.840178745297231864e-05
0.000000000000000000e+00 2.736697066905001066e+02 7.027252546380977354e-05
0.000000000000000000e+00 2.805175635156421663e+02 6.028033371286033626e-05
0.000000000000000000e+00 2.873654203407842829e+02 5.177729241463139740e-05
0.000000000000000000e+00 2.942132771659263994e+02 4.080500706778476599e-05
0.000000000000000000e+00 3.010611339910684592e+02 3.133526706531386460e-05
0.000000000000000000e+00 3.079089908162105758e+02 2.284967627065430802e-05
0.000000000000000000e+00 3.147568476413526355e+02 1.112797088343258603e-05
0.000000000000000000e+00 3.179362097387400468e+02 0.000000000000000000e+00
1.000000000000000056e-01 1.000000000000000000e+00 6.745814179173149558e-04
1.000000000000000056e-01 1.268514592769104832e+00 6.417572151510458119e-04
1.000000000000000056e-01 1.609129272068167804e+00 5.687139696604809119e-04
1.000000000000000056e-01 2.041203963270397992e+00 4.866970024975361599e-04
1.000000000000000056e-01 2.589297014226632054e+00 4.045377945916560423e-04
1.000000000000000056e-01 3.284561047559954705e+00 3.636645247867847540e-04
1.000000000000000056e-01 4.166513619670780599e+00 3.482716037101620346e-04
1.000000000000000056e-01 5.285283327523609742e+00 3.156581028642179224e-04
1.000000000000000056e-01 6.704459027882951005e+00 2.840816450392501962e-04
1.000000000000000056e-01 8.504704113492090656e+00 2.633875348573595375e-04
1.000000000000000056e-01 1.078834127514814689e+01 2.556687655634509227e-04
1.000000000000000056e-01 1.368516833929867715e+01 2.460812909352393780e-04
1.000000000000000056e-01 1.735983574290210996e+01 2.414969055417062152e-04
1.000000000000000056e-01 2.202120496794601934e+01 2.462071707814050456e-04
1.000000000000000056e-01 2.793421985219903547e+01 2.593647639447120611e-04
1.000000000000000056e-01 3.543496552013490231e+01 2.796894777784610662e-04
1.000000000000000056e-01 4.494977085656120153e+01 3.089298917054951921e-04
1.000000000000000056e-01 5.505099025230537535e+01 3.396623839798475534e-04
1.000000000000000056e-01 5.701944027317531294e+01 3.458173208309231884e-04
1.000000000000000056e-01 6.295574782699537764e+01 3.633386334695089411e-04
1.000000000000000056e-01 7.086050540168537282e+01 3.822548432097029104e-04
1.000000000000000056e-01 7.232999205804928522e+01 3.859012545997675555e-04
1.000000000000000056e-01 7.876526297637538221e+01 3.988516370280951844e-04
1.000000000000000056e-01 8.667002055106539160e+01 4.109018844255894341e-04
1.000000000000000056e-01 9.175165042050898023e+01 4.160781917255512979e-04
1.000000000000000056e-01 9.457477812575538678e+01 4.187373055716504745e-04
1.000000000000000056e-01 1.024795357004453820e+02 4.231495270668930568e-04
1.000000000000000056e-01 1.103842932751353914e+02 4.233287384682885772e-04
1.000000000000000056e-01 1.182890508498254007e+02 4.184944020656173398e-04
1.000000000000000056e-01 1.261938084245153959e+02 4.121477292366020084e-04
1.000000000000000056e-01 1.340985659992053911e+02 4.020260635358747928e-04
1.000000000000000056e-01 1.420033235738954147e+02 3.881323881521186450e-04
1.000000000000000056e-01 1.499080811485854099e+02 3.738048812202191245e-04
1.000000000000000056e-01 1.578128387232754051e+02 3.543835880905892455e-04
1.000000000000000056e-01 1.657175962979654003e+02 3.376460903701254852e-04
1.000000000000000056e-01 1.736223538726554239e+02 3.177672182292288995e-04
1.000000000000000056e-01 1.815271114473454190e+02 2.966029027129214258e-04
1.000000000000000056e-01 1.894318690220354142e+02 2.761463312572210978e-04
1.000000000000000056e-01 1.973366265967254094e+02 2.551562036100482361e-04
1.000000000000000056e-01 2.052413841714154330e+02 2.362521330962259628e-04
1.000000000000000056e-01 2.131461417461054282e+02 2.157425608654733905e-04
1.000000000000000056e-01 2.210508993207954234e+02 1.963546976711603835e-04
1.000000000000000056e-01 2.289556568954854470e+02 1.767621119494279850e-04
1.000000000000000056e-01 2.368604144701754421e+02 1.595667508067419294e-04
1.000000000000000056e-01 2.447651720448654373e+02 1.430100034582857966e-04
1.000000000000000056e-01 2.526699296195554325e+02 1.281128039259054967e-04
1.000000000000000056e-01 2.605746871942454277e+02 1.132035036135392380e-04
1.000000000000000056e-01 2.684794447689354229e+02 9.949885448910341843e-05
1.000000000000000056e-01 2.763842023436254181e+02 8.733692277196176642e-05
1.000000000000000056e-01 2.842889599183154132e+02 7.277983882264635503e-05
1.000000000000000056e-01 2.921937174930054653e+02 5.890458008370085875e-05
1.000000000000000056e-01 3.000984750676954604e+02 4.776675555604583881e-05
1.000000000000000056e-01 3.080032326423854556e+02 3.891368124467884434e-05
1.000000000000000056e-01 3.159079902170754508e+02 3.041914523528065477e-05
1.000000000000000056e-01 3.238127477917654460e+02 2.359625232569237266e-05
1.000000000000000056e-01 3.317175053664554412e+02 1.761157047132027947e-05
1.000000000000000056e-01 3.396222629411454363e+02 1.264577275195356010e-05
1.000000000000000056e-01 3.475270205158354884e+02 8.299908013821285783e-06
1.000000000000000056e-01 3.554317780905254835e+02 4.483900200422965320e-06
1.000000000000000056e-01 3.633365356652154787e+02 1.338102866979855514e-06
1.000000000000000056e-01 3.670066016820358641e+02 0.000000000000000000e+00
2.000000000000000111e-01 1.000000000000000000e+00 9.184907615001459231e-04
2.000000000000000111e-01 1.278834622366043838e+00 8.490531852338146189e-04
2.000000000000000111e-01 1.635417991362102086e+00 7.749306075466710214e-04
2.000000000000000111e-01 2.091429149394187892e+00 6.619745272889486845e-04
2.000000000000000111e-01 2.674592006470852379e+00 5.475629212872036708e-04
2.000000000000000111e-01 3.420360858578391561e+00 4.833646193618881272e-04
2.000000000000000111e-01 4.374075886935695934e+00 4.571060316452168668e-04
2.000000000000000111e-01 5.593719685069827641e+00 4.180228371423981982e-04
2.000000000000000111e-01 7.153442401077779067e+00 3.709149975641155882e-04
2.000000000000000111e-01 9.148069811599549794e+00 3.427942184677292567e-04
2.000000000000000111e-01 1.169886840289511376e+01 3.303448416424549961e-04
2.000000000000000111e-01 1.496091795612641562e+01 3.166004469605434440e-04
2.000000000000000111e-01 1.913253986467229240e+01 3.102582278242220493e-04
2.000000000000000111e-01 2.446735439274147339e+01 3.145923735607873781e-04
2.000000000000000111e-01 3.128969991513769244e+01 3.324327791977716991e-04
2.000000000000000111e-01 4.001435157492194605e+01 3.589391841681835384e-04
2.000000000000000111e-01 5.117173818553742848e+01 3.990397538208186046e-04
2.000000000000000111e-01 6.421323891984035015e+01 4.444035604531605590e-04
2.000000000000000111e-01 6.544019047831582725e+01 4.487654428856997974e-04
2.000000000000000111e-01 7.343360143140716900e+01 4.745471907207410886e-04
2.000000000000000111e-01 8.265396394297398786e+01 4.988951836513870258e-04
2.000000000000000111e-01 8.368718127789901473e+01 5.011325117566462276e-04
2.000000000000000111e-01 9.187432645454080671e+01 5.195434606034983992e-04
2.000000000000000111e-01 1.010946889661076256e+02 5.340449575623176445e-04
2.000000000000000111e-01 1.070220648664005836e+02 5.391268496643777160e-04
2.000000000000000111e-01 1.103150514776744444e+02 5.410909260573542115e-04
2.000000000000000111e-01 1.195354139892412633e+02 5.447021670957963909e-04
2.000000000000000111e-01 1.287557765008080821e+02 5.418726986349531576e-04
2.000000000000000111e-01 1.379761390123749152e+02 5.326891195337844906e-04
2.000000000000000111e-01 1.471965015239417198e+02 5.199253696943578838e-04
2.000000000000000111e-01 1.564168640355085245e+02 5.048414928243909021e-04
2.000000000000000111e-01 1.656372265470753575e+02 4.831785279508047249e-04
2.000000000000000111e-01 1.748575890586421906e+02 4.608143344774965179e-04
2.000000000000000111e-01 1.840779515702089952e+02 4.349112062352641201e-04
2.000000000000000111e-01 1.932983140817757999e+02 4.076325526348851223e-04
2.000000000000000111e-01 2.025186765933426614e+02 3.796022449772315770e-04
2.000000000000000111e-01 2.117390391049094660e+02 3.506059450045463850e-04
2.000000000000000111e-01 2.209594016164762706e+02 3.215445218894904416e-04
2.000000000000000111e-01 2.301797641280430753e+02 2.934739473383893619e-04
2.000000000000000111e-01 2.394001266396099368e+02 2.665273986961320084e-04
2.000000000000000111e-01 2.486204891511767414e+02 2.395181836383519270e-04
2.000000000000000111e-01 2.578408516627435461e+02 2.144954903738610229e-04
2.000000000000000111e-01 2.670612141743103507e+02 1.902942277265356314e-04
2.000000000000000111e-01 2.762815766858772122e+02 1.673953016912905806e-04
2.000000000000000111e-01 2.855019391974440168e+02 1.445438017435525307e-04
2.000000000000000111e-01 2.947223017090108215e+02 1.245190316746336377e-04
2.000000000000000111e-01 3.039426642205776261e+02 1.076491149961502692e-04
2.000000000000000111e-01 3.131630267321444876e+02 9.167352730502171046e-05
2.000000000000000111e-01 3.223833892437112922e+02 7.778079048852875113e-05
2.000000000000000111e-01 3.316037517552780969e+02 6.487063142585471152e-05
2.000000000000000111e-01 3.408241142668449584e+02 5.366195570396867497e-05
2.000000000000000111e-01 3.500444767784117630e+02 4.405248336263677231e-05
2.000000000000000111e-01 3.592648392899785676e+02 3.551443467721861614e-05
2.000000000000000111e-01 3.684852018015453723e+02 2.843273581522606940e-05
2.000000000000000111e-01 3.777055643131121769e+02 2.172836332551749143e-05
2.000000000000000111e-01 3.869259268246790384e+02 1.603157457195866865e-05
2.000000000000000111e-01 3.961462893362458431e+02 1.154054982475891630e-05
2.000000000000000111e-01 4.053666518478126477e+02 7.526204750529162353e-06
2.000000000000000111e-01 4.145870143593795092e+02 4.020721268765310323e-06
2.000000000000000111e-01 4.238073768709463138e+02 1.194897587940436562e-06
2.000000000000000111e-01 4.280882594656023343e+02 0.000000000000000000e+00
3.000000000000000444e-01 1.000000000000000000e+00 1.339223700492586308e-03
3.000000000000000444e-01 1.288615097563408973e+00 1.196948490448545904e-03
3.000000000000000444e-01 1.660528869668353780e+00 1.117616896541027277e-03
3.000000000000000444e-01 2.139782571394542643e+00 9.750832187946711438e-04
3.000000000000000444e-01 2.757356127002061008e+00 7.916566546464863909e-04
3.000000000000000444e-01 3.553170734613824155e+00 6.778069530265161922e-04
3.000000000000000444e-01 4.578669452843841192e+00 6.411028298374498976e-04
3.000000000000000444e-01 5.900142583686966979e+00 5.889190399316054708e-04
3.000000000000000444e-01 7.603012811115805292e+00 5.181692928845860148e-04
3.000000000000000444e-01 9.797357095371841851e+00 4.740886386842200454e-04
3.000000000000000444e-01 1.262502226931614224e+01 4.553925553094181791e-04
3.000000000000000444e-01 1.626879430331502974e+01 4.352864890314672914e-04
3.000000000000000444e-01 2.096421395840532398e+01 4.227407491002146468e-04
3.000000000000000444e-01 2.701480261535066063e+01 4.283094056207593469e-04
3.000000000000000444e-01 3.481168250783632345e+01 4.516671353818296048e-04
3.000000000000000444e-01 4.485885965118193042e+01 4.892672577042959893e-04
3.000000000000000444e-01 5.780580380599105439e+01 5.478930367831315882e-04
3.000000000000000444e-01 7.421511090570716362e+01 6.223793806485386753e-04
3.000000000000000444e-01 7.448943151118842820e+01 6.239852872614138441e-04
3.000000000000000444e-01 8.487163965114203279e+01 6.681954122416331994e-04
3.000000000000000444e-01 9.552816839657691617e+01 7.065885522605586458e-04
3.000000000000000444e-01 9.598820605423297536e+01 7.080071375755291746e-04
3.000000000000000444e-01 1.061846971420117853e+02 7.380139296115856631e-04
3.000000000000000444e-01 1.168412258874466545e+02 7.617060498470110824e-04
3.000000000000000444e-01 1.236918515095119915e+02 7.718666344559743696e-04
3.000000000000000444e-01 1.274977546328815379e+02 7.757047474700910295e-04
3.000000000000000444e-01 1.381542833783163928e+02 7.837537882615066209e-04
3.000000000000000444e-01 1.488108121237513046e+02 7.807297912782609848e-04
3.000000000000000444e-01 1.594673408691861596e+02 7.685877754781772703e-04
3.000000000000000444e-01 1.701238696146210145e+02 7.522456451771123830e-04
3.000000000000000444e-01 1.807803983600559263e+02 7.275183363702320384e-04
3.000000000000000444e-01 1.914369271054907813e+02 6.962525399180707160e-04
3.000000000000000444e-01 2.020934558509256362e+02 6.635851674095195798e-04
3.000000000000000444e-01 2.127499845963605480e+02 6.231576126587291386e-04
3.000000000000000444e-01 2.234065133417954030e+02 5.823908445298446156e-04
3.000000000000000444e-01 2.340630420872302579e+02 5.385167996449036296e-04
3.000000000000000444e-01 2.447195708326651697e+02 4.968604337578773908e-04
3.000000000000000444e-01 2.553760995781000247e+02 4.522811347991502104e-04
3.000000000000000444e-01 2.660326283235348797e+02 4.079253241063935330e-04
3.000000000000000444e-01 2.766891570689697915e+02 3.661090188002252529e-04
3.000000000000000444e-01 2.873456858144046464e+02 3.263699128256912474e-04
3.000000000000000444e-01 2.980022145598395014e+02 2.871460609209942742e-04
3.000000000000000444e-01 3.086587433052744132e+02 2.540987674502242122e-04
3.000000000000000444e-01 3.193152720507092681e+02 2.208934279619410596e-04
3.000000000000000444e-01 3.299718007961441231e+02 1.900925842489873741e-04
3.000000000000000444e-01 3.406283295415790349e+02 1.645751282303239038e-04
3.000000000000000444e-01 3.512848582870138898e+02 1.396409719790707546e-04
3.000000000000000444e-01 3.619413870324487448e+02 1.173274798527480279e-04
3.000000000000000444e-01 3.725979157778836566e+02 9.972943429480146281e-05
3.000000000000000444e-01 3.832544445233185115e+02 8.138033637614127975e-05
3.000000000000000444e-01 3.939109732687533665e+02 6.675714656770640170e-05
3.000000000000000444e-01 4.045675020141882783e+02 5.489688581302606366e-05
3.000000000000000444e-01 4.152240307596231332e+02 4.374432518137090508e-05
3.000000000000000444e-01 4.258805595050579882e+02 3.386887700066140467e-05
3.000000000000000444e-01 4.365370882504929000e+02 2.590449834877903002e-05
3.000000000000000444e-01 4.471936169959277549e+02 1.893762689780151786e-05
3.000000000000000444e-01 4.578501457413626099e+02 1.355162310135264928e-05
3.000000000000000444e-01 4.685066744867975217e+02 8.558530116063298632e-06
3.000000000000000444e-01 4.791632032322323766e+02 4.570887550274528973e-06
3.000000000000000444e-01 4.898197319776672884e+02 1.374914814824870873e-06
3.000000000000000444e-01 4.947674060380477954e+02 0.000000000000000000e+00
4.000000000000000222e-01 1.000000000000000000e+00 1.825951389470347385e-03
4.000000000000000222e-01 1.296878625018846209e+00 1.625217825467628260e-03
4.000000000000000222e-01 1.681894168030773073e+00 1.494631643930169123e-03
4.000000000000000222e-01 2.181212596062965137e+00 1.326556165689173105e-03
4.000000000000000222e-01 2.828767992455925917e+00 1.065099974032707262e-03
4.000000000000000222e-01 3.668568744553563299e+00 8.921357046730612854e-04
4.000000000000000222e-01 4.757688389223739378e+00 8.450009615789972478e-04
4.000000000000000222e-01 6.170144376484612891e+00 7.799950137080713690e-04
4.000000000000000222e-01 8.001928355143130389e+00 6.791091773787291154e-04
4.000000000000000222e-01 1.037752984271734213e+01 6.194664295523433966e-04
4.000000000000000222e-01 1.345839663351530824e+01 5.958516878508246907e-04
4.000000000000000222e-01 1.745390692103159935e+01 5.664598221447690986e-04
4.000000000000000222e-01 2.263559880895438070e+01 5.492772419394638308e-04
4.000000000000000222e-01 2.935562425983498613e+01 5.583741006832250399e-04
4.000000000000000222e-01 3.807068162666469391e+01 5.906429804349309963e-04
4.000000000000000222e-01 4.937305324151915897e+01 6.452824693268024167e-04
4.000000000000000222e-01 6.403085740084364375e+01 7.337356057782923368e-04
4.000000000000000222e-01 8.304025030478391045e+01 8.563322757392586963e-04
4.000000000000000222e-01 8.379894761965901751e+01 8.613819297899109016e-04
4.000000000000000222e-01 9.583161702145621064e+01 9.354202108798589975e-04
4.000000000000000222e-01 1.076931256364890146e+02 1.002436158169191715e-03
4.000000000000000222e-01 1.078642864232534038e+02 1.002788888773122489e-03
4.000000000000000222e-01 1.198969558250506111e+02 1.060677705459180326e-03
4.000000000000000222e-01 1.319296252268478042e+02 1.107714306550813474e-03
4.000000000000000222e-01 1.396649126994316532e+02 1.130413748549942117e-03
4.000000000000000222e-01 1.439622946286449974e+02 1.141137143760280340e-03
4.000000000000000222e-01 1.559949640304421905e+02 1.161808328544276922e-03
4.000000000000000222e-01 1.680276334322393836e+02 1.168741126756257017e-03
4.000000000000000222e-01 1.800603028340365768e+02 1.162387432593873669e-03
4.000000000000000222e-01 1.920929722358337699e+02 1.143557441681947000e-03
4.000000000000000222e-01 2.041256416376309630e+02 1.112742272973786051e-03
4.000000000000000222e-01 2.161583110394281562e+02 1.066381609159335747e-03
4.000000000000000222e-01 2.281909804412253493e+02 1.015478452440229376e-03
4.000000000000000222e-01 2.402236498430225424e+02 9.682744610090249877e-04
4.000000000000000222e-01 2.522563192448197356e+02 9.002129636996377294e-04
4.000000000000000222e-01 2.642889886466169287e+02 8.298851199688288575e-04
4.000000000000000222e-01 2.763216580484141218e+02 7.625950678257847285e-04
4.000000000000000222e-01 2.883543274502113150e+02 6.948047303186455489e-04
4.000000000000000222e-01 3.003869968520085081e+02 6.289916751282760609e-04
4.000000000000000222e-01 3.124196662538057012e+02 5.605094865139027827e-04
4.000000000000000222e-01 3.244523356556028943e+02 4.984387615298944019e-04
4.000000000000000222e-01 3.364850050574000875e+02 4.365733813786772783e-04
4.000000000000000222e-01 3.485176744591973375e+02 3.793580620050258922e-04
4.000000000000000222e-01 3.605503438609945306e+02 3.290411070577782472e-04
4.000000000000000222e-01 3.725830132627917237e+02 2.812514878596972419e-04
4.000000000000000222e-01 3.846156826645889169e+02 2.396225960418167504e-04
4.000000000000000222e-01 3.966483520663861100e+02 2.011043326921499973e-04
4.000000000000000222e-01 4.086810214681833031e+02 1.698193655527433844e-04
4.000000000000000222e-01 4.207136908699804962e+02 1.409511806088795225e-04
4.000000000000000222e-01 4.327463602717776894e+02 1.149343165714768449e-04
4.000000000000000222e-01 4.447790296735748825e+02 9.206496749923864754e-05
4.000000000000000222e-01 4.568116990753720756e+02 7.418923893397520253e-05
4.000000000000000222e-01 4.688443684771692688e+02 5.882123609977243472e-05
4.000000000000000222e-01 4.808770378789664619e+02 4.493637621133318884e-05
4.000000000000000222e-01 4.929097072807636550e+02 3.357662092003555355e-05
4.000000000000000222e-01 5.049423766825608482e+02 2.477477303514621066e-05
4.000000000000000222e-01 5.169750460843580413e+02 1.684427012795104730e-05
4.000000000000000222e-01 5.290077154861552344e+02 1.065962716504922759e-05
4.000000000000000222e-01 5.410403848879524276e+02 5.679279469626625601e-06
4.000000000000000222e-01 5.530730542897496207e+02 1.662602862562387715e-06
4.000000000000000222e-01 5.586596507977268402e+02 0.000000000000000000e+00
5.000000000000000000e-01 1.000000000000000000e+00 2.074765221225034935e-03
5.000000000000000000e-01 1.303152776440920979e+00 1.827935518336017487e-03
5.000000000000000000e-01 1.698207158745681067e+00 1.679080514673517458e-03
5.000000000000000000e-01 2.213023373891282120e+00 1.496268231891889839e-03
5.000000000000000000e-01 2.883907554015078478e+00 1.192760635365350567e-03
5.000000000000000000e-01 3.758172136013695042e+00 9.961365573012924673e-04
5.000000000000000000e-01 4.897472453389153380e+00 9.465917800559849656e-04
5.000000000000000000e-01 6.382154825177003943e+00 8.718940985734524715e-04
5.000000000000000000e-01 8.316922780105233670e+00 7.555129974566013231e-04
5.000000000000000000e-01 1.083822101233887913e+01 6.932297530296370859e-04
5.000000000000000000e-01 1.412385780390973977e+01 6.688656877124775010e-04
5.000000000000000000e-01 1.840554451122174484e+01 6.340368025065367405e-04
5.000000000000000000e-01 2.398523643170557307e+01 6.201978369112272349e-04
5.000000000000000000e-01 3.125642744956904551e+01 6.369851642716372686e-04
5.000000000000000000e-01 4.073190021253011395e+01 6.815527124302899831e-04
5.000000000000000000e-01 5.307988885167316084e+01 7.600587187077757810e-04
5.000000000000000000e-01 6.917120453023336779e+01 8.894942295000318310e-04
5.000000000000000000e-01 9.014064723333642348e+01 1.076999497613030784e-03
5.000000000000000000e-01 9.184649545537261872e+01 1.090864541541075204e-03
5.000000000000000000e-01 1.050347101874261284e+02 1.209196342322748762e-03
5.000000000000000000e-01 1.174670347123039846e+02 1.316353734702978067e-03
5.000000000000000000e-01 1.182229249194796239e+02 1.321608558166865966e-03
5.000000000000000000e-01 1.314111396515331194e+02 1.420683142086283119e-03
5.000000000000000000e-01 1.445993543835866433e+02 1.507961276637516217e-03
5.000000000000000000e-01 1.530774924256209886e+02 1.559421408110743404e-03
5.000000000000000000e-01 1.577875691156401672e+02 1.576729200606169067e-03
5.000000000000000000e-01 1.709757838476936627e+02 1.629209312397993277e-03
5.000000000000000000e-01 1.841639985797471581e+02 1.663269268061323561e-03
5.000000000000000000e-01 1.973522133118006536e+02 1.669256705815302510e-03
5.000000000000000000e-01 2.105404280438541775e+02 1.663256840053032020e-03
5.000000000000000000e-01 2.237286427759077014e+02 1.626260522933036749e-03
5.000000000000000000e-01 2.369168575079611969e+02 1.583027861562467291e-03
5.000000000000000000e-01 2.501050722400146924e+02 1.518033381801873983e-03
5.000000000000000000e-01 2.632932869720681879e+02 1.435934508354452972e-03
5.000000000000000000e-01 2.764815017041216834e+02 1.345200510817569188e-03
5.000000000000000000e-01 2.896697164361752357e+02 1.255855883135536437e-03
5.000000000000000000e-01 3.028579311682287312e+02 1.156467525392685736e-03
5.000000000000000000e-01 3.160461459002822266e+02 1.048374548164696498e-03
5.000000000000000000e-01 3.292343606323357221e+02 9.409683022730791057e-04
5.000000000000000000e-01 3.424225753643892176e+02 8.462172626143275476e-04
5.000000000000000000e-01 3.556107900964427699e+02 7.497941433477961146e-04
5.000000000000000000e-01 3.687990048284962654e+02 6.548799893776093830e-04
5.000000000000000000e-01 3.819872195605497609e+02 5.668737445180952513e-04
5.000000000000000000e-01 3.951754342926032564e+02 4.916276476363511377e-04
5.000000000000000000e-01 4.083636490246567519e+02 4.161254968164116775e-04
5.000000000000000000e-01 4.215518637567103042e+02 3.534241388645111134e-04
5.000000000000000000e-01 4.347400784887637997e+02 2.950368920105425098e-04
5.000000000000000000e-01 4.479282932208172952e+02 2.445086478999947740e-04
5.000000000000000000e-01 4.611165079528707906e+02 1.996431385972675054e-04
5.000000000000000000e-01 4.743047226849242861e+02 1.616759004991113265e-04
5.000000000000000000e-01 4.874929374169778384e+02 1.288488546500942225e-04
5.000000000000000000e-01 5.006811521490313339e+02 1.022871237100857596e-04
5.000000000000000000e-01 5.138693668810848294e+02 7.955597173063143259e-05
5.000000000000000000e-01 5.270575816131382680e+02 6.086497640771589582e-05
5.000000000000000000e-01 5.402457963451918204e+02 4.550400869427026918e-05
5.000000000000000000e-01 5.534340110772453727e+02 3.253219794354060676e-05
5.000000000000000000e-01 5.666222258092988113e+02 2.213944162553801824e-05
5.000000000000000000e-01 5.798104405413523637e+02 1.390081639719886813e-05
5.000000000000000000e-01 5.929986552734058023e+02 7.310240989035614605e-06
5.000000000000000000e-01 6.061868700054593546e+02 1.975380352143492944e-06
5.000000000000000000e-01 6.123099697024841817e+02 0.000000000000000000e+00
6.000000000000000888e-01 1.000000000000000000e+00 1.868317672489901203e-03
6.000000000000000888e-01 1.307436852688125928e+00 1.659143377431009482e-03
6.000000000000000888e-01 1.709391123767032061e+00 1.524681368627236544e-03
6.000000000000000888e-01 2.234920950870987078e+00 1.342256833208369492e-03
6.000000000000000888e-01 2.922018014013516574e+00 1.065162438054696389e-03
6.000000000000000888e-01 3.820354035739840448e+00 9.080078574570260184e-04
6.000000000000000888e-01 4.994871656642076552e+00 8.654301856895225010e-04
6.000000000000000888e-01 6.530479278341241312e+00 7.877899782577181065e-04
6.000000000000000888e-01 8.538189274219496028e+00 6.851571626632910802e-04
6.000000000000000888e-01 1.116314331234105062e+01 6.388427408929717903e-04
6.000000000000000888e-01 1.459510495839368716e+01 6.172930391126487618e-04
6.000000000000000888e-01 1.908217809145509491e+01 5.879935789312970866e-04
6.000000000000000888e-01 2.494874286632636284e+01 5.862279139097521666e-04
6.000000000000000888e-01 3.261890585167505918e+01 6.142299149466083760e-04
6.000000000000000888e-01 4.264715960484434021e+01 6.727040347011319305e-04
6.000000000000000888e-01 5.575846812984584489e+01 7.760390010210158063e-04
6.000000000000000888e-01 7.290067608239684205e+01 9.450071119352534792e-04
6.000000000000000888e-01 9.531303049600548150e+01 1.199402108504382366e-03
6.000000000000000888e-01 9.775634898552486618e+01 1.228459492563039289e-03
6.000000000000000888e-01 1.117931580706258785e+02 1.392698670813350770e-03
6.000000000000000888e-01 1.246157686118647234e+02 1.545005860475108820e-03
6.000000000000000888e-01 1.258299671557268766e+02 1.555978461954143953e-03
6.000000000000000888e-01 1.398667762408279032e+02 1.710923157945573765e-03
6.000000000000000888e-01 1.539035853259289013e+02 1.851203791517245676e-03
6.000000000000000888e-01 1.629272483092081814e+02 1.927165297897221428e-03
6.000000000000000888e-01 1.679403944110298994e+02 1.969225911929307904e-03
6.000000000000000888e-01 1.819772034961309259e+02 2.067584812651938712e-03
6.000000000000000888e-01 1.960140125812319241e+02 2.132061395885636104e-03
6.000000000000000888e-01 2.100508216663329222e+02 2.165781980992941263e-03
6.000000000000000888e-01 2.240876307514339487e+02 2.179814462167089725e-03
6.000000000000000888e-01 2.381244398365349753e+02 2.158890605232635825e-03
6.000000000000000888e-01 2.521612489216359450e+02 2.121321239372016363e-03
6.000000000000000888e-01 2.661980580067369715e+02 2.048551258177453826e-03
6.000000000000000888e-01 2.802348670918379980e+02 1.960466207612506732e-03
6.000000000000000888e-01 2.942716761769389677e+02 1.862109586020695541e-03
6.000000000000000888e-01 3.083084852620399943e+02 1.727485596694847787e-03
6.000000000000000888e-01 3.223452943471410208e+02 1.593725177541813979e-03
6.000000000000000888e-01 3.363821034322419905e+02 1.459930402938665632e-03
6.000000000000000888e-01 3.504189125173430170e+02 1.321028692280055246e-03
6.000000000000000888e-01 3.644557216024440436e+02 1.176386313057169782e-03
6.000000000000000888e-01 3.784925306875450701e+02 1.037069654430212333e-03
6.000000000000000888e-01 3.925293397726460398e+02 9.096760138451356458e-04
6.000000000000000888e-01 4.065661488577470664e+02 7.934645943298579158e-04
6.000000000000000888e-01 4.206029579428480929e+02 6.816002410722330103e-04
6.000000000000000888e-01 4.346397670279490626e+02 5.803711551273504085e-04
6.000000000000000888e-01 4.486765761130500891e+02 4.865271771408269624e-04
6.000000000000000888e-01 4.627133851981511157e+02 4.052086297693360188e-04
6.000000000000000888e-01 4.767501942832521422e+02 3.342641893798871215e-04
6.000000000000000888e-01 4.907870033683531119e+02 2.708426298403567695e-04
6.000000000000000888e-01 5.048238124534541384e+02 2.183174075727960055e-04
6.000000000000000888e-01 5.188606215385551650e+02 1.736842401838652682e-04
6.000000000000000888e-01 5.328974306236560778e+02 1.368173242174512412e-04
6.000000000000000888e-01 5.469342397087571044e+02 1.051971658984968198e-04
6.000000000000000888e-01 5.609710487938581309e+02 7.943430534067616325e-05
6.000000000000000888e-01 5.750078578789591575e+02 5.880367291924191395e-05
6.000000000000000888e-01 5.890446669640601840e+02 4.202905962293205296e-05
6.000000000000000888e-01 6.030814760491612105e+02 2.836453113219460998e-05
6.000000000000000888e-01 6.171182851342621234e+02 1.769625616982386661e-05
6.000000000000000888e-01 6.311550942193631499e+02 9.177407588110618691e-06
6.000000000000000888e-01 6.451919033044641765e+02 2.568830249804408354e-06
6.000000000000000888e-01 6.517089932368324980e+02 0.000000000000000000e+00
7.000000000000000666e-01 1.000000000000000000e+00 1.394735051528057240e-03
7.000000000000000666e-01 1.310075479986951397e+00 1.244499768455509768e-03
7.000000000000000666e-01 1.716297763263041176e+00 1.154978894412926615e-03
7.000000000000000666e-01 2.248479616007359905e+00 9.871367361436020251e-04
7.000000000000000666e-01 2.945678012181718319e+00 7.919625508446390041e-04
7.000000000000000666e-01 3.859060535695974181e+00 6.993389786480845322e-04
7.000000000000000666e-01 5.055660583600604774e+00 6.649925458396200228e-04
7.000000000000000666e-01 6.623296965711674922e+00 5.949225476951583306e-04
7.000000000000000666e-01 8.677018951450840234e+00 5.267168673577739182e-04
7.000000000000000666e-01 1.136754976767783631e+01 4.998745263596726229e-04
7.000000000000000666e-01 1.489234821816609866e+01 4.841717234013117092e-04
7.000000000000000666e-01 1.951010024004677135e+01 4.691729780237360132e-04
7.000000000000000666e-01 2.555970393657280937e+01 4.805761279751001635e-04
7.000000000000000666e-01 3.348514140302999209e+01 5.185892604201540468e-04
7.000000000000000666e-01 4.386806269600547381e+01 5.875976403756303767e-04
7.000000000000000666e-01 5.747047329256704984e+01 7.096316849872033074e-04
7.000000000000000666e-01 7.529065788383704216e+01 9.077863358617893879e-04
7.000000000000000666e-01 9.863644476570115671e+01 1.212089747954721124e-03
7.000000000000000666e-01 1.015737057165547839e+02 1.252387483511445279e-03
7.000000000000000666e-01 1.161586480758549556e+02 1.458353137543962671e-03
7.000000000000000666e-01 1.292211877206324289e+02 1.643030942564530084e-03
7.000000000000000666e-01 1.307435904351551414e+02 1.663204783435457941e-03
7.000000000000000666e-01 1.453285327944553273e+02 1.862535005314099219e-03
7.000000000000000666e-01 1.599134751537554848e+02 2.046327317013834149e-03
7.000000000000000666e-01 1.692895095275913775e+02 2.157782810109471275e-03
7.000000000000000666e-01 1.744984175130556707e+02 2.214527545966795633e-03
7.000000000000000666e-01 1.890833598723558566e+02 2.355149256847700184e-03
7.000000000000000666e-01 2.036683022316560141e+02 2.467221459348104169e-03
7.000000000000000666e-01 2.182532445909562000e+02 2.538255547596318228e-03
7.000000000000000666e-01 2.328381869502563859e+02 2.574732658000984144e-03
7.000000000000000666e-01 2.474231293095565434e+02 2.581141959819171095e-03
7.000000000000000666e-01 2.620080716688567577e+02 2.547569635707189542e-03
7.000000000000000666e-01 2.765930140281569152e+02 2.479404615017154548e-03
7.000000000000000666e-01 2.911779563874570727e+02 2.389635518222527153e-03
7.000000000000000666e-01 3.057628987467572870e+02 2.275412267394506804e-03
7.000000000000000666e-01 3.203478411060574444e+02 2.134289411016699559e-03
7.000000000000000666e-01 3.349327834653576019e+02 1.982347629955158539e-03
7.000000000000000666e-01 3.495177258246578162e+02 1.821972124698139879e-03
7.000000000000000666e-01 3.641026681839579737e+02 1.649564161303848165e-03
7.000000000000000666e-01 3.786876105432581880e+02 1.478589919451597312e-03
7.000000000000000666e-01 3.932725529025583455e+02 1.312418865741931577e-03
7.000000000000000666e-01 4.078574952618585030e+02 1.153367480762758574e-03
7.000000000000000666e-01 4.224424376211587173e+02 1.000667071020053776e-03
7.000000000000000666e-01 4.370273799804588748e+02 8.567952771901733060e-04
7.000000000000000666e-01 4.516123223397590323e+02 7.327957674770399889e-04
7.000000000000000666e-01 4.661972646990592466e+02 6.142135332554330383e-04
7.000000000000000666e-01 4.807822070583594041e+02 5.118363559555797870e-04
7.000000000000000666e-01 4.953671494176595615e+02 4.187589155484180894e-04
7.000000000000000666e-01 5.099520917769597759e+02 3.418451535571386478e-04
7.000000000000000666e-01 5.245370341362598765e+02 2.745520741209660481e-04
7.000000000000000666e-01 5.391219764955600340e+02 2.173045486309436590e-04
7.000000000000000666e-01 5.537069188548603051e+02 1.697900595211360793e-04
7.000000000000000666e-01 5.682918612141604626e+02 1.308794441990169838e-04
7.000000000000000666e-01 5.828768035734606201e+02 9.812727500994553877e-05
7.000000000000000666e-01 5.974617459327607776e+02 7.207725221007023288e-05
7.000000000000000666e-01 6.120466882920609351e+02 5.144280156815806017e-05
7.000000000000000666e-01 6.266316306513610925e+02 3.475212544041704141e-05
7.000000000000000666e-01 6.412165730106612500e+02 2.162535861373535015e-05
7.000000000000000666e-01 6.558015153699615212e+02 1.119863945186269700e-05
7.000000000000000666e-01 6.703864577292616787e+02 3.120975742412265068e-06
7.000000000000000666e-01 6.771580381103652826e+02 0.000000000000000000e+00
8.000000000000000444e-01 1.000000000000000000e+00 9.668552145603825617e-04
8.000000000000000444e-01 1.311556862834835746e+00 8.895901521933363828e-04
8.000000000000000444e-01 1.720181404449156126e+00 8.016772778062895713e-04
8.000000000000000444e-01 2.256115726326156867e+00 6.671316959145597632e-04
8.000000000000000444e-01 2.959024064212671057e+00 5.493122526486414166e-04
8.000000000000000444e-01 3.880928318711556191e+00 5.003752217517759646e-04
8.000000000000000444e-01 5.090058170576202912e+00 4.707409253540802358e-04
8.000000000000000444e-01 6.675900725847745854e+00 4.159021449582342759e-04
8.000000000000000444e-01 8.755823412589673893e+00 3.802425030636679619e-04
8.000000000000000444e-01 1.148376028655191483e+01 3.665634175915152750e-04
8.000000000000000444e-01 1.506160461497730552e+01 3.555734351159782198e-04
8.000000000000000444e-01 1.975415089807832203e+01 3.549532353783514411e-04
8.000000000000000444e-01 2.590869217984955597e+01 3.744612427788326600e-04
8.000000000000000444e-01 3.398072303555692741e+01 4.182914904842434953e-04
8.000000000000000444e-01 4.456765050137446593e+01 4.950229718893219694e-04
8.000000000000000444e-01 5.845300787550208810e+01 6.264831858418215852e-04
8.000000000000000444e-01 7.666444363245346949e+01 8.394515733313463301e-04
8.000000000000000444e-01 1.005497771815587811e+02 1.172198340939132125e-03
8.000000000000000444e-01 1.037783141575341546e+02 1.220598791488356014e-03
8.000000000000000444e-01 1.186798156775903408e+02 1.449132631983137808e-03
8.000000000000000444e-01 1.318767503189869217e+02 1.656794229194120342e-03
8.000000000000000444e-01 1.335813171976465128e+02 1.683804235178366915e-03
8.000000000000000444e-01 1.484828187177027132e+02 1.909550374433884165e-03
8.000000000000000444e-01 1.633843202377589137e+02 2.128318689147945010e-03
8.000000000000000444e-01 1.729638569292235388e+02 2.259397186184978687e-03
8.000000000000000444e-01 1.782858217578150857e+02 2.330540169101647484e-03
8.000000000000000444e-01 1.931873232778712577e+02 2.505317900445610830e-03
8.000000000000000444e-01 2.080888247979274581e+02 2.642629855427114198e-03
8.000000000000000444e-01 2.229903263179836586e+02 2.740687243548211444e-03
8.000000000000000444e-01 2.378918278380398306e+02 2.800811498946867168e-03
8.000000000000000444e-01 2.527933293580960026e+02 2.832368320166794157e-03
8.000000000000000444e-01 2.676948308781522314e+02 2.817836607769546708e-03
8.000000000000000444e-01 2.825963323982084034e+02 2.763294808325419960e-03
8.000000000000000444e-01 2.974978339182645755e+02 2.671211476432731966e-03
8.000000000000000444e-01 3.123993354383207475e+02 2.551317292939554119e-03
8.000000000000000444e-01 3.273008369583769763e+02 2.406023002349164455e-03
8.000000000000000444e-01 3.422023384784331483e+02 2.243001767353119524e-03
8.000000000000000444e-01 3.571038399984893204e+02 2.064837253942269479e-03
8.000000000000000444e-01 3.720053415185454924e+02 1.884450320062929472e-03
8.000000000000000444e-01 3.869068430386017212e+02 1.694728297203358658e-03
8.000000000000000444e-01 4.018083445586578932e+02 1.506241387496347686e-03
8.000000000000000444e-01 4.167098460787140652e+02 1.323988066699048963e-03
8.000000000000000444e-01 4.316113475987702941e+02 1.151886024484730401e-03
8.000000000000000444e-01 4.465128491188264661e+02 9.934929046047202405e-04
8.000000000000000444e-01 4.614143506388826381e+02 8.417301339782396960e-04
8.000000000000000444e-01 4.763158521589388101e+02 7.084636766533371991e-04
8.000000000000000444e-01 4.912173536789949821e+02 5.899171984696558813e-04
8.000000000000000444e-01 5.061188551990512110e+02 4.849530624514628279e-04
8.000000000000000444e-01 5.210203567191073262e+02 3.938796046139067118e-04
8.000000000000000444e-01 5.359218582391634982e+02 3.163852465624314696e-04
8.000000000000000444e-01 5.508233597592197839e+02 2.500437573420448488e-04
8.000000000000000444e-01 5.657248612792759559e+02 1.957157861701640765e-04
8.000000000000000444e-01 5.806263627993321279e+02 1.501357163344406291e-04
8.000000000000000444e-01 5.955278643193882999e+02 1.130079298105703459e-04
8.000000000000000444e-01 6.104293658394444719e+02 8.291078117423451507e-05
8.000000000000000444e-01 6.253308673595006439e+02 5.869717235311511450e-05
8.000000000000000444e-01 6.402323688795568160e+02 3.951337423190654419e-05
8.000000000000000444e-01 6.551338703996131017e+02 2.448771951430652475e-05
8.000000000000000444e-01 6.700353719196692737e+02 1.267449637108833878e-05
8.000000000000000444e-01 6.849368734397254457e+02 3.544049062793533248e-06
8.000000000000000444e-01 6.918554277168943827e+02 0.000000000000000000e+00
9.000000000000000222e-01 1.000000000000000000e+00 7.106098574298607947e-04
9.000000000000000222e-01 1.312286561411566854e+00 6.700341662988681382e-04
9.000000000000000222e-01 1.722096019261393884e+00 5.814040660607308793e-04
9.000000000000000222e-01 2.259883463537081472e+00 4.838979282577391262e-04
9.000000000000000222e-01 2.965614699555938927e+00 4.062979007535908187e-04
9.000000000000000222e-01 3.891736316551860142e+00 3.850107467825767782e-04
9.000000000000000222e-01 5.107073268768356655e+00 3.502058051651773954e-04
9.000000000000000222e-01 6.701943618748956943e+00 3.128407446837344836e-04
9.000000000000000222e-01 8.794870546222261609e+00 2.896785944211081204e-04
9.000000000000000222e-01 1.154139042716188079e+01 2.839339201851676943e-04
9.000000000000000222e-01 1.514561155756863897e+01 2.779499391112939290e-04
9.000000000000000222e-01 1.987538251135703504e+01 2.833497003088628887e-04
9.000000000000000222e-01 2.608219737256830228e+01 3.082214870896314487e-04
9.000000000000000222e-01 3.422731710410545958e+01 3.529554533158992609e-04
9.000000000000000222e-01 4.491604826888986679e+01 4.333472242945234348e-04
9.000000000000000222e-01 5.894272653497743875e+01 5.679144317351153071e-04
9.000000000000000222e-01 7.734974792480787187e+01 7.879383593191669399e-04
9.000000000000000222e-01 1.015050347302975950e+02 1.130928570466561804e-03
9.000000000000000222e-01 1.048808497464210774e+02 1.184734801498357054e-03
9.000000000000000222e-01 1.199406640689841055e+02 1.426726139844769568e-03
9.000000000000000222e-01 1.332036929921839032e+02 1.642038588829068365e-03
9.000000000000000222e-01 1.350004783915471194e+02 1.673486959613406603e-03
9.000000000000000222e-01 1.500602927141101759e+02 1.917328442309317472e-03
9.000000000000000222e-01 1.651201070366731756e+02 2.149242631878432383e-03
9.000000000000000222e-01 1.748014162440350390e+02 2.293665097327468854e-03
9.000000000000000222e-01 1.801799213592362321e+02 2.367912723492345255e-03
9.000000000000000222e-01 1.952397356817992318e+02 2.554326121873763244e-03
9.000000000000000222e-01 2.102995500043622883e+02 2.711284674909895335e-03
9.000000000000000222e-01 2.253593643269252880e+02 2.830462754804543256e-03
9.000000000000000222e-01 2.404191786494883445e+02 2.918884706095923112e-03
9.000000000000000222e-01 2.554789929720513442e+02 2.951966536088207124e-03
9.000000000000000222e-01 2.705388072946144007e+02 2.942868765799545698e-03
9.000000000000000222e-01 2.855986216171774004e+02 2.900000952880044634e-03
9.000000000000000222e-01 3.006584359397404569e+02 2.815298675378813138e-03
9.000000000000000222e-01 3.157182502623034566e+02 2.694805820929916697e-03
9.000000000000000222e-01 3.307780645848665131e+02 2.548361276571357685e-03
9.000000000000000222e-01 3.458378789074295128e+02 2.383526206958969020e-03
9.000000000000000222e-01 3.608976932299925693e+02 2.200159299577920773e-03
9.000000000000000222e-01 3.759575075525555690e+02 2.006917140284326679e-03
9.000000000000000222e-01 3.910173218751185686e+02 1.808927101045657189e-03
9.000000000000000222e-01 4.060771361976816252e+02 1.614294237931379302e-03
9.000000000000000222e-01 4.211369505202446817e+02 1.421758404938557475e-03
9.000000000000000222e-01 4.361967648428076814e+02 1.236379636096502418e-03
9.000000000000000222e-01 4.512565791653706810e+02 1.063672363062278907e-03
9.000000000000000222e-01 4.663163934879337376e+02 9.051600863408842176e-04
9.000000000000000222e-01 4.813762078104967941e+02 7.641323652206002308e-04
9.000000000000000222e-01 4.964360221330597938e+02 6.359702323435902473e-04
9.000000000000000222e-01 5.114958364556227934e+02 5.233314728324097624e-04
9.000000000000000222e-01 5.265556507781858500e+02 4.249491449622621242e-04
9.000000000000000222e-01 5.416154651007489065e+02 3.416626276068856333e-04
9.000000000000000222e-01 5.566752794233119630e+02 2.699046826160702867e-04
9.000000000000000222e-01 5.717350937458749058e+02 2.105049260987756313e-04
9.000000000000000222e-01 5.867949080684379624e+02 1.608961664648440783e-04
9.000000000000000222e-01 6.018547223910010189e+02 1.214982213730515304e-04
9.000000000000000222e-01 6.169145367135640754e+02 8.900306398992998769e-05
9.000000000000000222e-01 6.319743510361270182e+02 6.297707650477434819e-05
9.000000000000000222e-01 6.470341653586900748e+02 4.235489102896950126e-05
9.000000000000000222e-01 6.620939796812531313e+02 2.615031612433980823e-05
9.000000000000000222e-01 6.771537940038160741e+02 1.352371275280325436e-05
9.000000000000000222e-01 6.922136083263791306e+02 3.737780872311938189e-06
9.000000000000000222e-01 6.992056649761404969e+02 0.000000000000000000e+00
1.000000000000000000e+00 1.000000000000000000e+00 6.451010467689783680e-04
1.000000000000000000e+00 1.312508059026467278e+00 6.007981466098628572e-04
1.000000000000000000e+00 1.722677405009424678e+00 5.116796724551805333e-04
1.000000000000000000e+00 2.261027977177671566e+00 4.257025472342275212e-04
1.000000000000000000e+00 2.967617441730005634e+00 3.534387643477396963e-04
1.000000000000000000e+00 3.895021808378140715e+00 3.466960635344262711e-04
1.000000000000000000e+00 5.112247513580153502e+00 3.087584598551369481e-04
1.000000000000000000e+00 6.709866061311971386e+00 2.814362142321372726e-04
1.000000000000000000e+00 8.806753280460144495e+00 2.609442313319533632e-04
1.000000000000000000e+00 1.155893465446171930e+01 2.584482948961727916e-04
1.000000000000000000e+00 1.517119488774132208e+01 2.535057948208131761e-04
1.000000000000000000e+00 1.991231555522162822e+01 2.591786868436796870e-04
1.000000000000000000e+00 2.613507464010646331e+01 2.864493812807390044e-04
1.000000000000000000e+00 3.430249608839798725e+01 3.332697502019996670e-04
1.000000000000000000e+00 4.502230256074623327e+01 4.144442174682746484e-04
1.000000000000000000e+00 5.909213494690739310e+01 5.495614080732658851e-04
1.000000000000000000e+00 7.755890334289550481e+01 7.706679082447731718e-04
1.000000000000000000e+00 1.017966856868051906e+02 1.118129754912433171e-03
1.000000000000000000e+00 1.052177102025033406e+02 1.171782563399004435e-03
1.000000000000000000e+00 1.203258942315807474e+02 1.416559777932892760e-03
1.000000000000000000e+00 1.336089703461160525e+02 1.635772439671907786e-03
1.000000000000000000e+00 1.354340782606581399e+02 1.666042464179409060e-03
1.000000000000000000e+00 1.505422622897355609e+02 1.914371811089151569e-03
1.000000000000000000e+00 1.656504463188129535e+02 2.156825373782432758e-03
1.000000000000000000e+00 1.753628503375056198e+02 2.300790456256705200e-03
1.000000000000000000e+00 1.807586303478903460e+02 2.372790851383415646e-03
1.000000000000000000e+00 1.958668143769677386e+02 2.568277661334356522e-03
1.000000000000000000e+00 2.109749984060451311e+02 2.730405017046793649e-03
1.000000000000000000e+00 2.260831824351225521e+02 2.859628602927728486e-03
1.000000000000000000e+00 2.411913664641999731e+02 2.938680525869504997e-03
1.000000000000000000e+00 2.562995504932773656e+02 2.980779361816246042e-03
1.000000000000000000e+00 2.714077345223547582e+02 2.976685615450454236e-03
1.000000000000000000e+00 2.865159185514321507e+02 2.936429850022492447e-03
1.000000000000000000e+00 3.016241025805095433e+02 2.849126540455360589e-03
1.000000000000000000e+00 3.167322866095869358e+02 2.738080745959132079e-03
1.000000000000000000e+00 3.318404706386643852e+02 2.596220204659438046e-03
1.000000000000000000e+00 3.469486546677417778e+02 2.428623898309441136e-03
1.000000000000000000e+00 3.620568386968191703e+02 2.239135513176041762e-03
1.000000000000000000e+00 3.771650227258965629e+02 2.041952384703531274e-03
1.000000000000000000e+00 3.922732067549739554e+02 1.844922842634534339e-03
1.000000000000000000e+00 4.073813907840513480e+02 1.644802924712328957e-03
1.000000000000000000e+00 4.224895748131287405e+02 1.450937242481607943e-03
1.000000000000000000e+00 4.375977588422061331e+02 1.263302984761302669e-03
1.000000000000000000e+00 4.527059428712835825e+02 1.087288286351900581e-03
1.000000000000000000e+00 4.678141269003609750e+02 9.254407997034406509e-04
1.000000000000000000e+00 4.829223109294383676e+02 7.798911232431902886e-04
1.000000000000000000e+00 4.980304949585157601e+02 6.495889297458246970e-04
1.000000000000000000e+00 5.131386789875931527e+02 5.350597695077321126e-04
1.000000000000000000e+00 5.282468630166705452e+02 4.357863473066145299e-04
1.000000000000000000e+00 5.433550470457480515e+02 3.484991902467193640e-04
1.000000000000000000e+00 5.584632310748254440e+02 2.768365898890666607e-04
1.000000000000000000e+00 5.735714151039028366e+02 2.154260507529649348e-04
1.000000000000000000e+00 5.886795991329802291e+02 1.666986252097242788e-04
1.000000000000000000e+00 6.037877831620576217e+02 1.258437643979864985e-04
1.000000000000000000e+00 6.188959671911350142e+02 8.860830682760621247e-05
1.000000000000000000e+00 6.340041512202124068e+02 6.352676977421315026e-05
1.000000000000000000e+00 6.491123352492897993e+02 4.272514868698092181e-05
1.000000000000000000e+00 6.642205192783671919e+02 2.651681979829436850e-05
1.000000000000000000e+00 6.793287033074445844e+02 1.443958942728021678e-05
1.000000000000000000e+00 6.944368873365219770e+02 4.160442473620526412e-06
1.000000000000000000e+00 7.014514013500222518e+02 0.000000000000000000e+00
