# mx [GeV]: 30.0
# sigma_p [cm^2]: 1.31825673856e-29
# depth [m]: 0.3
# loc: MPI
# Columns: gamma/pi, v [km/s], f(v, gamma) [s/km]
0.000000000000000000e+00 1.000000000000000000e+00 6.413301735558499250e-03
0.000000000000000000e+00 1.043644754954565990e+00 6.271430685182508534e-03
0.000000000000000000e+00 1.089194374544175892e+00 6.114542984197474974e-03
0.000000000000000000e+00 1.136731996119048071e+00 5.944662662732013228e-03
0.000000000000000000e+00 1.186344385538678603e+00 5.391352059482667353e-03
0.000000000000000000e+00 1.238122095537239176e+00 5.282723425240872482e-03
0.000000000000000000e+00 1.292159631000795672e+00 5.159132246276120458e-03
0.000000000000000000e+00 1.348555621458007669e+00 5.022559523445221420e-03
0.000000000000000000e+00 1.350990987754780770e+00 5.016552652889682065e-03
0.000000000000000000e+00 1.407413001099144800e+00 4.875271401084651200e-03
0.000000000000000000e+00 1.468839196651987145e+00 4.564733992494838556e-03
0.000000000000000000e+00 1.532946323457524684e+00 4.437052156234855271e-03
0.000000000000000000e+00 1.544979437278544143e+00 4.412624144307212420e-03
0.000000000000000000e+00 1.599851390103331106e+00 4.299656563760828609e-03
0.000000000000000000e+00 1.669676511988112511e+00 4.154513640487457644e-03
0.000000000000000000e+00 1.738967886802307516e+00 4.011054348655398831e-03
0.000000000000000000e+00 1.742549134207227901e+00 3.740355172628215003e-03
0.000000000000000000e+00 1.818602264165993354e+00 3.642002009033666263e-03
0.000000000000000000e+00 1.897974714345336933e+00 3.533175818309663898e-03
0.000000000000000000e+00 1.932956336326070890e+00 3.483665352771721496e-03
0.000000000000000000e+00 1.980811355662901452e+00 3.415075485973672383e-03
0.000000000000000000e+00 2.067263381892030516e+00 3.287673766303558873e-03
0.000000000000000000e+00 2.126944785849834041e+00 3.200943170973507418e-03
0.000000000000000000e+00 2.157488585621255339e+00 3.013281323128671856e-03
0.000000000000000000e+00 2.251651646257967876e+00 2.909177590986273144e-03
0.000000000000000000e+00 2.320933235373597636e+00 2.830578732436537463e-03
0.000000000000000000e+00 2.514921684897361231e+00 2.546604603653649258e-03
0.000000000000000000e+00 2.708910134421124383e+00 2.349927275775140923e-03
0.000000000000000000e+00 2.902898583944887534e+00 2.052492075187077863e-03
0.000000000000000000e+00 3.096887033468651129e+00 1.900650844560095075e-03
0.000000000000000000e+00 3.290875482992414724e+00 1.708286445412849448e-03
0.000000000000000000e+00 3.484863932516177876e+00 1.480617657655586067e-03
0.000000000000000000e+00 3.678852382039941027e+00 1.390398650648804520e-03
0.000000000000000000e+00 3.872840831563704178e+00 1.278833706292231351e-03
0.000000000000000000e+00 4.066829281087468217e+00 1.107593125239646811e-03
0.000000000000000000e+00 4.260817730611231369e+00 1.019445448351828220e-03
0.000000000000000000e+00 4.454806180134994520e+00 9.063094744502322476e-04
0.000000000000000000e+00 4.648794629658757671e+00 8.301666117601022316e-04
0.000000000000000000e+00 4.842783079182521710e+00 7.092811707106222614e-04
0.000000000000000000e+00 5.036771528706284862e+00 6.496257629907763826e-04
0.000000000000000000e+00 5.230759978230048013e+00 5.594007185287600816e-04
0.000000000000000000e+00 5.424748427753811164e+00 5.110777408015555962e-04
0.000000000000000000e+00 5.618736877277575203e+00 4.471838442641243544e-04
0.000000000000000000e+00 5.812725326801338355e+00 3.695815476021947201e-04
0.000000000000000000e+00 6.006713776325101506e+00 3.372536611276424640e-04
0.000000000000000000e+00 6.200702225848864657e+00 2.903905899923467154e-04
0.000000000000000000e+00 6.394690675372627808e+00 2.638086587928298917e-04
0.000000000000000000e+00 6.588679124896391848e+00 2.135348798296472133e-04
0.000000000000000000e+00 6.782667574420154999e+00 2.139502075964915342e-04
0.000000000000000000e+00 6.976656023943918150e+00 1.575866290123872937e-04
0.000000000000000000e+00 7.170644473467682189e+00 1.317414098024471286e-04
0.000000000000000000e+00 7.364632922991445341e+00 1.191431395272762558e-04
0.000000000000000000e+00 7.558621372515208492e+00 9.005937193256407884e-05
0.000000000000000000e+00 7.752609822038971643e+00 7.339320255335480604e-05
0.000000000000000000e+00 7.946598271562734794e+00 5.201623340122981239e-05
0.000000000000000000e+00 8.140586721086499722e+00 4.698601706994678842e-05
0.000000000000000000e+00 8.334575170610262873e+00 3.297212135467813963e-05
0.000000000000000000e+00 8.528563620134026024e+00 1.728542998723508908e-05
0.000000000000000000e+00 8.722552069657789175e+00 1.213364194162932151e-05
0.000000000000000000e+00 8.916540519181552327e+00 3.612588237450069622e-06
0.000000000000000000e+00 9.006606585031871504e+00 0.000000000000000000e+00
1.000000000000000056e-01 1.000000000000000000e+00 7.384573886660597553e-03
1.000000000000000056e-01 1.044932769668316608e+00 7.074136051411595433e-03
1.000000000000000056e-01 1.091884493126699107e+00 6.768862642824777405e-03
1.000000000000000056e-01 1.140945887560767869e+00 6.481934880955709383e-03
1.000000000000000056e-01 1.192211746330548827e+00 6.260653369428379952e-03
1.000000000000000056e-01 1.245781122124280937e+00 6.041343704682219928e-03
1.000000000000000056e-01 1.301757518341828179e+00 5.821058503893777880e-03
1.000000000000000056e-01 1.360249089077480988e+00 5.460595074244799056e-03
1.000000000000000056e-01 1.383024531153390857e+00 5.394457537401433321e-03
1.000000000000000056e-01 1.421368848088536918e+00 5.285736474992487263e-03
1.000000000000000056e-01 1.485234887153419558e+00 5.106643107002722774e-03
1.000000000000000056e-01 1.551970604241232454e+00 4.919990329184014202e-03
1.000000000000000056e-01 1.581612668960031609e+00 4.836570543247296211e-03
1.000000000000000056e-01 1.621704941933601818e+00 4.690052055085478823e-03
1.000000000000000056e-01 1.694572636559475320e+00 4.460440118186760269e-03
1.000000000000000056e-01 1.770714478524234137e+00 4.276872578674971795e-03
1.000000000000000056e-01 1.780200806766672361e+00 4.254435197193533191e-03
1.000000000000000056e-01 1.850277584336116776e+00 4.091246600185103645e-03
1.000000000000000056e-01 1.933415680855540719e+00 3.894674820147153629e-03
1.000000000000000056e-01 1.978788944573313113e+00 3.743946993835059987e-03
1.000000000000000056e-01 2.020289402316534311e+00 3.666693226454245929e-03
1.000000000000000056e-01 2.111066600694164297e+00 3.513195433029810133e-03
1.000000000000000056e-01 2.177377082379953865e+00 3.404591469084916524e-03
1.000000000000000056e-01 2.205922670017631315e+00 3.358124403647088068e-03
1.000000000000000056e-01 2.305040885255651428e+00 3.179961487864962650e-03
1.000000000000000056e-01 2.375965220186594618e+00 3.054835844454731504e-03
1.000000000000000056e-01 2.574553357993234926e+00 2.764764310254318614e-03
1.000000000000000056e-01 2.773141495799875678e+00 2.485674221944799128e-03
1.000000000000000056e-01 2.971729633606516430e+00 2.251046976467495873e-03
1.000000000000000056e-01 3.170317771413157182e+00 2.023226762923153402e-03
1.000000000000000056e-01 3.368905909219797934e+00 1.833296094492390792e-03
1.000000000000000056e-01 3.567494047026438686e+00 1.658665244758268046e-03
1.000000000000000056e-01 3.766082184833079438e+00 1.488746240816647215e-03
1.000000000000000056e-01 3.964670322639720190e+00 1.340609728454447355e-03
1.000000000000000056e-01 4.163258460446360942e+00 1.207635885161773611e-03
1.000000000000000056e-01 4.361846598253001694e+00 1.076581958553682675e-03
1.000000000000000056e-01 4.560434736059642447e+00 9.660404871068087058e-04
1.000000000000000056e-01 4.759022873866283199e+00 8.634270165222736196e-04
1.000000000000000056e-01 4.957611011672923951e+00 7.710860768150524028e-04
1.000000000000000056e-01 5.156199149479564703e+00 6.778854378438682908e-04
1.000000000000000056e-01 5.354787287286205455e+00 6.068238560745618662e-04
1.000000000000000056e-01 5.553375425092845319e+00 5.306484977207383139e-04
1.000000000000000056e-01 5.751963562899486959e+00 4.705650556176213940e-04
1.000000000000000056e-01 5.950551700706126823e+00 4.121357999061258173e-04
1.000000000000000056e-01 6.149139838512768463e+00 3.641404251925894637e-04
1.000000000000000056e-01 6.347727976319408327e+00 3.101564471350127888e-04
1.000000000000000056e-01 6.546316114126049968e+00 2.729954642550330149e-04
1.000000000000000056e-01 6.744904251932689832e+00 2.335146416480382103e-04
1.000000000000000056e-01 6.943492389739331472e+00 2.005540308209436209e-04
1.000000000000000056e-01 7.142080527545971336e+00 1.700785675879883487e-04
1.000000000000000056e-01 7.340668665352612976e+00 1.392099361446819301e-04
1.000000000000000056e-01 7.539256803159252840e+00 1.187286714892800383e-04
1.000000000000000056e-01 7.737844940965894480e+00 9.841296123111157202e-05
1.000000000000000056e-01 7.936433078772534344e+00 7.596439765795537195e-05
1.000000000000000056e-01 8.135021216579175984e+00 6.196155376996649946e-05
1.000000000000000056e-01 8.333609354385815848e+00 4.684041468861558499e-05
1.000000000000000056e-01 8.532197492192457489e+00 3.362384097216181530e-05
1.000000000000000056e-01 8.730785629999097353e+00 2.217184993395760698e-05
1.000000000000000056e-01 8.929373767805738993e+00 1.167321075967460167e-05
1.000000000000000056e-01 9.127961905612378857e+00 3.314255257835791529e-06
1.000000000000000056e-01 9.220163541022605713e+00 0.000000000000000000e+00
2.000000000000000111e-01 1.000000000000000000e+00 1.012189186503822773e-02
2.000000000000000111e-01 1.048716269091697795e+00 9.722994980032571150e-03
2.000000000000000111e-01 1.099805813057610493e+00 9.293566546438552026e-03
2.000000000000000111e-01 1.153384248995138472e+00 8.879707832368639864e-03
2.000000000000000111e-01 1.209572826435311610e+00 8.462153662493129835e-03
2.000000000000000111e-01 1.268498701733939749e+00 8.010571496011805598e-03
2.000000000000000111e-01 1.330295225830079753e+00 7.713658155352022018e-03
2.000000000000000111e-01 1.395102246023018910e+00 7.414235164029320431e-03
2.000000000000000111e-01 1.463066422450708393e+00 7.109744753164409618e-03
2.000000000000000111e-01 1.481335235619837931e+00 7.028738576528102688e-03
2.000000000000000111e-01 1.534341559985844761e+00 6.794444528604804204e-03
2.000000000000000111e-01 1.609088956300690487e+00 6.382929109338024605e-03
2.000000000000000111e-01 1.687477766888314301e+00 6.122724848330319582e-03
2.000000000000000111e-01 1.694039782272942940e+00 6.101081996392296314e-03
2.000000000000000111e-01 1.769685387866302806e+00 5.856194557196787304e-03
2.000000000000000111e-01 1.855897857429243070e+00 5.579838842964932391e-03
2.000000000000000111e-01 1.906744328926047949e+00 5.389919244783625621e-03
2.000000000000000111e-01 1.946310276858471688e+00 5.279317849018477435e-03
2.000000000000000111e-01 2.041127252041846418e+00 5.026428440481855303e-03
2.000000000000000111e-01 2.119448875579152514e+00 4.824113457413626606e-03
2.000000000000000111e-01 2.140563356502714232e+00 4.766578580660316318e-03
2.000000000000000111e-01 2.244843616985928492e+00 4.486184553238593657e-03
2.000000000000000111e-01 2.332153422232257967e+00 4.275837272408822276e-03
2.000000000000000111e-01 2.354204022699795562e+00 4.235099671862876079e-03
2.000000000000000111e-01 2.468892059366396552e+00 4.022457927100182330e-03
2.000000000000000111e-01 2.544857968885362531e+00 3.866838278534122895e-03
2.000000000000000111e-01 2.757562515538467540e+00 3.451845281761096920e-03
2.000000000000000111e-01 2.970267062191572549e+00 3.133359176472213202e-03
2.000000000000000111e-01 3.182971608844677558e+00 2.819599359719033530e-03
2.000000000000000111e-01 3.395676155497782567e+00 2.549606816587991938e-03
2.000000000000000111e-01 3.608380702150887576e+00 2.277654311061861649e-03
2.000000000000000111e-01 3.821085248803992584e+00 2.063847058369584937e-03
2.000000000000000111e-01 4.033789795457097149e+00 1.852452290720856118e-03
2.000000000000000111e-01 4.246494342110201714e+00 1.671333267344885702e-03
2.000000000000000111e-01 4.459198888763307167e+00 1.488650163205885004e-03
2.000000000000000111e-01 4.671903435416412620e+00 1.339553490315679172e-03
2.000000000000000111e-01 4.884607982069517185e+00 1.188398991025030717e-03
2.000000000000000111e-01 5.097312528722621749e+00 1.061753797904435581e-03
2.000000000000000111e-01 5.310017075375727202e+00 9.459468557384592864e-04
2.000000000000000111e-01 5.522721622028831767e+00 8.404616361743538940e-04
2.000000000000000111e-01 5.735426168681937220e+00 7.396584153214184497e-04
2.000000000000000111e-01 5.948130715335041785e+00 6.485367648806983961e-04
2.000000000000000111e-01 6.160835261988147238e+00 5.742440649064792929e-04
2.000000000000000111e-01 6.373539808641251803e+00 4.970461485700267351e-04
2.000000000000000111e-01 6.586244355294356367e+00 4.365113676507629105e-04
2.000000000000000111e-01 6.798948901947461820e+00 3.775354757060504210e-04
2.000000000000000111e-01 7.011653448600566385e+00 3.262938021615400608e-04
2.000000000000000111e-01 7.224357995253671838e+00 2.784030873789788735e-04
2.000000000000000111e-01 7.437062541906776403e+00 2.375815163503354011e-04
2.000000000000000111e-01 7.649767088559881856e+00 2.019558065947339026e-04
2.000000000000000111e-01 7.862471635212986421e+00 1.662573748682630087e-04
2.000000000000000111e-01 8.075176181866090985e+00 1.394119471568582719e-04
2.000000000000000111e-01 8.287880728519196438e+00 1.132871906635026063e-04
2.000000000000000111e-01 8.500585275172301891e+00 9.072170782638764566e-05
2.000000000000000111e-01 8.713289821825405568e+00 7.162833099735174615e-05
2.000000000000000111e-01 8.925994368478511021e+00 5.388838766702526108e-05
2.000000000000000111e-01 9.138698915131616474e+00 3.927169104691445882e-05
2.000000000000000111e-01 9.351403461784720150e+00 2.561824503704538021e-05
2.000000000000000111e-01 9.564108008437825603e+00 1.423005261585411339e-05
2.000000000000000111e-01 9.776812555090931056e+00 4.287911200761340349e-06
2.000000000000000111e-01 9.875568237465586208e+00 0.000000000000000000e+00
3.000000000000000444e-01 1.000000000000000000e+00 1.653689027037624423e-02
3.000000000000000444e-01 1.054689620010480278e+00 1.575130960405288563e-02
3.000000000000000444e-01 1.112370194557851022e+00 1.486610811226494848e-02
3.000000000000000444e-01 1.173205297809203795e+00 1.420408968204092681e-02
3.000000000000000444e-01 1.237367449740671477e+00 1.353725003340271356e-02
3.000000000000000444e-01 1.305038605380325789e+00 1.285643642314176702e-02
3.000000000000000444e-01 1.376410670807582726e+00 1.219067797177641500e-02
3.000000000000000444e-01 1.451686047372419575e+00 1.146364407016089992e-02
3.000000000000000444e-01 1.531078205677733006e+00 1.096651450139364201e-02
3.000000000000000444e-01 1.614812290952576168e+00 1.044726138303244539e-02
3.000000000000000444e-01 1.650137047656897504e+00 1.023680803702995377e-02
3.000000000000000444e-01 1.703125761533025528e+00 9.929394341127550927e-03
3.000000000000000444e-01 1.796269062261326432e+00 9.276999467709665451e-03
3.000000000000000444e-01 1.887079803217887930e+00 8.883023788991858266e-03
3.000000000000000444e-01 1.894506334712979800e+00 8.849135836381638587e-03
3.000000000000000444e-01 1.998116166265880178e+00 8.401182389414995136e-03
3.000000000000000444e-01 2.107392380135758803e+00 7.948779088367668652e-03
3.000000000000000444e-01 2.124022558778878356e+00 7.880916198429385733e-03
3.000000000000000444e-01 2.222644868618365077e+00 7.466389359583327015e-03
3.000000000000000444e-01 2.344200471901346727e+00 7.053980255728138811e-03
3.000000000000000444e-01 2.360965314339869003e+00 6.998021711367478914e-03
3.000000000000000444e-01 2.472403904938019537e+00 6.636181464623901530e-03
3.000000000000000444e-01 2.597908069900859207e+00 6.214231205709734585e-03
3.000000000000000444e-01 2.607618735011507205e+00 6.180889084668939569e-03
3.000000000000000444e-01 2.750228412761495989e+00 5.784572246676880289e-03
3.000000000000000444e-01 2.834850825461849411e+00 5.581804977169222380e-03
3.000000000000000444e-01 3.071793581022840058e+00 5.021658839858774565e-03
3.000000000000000444e-01 3.308736336583830706e+00 4.494769971647378029e-03
3.000000000000000444e-01 3.545679092144820910e+00 4.055698537521342482e-03
3.000000000000000444e-01 3.782621847705811557e+00 3.644653663875731166e-03
3.000000000000000444e-01 4.019564603266801761e+00 3.272289664936640745e-03
3.000000000000000444e-01 4.256507358827791521e+00 2.929574997769677103e-03
3.000000000000000444e-01 4.493450114388782168e+00 2.636027339212147075e-03
3.000000000000000444e-01 4.730392869949772816e+00 2.355908371953010366e-03
3.000000000000000444e-01 4.967335625510763464e+00 2.106199305473010607e-03
3.000000000000000444e-01 5.204278381071754112e+00 1.874431124423942040e-03
3.000000000000000444e-01 5.441221136632744759e+00 1.671831897528539695e-03
3.000000000000000444e-01 5.678163892193735407e+00 1.469501441978595009e-03
3.000000000000000444e-01 5.915106647754726055e+00 1.307230425827965491e-03
3.000000000000000444e-01 6.152049403315714926e+00 1.156654123302632226e-03
3.000000000000000444e-01 6.388992158876705574e+00 1.017702858737688050e-03
3.000000000000000444e-01 6.625934914437696222e+00 8.904969709861901674e-04
3.000000000000000444e-01 6.862877669998686869e+00 7.739736766182713510e-04
3.000000000000000444e-01 7.099820425559677517e+00 6.767703429876524264e-04
3.000000000000000444e-01 7.336763181120668165e+00 5.819826984456648962e-04
3.000000000000000444e-01 7.573705936681658812e+00 5.048518889320883747e-04
3.000000000000000444e-01 7.810648692242649460e+00 4.327727198501085540e-04
3.000000000000000444e-01 8.047591447803638331e+00 3.685237273033669411e-04
3.000000000000000444e-01 8.284534203364628979e+00 3.096964346569989080e-04
3.000000000000000444e-01 8.521476958925619627e+00 2.630900922713992379e-04
3.000000000000000444e-01 8.758419714486610275e+00 2.180771241855645613e-04
3.000000000000000444e-01 8.995362470047600922e+00 1.765224302592079565e-04
3.000000000000000444e-01 9.232305225608591570e+00 1.452867941981161577e-04
3.000000000000000444e-01 9.469247981169582218e+00 1.154992302311288527e-04
3.000000000000000444e-01 9.706190736730572866e+00 8.936447780415689678e-05
3.000000000000000444e-01 9.943133492291563513e+00 6.729433132962058298e-05
3.000000000000000444e-01 1.018007624785255416e+01 4.827027703395902271e-05
3.000000000000000444e-01 1.041701900341354303e+01 3.188188209715750600e-05
3.000000000000000444e-01 1.065396175897453368e+01 1.738015100766704681e-05
3.000000000000000444e-01 1.089090451453552433e+01 4.719889349180454144e-06
3.000000000000000444e-01 1.100091365104598395e+01 0.000000000000000000e+00
4.000000000000000222e-01 1.000000000000000000e+00 3.005323250027386664e-02
4.000000000000000222e-01 1.062255459797992962e+00 2.798042876863209016e-02
4.000000000000000222e-01 1.128386661870645513e+00 2.656660152205518599e-02
4.000000000000000222e-01 1.198634892335324942e+00 2.514954152615347591e-02
4.000000000000000222e-01 1.273256458687578307e+00 2.365594674274119902e-02
4.000000000000000222e-01 1.352523624963937632e+00 2.241792967865989181e-02
4.000000000000000222e-01 1.436725605123715832e+00 2.119914579319829781e-02
4.000000000000000222e-01 1.526169618274242357e+00 2.001873935442168365e-02
4.000000000000000222e-01 1.621182009589632766e+00 1.865992168089187359e-02
4.000000000000000222e-01 1.722109441012869446e+00 1.775702051188851952e-02
4.000000000000000222e-01 1.829320156085590288e+00 1.682864787619314101e-02
4.000000000000000222e-01 1.890173706858078617e+00 1.631864319627843521e-02
4.000000000000000222e-01 1.943205323520434957e+00 1.588978720630827499e-02
4.000000000000000222e-01 2.064180464418107430e+00 1.478663453943983644e-02
4.000000000000000222e-01 2.161583264765905454e+00 1.418126209357790241e-02
4.000000000000000222e-01 2.192686968336491127e+00 1.399033729659986645e-02
4.000000000000000222e-01 2.329193703743346777e+00 1.316265139012379529e-02
4.000000000000000222e-01 2.432992822673731848e+00 1.256210950723051639e-02
4.000000000000000222e-01 2.474198728728478791e+00 1.232792759596744447e-02
4.000000000000000222e-01 2.628231108217080170e+00 1.151507311453919997e-02
4.000000000000000222e-01 2.704402380581558685e+00 1.114849734686516707e-02
4.000000000000000222e-01 2.791852844314523185e+00 1.074383370301016521e-02
4.000000000000000222e-01 2.965660926825657739e+00 9.971065192107483877e-03
4.000000000000000222e-01 2.975811938489385078e+00 9.925770393404748440e-03
4.000000000000000222e-01 3.150289511430131473e+00 9.234770162979985195e-03
4.000000000000000222e-01 3.247221496397211915e+00 8.901919118384289675e-03
4.000000000000000222e-01 3.518631054305038752e+00 7.994070212653227314e-03
4.000000000000000222e-01 3.790040612212865589e+00 7.162651403359231346e-03
4.000000000000000222e-01 4.061450170120691539e+00 6.438250092006397689e-03
4.000000000000000222e-01 4.332859728028518376e+00 5.779923145212645039e-03
4.000000000000000222e-01 4.604269285936345213e+00 5.180379941449334870e-03
4.000000000000000222e-01 4.875678843844172050e+00 4.621504590802481827e-03
4.000000000000000222e-01 5.147088401751998887e+00 4.145648796219515708e-03
4.000000000000000222e-01 5.418497959659825725e+00 3.691157438513426991e-03
4.000000000000000222e-01 5.689907517567652562e+00 3.289855290509282378e-03
4.000000000000000222e-01 5.961317075475478511e+00 2.911239677106842311e-03
4.000000000000000222e-01 6.232726633383305348e+00 2.583525228227591050e-03
4.000000000000000222e-01 6.504136191291132185e+00 2.273003924609961514e-03
4.000000000000000222e-01 6.775545749198959022e+00 1.997052509276698098e-03
4.000000000000000222e-01 7.046955307106784971e+00 1.757432666016207424e-03
4.000000000000000222e-01 7.318364865014611809e+00 1.531864753353141774e-03
4.000000000000000222e-01 7.589774422922438646e+00 1.336876728065757068e-03
4.000000000000000222e-01 7.861183980830265483e+00 1.147192704140320057e-03
4.000000000000000222e-01 8.132593538738092320e+00 9.964343096444518242e-04
4.000000000000000222e-01 8.404003096645919157e+00 8.484919349614174688e-04
4.000000000000000222e-01 8.675412654553745995e+00 7.295933072699415387e-04
4.000000000000000222e-01 8.946822212461572832e+00 6.188522618236490551e-04
4.000000000000000222e-01 9.218231770369399669e+00 5.249683780273110660e-04
4.000000000000000222e-01 9.489641328277226506e+00 4.339000096016983727e-04
4.000000000000000222e-01 9.761050886185053344e+00 3.646779747872762258e-04
4.000000000000000222e-01 1.003246044409287840e+01 3.004592808826238456e-04
4.000000000000000222e-01 1.030387000200070524e+01 2.446126217781665604e-04
4.000000000000000222e-01 1.057527955990853208e+01 1.961280649464652013e-04
4.000000000000000222e-01 1.084668911781635892e+01 1.515853878821847112e-04
4.000000000000000222e-01 1.111809867572418575e+01 1.191986904354012001e-04
4.000000000000000222e-01 1.138950823363201259e+01 8.883111328042641132e-05
4.000000000000000222e-01 1.166091779153983943e+01 6.198740810198193746e-05
4.000000000000000222e-01 1.193232734944766626e+01 4.086622952408888097e-05
4.000000000000000222e-01 1.220373690735549133e+01 2.212077569303817816e-05
4.000000000000000222e-01 1.247514646526331816e+01 6.760759727962543518e-06
4.000000000000000222e-01 1.260115804572052411e+01 0.000000000000000000e+00
5.000000000000000000e-01 1.000000000000000000e+00 5.408408351642998019e-02
5.000000000000000000e-01 1.070537775517702128e+00 5.066116323533850080e-02
5.000000000000000000e-01 1.146051128810389841e+00 4.671347330639835649e-02
5.000000000000000000e-01 1.226891026066226242e+00 4.419725446239521766e-02
5.000000000000000000e-01 1.313433189847569071e+00 4.171719121499768701e-02
5.000000000000000000e-01 1.406079845350536317e+00 3.910708082734543761e-02
5.000000000000000000e-01 1.505261589841837777e+00 3.691494328689545745e-02
5.000000000000000000e-01 1.611439393961520583e+00 3.479981172049565613e-02
5.000000000000000000e-01 1.725106744193160235e+00 3.272763972066731336e-02
5.000000000000000000e-01 1.846791936459131422e+00 3.067849064697272810e-02
5.000000000000000000e-01 1.977060531500987928e+00 2.901973609041284818e-02
5.000000000000000000e-01 2.116517983456913665e+00 2.732160638298659211e-02
5.000000000000000000e-01 2.190731668480577099e+00 2.645866624742556489e-02
5.000000000000000000e-01 2.265812453853176756e+00 2.601216014346218255e-02
5.000000000000000000e-01 2.425637824088285655e+00 2.394824495447149884e-02
5.000000000000000000e-01 2.505298267031634385e+00 2.323575399173315528e-02
5.000000000000000000e-01 2.596736920411073068e+00 2.244458579103006737e-02
5.000000000000000000e-01 2.779904966381558484e+00 2.093600731834076648e-02
5.000000000000000000e-01 2.819864865582691671e+00 2.060258129690573786e-02
5.000000000000000000e-01 2.975993278860725955e+00 1.948381939801713952e-02
5.000000000000000000e-01 3.134431464133748513e+00 1.842120861417386249e-02
5.000000000000000000e-01 3.185913224707193958e+00 1.808889552752426799e-02
5.000000000000000000e-01 3.410640456570467993e+00 1.665985878397976266e-02
5.000000000000000000e-01 3.448998062684806243e+00 1.645863906401715329e-02
5.000000000000000000e-01 3.651219447467629386e+00 1.541917100404799346e-02
5.000000000000000000e-01 3.763564661235863085e+00 1.484800780388069105e-02
5.000000000000000000e-01 4.078131259786919927e+00 1.334639336933858729e-02
5.000000000000000000e-01 4.392697858337977657e+00 1.200724674606221641e-02
5.000000000000000000e-01 4.707264456889035387e+00 1.079032638068824421e-02
5.000000000000000000e-01 5.021831055440092229e+00 9.701585458911473475e-03
5.000000000000000000e-01 5.336397653991149070e+00 8.646894817938689456e-03
5.000000000000000000e-01 5.650964252542206800e+00 7.766691299005253762e-03
5.000000000000000000e-01 5.965530851093263642e+00 6.931633272534180532e-03
5.000000000000000000e-01 6.280097449644321372e+00 6.165910065834469961e-03
5.000000000000000000e-01 6.594664048195378214e+00 5.458767466433414248e-03
5.000000000000000000e-01 6.909230646746435944e+00 4.830680899415695090e-03
5.000000000000000000e-01 7.223797245297492786e+00 4.253078323648362864e-03
5.000000000000000000e-01 7.538363843848549628e+00 3.712253829150640502e-03
5.000000000000000000e-01 7.852930442399607358e+00 3.257788108844952325e-03
5.000000000000000000e-01 8.167497040950664200e+00 2.831982467591761133e-03
5.000000000000000000e-01 8.482063639501721042e+00 2.457104622326227762e-03
5.000000000000000000e-01 8.796630238052777884e+00 2.114168514209101117e-03
5.000000000000000000e-01 9.111196836603836502e+00 1.812605322863393474e-03
5.000000000000000000e-01 9.425763435154893344e+00 1.553056392235594840e-03
5.000000000000000000e-01 9.740330033705950186e+00 1.312031912678197519e-03
5.000000000000000000e-01 1.005489663225700880e+01 1.112399573431946051e-03
5.000000000000000000e-01 1.036946323080806565e+01 9.328979823904574170e-04
5.000000000000000000e-01 1.068402982935912249e+01 7.803405949307073725e-04
5.000000000000000000e-01 1.099859642791017933e+01 6.392139028611107648e-04
5.000000000000000000e-01 1.131316302646123617e+01 5.283602682657542998e-04
5.000000000000000000e-01 1.162772962501229479e+01 4.291717105854301250e-04
5.000000000000000000e-01 1.194229622356335163e+01 3.431742507654778995e-04
5.000000000000000000e-01 1.225686282211440847e+01 2.717889176851376993e-04
5.000000000000000000e-01 1.257142942066546532e+01 2.092212185412995265e-04
5.000000000000000000e-01 1.288599601921652216e+01 1.612106406154242973e-04
5.000000000000000000e-01 1.320056261776758078e+01 1.182194560717947244e-04
5.000000000000000000e-01 1.351512921631863762e+01 8.178095138252246537e-05
5.000000000000000000e-01 1.382969581486969446e+01 5.299695304664200381e-05
5.000000000000000000e-01 1.414426241342075130e+01 2.830096195315156142e-05
5.000000000000000000e-01 1.445882901197180992e+01 8.448192143701824228e-06
5.000000000000000000e-01 1.460487778987051577e+01 0.000000000000000000e+00
6.000000000000000888e-01 1.000000000000000000e+00 8.511245810084450136e-02
6.000000000000000888e-01 1.078585410229296215e+00 8.050237246687787229e-02
6.000000000000000888e-01 1.163346487159499398e+00 7.525570355633796893e-02
6.000000000000000888e-01 1.254768548091739433e+00 6.957424810969368989e-02
6.000000000000000888e-01 1.353375049186347212e+00 6.586453245749700203e-02
6.000000000000000888e-01 1.459730582620750505e+00 6.218691477058400918e-02
6.000000000000000888e-01 1.574444109280251691e+00 5.839072050508237882e-02
6.000000000000000888e-01 1.698172445491139326e+00 5.515394624043812311e-02
6.000000000000000888e-01 1.831624023760147990e+00 5.207482110952010856e-02
6.000000000000000888e-01 1.975562949053173423e+00 4.902017411686808435e-02
6.000000000000000888e-01 2.130813373838315705e+00 4.643298266948146791e-02
6.000000000000000888e-01 2.298264216943470384e+00 4.381276955526331590e-02
6.000000000000000888e-01 2.478874253247285164e+00 4.101629783854206929e-02
6.000000000000000888e-01 2.525733571621178619e+00 4.044414599685260819e-02
6.000000000000000888e-01 2.673677603345563814e+00 3.867411720304085587e-02
6.000000000000000888e-01 2.883789654625356746e+00 3.627915700370763080e-02
6.000000000000000888e-01 2.888403007546270995e+00 3.622753301618176353e-02
6.000000000000000888e-01 3.110413447649091001e+00 3.391981829165822276e-02
6.000000000000000888e-01 3.251072443471363371e+00 3.259260108543302059e-02
6.000000000000000888e-01 3.354846564415314703e+00 3.165472851173024155e-02
6.000000000000000888e-01 3.613741879396455303e+00 2.942971977131341940e-02
6.000000000000000888e-01 3.618488557936237360e+00 2.938912614386363781e-02
6.000000000000000888e-01 3.902848965671672055e+00 2.724725796657394630e-02
6.000000000000000888e-01 3.976411315321548123e+00 2.672297359100083564e-02
6.000000000000000888e-01 4.209555952701964365e+00 2.510886692918893812e-02
6.000000000000000888e-01 4.339080751246640055e+00 2.424161390554504386e-02
6.000000000000000888e-01 4.701750187171732875e+00 2.198425556218104940e-02
6.000000000000000888e-01 5.064419623096824807e+00 1.989435563596372858e-02
6.000000000000000888e-01 5.427089059021916739e+00 1.801420714798851117e-02
6.000000000000000888e-01 5.789758494947009559e+00 1.622405064614886386e-02
6.000000000000000888e-01 6.152427930872102380e+00 1.459947234448450565e-02
6.000000000000000888e-01 6.515097366797194312e+00 1.309204037825108420e-02
6.000000000000000888e-01 6.877766802722286243e+00 1.168640212088145613e-02
6.000000000000000888e-01 7.240436238647379064e+00 1.038538094794519591e-02
6.000000000000000888e-01 7.603105674572470996e+00 9.199236342071637901e-03
6.000000000000000888e-01 7.965775110497563816e+00 8.110559239097842044e-03
6.000000000000000888e-01 8.328444546422655748e+00 7.090602046734098031e-03
6.000000000000000888e-01 8.691113982347747680e+00 6.206393632435830421e-03
6.000000000000000888e-01 9.053783418272839612e+00 5.389795054343314747e-03
6.000000000000000888e-01 9.416452854197931543e+00 4.658508683514148499e-03
6.000000000000000888e-01 9.779122290123025252e+00 3.998988552118797057e-03
6.000000000000000888e-01 1.014179172604811718e+01 3.412215072358921499e-03
6.000000000000000888e-01 1.050446116197321089e+01 2.907110688122169564e-03
6.000000000000000888e-01 1.086713059789830282e+01 2.445017758401638649e-03
6.000000000000000888e-01 1.122980003382339476e+01 2.058350387325087825e-03
6.000000000000000888e-01 1.159246946974848669e+01 1.713574652568870512e-03
6.000000000000000888e-01 1.195513890567357862e+01 1.420266292339477385e-03
6.000000000000000888e-01 1.231780834159867055e+01 1.161606230384931108e-03
6.000000000000000888e-01 1.268047777752376248e+01 9.498249076946594987e-04
6.000000000000000888e-01 1.304314721344885442e+01 7.673684439623802483e-04
6.000000000000000888e-01 1.340581664937394990e+01 6.133532649259618857e-04
6.000000000000000888e-01 1.376848608529904183e+01 4.823268700039928824e-04
6.000000000000000888e-01 1.413115552122413376e+01 3.736309099744928512e-04
6.000000000000000888e-01 1.449382495714922570e+01 2.878191625989920811e-04
6.000000000000000888e-01 1.485649439307431763e+01 2.152286842635376296e-04
6.000000000000000888e-01 1.521916382899940956e+01 1.510757257484082283e-04
6.000000000000000888e-01 1.558183326492450149e+01 1.059846871984358854e-04
6.000000000000000888e-01 1.594450270084959342e+01 6.632572400206373131e-05
6.000000000000000888e-01 1.630717213677468536e+01 3.505753741569396400e-05
6.000000000000000888e-01 1.666984157269977729e+01 1.032933331558207700e-05
6.000000000000000888e-01 1.683822381080785746e+01 0.000000000000000000e+00
7.000000000000000666e-01 1.000000000000000000e+00 1.095701096959370430e-01
7.000000000000000666e-01 1.085586648395340692e+00 1.041770024111723092e-01
7.000000000000000666e-01 1.178498371174228954e+00 9.782764170691364558e-02
7.000000000000000666e-01 1.279362096902399326e+00 9.108030062651961689e-02
7.000000000000000666e-01 1.388858410860310588e+00 8.689676406545494836e-02
7.000000000000000666e-01 1.507726147341523548e+00 8.189390997642542747e-02
7.000000000000000666e-01 1.636767374990504287e+00 7.798026743459118837e-02
7.000000000000000666e-01 1.776852808818781160e+00 7.422590601681441913e-02
7.000000000000000666e-01 1.928927685417427540e+00 7.062336334956234585e-02
7.000000000000000666e-01 2.094018141009287071e+00 6.730055552459425494e-02
7.000000000000000666e-01 2.273238135377313895e+00 6.412393064603491566e-02
7.000000000000000666e-01 2.467796968388731749e+00 6.097637869457273735e-02
7.000000000000000666e-01 2.679007439833305693e+00 5.782557766937811150e-02
7.000000000000000666e-01 2.856121136588532838e+00 5.552238848038808239e-02
7.000000000000000666e-01 2.908294707634820675e+00 5.487505108145825788e-02
7.000000000000000666e-01 3.157205904207192049e+00 5.190476105338660134e-02
7.000000000000000666e-01 3.266230838252527136e+00 5.075023418904216904e-02
7.000000000000000666e-01 3.427420575842266004e+00 4.909738322221837009e-02
7.000000000000000666e-01 3.676340539916521877e+00 4.664560274896797920e-02
7.000000000000000666e-01 3.720762015569834436e+00 4.621151861270937633e-02
7.000000000000000666e-01 4.039209565959149373e+00 4.340111393326571282e-02
7.000000000000000666e-01 4.086450241580516618e+00 4.300767311367394846e-02
7.000000000000000666e-01 4.384911974875990381e+00 4.055611742927711649e-02
7.000000000000000666e-01 4.496559943244510471e+00 3.966213856846764751e-02
7.000000000000000666e-01 4.760201894314221249e+00 3.759601766825411417e-02
7.000000000000000666e-01 4.906669644908504324e+00 3.651523363815636219e-02
7.000000000000000666e-01 5.316779346572499065e+00 3.356653372378805983e-02
7.000000000000000666e-01 5.726889048236493807e+00 3.079110714436910159e-02
7.000000000000000666e-01 6.136998749900488548e+00 2.807505395675201007e-02
7.000000000000000666e-01 6.547108451564482401e+00 2.559531703772698411e-02
7.000000000000000666e-01 6.957218153228476254e+00 2.318287432269152196e-02
7.000000000000000666e-01 7.367327854892470995e+00 2.089869691657418593e-02
7.000000000000000666e-01 7.777437556556465736e+00 1.870813479073130808e-02
7.000000000000000666e-01 8.187547258220460478e+00 1.671116499598884753e-02
7.000000000000000666e-01 8.597656959884455219e+00 1.481036436412569782e-02
7.000000000000000666e-01 9.007766661548448184e+00 1.304687293804219703e-02
7.000000000000000666e-01 9.417876363212442925e+00 1.143474162408595306e-02
7.000000000000000666e-01 9.827986064876437666e+00 9.950192810064083584e-03
7.000000000000000666e-01 1.023809576654043241e+01 8.608303809778708807e-03
7.000000000000000666e-01 1.064820546820442715e+01 7.378148218993965494e-03
7.000000000000000666e-01 1.105831516986842011e+01 6.305394753768789329e-03
7.000000000000000666e-01 1.146842487153241485e+01 5.358446493411318096e-03
7.000000000000000666e-01 1.187853457319640960e+01 4.493844951108068482e-03
7.000000000000000666e-01 1.228864427486040434e+01 3.757601524504582298e-03
7.000000000000000666e-01 1.269875397652439908e+01 3.118796565204813576e-03
7.000000000000000666e-01 1.310886367818839204e+01 2.561599699952872046e-03
7.000000000000000666e-01 1.351897337985238678e+01 2.090350071233180312e-03
7.000000000000000666e-01 1.392908308151638153e+01 1.695297541263158115e-03
7.000000000000000666e-01 1.433919278318037627e+01 1.364254182921845280e-03
7.000000000000000666e-01 1.474930248484437101e+01 1.076483861366607205e-03
7.000000000000000666e-01 1.515941218650836397e+01 8.487371480081784287e-04
7.000000000000000666e-01 1.556952188817235871e+01 6.527484829055793265e-04
7.000000000000000666e-01 1.597963158983635346e+01 5.044989751709780734e-04
7.000000000000000666e-01 1.638974129150034997e+01 3.781229744095110281e-04
7.000000000000000666e-01 1.679985099316434471e+01 2.723152661365870766e-04
7.000000000000000666e-01 1.720996069482833590e+01 1.976429561475137196e-04
7.000000000000000666e-01 1.762007039649233064e+01 1.328167504183114310e-04
7.000000000000000666e-01 1.803018009815632539e+01 8.242481793411229527e-05
7.000000000000000666e-01 1.844028979982032013e+01 4.272510043731647189e-05
7.000000000000000666e-01 1.885039950148431487e+01 1.192212938643351680e-05
7.000000000000000666e-01 1.904080757725688500e+01 0.000000000000000000e+00
8.000000000000000444e-01 1.000000000000000000e+00 1.154820998108190000e-01
8.000000000000000444e-01 1.090956654265700543e+00 1.097469373014233057e-01
8.000000000000000444e-01 1.190186421486611135e+00 1.029729397447994299e-01
8.000000000000000444e-01 1.298441796337500120e+00 9.875708563913235261e-02
8.000000000000000444e-01 1.416543717891105336e+00 9.480739296185726472e-02
8.000000000000000444e-01 1.545387795091576422e+00 9.059098670770548978e-02
8.000000000000000444e-01 1.685951098476154320e+00 8.706634502298218892e-02
8.000000000000000444e-01 1.839299569649127886e+00 8.373946622913748528e-02
8.000000000000000444e-01 2.006596104696755312e+00 8.061109483137668397e-02
8.000000000000000444e-01 2.189109372842559242e+00 7.783506360560321635e-02
8.000000000000000444e-01 2.388223437218004452e+00 7.501109326373771313e-02
8.000000000000000444e-01 2.605448250706285496e+00 7.203468784316351126e-02
8.000000000000000444e-01 2.842431106452951273e+00 6.942918353766543149e-02
8.000000000000000444e-01 3.100969129876665065e+00 6.674252796639819352e-02
8.000000000000000444e-01 3.136849386513724358e+00 6.640083275683916764e-02
8.000000000000000444e-01 3.383022906911466787e+00 6.416763175758800897e-02
8.000000000000000444e-01 3.587268785602874654e+00 6.240207455909428658e-02
8.000000000000000444e-01 3.690731351828357543e+00 6.149557817240887403e-02
8.000000000000000444e-01 4.026427927384191641e+00 5.887428922305901896e-02
8.000000000000000444e-01 4.037688184692024507e+00 5.878957393028997475e-02
8.000000000000000444e-01 4.392658340301037079e+00 5.608457519735782215e-02
8.000000000000000444e-01 4.488107583781174803e+00 5.535966233903714950e-02
8.000000000000000444e-01 4.792199846267143570e+00 5.311012445278889826e-02
8.000000000000000444e-01 4.938526982870325099e+00 5.207061093858852963e-02
8.000000000000000444e-01 5.228082310856208004e+00 4.999610467501354460e-02
8.000000000000000444e-01 5.388946381959474508e+00 4.884772958700215467e-02
8.000000000000000444e-01 5.839365781048625692e+00 4.564911748840578404e-02
8.000000000000000444e-01 6.289785180137775100e+00 4.244765534946161323e-02
8.000000000000000444e-01 6.740204579226925397e+00 3.930970869833470133e-02
8.000000000000000444e-01 7.190623978316075693e+00 3.617206831641579107e-02
8.000000000000000444e-01 7.641043377405225101e+00 3.309041061153407404e-02
8.000000000000000444e-01 8.091462776494376286e+00 3.006242932810821583e-02
8.000000000000000444e-01 8.541882175583525694e+00 2.713986339354351393e-02
8.000000000000000444e-01 8.992301574672676878e+00 2.428706649544650278e-02
8.000000000000000444e-01 9.442720973761826286e+00 2.163865085168554386e-02
8.000000000000000444e-01 9.893140372850975695e+00 1.910193530405748796e-02
8.000000000000000444e-01 1.034355977194012688e+01 1.675569368003010026e-02
8.000000000000000444e-01 1.079397917102927629e+01 1.455311692672381710e-02
8.000000000000000444e-01 1.124439857011842570e+01 1.256033481343572962e-02
8.000000000000000444e-01 1.169481796920757688e+01 1.075870020497467910e-02
8.000000000000000444e-01 1.214523736829672629e+01 9.129097606472067958e-03
8.000000000000000444e-01 1.259565676738587747e+01 7.690151876283225774e-03
8.000000000000000444e-01 1.304607616647502688e+01 6.425904952253332254e-03
8.000000000000000444e-01 1.349649556556417629e+01 5.319738165357312983e-03
8.000000000000000444e-01 1.394691496465332747e+01 4.362607867440996753e-03
8.000000000000000444e-01 1.439733436374247688e+01 3.559839556933982411e-03
8.000000000000000444e-01 1.484775376283162807e+01 2.872506691899563615e-03
8.000000000000000444e-01 1.529817316192077747e+01 2.294878072142888647e-03
8.000000000000000444e-01 1.574859256100992688e+01 1.811281127283420221e-03
8.000000000000000444e-01 1.619901196009907807e+01 1.427608606629491564e-03
8.000000000000000444e-01 1.664943135918822747e+01 1.097936784599353463e-03
8.000000000000000444e-01 1.709985075827738044e+01 8.411032386596622914e-04
8.000000000000000444e-01 1.755027015736652984e+01 6.347876459957877250e-04
8.000000000000000444e-01 1.800068955645567925e+01 4.643366745567294109e-04
8.000000000000000444e-01 1.845110895554482866e+01 3.362608536648002623e-04
8.000000000000000444e-01 1.890152835463397807e+01 2.365886836997432830e-04
8.000000000000000444e-01 1.935194775372312748e+01 1.576120918922531465e-04
8.000000000000000444e-01 1.980236715281228044e+01 9.403210355846790952e-05
8.000000000000000444e-01 2.025278655190142985e+01 4.905608143030097120e-05
8.000000000000000444e-01 2.070320595099057925e+01 1.382012737297488221e-05
8.000000000000000444e-01 2.091232924342482846e+01 0.000000000000000000e+00
9.000000000000000222e-01 1.000000000000000000e+00 1.080048734381177655e-01
9.000000000000000222e-01 1.094305119636920454e+00 1.023635617754022481e-01
9.000000000000000222e-01 1.197503694863574664e+00 9.903341105966052826e-02
9.000000000000000222e-01 1.310434424073338322e+00 9.563090172055968563e-02
9.000000000000000222e-01 1.434015099211913613e+00 9.225400062360765430e-02
9.000000000000000222e-01 1.569250064704243330e+00 8.916970436450744053e-02
9.000000000000000222e-01 1.717238379796422132e+00 8.653322521190942584e-02
9.000000000000000222e-01 1.879182750648235256e+00 8.411755492555114677e-02
9.000000000000000222e-01 2.056399304767754010e+00 8.193994930698390855e-02
9.000000000000000222e-01 2.250328287225157098e+00 7.984386459257099278e-02
9.000000000000000222e-01 2.462545765574271961e+00 7.757780071669616306e-02
9.000000000000000222e-01 2.694776438608145419e+00 7.574219962714209831e-02
9.000000000000000222e-01 2.948907653045841126e+00 7.368557367612463271e-02
9.000000000000000222e-01 3.227004742064559561e+00 7.190088079167886170e-02
9.000000000000000222e-01 3.324921836914988660e+00 7.129738986084982466e-02
9.000000000000000222e-01 3.531327810333867223e+00 7.000360510966824323e-02
9.000000000000000222e-01 3.802346510933551027e+00 6.846563134034605591e-02
9.000000000000000222e-01 3.864350101964586948e+00 6.814091374471079043e-02
9.000000000000000222e-01 4.228778100649302374e+00 6.612190062520711953e-02
9.000000000000000222e-01 4.279771184952113394e+00 6.582932231181545801e-02
9.000000000000000222e-01 4.627573525349023775e+00 6.389619982964839240e-02
9.000000000000000222e-01 4.757195858970676206e+00 6.320579131982671794e-02
9.000000000000000222e-01 5.063977400285708974e+00 6.136525923826135348e-02
9.000000000000000222e-01 5.234620532989238129e+00 6.041045261471174321e-02
9.000000000000000222e-01 5.541536394858314729e+00 5.861847478152699964e-02
9.000000000000000222e-01 5.712045207007800940e+00 5.755826930883663206e-02
9.000000000000000222e-01 6.189469881026363751e+00 5.455505448479181646e-02
9.000000000000000222e-01 6.666894555044926562e+00 5.139451854200966646e-02
9.000000000000000222e-01 7.144319229063488486e+00 4.812569876608772945e-02
9.000000000000000222e-01 7.621743903082051297e+00 4.464611181520639072e-02
9.000000000000000222e-01 8.099168577100613220e+00 4.125895588719730167e-02
9.000000000000000222e-01 8.576593251119176031e+00 3.775064752100014409e-02
9.000000000000000222e-01 9.054017925137738843e+00 3.430522661111082977e-02
9.000000000000000222e-01 9.531442599156299877e+00 3.088100040646894057e-02
9.000000000000000222e-01 1.000886727317486447e+01 2.759051872060856378e-02
9.000000000000000222e-01 1.048629194719342550e+01 2.441590044569898199e-02
9.000000000000000222e-01 1.096371662121198831e+01 2.142725574046255160e-02
9.000000000000000222e-01 1.144114129523055112e+01 1.865462262129886917e-02
9.000000000000000222e-01 1.191856596924911393e+01 1.607749385683282517e-02
9.000000000000000222e-01 1.239599064326767497e+01 1.373647343598386091e-02
9.000000000000000222e-01 1.287341531728623778e+01 1.163634282902487396e-02
9.000000000000000222e-01 1.335083999130480059e+01 9.765975132816318363e-03
9.000000000000000222e-01 1.382826466532336340e+01 8.109395622021777980e-03
9.000000000000000222e-01 1.430568933934192621e+01 6.686092694063124932e-03
9.000000000000000222e-01 1.478311401336048903e+01 5.459110872720882197e-03
9.000000000000000222e-01 1.526053868737905006e+01 4.413399045975663522e-03
9.000000000000000222e-01 1.573796336139761287e+01 3.521535734466770939e-03
9.000000000000000222e-01 1.621538803541617568e+01 2.806185167370827370e-03
9.000000000000000222e-01 1.669281270943474027e+01 2.187703119368728921e-03
9.000000000000000222e-01 1.717023738345330131e+01 1.706770733648229439e-03
9.000000000000000222e-01 1.764766205747186234e+01 1.308186929582188596e-03
9.000000000000000222e-01 1.812508673149042693e+01 9.822730004664182238e-04
9.000000000000000222e-01 1.860251140550898796e+01 7.349381832263386996e-04
9.000000000000000222e-01 1.907993607952754900e+01 5.400338652044859482e-04
9.000000000000000222e-01 1.955736075354611359e+01 3.732254928034090067e-04
9.000000000000000222e-01 2.003478542756467462e+01 2.696568564953895396e-04
9.000000000000000222e-01 2.051221010158323921e+01 1.721190691816276675e-04
9.000000000000000222e-01 2.098963477560180024e+01 1.081466886139909067e-04
9.000000000000000222e-01 2.146705944962036128e+01 5.303349324357336408e-05
9.000000000000000222e-01 2.194448412363892587e+01 1.465834726710799792e-05
9.000000000000000222e-01 2.216614557943325892e+01 0.000000000000000000e+00
1.000000000000000000e+00 1.000000000000000000e+00 1.012766327148502954e-01
1.000000000000000000e+00 1.095442207497630660e+00 9.892069897317355698e-02
1.000000000000000000e+00 1.199993629967282205e+00 9.595468818407260070e-02
1.000000000000000000e+00 1.314523670994454552e+00 9.232607847846292792e-02
1.000000000000000000e+00 1.439984711962054353e+00 8.983357383253089135e-02
1.000000000000000000e+00 1.577420031634552799e+00 8.744073439034578954e-02
1.000000000000000000e+00 1.727972481604736821e+00 8.436329597430400340e-02
1.000000000000000000e+00 1.892893989744251826e+00 8.295669232402604065e-02
1.000000000000000000e+00 2.073555970684440641e+00 8.125742703028174252e-02
1.000000000000000000e+00 2.271460729896455977e+00 7.893420909490014847e-02
1.000000000000000000e+00 2.488253956201953443e+00 7.759600959893966921e-02
1.000000000000000000e+00 2.725738406596580621e+00 7.576078354477315535e-02
1.000000000000000000e+00 2.985888897183232693e+00 7.448549295477970011e-02
1.000000000000000000e+00 3.270868724873066125e+00 7.238073754544027683e-02
1.000000000000000000e+00 3.391182688513339372e+00 7.205775040174168533e-02
1.000000000000000000e+00 3.583047656409911852e+00 7.140682438192252901e-02
1.000000000000000000e+00 3.878121741222947172e+00 7.023342189586044559e-02
1.000000000000000000e+00 3.925021634306886664e+00 7.003002755154891235e-02
1.000000000000000000e+00 4.299634363561093409e+00 6.814949933824826500e-02
1.000000000000000000e+00 4.365060793932554972e+00 6.789919083596139548e-02
1.000000000000000000e+00 4.710000958652034164e+00 6.622148663495558418e-02
1.000000000000000000e+00 4.851999846642161884e+00 6.563532760452181480e-02
1.000000000000000000e+00 5.159533847461741374e+00 6.423778631175759701e-02
1.000000000000000000e+00 5.338938899351770573e+00 6.335102779569545817e-02
1.000000000000000000e+00 5.651971147522233174e+00 6.142165634580745021e-02
1.000000000000000000e+00 5.825877952061377485e+00 6.055902071811359449e-02
1.000000000000000000e+00 6.312817004770985285e+00 5.766869222246705229e-02
1.000000000000000000e+00 6.799756057480593086e+00 5.474975831859717201e-02
1.000000000000000000e+00 7.286695110190200886e+00 5.136227493298699265e-02
1.000000000000000000e+00 7.773634162899808686e+00 4.803771415009774892e-02
1.000000000000000000e+00 8.260573215609415598e+00 4.428591679758044769e-02
1.000000000000000000e+00 8.747512268319024287e+00 4.079619428278082049e-02
1.000000000000000000e+00 9.234451321028631199e+00 3.710445039989345578e-02
1.000000000000000000e+00 9.721390373738238111e+00 3.356983695934881440e-02
1.000000000000000000e+00 1.020832942644784680e+01 2.987556547196432502e-02
1.000000000000000000e+00 1.069526847915745549e+01 2.657548606153584472e-02
1.000000000000000000e+00 1.118220753186706240e+01 2.324241673150471629e-02
1.000000000000000000e+00 1.166914658457666931e+01 2.030633876551013114e-02
1.000000000000000000e+00 1.215608563728627800e+01 1.747984122124218026e-02
1.000000000000000000e+00 1.264302468999588491e+01 1.498812110651253672e-02
1.000000000000000000e+00 1.312996374270549360e+01 1.257347416835845159e-02
1.000000000000000000e+00 1.361690279541510051e+01 1.060059562154197672e-02
1.000000000000000000e+00 1.410384184812470920e+01 8.778354051835074792e-03
1.000000000000000000e+00 1.459078090083431611e+01 7.265198969091326772e-03
1.000000000000000000e+00 1.507771995354392303e+01 5.840351015035570581e-03
1.000000000000000000e+00 1.556465900625353171e+01 4.758017424277530445e-03
1.000000000000000000e+00 1.605159805896313685e+01 3.751567811597079829e-03
1.000000000000000000e+00 1.653853711167274554e+01 3.006915224948833194e-03
1.000000000000000000e+00 1.702547616438235423e+01 2.341088052358728314e-03
1.000000000000000000e+00 1.751241521709196292e+01 1.844810850235011849e-03
1.000000000000000000e+00 1.799935426980157160e+01 1.369262824870480077e-03
1.000000000000000000e+00 1.848629332251118029e+01 1.025061541894314648e-03
1.000000000000000000e+00 1.897323237522078543e+01 7.920182898489302493e-04
1.000000000000000000e+00 1.946017142793039412e+01 5.470730026605452037e-04
1.000000000000000000e+00 1.994711048063999925e+01 3.970147450474437742e-04
1.000000000000000000e+00 2.043404953334960794e+01 2.768303309528205862e-04
1.000000000000000000e+00 2.092098858605921663e+01 1.931310228575636927e-04
1.000000000000000000e+00 2.140792763876882532e+01 1.096932089219551838e-04
1.000000000000000000e+00 2.189486669147843045e+01 6.783471440201068099e-05
1.000000000000000000e+00 2.238180574418803914e+01 1.922426037547179126e-05
1.000000000000000000e+00 2.260788459008892914e+01 0.000000000000000000e+00
