# mx [GeV]: 1.0
# sigma_p [cm^2]: 8.91250938134e-28
# depth [m]: 0.3
# loc: MPI
# Columns: gamma/pi, v [km/s], f(v, gamma) [s/km]
0.000000000000000000e+00 1.000000000000000000e+00 6.288730129123294710e-03
0.000000000000000000e+00 1.134707411263513599e+00 5.582481852273694575e-03
0.000000000000000000e+00 1.287560909176344692e+00 5.253944806707288619e-03
0.000000000000000000e+00 1.461004906095586087e+00 4.708951570546576412e-03
0.000000000000000000e+00 1.657813094839015289e+00 4.412674549814161323e-03
0.000000000000000000e+00 1.881132805203532765e+00 4.065501955215621022e-03
0.000000000000000000e+00 2.134535335635372011e+00 3.543760924014359350e-03
0.000000000000000000e+00 2.422073064949308296e+00 3.347462206037097373e-03
0.000000000000000000e+00 2.748344257419713887e+00 3.093286129197940753e-03
0.000000000000000000e+00 3.118566597597667300e+00 2.630077393059477089e-03
0.000000000000000000e+00 3.538660630812912711e+00 2.505041624315038420e-03
0.000000000000000000e+00 4.015344443729832236e+00 2.381837922912756565e-03
0.000000000000000000e+00 4.556241099076011380e+00 2.071211842756659916e-03
0.000000000000000000e+00 5.170000542624966222e+00 1.946134851538526295e-03
0.000000000000000000e+00 5.866437931952936502e+00 1.755378707201677791e-03
0.000000000000000000e+00 6.621329306092222922e+00 1.626639314892014843e-03
0.000000000000000000e+00 6.656690599104397421e+00 1.501670569968390715e-03
0.000000000000000000e+00 7.553396157291918378e+00 1.444181384677142030e-03
0.000000000000000000e+00 7.572084283377260583e+00 1.441844701829444022e-03
0.000000000000000000e+00 8.522839260662298244e+00 1.254008755193245211e-03
0.000000000000000000e+00 8.570894599888484677e+00 1.250393930718790700e-03
0.000000000000000000e+00 9.473594237947335017e+00 1.175278580598172707e-03
0.000000000000000000e+00 9.725457623651889705e+00 1.153049312442563533e-03
0.000000000000000000e+00 1.042434921523237179e+01 1.081396837870013047e-03
0.000000000000000000e+00 1.103554884348703879e+01 1.002299276330683277e-03
0.000000000000000000e+00 1.137510419251740856e+01 9.777354077682405900e-04
0.000000000000000000e+00 1.232585916980244711e+01 8.910620293807187519e-04
0.000000000000000000e+00 1.327661414708748389e+01 8.270322628778926368e-04
0.000000000000000000e+00 1.422736912437252244e+01 7.345064769055688596e-04
0.000000000000000000e+00 1.517812410165755921e+01 6.831180958846871541e-04
0.000000000000000000e+00 1.612887907894259598e+01 6.115364484883623140e-04
0.000000000000000000e+00 1.707963405622763275e+01 5.532905324808191048e-04
0.000000000000000000e+00 1.803038903351266953e+01 5.128362032879322987e-04
0.000000000000000000e+00 1.898114401079770630e+01 4.497633392187726426e-04
0.000000000000000000e+00 1.993189898808274307e+01 4.166068786018454410e-04
0.000000000000000000e+00 2.088265396536778340e+01 3.835477665607894327e-04
0.000000000000000000e+00 2.183340894265282017e+01 3.393249314137424715e-04
0.000000000000000000e+00 2.278416391993786050e+01 3.040394593972420702e-04
0.000000000000000000e+00 2.373491889722289727e+01 2.789343998313690187e-04
0.000000000000000000e+00 2.468567387450793404e+01 2.411107681112963563e-04
0.000000000000000000e+00 2.563642885179297082e+01 2.141190741640746492e-04
0.000000000000000000e+00 2.658718382907800759e+01 1.958914876393369627e-04
0.000000000000000000e+00 2.753793880636304436e+01 1.697640095031765757e-04
0.000000000000000000e+00 2.848869378364808114e+01 1.546877987091508245e-04
0.000000000000000000e+00 2.943944876093311791e+01 1.307676659521956816e-04
0.000000000000000000e+00 3.039020373821815468e+01 1.142014379299092141e-04
0.000000000000000000e+00 3.134095871550319146e+01 1.037430956665708152e-04
0.000000000000000000e+00 3.229171369278822823e+01 8.609675718996883038e-05
0.000000000000000000e+00 3.324246867007326500e+01 7.228145821496572104e-05
0.000000000000000000e+00 3.419322364735830888e+01 6.209658165812449390e-05
0.000000000000000000e+00 3.514397862464334565e+01 5.617158600941356272e-05
0.000000000000000000e+00 3.609473360192838243e+01 4.505490661126235397e-05
0.000000000000000000e+00 3.704548857921341920e+01 3.800214583224553044e-05
0.000000000000000000e+00 3.799624355649845597e+01 2.981533386815312688e-05
0.000000000000000000e+00 3.894699853378349275e+01 2.360902956177452736e-05
0.000000000000000000e+00 3.989775351106852952e+01 1.937040205790032849e-05
0.000000000000000000e+00 4.084850848835356629e+01 1.261062627869322346e-05
0.000000000000000000e+00 4.179926346563860307e+01 8.686544537898538328e-06
0.000000000000000000e+00 4.275001844292363984e+01 5.159254777926878140e-06
0.000000000000000000e+00 4.370077342020867661e+01 1.201293146965718313e-06
0.000000000000000000e+00 4.414219537394815518e+01 0.000000000000000000e+00
1.000000000000000056e-01 1.000000000000000000e+00 6.954626604889336747e-03
1.000000000000000056e-01 1.136241766508041318e+00 6.318401922826815363e-03
1.000000000000000056e-01 1.291045351957314402e+00 5.802358622801075116e-03
1.000000000000000056e-01 1.466939651349974838e+00 5.361186000532852831e-03
1.000000000000000056e-01 1.666798100810585659e+00 4.919026346529330358e-03
1.000000000000000056e-01 1.893885618477268107e+00 4.437309150629904775e-03
1.000000000000000056e-01 2.151911940702785575e+00 4.048857246542070069e-03
1.000000000000000056e-01 2.445092224873880671e+00 3.710341393766378257e-03
1.000000000000000056e-01 2.778215908865774963e+00 3.399120116365922806e-03
1.000000000000000056e-01 3.156724952030391940e+00 3.070810946310227000e-03
1.000000000000000056e-01 3.586802735875024517e+00 2.767609398945190119e-03
1.000000000000000056e-01 4.075475076726513102e+00 2.544494488960111992e-03
1.000000000000000056e-01 4.630725000539229086e+00 2.324429811376899947e-03
1.000000000000000056e-01 5.261623154825644910e+00 2.121110258002796480e-03
1.000000000000000056e-01 5.978475988138703734e+00 1.941863741073261837e-03
1.000000000000000056e-01 6.792994117788627939e+00 1.752516752242810113e-03
1.000000000000000056e-01 6.793529816608536720e+00 1.752700838077310289e-03
1.000000000000000056e-01 7.718483636274885207e+00 1.558781838462323628e-03
1.000000000000000056e-01 7.769011021044634369e+00 1.553905659299030908e-03
1.000000000000000056e-01 8.744492225480732017e+00 1.417378852300477761e-03
1.000000000000000056e-01 8.770063481644386982e+00 1.413806945549337703e-03
1.000000000000000056e-01 9.719973429916828778e+00 1.269104058951714019e-03
1.000000000000000056e-01 9.964912422771279310e+00 1.243836981864867306e-03
1.000000000000000056e-01 1.069545463435292731e+01 1.167448624295650082e-03
1.000000000000000056e-01 1.132254969434756475e+01 1.100030418212839681e-03
1.000000000000000056e-01 1.167093583878902407e+01 1.063665161180446473e-03
1.000000000000000056e-01 1.264641704322512084e+01 9.685565926765459443e-04
1.000000000000000056e-01 1.362189824766121937e+01 8.842822723392411259e-04
1.000000000000000056e-01 1.459737945209731791e+01 8.069256803842216226e-04
1.000000000000000056e-01 1.557286065653341467e+01 7.312017286146120119e-04
1.000000000000000056e-01 1.654834186096951143e+01 6.700465391850327643e-04
1.000000000000000056e-01 1.752382306540560819e+01 6.039478410811724516e-04
1.000000000000000056e-01 1.849930426984170850e+01 5.516116961508097695e-04
1.000000000000000056e-01 1.947478547427780526e+01 4.990964113751320723e-04
1.000000000000000056e-01 2.045026667871390202e+01 4.524628346295655936e-04
1.000000000000000056e-01 2.142574788315000234e+01 4.049207140523604993e-04
1.000000000000000056e-01 2.240122908758609555e+01 3.669675093615398158e-04
1.000000000000000056e-01 2.337671029202219586e+01 3.280270006203032831e-04
1.000000000000000056e-01 2.435219149645829262e+01 2.944347937606821221e-04
1.000000000000000056e-01 2.532767270089438938e+01 2.627379946108820193e-04
1.000000000000000056e-01 2.630315390533048614e+01 2.343631793377068135e-04
1.000000000000000056e-01 2.727863510976658645e+01 2.065863820518226636e-04
1.000000000000000056e-01 2.825411631420268321e+01 1.836814129963859697e-04
1.000000000000000056e-01 2.922959751863877997e+01 1.619286998739205216e-04
1.000000000000000056e-01 3.020507872307487673e+01 1.410507220788867141e-04
1.000000000000000056e-01 3.118055992751097349e+01 1.241289218875754347e-04
1.000000000000000056e-01 3.215604113194707736e+01 1.066952414962041588e-04
1.000000000000000056e-01 3.313152233638317057e+01 9.274634324874288791e-05
1.000000000000000056e-01 3.410700354081926378e+01 7.958559575840834955e-05
1.000000000000000056e-01 3.508248474525536409e+01 6.721737655362514455e-05
1.000000000000000056e-01 3.605796594969146440e+01 5.668956546889835534e-05
1.000000000000000056e-01 3.703344715412755761e+01 4.780333598078342656e-05
1.000000000000000056e-01 3.800892835856365792e+01 3.922787378026765931e-05
1.000000000000000056e-01 3.898440956299975824e+01 3.179244632409805149e-05
1.000000000000000056e-01 3.995989076743585144e+01 2.500163617253504781e-05
1.000000000000000056e-01 4.093537197187194465e+01 1.896107175262896479e-05
1.000000000000000056e-01 4.191085317630805207e+01 1.373091471986086482e-05
1.000000000000000056e-01 4.288633438074414528e+01 9.006965583729522899e-06
1.000000000000000056e-01 4.386181558518023849e+01 4.918652574373038533e-06
1.000000000000000056e-01 4.483729678961633880e+01 1.544880203326706003e-06
1.000000000000000056e-01 4.529019877739024480e+01 0.000000000000000000e+00
2.000000000000000111e-01 1.000000000000000000e+00 9.906733563070207679e-03
2.000000000000000111e-01 1.140687597558221356e+00 8.857788011073279566e-03
2.000000000000000111e-01 1.301168195223146418e+00 8.025368322261245205e-03
2.000000000000000111e-01 1.484226422628257547e+00 7.393219961574369961e-03
2.000000000000000111e-01 1.693038672260260391e+00 6.788835649027255559e-03
2.000000000000000111e-01 1.931228215633717049e+00 6.130558846405675943e-03
2.000000000000000111e-01 2.202928073627875349e+00 5.595070270158378906e-03
2.000000000000000111e-01 2.512852731900141467e+00 5.045930883692310853e-03
2.000000000000000111e-01 2.866379945768785298e+00 4.590877433832337394e-03
2.000000000000000111e-01 3.269644054028060243e+00 4.191969069516159573e-03
2.000000000000000111e-01 3.729642420859791141e+00 3.755826051430146903e-03
2.000000000000000111e-01 4.254356852801783440e+00 3.388189828312746302e-03
2.000000000000000111e-01 4.852892097577821140e+00 3.107647478239943580e-03
2.000000000000000111e-01 5.535633827995320999e+00 2.786550559942651759e-03
2.000000000000000111e-01 6.314428852218004096e+00 2.557898151630432024e-03
2.000000000000000111e-01 7.202790677388871465e+00 2.294083802792762534e-03
2.000000000000000111e-01 7.316761899009019743e+00 2.266937283178637776e-03
2.000000000000000111e-01 8.216133993505463806e+00 2.064911176907562387e-03
2.000000000000000111e-01 8.367373863994931327e+00 2.031265185693000453e-03
2.000000000000000111e-01 9.372042146268181995e+00 1.835982227796995568e-03
2.000000000000000111e-01 9.417985828980841134e+00 1.828854594649394595e-03
2.000000000000000111e-01 1.046859779396675094e+01 1.655069853840602720e-03
2.000000000000000111e-01 1.069057224004104967e+01 1.619040728549092558e-03
2.000000000000000111e-01 1.151920975895266253e+01 1.498969685653132747e-03
2.000000000000000111e-01 1.219460316501503705e+01 1.413769234973917327e-03
2.000000000000000111e-01 1.256982172393857411e+01 1.368493994616193582e-03
2.000000000000000111e-01 1.362043368892448392e+01 1.240953099245432336e-03
2.000000000000000111e-01 1.467104565391039372e+01 1.133395629060823112e-03
2.000000000000000111e-01 1.572165761889630531e+01 1.030953792120693291e-03
2.000000000000000111e-01 1.677226958388221689e+01 9.382041964431635933e-04
2.000000000000000111e-01 1.782288154886812492e+01 8.464821730332305026e-04
2.000000000000000111e-01 1.887349351385403651e+01 7.719406884376398340e-04
2.000000000000000111e-01 1.992410547883994809e+01 6.938577424079140970e-04
2.000000000000000111e-01 2.097471744382585968e+01 6.314151698348231508e-04
2.000000000000000111e-01 2.202532940881177126e+01 5.674220046219163914e-04
2.000000000000000111e-01 2.307594137379767929e+01 5.128140829797281234e-04
2.000000000000000111e-01 2.412655333878359087e+01 4.581905366782016917e-04
2.000000000000000111e-01 2.517716530376950246e+01 4.101870825273067197e-04
2.000000000000000111e-01 2.622777726875541404e+01 3.677405937585470760e-04
2.000000000000000111e-01 2.727838923374132207e+01 3.252084224259216153e-04
2.000000000000000111e-01 2.832900119872723366e+01 2.892118613163619759e-04
2.000000000000000111e-01 2.937961316371314524e+01 2.564116705206710592e-04
2.000000000000000111e-01 3.043022512869905327e+01 2.242404358558260482e-04
2.000000000000000111e-01 3.148083709368496486e+01 1.970959435080313566e-04
2.000000000000000111e-01 3.253144905867087289e+01 1.719935267643187200e-04
2.000000000000000111e-01 3.358206102365679158e+01 1.503771206966061794e-04
2.000000000000000111e-01 3.463267298864269605e+01 1.294883407953064758e-04
2.000000000000000111e-01 3.568328495362860764e+01 1.115010270690491661e-04
2.000000000000000111e-01 3.673389691861451922e+01 9.475846990384355481e-05
2.000000000000000111e-01 3.778450888360043081e+01 8.024137119065078685e-05
2.000000000000000111e-01 3.883512084858634239e+01 6.760903860333044842e-05
2.000000000000000111e-01 3.988573281357224687e+01 5.596939557223902620e-05
2.000000000000000111e-01 4.093634477855816556e+01 4.551108141322121511e-05
2.000000000000000111e-01 4.198695674354407004e+01 3.673670771453380860e-05
2.000000000000000111e-01 4.303756870852998873e+01 2.851611718944308888e-05
2.000000000000000111e-01 4.408818067351589320e+01 2.187424227014588782e-05
2.000000000000000111e-01 4.513879263850181189e+01 1.561888665181933967e-05
2.000000000000000111e-01 4.618940460348771637e+01 1.042026129073530334e-05
2.000000000000000111e-01 4.724001656847362085e+01 5.651487432970777850e-06
2.000000000000000111e-01 4.829062853345953243e+01 1.722994535992388074e-06
2.000000000000000111e-01 4.877841266006013399e+01 0.000000000000000000e+00
3.000000000000000444e-01 1.000000000000000000e+00 1.618079294916957220e-02
3.000000000000000444e-01 1.147498758426828358e+00 1.428176602128873596e-02
3.000000000000000444e-01 1.316753400591112566e+00 1.279927903683495370e-02
3.000000000000000444e-01 1.510972892332606010e+00 1.156145187742055672e-02
3.000000000000000444e-01 1.733839517968259081e+00 1.064075084891552211e-02
3.000000000000000444e-01 1.989578694179947815e+00 9.671853113968889235e-03
3.000000000000000444e-01 2.283039081363960499e+00 8.774909892937454020e-03
3.000000000000000444e-01 2.619784511305071728e+00 7.901660465868407673e-03
3.000000000000000444e-01 3.006199474068405042e+00 7.096842834472903011e-03
3.000000000000000444e-01 3.449610164076879038e+00 6.477536463628419394e-03
3.000000000000000444e-01 3.958423380334786579e+00 5.813280446316726295e-03
3.000000000000000444e-01 4.542285914261896984e+00 5.172926320792993297e-03
3.000000000000000444e-01 5.212267447035197065e+00 4.732592497728519733e-03
3.000000000000000444e-01 5.981070424061463164e+00 4.281987392529404066e-03
3.000000000000000444e-01 6.863270885673953714e+00 3.862237750317147958e-03
3.000000000000000444e-01 7.875594820057860268e+00 3.473915622056266903e-03
3.000000000000000444e-01 8.193010515913465852e+00 3.350289833912293170e-03
3.000000000000000444e-01 9.037235277889156038e+00 3.094754675264663971e-03
3.000000000000000444e-01 9.369442795121553758e+00 2.999788691884060655e-03
3.000000000000000444e-01 1.037021626098893989e+01 2.732519893796693002e-03
3.000000000000000444e-01 1.054587507432964166e+01 2.694968101791920222e-03
3.000000000000000444e-01 1.172230735353772957e+01 2.439130035826861734e-03
3.000000000000000444e-01 1.189981028410251263e+01 2.401944695032481696e-03
3.000000000000000444e-01 1.289873963274581570e+01 2.199365407032188770e-03
3.000000000000000444e-01 1.365501752652244072e+01 2.076716011202676525e-03
3.000000000000000444e-01 1.407517191195390538e+01 2.009784036523226420e-03
3.000000000000000444e-01 1.525160419116199151e+01 1.825368140933249835e-03
3.000000000000000444e-01 1.642803647037008119e+01 1.658319602175360253e-03
3.000000000000000444e-01 1.760446874957816732e+01 1.504170260380481919e-03
3.000000000000000444e-01 1.878090102878625345e+01 1.368616894497802884e-03
3.000000000000000444e-01 1.995733330799434313e+01 1.235965673711567547e-03
3.000000000000000444e-01 2.113376558720243281e+01 1.118986540727158344e-03
3.000000000000000444e-01 2.231019786641051894e+01 1.012081498352176328e-03
3.000000000000000444e-01 2.348663014561860507e+01 9.075405475159602784e-04
3.000000000000000444e-01 2.466306242482669120e+01 8.184211880714446514e-04
3.000000000000000444e-01 2.583949470403478443e+01 7.321141790995810495e-04
3.000000000000000444e-01 2.701592698324287056e+01 6.548004140752316550e-04
3.000000000000000444e-01 2.819235926245095669e+01 5.795242239378765869e-04
3.000000000000000444e-01 2.936879154165904282e+01 5.172800140819572333e-04
3.000000000000000444e-01 3.054522382086712895e+01 4.576197070504760939e-04
3.000000000000000444e-01 3.172165610007522218e+01 4.031337178894994918e-04
3.000000000000000444e-01 3.289808837928330831e+01 3.536022345293565543e-04
3.000000000000000444e-01 3.407452065849139444e+01 3.106158596567860572e-04
3.000000000000000444e-01 3.525095293769948057e+01 2.680293236002662441e-04
3.000000000000000444e-01 3.642738521690756670e+01 2.341859548360422996e-04
3.000000000000000444e-01 3.760381749611565994e+01 2.020682808826563170e-04
3.000000000000000444e-01 3.878024977532374606e+01 1.736971371550817534e-04
3.000000000000000444e-01 3.995668205453183219e+01 1.479574779206449737e-04
3.000000000000000444e-01 4.113311433373991832e+01 1.253556080143707660e-04
3.000000000000000444e-01 4.230954661294800445e+01 1.050424353241798494e-04
3.000000000000000444e-01 4.348597889215609769e+01 8.744299721945914320e-05
3.000000000000000444e-01 4.466241117136418382e+01 7.215362172963032906e-05
3.000000000000000444e-01 4.583884345057226994e+01 5.849050444142426402e-05
3.000000000000000444e-01 4.701527572978035607e+01 4.629635427279059302e-05
3.000000000000000444e-01 4.819170800898844220e+01 3.620413912596422238e-05
3.000000000000000444e-01 4.936814028819653544e+01 2.690806176732232974e-05
3.000000000000000444e-01 5.054457256740462157e+01 1.949145187549001585e-05
3.000000000000000444e-01 5.172100484661270769e+01 1.273183883126889966e-05
3.000000000000000444e-01 5.289743712582079382e+01 6.950741669396827803e-06
3.000000000000000444e-01 5.407386940502887995e+01 2.080693423142381376e-06
3.000000000000000444e-01 5.462007010608977708e+01 0.000000000000000000e+00
4.000000000000000222e-01 1.000000000000000000e+00 2.682669946260022101e-02
4.000000000000000222e-01 1.155776486671618031e+00 2.362694345858055295e-02
4.000000000000000222e-01 1.335819287142989031e+00 2.077299943909569763e-02
4.000000000000000222e-01 1.543908522522309257e+00 1.883839889683564667e-02
4.000000000000000222e-01 1.784413167903203368e+00 1.721435002089131278e-02
4.000000000000000222e-01 2.062382781969736456e+00 1.571790003884378922e-02
4.000000000000000222e-01 2.383653525917019955e+00 1.416794842569142447e-02
4.000000000000000222e-01 2.754970697626788034e+00 1.277988054946174040e-02
4.000000000000000222e-01 3.184130353786345680e+00 1.155320483272965180e-02
4.000000000000000222e-01 3.680142993403639373e+00 1.045962215783927465e-02
4.000000000000000222e-01 4.253422739365229077e+00 9.363355600406181659e-03
4.000000000000000222e-01 4.916005990032714656e+00 8.369566343311029069e-03
4.000000000000000222e-01 5.681804131616641662e+00 7.590450968575169176e-03
4.000000000000000222e-01 6.566895617196164991e+00 6.892506666372684963e-03
4.000000000000000222e-01 7.589863544782231131e+00 6.211040514280708434e-03
4.000000000000000222e-01 8.772185822105399211e+00 5.580017360617719330e-03
4.000000000000000222e-01 9.391922335355198825e+00 5.277897039630768429e-03
4.000000000000000222e-01 1.013868610990355812e+01 4.967114147446998092e-03
4.000000000000000222e-01 1.074050605530363711e+01 4.730984729081677553e-03
4.000000000000000222e-01 1.171805501157066765e+01 4.386492546739998409e-03
4.000000000000000222e-01 1.208908977525207717e+01 4.271925138904945907e-03
4.000000000000000222e-01 1.343767349520051546e+01 3.874887518804465570e-03
4.000000000000000222e-01 1.354345245189789892e+01 3.842813065329605052e-03
4.000000000000000222e-01 1.478625721514895375e+01 3.513533645063163149e-03
4.000000000000000222e-01 1.565320389225866293e+01 3.316663060419435590e-03
4.000000000000000222e-01 1.613484093509739381e+01 3.208762113193820622e-03
4.000000000000000222e-01 1.748342465504583032e+01 2.913729049667158292e-03
4.000000000000000222e-01 1.883200837499427394e+01 2.652860356454028127e-03
4.000000000000000222e-01 2.018059209494271045e+01 2.407202784020287274e-03
4.000000000000000222e-01 2.152917581489114696e+01 2.185760540748294366e-03
4.000000000000000222e-01 2.287775953483959057e+01 1.966408465154006677e-03
4.000000000000000222e-01 2.422634325478802708e+01 1.783492292385772731e-03
4.000000000000000222e-01 2.557492697473646359e+01 1.608175236808441662e-03
4.000000000000000222e-01 2.692351069468490721e+01 1.439963987931647781e-03
4.000000000000000222e-01 2.827209441463334372e+01 1.291825360280034240e-03
4.000000000000000222e-01 2.962067813458178023e+01 1.151227748400295622e-03
4.000000000000000222e-01 3.096926185453022384e+01 1.023895466870972364e-03
4.000000000000000222e-01 3.231784557447866035e+01 9.033547752338421657e-04
4.000000000000000222e-01 3.366642929442709686e+01 8.005590586246068546e-04
4.000000000000000222e-01 3.501501301437554048e+01 7.030099311907580650e-04
4.000000000000000222e-01 3.636359673432397699e+01 6.153706359538132229e-04
4.000000000000000222e-01 3.771218045427241350e+01 5.359483975543318608e-04
4.000000000000000222e-01 3.906076417422085711e+01 4.663665705807694948e-04
4.000000000000000222e-01 4.040934789416929362e+01 3.998811841277773583e-04
4.000000000000000222e-01 4.175793161411773013e+01 3.453605064091809875e-04
4.000000000000000222e-01 4.310651533406617375e+01 2.947182242228631698e-04
4.000000000000000222e-01 4.445509905401461026e+01 2.510041283404545131e-04
4.000000000000000222e-01 4.580368277396304677e+01 2.117467995871579747e-04
4.000000000000000222e-01 4.715226649391149039e+01 1.773815548690655720e-04
4.000000000000000222e-01 4.850085021385992690e+01 1.467924478717215074e-04
4.000000000000000222e-01 4.984943393380836341e+01 1.205837796367076580e-04
4.000000000000000222e-01 5.119801765375680702e+01 9.870827262035188890e-05
4.000000000000000222e-01 5.254660137370524353e+01 7.861678565872292853e-05
4.000000000000000222e-01 5.389518509365368004e+01 6.137056702414233765e-05
4.000000000000000222e-01 5.524376881360212366e+01 4.744772135074156496e-05
4.000000000000000222e-01 5.659235253355056017e+01 3.526993435197819753e-05
4.000000000000000222e-01 5.794093625349899668e+01 2.498660262976395245e-05
4.000000000000000222e-01 5.928951997344744029e+01 1.589263081732935476e-05
4.000000000000000222e-01 6.063810369339587680e+01 8.804103261292942943e-06
4.000000000000000222e-01 6.198668741334431331e+01 2.516402711489245749e-06
4.000000000000000222e-01 6.261281556903465884e+01 0.000000000000000000e+00
5.000000000000000000e-01 1.000000000000000000e+00 3.983897416262381641e-02
5.000000000000000000e-01 1.164433745521688657e+00 3.518523500865813197e-02
5.000000000000000000e-01 1.355905947709668657e+00 3.121502041259486063e-02
5.000000000000000000e-01 1.578862641266704392e+00 2.779915514611001892e-02
5.000000000000000000e-01 1.838480939034454975e+00 2.543612043931378630e-02
5.000000000000000000e-01 2.140789245910121874e+00 2.340445860500962524e-02
5.000000000000000000e-01 2.492807239987674173e+00 2.112268951231640809e-02
5.000000000000000000e-01 2.902708871322430273e+00 1.913173999149598778e-02
5.000000000000000000e-01 3.380012163193011343e+00 1.739871583009787795e-02
5.000000000000000000e-01 3.935800223095702766e+00 1.578971136903179612e-02
5.000000000000000000e-01 4.582978595404427757e+00 1.415299594880269247e-02
5.000000000000000000e-01 5.336574931492505058e+00 1.274532488437707736e-02
5.000000000000000000e-01 6.214087935734966095e+00 1.165359460094037534e-02
5.000000000000000000e-01 7.235893690009005397e+00 1.063825308311925656e-02
5.000000000000000000e-01 8.425718791653938666e+00 9.689977605544379188e-03
5.000000000000000000e-01 9.811191291278072768e+00 8.736712943129653144e-03
5.000000000000000000e-01 1.082261290694134104e+01 8.161797975223294629e-03
5.000000000000000000e-01 1.142448222333269925e+01 7.848124825469123336e-03
5.000000000000000000e-01 1.237662911922009812e+01 7.372516938191575608e-03
5.000000000000000000e-01 1.330305262596124116e+01 7.002387055186513887e-03
5.000000000000000000e-01 1.393064533149885520e+01 6.751263372498179406e-03
5.000000000000000000e-01 1.548466154377761228e+01 6.154509735155105042e-03
5.000000000000000000e-01 1.549052339612018336e+01 6.152619688727338845e-03
5.000000000000000000e-01 1.703867775605636936e+01 5.669054829108868127e-03
5.000000000000000000e-01 1.803768817823557313e+01 5.360081897196343308e-03
5.000000000000000000e-01 1.859269396833512644e+01 5.190039320396950748e-03
5.000000000000000000e-01 2.014671018061387997e+01 4.751021521032896752e-03
5.000000000000000000e-01 2.170072639289264060e+01 4.340752815990524954e-03
5.000000000000000000e-01 2.325474260517139413e+01 3.962850913834783419e-03
5.000000000000000000e-01 2.480875881745015477e+01 3.599466607825459619e-03
5.000000000000000000e-01 2.636277502972890829e+01 3.266779468467252007e-03
5.000000000000000000e-01 2.791679124200766537e+01 2.956319182527946104e-03
5.000000000000000000e-01 2.947080745428642246e+01 2.656820427323785573e-03
5.000000000000000000e-01 3.102482366656517954e+01 2.388625633066738911e-03
5.000000000000000000e-01 3.257883987884393662e+01 2.132662935948530930e-03
5.000000000000000000e-01 3.413285609112269015e+01 1.898761632796413254e-03
5.000000000000000000e-01 3.568687230340145078e+01 1.676136747675823976e-03
5.000000000000000000e-01 3.724088851568021141e+01 1.482118680171388980e-03
5.000000000000000000e-01 3.879490472795896494e+01 1.301725806345450367e-03
5.000000000000000000e-01 4.034892094023771847e+01 1.135181431081925879e-03
5.000000000000000000e-01 4.190293715251647910e+01 9.873228708660328288e-04
5.000000000000000000e-01 4.345695336479523974e+01 8.542311836306543029e-04
5.000000000000000000e-01 4.501096957707399326e+01 7.325064166990846986e-04
5.000000000000000000e-01 4.656498578935274679e+01 6.273128291113619099e-04
5.000000000000000000e-01 4.811900200163150032e+01 5.337148163858765641e-04
5.000000000000000000e-01 4.967301821391026806e+01 4.511552840186002639e-04
5.000000000000000000e-01 5.122703442618902159e+01 3.776993601693951256e-04
5.000000000000000000e-01 5.278105063846777512e+01 3.152760790722585285e-04
5.000000000000000000e-01 5.433506685074652864e+01 2.589034431635299591e-04
5.000000000000000000e-01 5.588908306302529638e+01 2.133556385639426419e-04
5.000000000000000000e-01 5.744309927530404991e+01 1.730763185033859454e-04
5.000000000000000000e-01 5.899711548758280344e+01 1.372136854914573145e-04
5.000000000000000000e-01 6.055113169986155697e+01 1.095325649130308716e-04
5.000000000000000000e-01 6.210514791214031050e+01 8.450512381486927798e-05
5.000000000000000000e-01 6.365916412441907823e+01 6.426317783907674851e-05
5.000000000000000000e-01 6.521318033669783176e+01 4.636458206945005145e-05
5.000000000000000000e-01 6.676719654897658529e+01 3.253220192480624131e-05
5.000000000000000000e-01 6.832121276125533882e+01 2.067154518585834094e-05
5.000000000000000000e-01 6.987522897353410656e+01 1.106527525102574797e-05
5.000000000000000000e-01 7.142924518581286009e+01 3.136057339216748817e-06
5.000000000000000000e-01 7.215075271294227832e+01 0.000000000000000000e+00
6.000000000000000888e-01 1.000000000000000000e+00 4.841347093506478266e-02
6.000000000000000888e-01 1.172512877176275614e+00 4.298444577254347670e-02
6.000000000000000888e-01 1.374786447144187962e+00 3.819500611055342415e-02
6.000000000000000888e-01 1.611954812643981771e+00 3.421181549284375151e-02
6.000000000000000888e-01 1.890037775251339314e+00 3.160218308610069499e-02
6.000000000000000888e-01 2.216093629831795031e+00 2.917658103556091884e-02
6.000000000000000888e-01 2.598398318006094332e+00 2.651446457325910139e-02
6.000000000000000888e-01 3.046655487895320924e+00 2.423831113050728403e-02
6.000000000000000888e-01 3.572242791877032531e+00 2.226371335542350408e-02
6.000000000000000888e-01 4.188500673875951819e+00 2.031839780985954941e-02
6.000000000000000888e-01 4.911070976181060921e+00 1.841161608967197688e-02
6.000000000000000888e-01 5.758293960298956904e+00 1.684780146387019478e-02
6.000000000000000888e-01 6.751673819016900779e+00 1.566373363037948732e-02
6.000000000000000888e-01 7.916424495291238372e+00 1.448531398624384493e-02
6.000000000000000888e-01 9.282109661922676835e+00 1.342877758590293839e-02
6.000000000000000888e-01 1.088339310596666287e+01 1.231879519188862522e-02
6.000000000000000888e-01 1.234201445591220292e+01 1.148259179006315411e-02
6.000000000000000888e-01 1.276091856411741610e+01 1.123942015015549911e-02
6.000000000000000888e-01 1.411420114701754436e+01 1.064675385280827898e-02
6.000000000000000888e-01 1.496234134102546243e+01 1.027292052623528414e-02
6.000000000000000888e-01 1.588638783812288580e+01 9.887197078734900890e-03
6.000000000000000888e-01 1.754353789505930195e+01 9.258050859778500438e-03
6.000000000000000888e-01 1.765857452922822901e+01 9.210647257896139098e-03
6.000000000000000888e-01 1.943076122033356867e+01 8.574121423180281268e-03
6.000000000000000888e-01 2.057002409318700487e+01 8.164754480528809213e-03
6.000000000000000888e-01 2.120294791143891189e+01 7.955949294779477224e-03
6.000000000000000888e-01 2.297513460254425155e+01 7.375625094105209105e-03
6.000000000000000888e-01 2.474732129364959476e+01 6.819567363665480879e-03
6.000000000000000888e-01 2.651950798475493798e+01 6.271096810484047372e-03
6.000000000000000888e-01 2.829169467586027764e+01 5.757115836338885448e-03
6.000000000000000888e-01 3.006388136696562086e+01 5.261910153188381969e-03
6.000000000000000888e-01 3.183606805807096052e+01 4.779347628651871641e-03
6.000000000000000888e-01 3.360825474917630373e+01 4.323833268108980346e-03
6.000000000000000888e-01 3.538044144028164339e+01 3.891231237274173603e-03
6.000000000000000888e-01 3.715262813138699016e+01 3.482470478128103612e-03
6.000000000000000888e-01 3.892481482249232272e+01 3.096037895090999418e-03
6.000000000000000888e-01 4.069700151359766949e+01 2.744072437043868287e-03
6.000000000000000888e-01 4.246918820470301625e+01 2.412190175882544026e-03
6.000000000000000888e-01 4.424137489580834881e+01 2.111859805224201771e-03
6.000000000000000888e-01 4.601356158691369558e+01 1.835179321552873237e-03
6.000000000000000888e-01 4.778574827801904235e+01 1.587634990848855315e-03
6.000000000000000888e-01 4.955793496912437490e+01 1.359837195669133915e-03
6.000000000000000888e-01 5.133012166022972167e+01 1.161985066932648154e-03
6.000000000000000888e-01 5.310230835133505423e+01 9.834280885852764338e-04
6.000000000000000888e-01 5.487449504244040099e+01 8.276555524529456438e-04
6.000000000000000888e-01 5.664668173354574776e+01 6.912603450546861775e-04
6.000000000000000888e-01 5.841886842465108032e+01 5.723682674254396141e-04
6.000000000000000888e-01 6.019105511575642709e+01 4.693844387077331093e-04
6.000000000000000888e-01 6.196324180686177385e+01 3.829907663077690753e-04
6.000000000000000888e-01 6.373542849796710641e+01 3.094975679029268820e-04
6.000000000000000888e-01 6.550761518907245318e+01 2.452671825532564418e-04
6.000000000000000888e-01 6.727980188017779994e+01 1.944282798066900139e-04
6.000000000000000888e-01 6.905198857128313250e+01 1.505295137474244255e-04
6.000000000000000888e-01 7.082417526238847927e+01 1.146926671615956415e-04
6.000000000000000888e-01 7.259636195349382604e+01 8.436423732592038434e-05
6.000000000000000888e-01 7.436854864459915859e+01 6.085469735845683899e-05
6.000000000000000888e-01 7.614073533570450536e+01 4.122823852871099632e-05
6.000000000000000888e-01 7.791292202680985213e+01 2.589972965195693426e-05
6.000000000000000888e-01 7.968510871791518468e+01 1.378433901289494616e-05
6.000000000000000888e-01 8.145729540902053145e+01 3.651827477371182924e-06
6.000000000000000888e-01 8.228009637274801946e+01 0.000000000000000000e+00
7.000000000000000666e-01 1.000000000000000000e+00 4.703520136463414103e-02
7.000000000000000666e-01 1.179306903816388363e+00 4.192794229167644965e-02
7.000000000000000666e-01 1.390764773388996067e+00 3.755933235179270691e-02
7.000000000000000666e-01 1.640138498842277803e+00 3.415672661312824793e-02
7.000000000000000666e-01 1.934226654899745546e+00 3.194391296557960724e-02
7.000000000000000666e-01 2.281046847668948718e+00 2.956532017399994897e-02
7.000000000000000666e-01 2.690054295384600724e+00 2.716214324977487757e-02
7.000000000000000666e-01 3.172399602187988776e+00 2.514261441627958435e-02
7.000000000000000666e-01 3.741232752524659144e+00 2.317070250496875913e-02
7.000000000000000666e-01 4.412061613836320006e+00 2.149546150813590878e-02
7.000000000000000666e-01 5.203174721260447555e+00 1.987463360586356337e-02
7.000000000000000666e-01 6.136139870545357589e+00 1.867044562920749592e-02
7.000000000000000666e-01 7.236392112117139952e+00 1.767973308034690577e-02
7.000000000000000666e-01 8.533927176542198012e+00 1.674132948083425360e-02
7.000000000000000666e-01 1.006411923596250979e+01 1.578095982792319940e-02
7.000000000000000666e-01 1.186868529580190312e+01 1.488673741681274289e-02
7.000000000000000666e-01 1.377403647465403047e+01 1.412574622469830489e-02
7.000000000000000666e-01 1.399682250856323762e+01 1.405239052005855319e-02
7.000000000000000666e-01 1.575184684024537773e+01 1.344348405517900753e-02
7.000000000000000666e-01 1.650654941584124558e+01 1.317869032515793341e-02
7.000000000000000666e-01 1.772965720583672677e+01 1.282803281517697069e-02
7.000000000000000666e-01 1.946628768428795553e+01 1.228542796102652553e-02
7.000000000000000666e-01 1.970746757142807581e+01 1.220426804491077551e-02
7.000000000000000666e-01 2.168527793701942130e+01 1.159057506160600555e-02
7.000000000000000666e-01 2.295672745775672041e+01 1.119910468489897747e-02
7.000000000000000666e-01 2.366308830261077034e+01 1.097499380354898316e-02
7.000000000000000666e-01 2.564089866820211938e+01 1.036095084170977551e-02
7.000000000000000666e-01 2.761870903379346487e+01 9.714417207786419511e-03
7.000000000000000666e-01 2.959651939938481391e+01 9.090446600067062302e-03
7.000000000000000666e-01 3.157432976497616295e+01 8.434243431715929620e-03
7.000000000000000666e-01 3.355214013056750844e+01 7.799848962282114086e-03
7.000000000000000666e-01 3.552995049615886103e+01 7.158680120928306162e-03
7.000000000000000666e-01 3.750776086175020652e+01 6.529602970814515385e-03
7.000000000000000666e-01 3.948557122734155200e+01 5.909916501936636653e-03
7.000000000000000666e-01 4.146338159293290460e+01 5.325191486026489840e-03
7.000000000000000666e-01 4.344119195852425008e+01 4.758928351888662249e-03
7.000000000000000666e-01 4.541900232411559557e+01 4.222459763587100255e-03
7.000000000000000666e-01 4.739681268970694816e+01 3.716809877015216697e-03
7.000000000000000666e-01 4.937462305529829365e+01 3.255495289460116209e-03
7.000000000000000666e-01 5.135243342088964624e+01 2.815335450682651328e-03
7.000000000000000666e-01 5.333024378648099173e+01 2.430001147207572296e-03
7.000000000000000666e-01 5.530805415207233722e+01 2.076028094103119989e-03
7.000000000000000666e-01 5.728586451766368981e+01 1.760403880879950374e-03
7.000000000000000666e-01 5.926367488325503530e+01 1.479485477874132844e-03
7.000000000000000666e-01 6.124148524884638078e+01 1.234528493442524182e-03
7.000000000000000666e-01 6.321929561443773338e+01 1.018740387397699607e-03
7.000000000000000666e-01 6.519710598002907886e+01 8.358243920763832810e-04
7.000000000000000666e-01 6.717491634562041725e+01 6.785870619476627383e-04
7.000000000000000666e-01 6.915272671121176984e+01 5.421140549766330623e-04
7.000000000000000666e-01 7.113053707680312243e+01 4.333963239028487788e-04
7.000000000000000666e-01 7.310834744239446081e+01 3.395717557423284642e-04
7.000000000000000666e-01 7.508615780798581341e+01 2.627705739897318363e-04
7.000000000000000666e-01 7.706396817357716600e+01 2.014820628290315348e-04
7.000000000000000666e-01 7.904177853916850438e+01 1.502085113443473537e-04
7.000000000000000666e-01 8.101958890475985697e+01 1.097836360967703384e-04
7.000000000000000666e-01 8.299739927035120957e+01 7.696597422694243765e-05
7.000000000000000666e-01 8.497520963594254795e+01 5.142496646551338030e-05
7.000000000000000666e-01 8.695302000153390054e+01 3.237025715631850717e-05
7.000000000000000666e-01 8.893083036712525313e+01 1.621989586896070240e-05
7.000000000000000666e-01 9.090864073271659151e+01 4.483455970388294818e-06
7.000000000000000666e-01 9.182690983102686744e+01 0.000000000000000000e+00
8.000000000000000444e-01 1.000000000000000000e+00 3.873321628051569487e-02
8.000000000000000444e-01 1.184393964526966547e+00 3.458655064331154355e-02
8.000000000000000444e-01 1.402789063207905640e+00 3.122884904499712705e-02
8.000000000000000444e-01 1.661454899967880872e+00 2.907624382162715682e-02
8.000000000000000444e-01 1.967817155855713152e+00 2.745262000797290755e-02
8.000000000000000444e-01 2.330670762688128228e+00 2.539339891251828074e-02
8.000000000000000444e-01 2.760432384627280911e+00 2.371104200293017161e-02
8.000000000000000444e-01 3.269439455837333419e+00 2.224157406877978055e-02
8.000000000000000444e-01 3.872304358880068076e+00 2.084923062356756895e-02
8.000000000000000444e-01 4.586333911469018254e+00 1.948474623593463712e-02
8.000000000000000444e-01 5.432026204049260620e+00 1.836330278869211310e-02
8.000000000000000444e-01 6.433659051228271863e+00 1.772151785640817614e-02
8.000000000000000444e-01 7.619986950099057132e+00 1.708053782153089867e-02
8.000000000000000444e-01 9.025066553471571495e+00 1.655787219811749936e-02
8.000000000000000444e-01 1.068923435538591882e+01 1.601413220455308317e-02
8.000000000000000444e-01 1.266026465593338557e+01 1.557086227481442250e-02
8.000000000000000444e-01 1.494785159257166640e+01 1.521435020729400636e-02
8.000000000000000444e-01 1.499474104780157546e+01 1.520211686989004704e-02
8.000000000000000444e-01 1.709420976996657160e+01 1.491718929650642615e-02
8.000000000000000444e-01 1.775968079666095178e+01 1.481681628165380273e-02
8.000000000000000444e-01 1.924056794736147680e+01 1.458592108504001318e-02
8.000000000000000444e-01 2.103445874749070299e+01 1.428858033202197973e-02
8.000000000000000444e-01 2.138692612475638555e+01 1.423144020641164444e-02
8.000000000000000444e-01 2.353328430215129075e+01 1.383531405322103655e-02
8.000000000000000444e-01 2.491308598761944992e+01 1.355347521340181764e-02
8.000000000000000444e-01 2.567964247954619594e+01 1.338719057911628638e-02
8.000000000000000444e-01 2.782600065694110469e+01 1.287140454716342169e-02
8.000000000000000444e-01 2.997235883433600989e+01 1.231642828978664166e-02
8.000000000000000444e-01 3.211871701173091509e+01 1.169171454387059501e-02
8.000000000000000444e-01 3.426507518912582384e+01 1.102499367534127278e-02
8.000000000000000444e-01 3.641143336652072549e+01 1.032259470724667359e-02
8.000000000000000444e-01 3.855779154391563424e+01 9.586233548202222760e-03
8.000000000000000444e-01 4.070414972131054299e+01 8.833182848264285389e-03
8.000000000000000444e-01 4.285050789870544463e+01 8.082861139892099853e-03
8.000000000000000444e-01 4.499686607610035338e+01 7.322943221575574889e-03
8.000000000000000444e-01 4.714322425349525503e+01 6.586328148567151437e-03
8.000000000000000444e-01 4.928958243089016378e+01 5.869552799031848601e-03
8.000000000000000444e-01 5.143594060828507253e+01 5.185165085885216733e-03
8.000000000000000444e-01 5.358229878567997417e+01 4.544739172339892254e-03
8.000000000000000444e-01 5.572865696307488292e+01 3.944470405376492191e-03
8.000000000000000444e-01 5.787501514046978457e+01 3.394841563419195851e-03
8.000000000000000444e-01 6.002137331786469332e+01 2.894661737538764632e-03
8.000000000000000444e-01 6.216773149525960207e+01 2.447019756510583274e-03
8.000000000000000444e-01 6.431408967265450372e+01 2.044090402055324940e-03
8.000000000000000444e-01 6.646044785004940536e+01 1.696951015183615144e-03
8.000000000000000444e-01 6.860680602744432122e+01 1.392775080957738085e-03
8.000000000000000444e-01 7.075316420483922286e+01 1.128743502867993751e-03
8.000000000000000444e-01 7.289952238223412451e+01 9.080044238328676895e-04
8.000000000000000444e-01 7.504588055962904036e+01 7.202626257065489071e-04
8.000000000000000444e-01 7.719223873702394201e+01 5.678704871936421416e-04
8.000000000000000444e-01 7.933859691441884365e+01 4.400800425319807870e-04
8.000000000000000444e-01 8.148495509181375951e+01 3.350770215900505792e-04
8.000000000000000444e-01 8.363131326920866115e+01 2.523515922023391385e-04
8.000000000000000444e-01 8.577767144660356280e+01 1.863465898000845526e-04
8.000000000000000444e-01 8.792402962399847866e+01 1.340986628106675190e-04
8.000000000000000444e-01 9.007038780139338030e+01 9.315747668645272378e-05
8.000000000000000444e-01 9.221674597878828195e+01 6.142550018369567950e-05
8.000000000000000444e-01 9.436310415618319780e+01 3.693877794289706306e-05
8.000000000000000444e-01 9.650946233357809945e+01 1.870725177805529919e-05
8.000000000000000444e-01 9.865582051097300109e+01 5.237551015957738798e-06
8.000000000000000444e-01 9.965234395047778548e+01 0.000000000000000000e+00
9.000000000000000222e-01 1.000000000000000000e+00 3.074503392509181712e-02
9.000000000000000222e-01 1.187511559683375184e+00 2.762877932907759071e-02
9.000000000000000222e-01 1.410183704381642089e+00 2.545474437989681676e-02
9.000000000000000222e-01 1.674609450230323260e+00 2.397723424591132607e-02
9.000000000000000222e-01 1.988618080103530694e+00 2.257130216487385210e-02
9.000000000000000222e-01 2.361506957918302785e+00 2.116585424409161281e-02
9.000000000000000222e-01 2.804316810800705717e+00 1.978879533622010176e-02
9.000000000000000222e-01 3.330158629840255013e+00 1.878675017783299275e-02
9.000000000000000222e-01 3.954601868514652008e+00 1.766210320144466495e-02
9.000000000000000222e-01 4.696135432806623378e+00 1.673702665895525007e-02
9.000000000000000222e-01 5.576715112296556143e+00 1.620209006128137466e-02
9.000000000000000222e-01 6.622413660913131217e+00 1.581019711188090190e-02
9.000000000000000222e-01 7.864192775339441610e+00 1.553647068726165398e-02
9.000000000000000222e-01 9.338819828294072423e+00 1.524069192790369204e-02
9.000000000000000222e-01 1.108995649989952348e+01 1.511803703834289914e-02
9.000000000000000222e-01 1.316945154001646578e+01 1.509449679641310105e-02
9.000000000000000222e-01 1.563887593845957724e+01 1.512763618333572667e-02
9.000000000000000222e-01 1.571340566251441473e+01 1.513150252867662832e-02
9.000000000000000222e-01 1.796968955251648481e+01 1.517142287754415231e-02
9.000000000000000222e-01 1.857134595737493754e+01 1.517194637645943867e-02
9.000000000000000222e-01 2.022597344251855489e+01 1.516607940282898616e-02
9.000000000000000222e-01 2.205368800326185408e+01 1.510224801220985506e-02
9.000000000000000222e-01 2.248225733252062497e+01 1.509241525042027965e-02
9.000000000000000222e-01 2.473854122252269150e+01 1.493785007636202686e-02
9.000000000000000222e-01 2.618900943752403165e+01 1.479624235123446971e-02
9.000000000000000222e-01 2.699482511252476513e+01 1.470848535374778658e-02
9.000000000000000222e-01 2.925110900252683166e+01 1.436007052315522309e-02
9.000000000000000222e-01 3.150739289252890174e+01 1.394182299420002741e-02
9.000000000000000222e-01 3.376367678253097182e+01 1.341780266345552093e-02
9.000000000000000222e-01 3.601996067253304545e+01 1.280863677820905794e-02
9.000000000000000222e-01 3.827624456253511198e+01 1.211955649122272577e-02
9.000000000000000222e-01 4.053252845253717851e+01 1.137999485494579910e-02
9.000000000000000222e-01 4.278881234253924504e+01 1.057267958348922197e-02
9.000000000000000222e-01 4.504509623254131867e+01 9.745945155465760706e-03
9.000000000000000222e-01 4.730138012254339230e+01 8.899354700818505604e-03
9.000000000000000222e-01 4.955766401254545883e+01 8.033059830843351096e-03
9.000000000000000222e-01 5.181394790254752536e+01 7.207565100487081308e-03
9.000000000000000222e-01 5.407023179254959189e+01 6.382528843505901571e-03
9.000000000000000222e-01 5.632651568255167263e+01 5.615239686638662762e-03
9.000000000000000222e-01 5.858279957255373915e+01 4.878588090634984435e-03
9.000000000000000222e-01 6.083908346255580568e+01 4.200996654550665649e-03
9.000000000000000222e-01 6.309536735255787221e+01 3.578035456511405744e-03
9.000000000000000222e-01 6.535165124255995295e+01 3.018693417463039642e-03
9.000000000000000222e-01 6.760793513256201948e+01 2.520654963878259536e-03
9.000000000000000222e-01 6.986421902256408600e+01 2.079194890551567740e-03
9.000000000000000222e-01 7.212050291256615253e+01 1.700469041619692744e-03
9.000000000000000222e-01 7.437678680256821906e+01 1.374009803623933712e-03
9.000000000000000222e-01 7.663307069257029980e+01 1.100259076905583380e-03
9.000000000000000222e-01 7.888935458257236633e+01 8.676572582109840382e-04
9.000000000000000222e-01 8.114563847257443285e+01 6.745581381281631110e-04
9.000000000000000222e-01 8.340192236257651359e+01 5.205873649404147829e-04
9.000000000000000222e-01 8.565820625257858012e+01 3.957485121036239577e-04
9.000000000000000222e-01 8.791449014258064665e+01 2.932241536512069616e-04
9.000000000000000222e-01 9.017077403258271318e+01 2.138081394078774234e-04
9.000000000000000222e-01 9.242705792258477970e+01 1.520290117785839175e-04
9.000000000000000222e-01 9.468334181258686044e+01 1.038532673662864015e-04
9.000000000000000222e-01 9.693962570258892697e+01 6.875443813801198159e-05
9.000000000000000222e-01 9.919590959259099350e+01 4.106143419132444035e-05
9.000000000000000222e-01 1.014521934825930600e+02 2.025352959143528474e-05
9.000000000000000222e-01 1.037084773725951408e+02 5.641327242160655918e-06
9.000000000000000222e-01 1.047560377500960982e+02 0.000000000000000000e+00
1.000000000000000000e+00 1.000000000000000000e+00 2.786722598995903730e-02
1.000000000000000000e+00 1.188561514461957902e+00 2.505617283745189411e-02
1.000000000000000000e+00 1.412678473660103240e+00 2.292429545112065550e-02
1.000000000000000000e+00 1.679055266101259436e+00 2.208214387193211878e-02
1.000000000000000000e+00 1.995660469942639015e+00 2.057184362445150724e-02
1.000000000000000000e+00 2.371965230506885902e+00 1.944620634489664657e-02
1.000000000000000000e+00 2.819226586622371133e+00 1.838050305618808486e-02
1.000000000000000000e+00 3.350824221407302517e+00 1.737478390919563326e-02
1.000000000000000000e+00 3.982660711291674538e+00 1.643822594090681849e-02
1.000000000000000000e+00 4.733637246600970627e+00 1.554790166257574713e-02
1.000000000000000000e+00 5.626219054733583746e+00 1.528728296204857028e-02
1.000000000000000000e+00 6.687107440388873947e+00 1.489598226142104485e-02
1.000000000000000000e+00 7.948038546718426467e+00 1.480821174494922898e-02
1.000000000000000000e+00 9.446732732089675011e+00 1.464978819962682588e-02
1.000000000000000000e+00 1.122802296276985601e+01 1.460803059978741346e-02
1.000000000000000000e+00 1.334519597704337812e+01 1.460010908499469878e-02
1.000000000000000000e+00 1.586158634126630673e+01 1.495783277720499904e-02
1.000000000000000000e+00 1.597948804501380238e+01 1.496470404733122629e-02
1.000000000000000000e+00 1.827397863609270701e+01 1.509683235465124167e-02
1.000000000000000000e+00 1.885247108354458589e+01 1.514881980841287397e-02
1.000000000000000000e+00 2.056846922717161164e+01 1.522060379978889405e-02
1.000000000000000000e+00 2.240732158240802363e+01 1.529223940558946566e-02
1.000000000000000000e+00 2.286295981825051626e+01 1.518767272790017518e-02
1.000000000000000000e+00 2.515745040932942089e+01 1.523120823746080578e-02
1.000000000000000000e+00 2.663248007502300752e+01 1.508739709235141190e-02
1.000000000000000000e+00 2.745194100040832552e+01 1.505189294893038640e-02
1.000000000000000000e+00 2.974643159148723015e+01 1.485222253011553480e-02
1.000000000000000000e+00 3.204092218256613478e+01 1.448108687494907218e-02
1.000000000000000000e+00 3.433541277364503941e+01 1.395842703376998749e-02
1.000000000000000000e+00 3.662990336472394404e+01 1.343140809472649980e-02
1.000000000000000000e+00 3.892439395580284867e+01 1.273337474541017325e-02
1.000000000000000000e+00 4.121888454688175329e+01 1.202639551195744047e-02
1.000000000000000000e+00 4.351337513796065792e+01 1.122251898084313318e-02
1.000000000000000000e+00 4.580786572903956255e+01 1.038505089508565647e-02
1.000000000000000000e+00 4.810235632011846718e+01 9.486026243121833262e-03
1.000000000000000000e+00 5.039684691119737181e+01 8.591358475973068579e-03
1.000000000000000000e+00 5.269133750227627644e+01 7.727280297031279346e-03
1.000000000000000000e+00 5.498582809335518107e+01 6.851459902844349477e-03
1.000000000000000000e+00 5.728031868443408570e+01 6.041514701780742458e-03
1.000000000000000000e+00 5.957480927551299033e+01 5.234687942975303765e-03
1.000000000000000000e+00 6.186929986659189495e+01 4.525956365046039653e-03
1.000000000000000000e+00 6.416379045767079958e+01 3.857070595430173252e-03
1.000000000000000000e+00 6.645828104874971132e+01 3.231419187334601522e-03
1.000000000000000000e+00 6.875277163982860884e+01 2.710688895038184786e-03
1.000000000000000000e+00 7.104726223090750636e+01 2.227807744287946430e-03
1.000000000000000000e+00 7.334175282198641810e+01 1.815442806213068538e-03
1.000000000000000000e+00 7.563624341306532983e+01 1.478793404994785052e-03
1.000000000000000000e+00 7.793073400414422736e+01 1.166169242318428447e-03
1.000000000000000000e+00 8.022522459522312488e+01 9.176657119921603420e-04
1.000000000000000000e+00 8.251971518630202240e+01 7.257089276710240212e-04
1.000000000000000000e+00 8.481420577738094835e+01 5.485050119468484796e-04
1.000000000000000000e+00 8.710869636845984587e+01 4.091455308886836817e-04
1.000000000000000000e+00 8.940318695953874339e+01 3.045216164975047190e-04
1.000000000000000000e+00 9.169767755061764092e+01 2.325860942740743450e-04
1.000000000000000000e+00 9.399216814169656686e+01 1.614892188121813579e-04
1.000000000000000000e+00 9.628665873277546439e+01 1.145770442379666267e-04
1.000000000000000000e+00 9.858114932385436191e+01 7.369371636965303793e-05
1.000000000000000000e+00 1.008756399149332594e+02 4.138664005300853196e-05
1.000000000000000000e+00 1.031701305060121854e+02 2.188860895294366440e-05
1.000000000000000000e+00 1.054646210970910971e+02 4.632806483744310553e-06
1.000000000000000000e+00 1.065299203000920159e+02 0.000000000000000000e+00
