# mx [GeV]: 100000.0
# sigma_p [cm^2]: 2.51188643151e-28
# depth [m]: 0.3
# loc: MPI
# Columns: gamma/pi, v [km/s], f(v, gamma) [s/km]
0.000000000000000000e+00 1.000000000000000000e+00 1.005183707269030006e-03
0.000000000000000000e+00 1.254979863272503326e+00 1.011764792809752159e-03
0.000000000000000000e+00 1.574974457219471047e+00 9.115184364543323613e-04
0.000000000000000000e+00 1.976561228978976903e+00 7.621154091935965994e-04
0.000000000000000000e+00 2.480544540893767635e+00 6.432391018513303063e-04
0.000000000000000000e+00 3.113033448772215106e+00 6.155287327525256003e-04
0.000000000000000000e+00 3.906794291902883742e+00 5.407431956996265306e-04
0.000000000000000000e+00 4.902948166286077658e+00 4.846895445125620544e-04
0.000000000000000000e+00 6.153101219357872687e+00 4.328620609217196584e-04
0.000000000000000000e+00 7.722018126971616603e+00 3.899613789487683902e-04
0.000000000000000000e+00 9.690977253174631656e+00 3.779429094042690467e-04
0.000000000000000000e+00 1.216198130816603751e+01 3.500034469011573460e-04
0.000000000000000000e+00 1.526304163924495505e+01 3.384301060655144143e-04
0.000000000000000000e+00 1.915480990954215912e+01 3.212006267552758808e-04
0.000000000000000000e+00 2.403890072128800881e+01 3.322262799995732508e-04
0.000000000000000000e+00 3.016833634042330914e+01 3.421619361838674676e-04
0.000000000000000000e+00 3.786065461566334278e+01 3.552253142149977452e-04
0.000000000000000000e+00 4.490034121025045977e+01 3.677531226317722643e-04
0.000000000000000000e+00 4.751435915297265211e+01 3.731931920155510994e-04
0.000000000000000000e+00 5.134756969172232033e+01 3.804462204524290941e-04
0.000000000000000000e+00 5.779479817319418089e+01 3.898582412117645719e-04
0.000000000000000000e+00 5.962956395327823600e+01 3.919223834094420593e-04
0.000000000000000000e+00 6.424202665466603435e+01 3.922748327225007280e-04
0.000000000000000000e+00 7.068925513613790201e+01 3.971739110967917210e-04
0.000000000000000000e+00 7.483390201708411382e+01 3.981360649123430765e-04
0.000000000000000000e+00 7.713648361760975547e+01 3.978933926405522534e-04
0.000000000000000000e+00 8.358371209908162314e+01 3.970437477893544996e-04
0.000000000000000000e+00 9.003094058055347659e+01 3.880861408749007179e-04
0.000000000000000000e+00 9.647816906202533005e+01 3.809533577499285410e-04
0.000000000000000000e+00 1.029253975434971977e+02 3.713763153454132239e-04
0.000000000000000000e+00 1.093726260249690512e+02 3.580642545374356227e-04
0.000000000000000000e+00 1.158198545064409188e+02 3.448539077284940415e-04
0.000000000000000000e+00 1.222670829879127723e+02 3.316814408846245014e-04
0.000000000000000000e+00 1.287143114693846542e+02 3.154532345444798565e-04
0.000000000000000000e+00 1.351615399508564792e+02 2.959352019544565131e-04
0.000000000000000000e+00 1.416087684323283611e+02 2.823559816356232405e-04
0.000000000000000000e+00 1.480559969138002145e+02 2.653414660202570987e-04
0.000000000000000000e+00 1.545032253952720680e+02 2.494864264257157997e-04
0.000000000000000000e+00 1.609504538767439499e+02 2.301785483233741365e-04
0.000000000000000000e+00 1.673976823582157749e+02 2.153904212203516853e-04
0.000000000000000000e+00 1.738449108396876568e+02 2.004398643857511369e-04
0.000000000000000000e+00 1.802921393211595387e+02 1.864849316449728367e-04
0.000000000000000000e+00 1.867393678026313637e+02 1.690995738439398971e-04
0.000000000000000000e+00 1.931865962841032456e+02 1.562826356163898357e-04
0.000000000000000000e+00 1.996338247655750706e+02 1.434257559075886965e-04
0.000000000000000000e+00 2.060810532470469525e+02 1.320781577520408053e-04
0.000000000000000000e+00 2.125282817285188344e+02 1.184787093519562020e-04
0.000000000000000000e+00 2.189755102099906594e+02 1.080207362317978022e-04
0.000000000000000000e+00 2.254227386914625413e+02 9.842646497870436643e-05
0.000000000000000000e+00 2.318699671729343663e+02 8.943301785567536223e-05
0.000000000000000000e+00 2.383171956544062482e+02 7.903810851501898984e-05
0.000000000000000000e+00 2.447644241358781301e+02 7.166145312424326331e-05
0.000000000000000000e+00 2.512116526173499551e+02 6.518736208189915629e-05
0.000000000000000000e+00 2.576588810988218370e+02 5.660004181208524776e-05
0.000000000000000000e+00 2.641061095802936620e+02 5.068951504510926559e-05
0.000000000000000000e+00 2.705533380617655439e+02 4.364060411596846107e-05
0.000000000000000000e+00 2.770005665432374258e+02 3.707086799309801324e-05
0.000000000000000000e+00 2.834477950247092508e+02 2.856890287538717084e-05
0.000000000000000000e+00 2.898950235061811327e+02 2.140190076740157318e-05
0.000000000000000000e+00 2.963422519876530146e+02 9.346083915304841615e-06
0.000000000000000000e+00 2.993356080683363984e+02 0.000000000000000000e+00
1.000000000000000056e-01 1.000000000000000000e+00 1.365879662950675007e-03
1.000000000000000056e-01 1.265467912470691347e+00 1.117106990299500478e-03
1.000000000000000056e-01 1.601409037492929510e+00 1.018234495039987975e-03
1.000000000000000056e-01 2.026531751687876692e+00 8.656595377704589828e-04
1.000000000000000056e-01 2.564510905364030702e+00 7.443163735791806859e-04
1.000000000000000056e-01 3.245306261919342905e+00 6.743499146662496188e-04
1.000000000000000056e-01 4.106830940599133228e+00 6.054279858636348304e-04
1.000000000000000056e-01 5.197062777270032186e+00 5.284298368723324649e-04
1.000000000000000056e-01 6.576716183731041276e+00 4.650825359036388652e-04
1.000000000000000056e-01 8.322623299938332053e+00 4.280883168898995460e-04
1.000000000000000056e-01 1.053201273365290014e+01 4.088228703818396099e-04
1.000000000000000056e-01 1.332792416817047432e+01 3.844365177884078431e-04
1.000000000000000056e-01 1.686606037466236430e+01 3.658870503164353329e-04
1.000000000000000056e-01 2.134345821392862774e+01 3.607807222522647211e-04
1.000000000000000056e-01 2.700946151088570346e+01 3.658189982166313832e-04
1.000000000000000056e-01 3.417960687513801332e+01 3.780953301664063178e-04
1.000000000000000056e-01 4.325319576134979371e+01 3.955435413679078498e-04
1.000000000000000056e-01 5.259238474340811820e+01 4.124698515399848444e-04
1.000000000000000056e-01 5.473553134780147644e+01 4.152375270379500072e-04
1.000000000000000056e-01 6.014411178348723297e+01 4.231589399592218157e-04
1.000000000000000056e-01 6.769583882356634774e+01 4.308252712900673652e-04
1.000000000000000056e-01 6.926605859267641563e+01 4.309911595724965814e-04
1.000000000000000056e-01 7.524756586364546251e+01 4.321532410492443747e-04
1.000000000000000056e-01 8.279929290372457729e+01 4.320818233119866326e-04
1.000000000000000056e-01 8.765397457234685419e+01 4.289156435230450010e-04
1.000000000000000056e-01 9.035101994380369206e+01 4.270349043328235963e-04
1.000000000000000056e-01 9.790274698388282104e+01 4.177390149212631518e-04
1.000000000000000056e-01 1.054544740239619216e+02 4.060823638158821982e-04
1.000000000000000056e-01 1.130062010640410506e+02 3.913764367518334582e-04
1.000000000000000056e-01 1.205579281041201654e+02 3.745070592076713153e-04
1.000000000000000056e-01 1.281096551441992801e+02 3.584047466061438718e-04
1.000000000000000056e-01 1.356613821842784091e+02 3.367699768751625223e-04
1.000000000000000056e-01 1.432131092243575097e+02 3.174206706203565082e-04
1.000000000000000056e-01 1.507648362644366102e+02 2.977591957842667079e-04
1.000000000000000056e-01 1.583165633045157392e+02 2.770777030974799532e-04
1.000000000000000056e-01 1.658682903445948682e+02 2.564013467137744038e-04
1.000000000000000056e-01 1.734200173846739688e+02 2.369981821327348751e-04
1.000000000000000056e-01 1.809717444247530693e+02 2.170940507270681136e-04
1.000000000000000056e-01 1.885234714648321983e+02 1.996407397800696473e-04
1.000000000000000056e-01 1.960751985049113273e+02 1.817275666737109836e-04
1.000000000000000056e-01 2.036269255449904563e+02 1.651604719057842767e-04
1.000000000000000056e-01 2.111786525850695284e+02 1.495675156834474140e-04
1.000000000000000056e-01 2.187303796251486574e+02 1.345591443328941306e-04
1.000000000000000056e-01 2.262821066652277864e+02 1.215957305188306796e-04
1.000000000000000056e-01 2.338338337053069154e+02 1.084229698852489634e-04
1.000000000000000056e-01 2.413855607453859875e+02 9.652153541777200101e-05
1.000000000000000056e-01 2.489372877854651165e+02 8.644282395082245713e-05
1.000000000000000056e-01 2.564890148255442455e+02 7.593042708944497279e-05
1.000000000000000056e-01 2.640407418656233745e+02 6.606379673921570735e-05
1.000000000000000056e-01 2.715924689057024466e+02 5.449702617620738441e-05
1.000000000000000056e-01 2.791441959457815756e+02 4.500776472802249506e-05
1.000000000000000056e-01 2.866959229858607046e+02 3.702159222055747547e-05
1.000000000000000056e-01 2.942476500259398335e+02 2.976422290562308586e-05
1.000000000000000056e-01 3.017993770660189625e+02 2.396059788606201037e-05
1.000000000000000056e-01 3.093511041060980347e+02 1.863243081080816373e-05
1.000000000000000056e-01 3.169028311461771636e+02 1.397797395031982650e-05
1.000000000000000056e-01 3.244545581862562926e+02 1.029487510924120928e-05
1.000000000000000056e-01 3.320062852263353648e+02 6.638910129569927686e-06
1.000000000000000056e-01 3.395580122664144938e+02 3.676176474568778867e-06
1.000000000000000056e-01 3.471097393064936227e+02 1.115590442787979942e-06
1.000000000000000056e-01 3.506158982893874736e+02 0.000000000000000000e+00
2.000000000000000111e-01 1.000000000000000000e+00 1.964741573118223769e-03
2.000000000000000111e-01 1.276962632920710661e+00 1.564220552254543158e-03
2.000000000000000111e-01 1.630633565875793556e+00 1.370131929064679266e-03
2.000000000000000111e-01 2.082258131609640017e+00 1.169407254846274204e-03
2.000000000000000111e-01 2.658965826160805790e+00 9.973827343092028525e-04
2.000000000000000111e-01 3.395400002220495317e+00 8.894525071576695873e-04
2.000000000000000111e-01 4.335798926654469199e+00 8.023900781174900633e-04
2.000000000000000111e-01 5.536653213195481982e+00 6.897075512246078578e-04
2.000000000000000111e-01 7.070099264691015684e+00 6.075803203907151860e-04
2.000000000000000111e-01 9.028252572050620373e+00 5.586640163886491756e-04
2.000000000000000111e-01 1.152874117507893814e+01 5.252550157166791227e-04
2.000000000000000111e-01 1.472177168519020540e+01 4.915291321562066489e-04
2.000000000000000111e-01 1.879915233237804628e+01 4.674682635880522815e-04
2.000000000000000111e-01 2.400581505903099711e+01 4.602135297686660623e-04
2.000000000000000111e-01 3.065452880318785844e+01 4.653632501090891973e-04
2.000000000000000111e-01 3.914468781146253917e+01 4.830317069753738363e-04
2.000000000000000111e-01 4.998630361258444310e+01 5.057122179611424741e-04
2.000000000000000111e-01 6.245063229984737063e+01 5.301883867992066100e-04
2.000000000000000111e-01 6.383064187109984999e+01 5.323597964638013139e-04
2.000000000000000111e-01 7.141790257879981141e+01 5.427870516781878579e-04
2.000000000000000111e-01 8.038517285775225218e+01 5.492901865114456321e-04
2.000000000000000111e-01 8.150934450473863535e+01 5.493831572785278427e-04
2.000000000000000111e-01 8.935244313670469296e+01 5.500736103717436976e-04
2.000000000000000111e-01 9.831971341565713374e+01 5.441297259215956963e-04
2.000000000000000111e-01 1.040843871664122844e+02 5.370872281146278843e-04
2.000000000000000111e-01 1.072869836946095745e+02 5.341295967513396900e-04
2.000000000000000111e-01 1.162542539735620295e+02 5.179953943522709343e-04
2.000000000000000111e-01 1.252215242525144703e+02 4.994645709409272676e-04
2.000000000000000111e-01 1.341887945314668968e+02 4.774919854461166075e-04
2.000000000000000111e-01 1.431560648104193660e+02 4.524353058600911071e-04
2.000000000000000111e-01 1.521233350893717784e+02 4.281074885441568429e-04
2.000000000000000111e-01 1.610906053683242476e+02 3.996024181180933034e-04
2.000000000000000111e-01 1.700578756472766884e+02 3.725045884168152284e-04
2.000000000000000111e-01 1.790251459262291291e+02 3.438080892451802280e-04
2.000000000000000111e-01 1.879924162051815699e+02 3.164701451912792576e-04
2.000000000000000111e-01 1.969596864841340107e+02 2.908332360673855275e-04
2.000000000000000111e-01 2.059269567630864515e+02 2.648807470397942262e-04
2.000000000000000111e-01 2.148942270420388923e+02 2.401068553479074330e-04
2.000000000000000111e-01 2.238614973209913330e+02 2.175320364057294683e-04
2.000000000000000111e-01 2.328287675999437738e+02 1.953386357182454935e-04
2.000000000000000111e-01 2.417960378788962146e+02 1.746373484571720001e-04
2.000000000000000111e-01 2.507633081578486554e+02 1.561081943228549164e-04
2.000000000000000111e-01 2.597305784368011246e+02 1.370950258276364716e-04
2.000000000000000111e-01 2.686978487157535369e+02 1.198263436580276003e-04
2.000000000000000111e-01 2.776651189947060061e+02 1.054865499853839219e-04
2.000000000000000111e-01 2.866323892736584185e+02 9.151015843513717128e-05
2.000000000000000111e-01 2.955996595526108877e+02 7.830681438761893823e-05
2.000000000000000111e-01 3.045669298315633569e+02 6.736749432688897291e-05
2.000000000000000111e-01 3.135342001105157692e+02 5.774765245020501618e-05
2.000000000000000111e-01 3.225014703894681816e+02 4.833215822258048162e-05
2.000000000000000111e-01 3.314687406684206508e+02 4.035066133279209576e-05
2.000000000000000111e-01 3.404360109473730631e+02 3.365784945664343302e-05
2.000000000000000111e-01 3.494032812263255323e+02 2.741422226926613546e-05
2.000000000000000111e-01 3.583705515052780015e+02 2.181061378153519939e-05
2.000000000000000111e-01 3.673378217842304139e+02 1.719871767177987723e-05
2.000000000000000111e-01 3.763050920631828831e+02 1.299002565111475276e-05
2.000000000000000111e-01 3.852723623421352954e+02 9.336450338918269632e-06
2.000000000000000111e-01 3.942396326210877646e+02 6.094924316086105543e-06
2.000000000000000111e-01 4.032069029000401770e+02 3.430377027125188086e-06
2.000000000000000111e-01 4.121741731789926462e+02 1.017977302167310892e-06
2.000000000000000111e-01 4.163375486656491375e+02 0.000000000000000000e+00
3.000000000000000444e-01 1.000000000000000000e+00 3.047809856253574402e-03
3.000000000000000444e-01 1.287641545680031863e+00 2.292919254651451869e-03
3.000000000000000444e-01 1.658020750161261603e+00 1.964843453201825432e-03
3.000000000000000444e-01 2.134936401507212977e+00 1.707982500152841051e-03
3.000000000000000444e-01 2.749032807965313019e+00 1.427399506861672844e-03
3.000000000000000444e-01 3.539768853973574103e+00 1.262967941587978633e-03
3.000000000000000444e-01 4.557953438480568664e+00 1.139552640323520391e-03
3.000000000000000444e-01 5.869010210662734650e+00 9.850280958862834939e-04
3.000000000000000444e-01 7.557181379269653831e+00 8.492110963163674231e-04
3.000000000000000444e-01 9.730940712187132746e+00 7.760900807156513983e-04
3.000000000000000444e-01 1.252996353956138798e+01 7.244074968783253141e-04
3.000000000000000444e-01 1.613410161939527043e+01 6.768751702503713772e-04
3.000000000000000444e-01 2.077493954735683701e+01 6.392058679595286888e-04
3.000000000000000444e-01 2.675067527016777902e+01 6.278380616101921288e-04
3.000000000000000444e-01 3.444528085286343355e+01 6.350165836786244959e-04
3.000000000000000444e-01 4.435317467876388520e+01 6.595357869068535278e-04
3.000000000000000444e-01 5.711099039917998255e+01 6.964796046803577168e-04
3.000000000000000444e-01 7.315699939760300197e+01 7.384050070631411168e-04
3.000000000000000444e-01 7.353848395291758777e+01 7.392961660651615856e-04
3.000000000000000444e-01 8.366159418289984728e+01 7.589347763066172509e-04
3.000000000000000444e-01 9.416618896819667839e+01 7.697603262549325507e-04
3.000000000000000444e-01 9.469120714410102835e+01 7.697589884975617434e-04
3.000000000000000444e-01 1.046707837534935237e+02 7.732080641379322165e-04
3.000000000000000444e-01 1.151753785387903690e+02 7.676806767745021848e-04
3.000000000000000444e-01 1.219283323293383461e+02 7.601145774694497478e-04
3.000000000000000444e-01 1.256799733240872143e+02 7.544201245670616391e-04
3.000000000000000444e-01 1.361845681093840597e+02 7.324304333477013162e-04
3.000000000000000444e-01 1.466891628946808908e+02 7.060459066288046715e-04
3.000000000000000444e-01 1.571937576799777503e+02 6.745964629404861473e-04
3.000000000000000444e-01 1.676983524652745814e+02 6.408614854239879548e-04
3.000000000000000444e-01 1.782029472505714125e+02 6.027433608852438745e-04
3.000000000000000444e-01 1.887075420358682436e+02 5.626695647703176600e-04
3.000000000000000444e-01 1.992121368211651031e+02 5.212400085739917399e-04
3.000000000000000444e-01 2.097167316064619627e+02 4.835148208938387909e-04
3.000000000000000444e-01 2.202213263917587938e+02 4.431147999738015435e-04
3.000000000000000444e-01 2.307259211770556249e+02 4.060205895297124739e-04
3.000000000000000444e-01 2.412305159623524560e+02 3.665414468967897695e-04
3.000000000000000444e-01 2.517351107476492871e+02 3.315182147318399952e-04
3.000000000000000444e-01 2.622397055329461750e+02 2.972563883993235281e-04
3.000000000000000444e-01 2.727443003182430061e+02 2.667984292519556518e-04
3.000000000000000444e-01 2.832488951035398372e+02 2.364524629126434443e-04
3.000000000000000444e-01 2.937534898888366683e+02 2.082452174705304033e-04
3.000000000000000444e-01 3.042580846741334994e+02 1.842256088333409396e-04
3.000000000000000444e-01 3.147626794594303874e+02 1.607063509939723469e-04
3.000000000000000444e-01 3.252672742447272185e+02 1.399090022496753724e-04
3.000000000000000444e-01 3.357718690300240496e+02 1.213304911926969820e-04
3.000000000000000444e-01 3.462764638153208807e+02 1.040351246518772559e-04
3.000000000000000444e-01 3.567810586006177118e+02 8.847819905470109630e-05
3.000000000000000444e-01 3.672856533859145429e+02 7.553341364148347527e-05
3.000000000000000444e-01 3.777902481712113740e+02 6.318301169123381820e-05
3.000000000000000444e-01 3.882948429565082620e+02 5.250185069249195828e-05
3.000000000000000444e-01 3.987994377418050931e+02 4.272066624278391468e-05
3.000000000000000444e-01 4.093040325271019242e+02 3.535720475981483051e-05
3.000000000000000444e-01 4.198086273123987553e+02 2.751896754481174924e-05
3.000000000000000444e-01 4.303132220976955864e+02 2.117579422275842841e-05
3.000000000000000444e-01 4.408178168829924743e+02 1.595653104444750528e-05
3.000000000000000444e-01 4.513224116682893055e+02 1.137722675119254101e-05
3.000000000000000444e-01 4.618270064535861366e+02 7.300491748194154300e-06
3.000000000000000444e-01 4.723316012388829677e+02 3.956934732316233361e-06
3.000000000000000444e-01 4.828361960241797988e+02 1.166396616988004821e-06
3.000000000000000444e-01 4.877133293173533275e+02 0.000000000000000000e+00
4.000000000000000222e-01 1.000000000000000000e+00 4.346419465067451367e-03
4.000000000000000222e-01 1.296415814952702528e+00 3.141628545427799322e-03
4.000000000000000222e-01 1.680693965259479672e+00 2.688673475657313815e-03
4.000000000000000222e-01 2.178878236657957324e+00 2.326779728889509253e-03
4.000000000000000222e-01 2.824732204859633278e+00 1.921820134156175183e-03
4.000000000000000222e-01 3.662027503386245719e+00 1.686405990471779009e-03
4.000000000000000222e-01 4.747510370181690753e+00 1.525173332963624664e-03
4.000000000000000222e-01 6.154747525555502641e+00 1.319163140053162143e-03
4.000000000000000222e-01 7.979112029171165688e+00 1.123200547019579569e-03
4.000000000000000222e-01 1.034424702389684647e+01 1.025185157197555392e-03
4.000000000000000222e-01 1.341044543555729973e+01 9.571780749024593870e-04
4.000000000000000222e-01 1.738551354821677108e+01 8.904080051900222165e-04
4.000000000000000222e-01 2.253885471498269055e+01 8.400501071886357432e-04
4.000000000000000222e-01 2.921972770342483727e+01 8.260841336933438719e-04
4.000000000000000222e-01 3.788091710333157636e+01 8.402079633384837865e-04
4.000000000000000222e-01 4.910942001767138976e+01 8.810459716155627508e-04
4.000000000000000222e-01 6.366622877406400249e+01 9.447649083293766219e-04
4.000000000000000222e-01 8.253790586109334981e+01 1.027421903715803513e-03
4.000000000000000222e-01 8.323257617153684862e+01 1.029567078861583392e-03
4.000000000000000222e-01 9.518392044232163585e+01 1.070698270943953390e-03
4.000000000000000222e-01 1.070034464913987620e+02 1.099748262059787500e-03
4.000000000000000222e-01 1.071352647131064089e+02 1.102459473224834180e-03
4.000000000000000222e-01 1.190866089838911819e+02 1.118983993351329405e-03
4.000000000000000222e-01 1.310379532546759833e+02 1.120393311927214220e-03
4.000000000000000222e-01 1.387209602858947051e+02 1.116527834891102187e-03
4.000000000000000222e-01 1.429892975254607563e+02 1.112907739033061746e-03
4.000000000000000222e-01 1.549406417962455293e+02 1.093987088131055012e-03
4.000000000000000222e-01 1.668919860670303024e+02 1.059793810968425506e-03
4.000000000000000222e-01 1.788433303378150754e+02 1.020646375926270418e-03
4.000000000000000222e-01 1.907946746085998484e+02 9.736675416241390938e-04
4.000000000000000222e-01 2.027460188793846498e+02 9.228473503032536039e-04
4.000000000000000222e-01 2.146973631501694513e+02 8.659190798216457544e-04
4.000000000000000222e-01 2.266487074209542243e+02 8.144772197153399718e-04
4.000000000000000222e-01 2.386000516917389973e+02 7.523664000935345554e-04
4.000000000000000222e-01 2.505513959625237703e+02 6.930298828550107313e-04
4.000000000000000222e-01 2.625027402333085433e+02 6.343503590802401478e-04
4.000000000000000222e-01 2.744540845040933164e+02 5.754073181228316815e-04
4.000000000000000222e-01 2.864054287748780894e+02 5.256027336380122246e-04
4.000000000000000222e-01 2.983567730456628624e+02 4.688493993040841246e-04
4.000000000000000222e-01 3.103081173164476922e+02 4.185841167105977317e-04
4.000000000000000222e-01 3.222594615872324653e+02 3.733261670918295184e-04
4.000000000000000222e-01 3.342108058580172383e+02 3.292782884123730998e-04
4.000000000000000222e-01 3.461621501288020113e+02 2.882273979202445015e-04
4.000000000000000222e-01 3.581134943995867843e+02 2.473566826049613870e-04
4.000000000000000222e-01 3.700648386703715573e+02 2.176911114404974279e-04
4.000000000000000222e-01 3.820161829411563303e+02 1.861010843703885637e-04
4.000000000000000222e-01 3.939675272119411034e+02 1.591492188332894922e-04
4.000000000000000222e-01 4.059188714827258764e+02 1.329283370024113948e-04
4.000000000000000222e-01 4.178702157535107062e+02 1.111052218797581250e-04
4.000000000000000222e-01 4.298215600242954793e+02 9.337346318369579997e-05
4.000000000000000222e-01 4.417729042950802523e+02 7.680147611167311599e-05
4.000000000000000222e-01 4.537242485658650253e+02 6.234604960032353888e-05
4.000000000000000222e-01 4.656755928366497983e+02 4.969536080682460073e-05
4.000000000000000222e-01 4.776269371074345713e+02 3.832640204149209695e-05
4.000000000000000222e-01 4.895782813782193443e+02 2.953804441254686617e-05
4.000000000000000222e-01 5.015296256490041173e+02 2.136723470284369145e-05
4.000000000000000222e-01 5.134809699197888904e+02 1.526563658105197440e-05
4.000000000000000222e-01 5.254323141905737202e+02 9.838675697726762489e-06
4.000000000000000222e-01 5.373836584613585501e+02 5.252944500684977960e-06
4.000000000000000222e-01 5.493350027321432663e+02 1.535634747240148989e-06
4.000000000000000222e-01 5.548838411435790476e+02 0.000000000000000000e+00
5.000000000000000000e-01 1.000000000000000000e+00 5.056137833732541817e-03
5.000000000000000000e-01 1.302941352081465443e+00 3.599547196468466746e-03
5.000000000000000000e-01 1.697656166963877444e+00 3.065736004767868721e-03
5.000000000000000000e-01 2.211946421553352415e+00 2.654636975355613264e-03
5.000000000000000000e-01 2.882036461230484736e+00 2.183129923140199064e-03
5.000000000000000000e-01 3.755124483543730296e+00 1.916213267500279467e-03
5.000000000000000000e-01 4.892706971822682327e+00 1.734680086775825620e-03
5.000000000000000000e-01 6.374910237205058117e+00 1.494595745099319738e-03
5.000000000000000000e-01 8.306134163861935704e+00 1.271871073738273673e-03
5.000000000000000000e-01 1.082240567803232345e+01 1.166822559569293980e-03
5.000000000000000000e-01 1.410095988690956759e+01 1.091353054067339783e-03
5.000000000000000000e-01 1.837272374069646119e+01 1.015686459995903800e-03
5.000000000000000000e-01 2.393858151212227980e+01 9.652263264788882129e-04
5.000000000000000000e-01 3.119056776231697725e+01 9.590597737688647982e-04
5.000000000000000000e-01 4.063948053242185665e+01 9.893325324340873726e-04
5.000000000000000000e-01 5.295085971280213499e+01 1.058082316442609432e-03
5.000000000000000000e-01 6.899186474807441982e+01 1.169112869640689251e-03
5.000000000000000000e-01 8.989235353747768897e+01 1.317619428432063389e-03
5.000000000000000000e-01 9.156378500747769067e+01 1.329934549441841481e-03
5.000000000000000000e-01 1.047114054188078285e+02 1.407573638461117596e-03
5.000000000000000000e-01 1.171244646599062946e+02 1.472127793410481136e-03
5.000000000000000000e-01 1.178590258301379521e+02 1.477634368390958602e-03
5.000000000000000000e-01 1.310066462414680757e+02 1.530305046402950092e-03
5.000000000000000000e-01 1.441542666527982135e+02 1.556671472592317633e-03
5.000000000000000000e-01 1.526063083457961511e+02 1.564139255432933032e-03
5.000000000000000000e-01 1.573018870641283513e+02 1.572668325274563300e-03
5.000000000000000000e-01 1.704495074754584607e+02 1.562647230726804757e-03
5.000000000000000000e-01 1.835971278867885985e+02 1.538732669377821521e-03
5.000000000000000000e-01 1.967447482981187363e+02 1.496804404559222293e-03
5.000000000000000000e-01 2.098923687094488741e+02 1.455132359542540095e-03
5.000000000000000000e-01 2.230399891207790120e+02 1.387393263609299323e-03
5.000000000000000000e-01 2.361876095321091213e+02 1.322749280074070723e-03
5.000000000000000000e-01 2.493352299434392592e+02 1.248540241190856806e-03
5.000000000000000000e-01 2.624828503547694254e+02 1.163099672415899774e-03
5.000000000000000000e-01 2.756304707660995064e+02 1.078487802259857223e-03
5.000000000000000000e-01 2.887780911774296442e+02 9.977908517621860915e-04
5.000000000000000000e-01 3.019257115887597820e+02 9.102209862594285057e-04
5.000000000000000000e-01 3.150733320000899198e+02 8.216377369645568246e-04
5.000000000000000000e-01 3.282209524114200576e+02 7.434011080318781274e-04
5.000000000000000000e-01 3.413685728227501386e+02 6.656727818718514078e-04
5.000000000000000000e-01 3.545161932340803332e+02 5.904494939834639949e-04
5.000000000000000000e-01 3.676638136454104142e+02 5.197505511250427677e-04
5.000000000000000000e-01 3.808114340567405520e+02 4.591976258857886732e-04
5.000000000000000000e-01 3.939590544680706898e+02 3.937966210677746508e-04
5.000000000000000000e-01 4.071066748794008276e+02 3.397053167669854593e-04
5.000000000000000000e-01 4.202542952907309655e+02 2.885177771368153108e-04
5.000000000000000000e-01 4.334019157020611033e+02 2.455518602645568498e-04
5.000000000000000000e-01 4.465495361133912411e+02 2.056640454167748752e-04
5.000000000000000000e-01 4.596971565247213221e+02 1.698231943023276896e-04
5.000000000000000000e-01 4.728447769360514599e+02 1.389114035778112781e-04
5.000000000000000000e-01 4.859923973473815977e+02 1.116701317879538474e-04
5.000000000000000000e-01 4.991400177587117355e+02 9.081132627463386539e-05
5.000000000000000000e-01 5.122876381700418733e+02 7.078966365388778817e-05
5.000000000000000000e-01 5.254352585813719543e+02 5.416068613679898521e-05
5.000000000000000000e-01 5.385828789927021489e+02 4.138550998266856014e-05
5.000000000000000000e-01 5.517304994040323436e+02 2.985073119857007288e-05
5.000000000000000000e-01 5.648781198153624246e+02 2.036115253319810878e-05
5.000000000000000000e-01 5.780257402266925055e+02 1.294664836162198756e-05
5.000000000000000000e-01 5.911733606380225865e+02 6.813698389359600704e-06
5.000000000000000000e-01 6.043209810493527812e+02 1.898984028490663556e-06
5.000000000000000000e-01 6.104252333831846045e+02 0.000000000000000000e+00
6.000000000000000888e-01 1.000000000000000000e+00 4.581344887325040048e-03
6.000000000000000888e-01 1.307344757258571022e+00 3.286318854961278301e-03
6.000000000000000888e-01 1.709150314331471909e+00 2.818666290444202163e-03
6.000000000000000888e-01 2.234448702808088605e+00 2.424895165325360435e-03
6.000000000000000888e-01 2.921194796979369457e+00 2.001020745524545799e-03
6.000000000000000888e-01 3.819008702761994556e+00 1.771765046898249622e-03
6.000000000000000888e-01 4.992761005480749859e+00 1.600147894098580010e-03
6.000000000000000888e-01 6.527259924760290488e+00 1.368748511453360709e-03
6.000000000000000888e-01 8.533379041899340933e+00 1.179890489966881799e-03
6.000000000000000888e-01 1.115606835212727077e+01 1.095754429950569287e-03
6.000000000000000888e-01 1.458482747177185246e+01 1.027184069844760831e-03
6.000000000000000888e-01 1.906739773074171040e+01 9.626391900056305295e-04
6.000000000000000888e-01 2.492766245784915213e+01 9.301311653287404465e-04
6.000000000000000888e-01 3.258904882498039512e+01 9.445237056829243775e-04
6.000000000000000888e-01 4.260512212538171184e+01 9.987431161987063259e-04
6.000000000000000888e-01 5.569958304297892226e+01 1.104105757344015816e-03
6.000000000000000888e-01 7.281855787272689895e+01 1.269431852450119509e-03
6.000000000000000888e-01 9.519895986603935967e+01 1.501090970738446504e-03
6.000000000000000888e-01 9.762559930744221504e+01 1.525708493805775752e-03
6.000000000000000888e-01 1.116436340797928892e+02 1.658983085454984610e-03
6.000000000000000888e-01 1.244578610773356644e+02 1.769498612720648732e-03
6.000000000000000888e-01 1.256616688521435634e+02 1.777501177288134384e-03
6.000000000000000888e-01 1.396797036244942376e+02 1.877584775102282989e-03
6.000000000000000888e-01 1.536977383968449260e+02 1.950117986048042606e-03
6.000000000000000888e-01 1.627093321790703442e+02 1.987826047941043759e-03
6.000000000000000888e-01 1.677157731691955860e+02 2.009456476322331146e-03
6.000000000000000888e-01 1.817338079415462744e+02 2.031667465794978131e-03
6.000000000000000888e-01 1.957518427138969628e+02 2.040919487334054601e-03
6.000000000000000888e-01 2.097698774862476228e+02 2.013028626870715532e-03
6.000000000000000888e-01 2.237879122585982827e+02 1.968188046516863333e-03
6.000000000000000888e-01 2.378059470309489711e+02 1.911620782454845650e-03
6.000000000000000888e-01 2.518239818032996595e+02 1.830338283767083980e-03
6.000000000000000888e-01 2.658420165756503479e+02 1.747409076306946120e-03
6.000000000000000888e-01 2.798600513480009795e+02 1.643911575842113212e-03
6.000000000000000888e-01 2.938780861203516679e+02 1.534887593812165208e-03
6.000000000000000888e-01 3.078961208927023563e+02 1.423809518812885720e-03
6.000000000000000888e-01 3.219141556650530447e+02 1.315067779047186846e-03
6.000000000000000888e-01 3.359321904374037331e+02 1.189220396479128122e-03
6.000000000000000888e-01 3.499502252097543646e+02 1.077414619581024136e-03
6.000000000000000888e-01 3.639682599821050530e+02 9.677714715715255095e-04
6.000000000000000888e-01 3.779862947544557414e+02 8.636490889827725097e-04
6.000000000000000888e-01 3.920043295268063730e+02 7.557495375728224152e-04
6.000000000000000888e-01 4.060223642991570614e+02 6.634675398969106484e-04
6.000000000000000888e-01 4.200403990715077498e+02 5.743827731823761057e-04
6.000000000000000888e-01 4.340584338438584382e+02 4.929882463209304261e-04
6.000000000000000888e-01 4.480764686162091266e+02 4.194520566707341945e-04
6.000000000000000888e-01 4.620945033885597582e+02 3.529608859477467329e-04
6.000000000000000888e-01 4.761125381609104465e+02 2.928382873987728750e-04
6.000000000000000888e-01 4.901305729332611349e+02 2.415443963898242881e-04
6.000000000000000888e-01 5.041486077056118233e+02 1.960781923723123907e-04
6.000000000000000888e-01 5.181666424779624549e+02 1.569366376976021515e-04
6.000000000000000888e-01 5.321846772503131433e+02 1.240493655143554543e-04
6.000000000000000888e-01 5.462027120226638317e+02 9.651258441597614340e-05
6.000000000000000888e-01 5.602207467950145201e+02 7.380572569723513549e-05
6.000000000000000888e-01 5.742387815673652085e+02 5.461765017752128073e-05
6.000000000000000888e-01 5.882568163397158969e+02 3.934849345623265903e-05
6.000000000000000888e-01 6.022748511120665853e+02 2.705264739138228084e-05
6.000000000000000888e-01 6.162928858844172737e+02 1.688837359366414433e-05
6.000000000000000888e-01 6.303109206567679621e+02 8.773401587915000219e-06
6.000000000000000888e-01 6.443289554291186505e+02 2.432524863110869080e-06
6.000000000000000888e-01 6.508373287162814904e+02 0.000000000000000000e+00
7.000000000000000666e-01 1.000000000000000000e+00 3.351222807801352340e-03
7.000000000000000666e-01 1.310036565224138361e+00 2.485961092898184011e-03
7.000000000000000666e-01 1.716195802224257827e+00 2.140227094853512386e-03
7.000000000000000666e-01 2.248279253997951255e+00 1.830599693244022979e-03
7.000000000000000666e-01 2.945328031572163940e+00 1.533112526467943779e-03
7.000000000000000666e-01 3.858487417939170161e+00 1.375182010224170652e-03
7.000000000000000666e-01 5.054759603957585057e+00 1.228484990957720568e-03
7.000000000000000666e-01 6.621919909602319798e+00 1.044254173404048601e-03
7.000000000000000666e-01 8.674957213564759684e+00 9.270428178180327959e-04
7.000000000000000666e-01 1.136451115152473790e+01 8.715563723889027019e-04
7.000000000000000666e-01 1.488792515439488540e+01 8.213669919309370430e-04
7.000000000000000666e-01 1.950372633257752497e+01 7.813482157313088620e-04
7.000000000000000666e-01 2.555059465380143990e+01 7.761855876891223926e-04
7.000000000000000666e-01 3.347221325970026840e+01 8.111872227980095312e-04
7.000000000000000666e-01 4.384982328918759720e+01 8.887648314235147831e-04
7.000000000000000666e-01 5.744487188745274153e+01 1.024397433437639971e-03
7.000000000000000666e-01 7.525488265717925174e+01 1.236377498842350549e-03
7.000000000000000666e-01 9.858664799255667788e+01 1.541740432874923834e-03
7.000000000000000666e-01 1.015163948641117884e+02 1.578613550689995535e-03
7.000000000000000666e-01 1.160931079728047592e+02 1.763589923520039173e-03
7.000000000000000666e-01 1.291521137131301487e+02 1.915557327530717849e-03
7.000000000000000666e-01 1.306698210814977301e+02 1.932802659222199572e-03
7.000000000000000666e-01 1.452465341901907152e+02 2.087464798489532120e-03
7.000000000000000666e-01 1.598232472988837003e+02 2.208180963378336865e-03
7.000000000000000666e-01 1.691939914401863234e+02 2.272813736929205422e-03
7.000000000000000666e-01 1.743999604075766570e+02 2.299815720014585473e-03
7.000000000000000666e-01 1.889766735162696421e+02 2.375750520401421866e-03
7.000000000000000666e-01 2.035533866249626271e+02 2.403528764164008808e-03
7.000000000000000666e-01 2.181300997336555838e+02 2.409898932901804146e-03
7.000000000000000666e-01 2.327068128423485689e+02 2.390499753907397371e-03
7.000000000000000666e-01 2.472835259510415256e+02 2.341876855087057265e-03
7.000000000000000666e-01 2.618602390597345106e+02 2.277724775578715468e-03
7.000000000000000666e-01 2.764369521684275242e+02 2.199588667998892463e-03
7.000000000000000666e-01 2.910136652771204808e+02 2.072047748245632592e-03
7.000000000000000666e-01 3.055903783858134375e+02 1.957252343347487631e-03
7.000000000000000666e-01 3.201670914945063942e+02 1.829405739896765477e-03
7.000000000000000666e-01 3.347438046031993508e+02 1.684782350474659613e-03
7.000000000000000666e-01 3.493205177118923643e+02 1.547074988649346479e-03
7.000000000000000666e-01 3.638972308205853778e+02 1.408849313606158832e-03
7.000000000000000666e-01 3.784739439292783345e+02 1.264289351017057906e-03
7.000000000000000666e-01 3.930506570379712912e+02 1.124998564587465638e-03
7.000000000000000666e-01 4.076273701466642478e+02 9.927984631362724195e-04
7.000000000000000666e-01 4.222040832553572045e+02 8.694792068681090561e-04
7.000000000000000666e-01 4.367807963640501612e+02 7.524862640068924295e-04
7.000000000000000666e-01 4.513575094727432315e+02 6.452807993743204552e-04
7.000000000000000666e-01 4.659342225814361882e+02 5.453703849718359760e-04
7.000000000000000666e-01 4.805109356901291449e+02 4.585103120379981686e-04
7.000000000000000666e-01 4.950876487988221015e+02 3.799081056553696889e-04
7.000000000000000666e-01 5.096643619075150582e+02 3.109091371593218243e-04
7.000000000000000666e-01 5.242410750162080149e+02 2.522129045813325046e-04
7.000000000000000666e-01 5.388177881249009715e+02 2.011149063191922885e-04
7.000000000000000666e-01 5.533945012335940419e+02 1.581531611603975696e-04
7.000000000000000666e-01 5.679712143422869985e+02 1.226017465079369149e-04
7.000000000000000666e-01 5.825479274509799552e+02 9.253221888593100148e-05
7.000000000000000666e-01 5.971246405596729119e+02 6.855995479472388045e-05
7.000000000000000666e-01 6.117013536683658685e+02 4.919572230916981838e-05
7.000000000000000666e-01 6.262780667770589389e+02 3.300982493780645543e-05
7.000000000000000666e-01 6.408547798857518956e+02 2.079537218672555116e-05
7.000000000000000666e-01 6.554314929944448522e+02 1.086592947237175491e-05
7.000000000000000666e-01 6.700082061031378089e+02 3.032157226692108514e-06
7.000000000000000666e-01 6.767759657607452937e+02 0.000000000000000000e+00
8.000000000000000444e-01 1.000000000000000000e+00 2.214632753764109088e-03
8.000000000000000444e-01 1.311538363062782375e+00 1.733638338921539290e-03
8.000000000000000444e-01 1.720132877785402803e+00 1.513131587356793002e-03
8.000000000000000444e-01 2.256020258781140431e+00 1.266075052354852628e-03
8.000000000000000444e-01 2.958857117238291590e+00 1.085235838816446356e-03
8.000000000000000444e-01 3.880654620079372563e+00 9.799042092895600495e-04
8.000000000000000444e-01 5.089627408030924727e+00 8.651023481371089563e-04
8.000000000000000444e-01 6.675241599328349373e+00 7.423069532037877968e-04
8.000000000000000444e-01 8.754835440231694577e+00 6.793193965879632673e-04
8.000000000000000444e-01 1.148230254216550961e+01 6.425697785811202095e-04
8.000000000000000444e-01 1.505948028034337760e+01 6.107239394168343348e-04
8.000000000000000444e-01 1.975108611545780946e+01 5.944601453922955308e-04
8.000000000000000444e-01 2.590430715257958738e+01 6.106413083189885958e-04
8.000000000000000444e-01 3.397449259916975706e+01 6.597197793154045437e-04
8.000000000000000444e-01 4.455885040940370345e+01 7.527455876819947331e-04
8.000000000000000444e-01 5.844064172590873341e+01 9.066787017801642085e-04
8.000000000000000444e-01 7.664714358553688101e+01 1.147264421645650522e-03
8.000000000000000444e-01 1.005256692316130511e+02 1.496093456240084113e-03
8.000000000000000444e-01 1.037505052240069006e+02 1.544944228071843881e-03
8.000000000000000444e-01 1.186480136664283975e+02 1.765055849469550223e-03
8.000000000000000444e-01 1.318432716698204956e+02 1.947654728767948601e-03
8.000000000000000444e-01 1.335455221088499229e+02 1.971670053003411575e-03
8.000000000000000444e-01 1.484430305512714199e+02 2.158512711446615613e-03
8.000000000000000444e-01 1.633405389936929168e+02 2.320182588812948112e-03
8.000000000000000444e-01 1.729175087066781202e+02 2.409705983586990334e-03
8.000000000000000444e-01 1.782380474361144138e+02 2.456863737938880243e-03
8.000000000000000444e-01 1.931355558785359108e+02 2.557349760809173901e-03
8.000000000000000444e-01 2.080330643209574362e+02 2.620935562287833934e-03
8.000000000000000444e-01 2.229305727633789331e+02 2.658601292510138527e-03
8.000000000000000444e-01 2.378280812058004301e+02 2.655699738927398516e-03
8.000000000000000444e-01 2.527255896482219271e+02 2.630209278929878432e-03
8.000000000000000444e-01 2.676230980906434525e+02 2.570092574625232763e-03
8.000000000000000444e-01 2.825206065330649494e+02 2.486105981728710217e-03
8.000000000000000444e-01 2.974181149754864464e+02 2.380380301251016836e-03
8.000000000000000444e-01 3.123156234179080002e+02 2.255845485844405751e-03
8.000000000000000444e-01 3.272131318603294403e+02 2.114450619273649211e-03
8.000000000000000444e-01 3.421106403027509941e+02 1.966446086914962373e-03
8.000000000000000444e-01 3.570081487451724342e+02 1.806239284326518557e-03
8.000000000000000444e-01 3.719056571875939881e+02 1.641249956023911084e-03
8.000000000000000444e-01 3.868031656300154282e+02 1.482462860888073214e-03
8.000000000000000444e-01 4.017006740724369820e+02 1.325640188592035543e-03
8.000000000000000444e-01 4.165981825148585358e+02 1.169529856873291820e-03
8.000000000000000444e-01 4.314956909572799759e+02 1.025221504982196672e-03
8.000000000000000444e-01 4.463931993997015297e+02 8.869540893375310988e-04
8.000000000000000444e-01 4.612907078421229699e+02 7.597971401264672769e-04
8.000000000000000444e-01 4.761882162845445237e+02 6.435600044897014146e-04
8.000000000000000444e-01 4.910857247269659638e+02 5.392838835290791021e-04
8.000000000000000444e-01 5.059832331693875176e+02 4.462393912800368214e-04
8.000000000000000444e-01 5.208807416118090714e+02 3.655573198941234215e-04
8.000000000000000444e-01 5.357782500542305115e+02 2.951265534687770413e-04
8.000000000000000444e-01 5.506757584966520653e+02 2.353293411325979687e-04
8.000000000000000444e-01 5.655732669390735055e+02 1.840677360491323406e-04
8.000000000000000444e-01 5.804707753814950593e+02 1.424299613629493048e-04
8.000000000000000444e-01 5.953682838239164994e+02 1.073803387375150259e-04
8.000000000000000444e-01 6.102657922663380532e+02 7.918829696350816098e-05
8.000000000000000444e-01 6.251633007087596070e+02 5.631994039913712258e-05
8.000000000000000444e-01 6.400608091511810471e+02 3.811948858564833791e-05
8.000000000000000444e-01 6.549583175936026009e+02 2.366191673938726540e-05
8.000000000000000444e-01 6.698558260360240411e+02 1.233514947474081202e-05
8.000000000000000444e-01 6.847533344784455949e+02 3.435400652083170589e-06
8.000000000000000444e-01 6.916700348267127083e+02 0.000000000000000000e+00
9.000000000000000222e-01 1.000000000000000000e+00 1.555569932212261296e-03
9.000000000000000222e-01 1.312278313162281274e+00 1.255737782932506630e-03
9.000000000000000222e-01 1.722074371196042675e+00 1.117871232369326137e-03
9.000000000000000222e-01 2.259840850973139137e+00 9.274559335634509263e-04
9.000000000000000222e-01 2.965540139930245456e+00 8.153721941451128269e-04
9.000000000000000222e-01 3.891614012442698556e+00 7.364311213908301783e-04
9.000000000000000222e-01 5.106880671727002330e+00 6.378229785232568004e-04
9.000000000000000222e-01 6.701648753414968240e+00 5.584456282988116025e-04
9.000000000000000222e-01 8.794428321537500537e+00 5.172797782004106247e-04
9.000000000000000222e-01 1.154073756301382225e+01 4.992082401438360318e-04
9.000000000000000222e-01 1.514465962184036130e+01 4.770941879406766489e-04
9.000000000000000222e-01 1.987400838196558794e+01 4.762965040263675395e-04
9.000000000000000222e-01 2.608023019525883512e+01 5.016531122275654734e-04
9.000000000000000222e-01 3.422452048751825515e+01 5.593582639212396060e-04
9.000000000000000222e-01 4.491209601414840336e+01 6.567594678515098440e-04
9.000000000000000222e-01 5.893716959802910083e+01 8.199025204822048187e-04
9.000000000000000222e-01 7.734196950266090198e+01 1.074872865320453900e-03
9.000000000000000222e-01 1.014941892756004336e+02 1.444384964537761456e-03
9.000000000000000222e-01 1.048683253060991660e+02 1.498347755680554507e-03
9.000000000000000222e-01 1.199263412474877697e+02 1.732920579529823642e-03
9.000000000000000222e-01 1.331886234983582256e+02 1.933000635530680638e-03
9.000000000000000222e-01 1.349843571888763734e+02 1.961467665093849944e-03
9.000000000000000222e-01 1.500423731302649628e+02 2.167132744202745435e-03
9.000000000000000222e-01 1.651003890716535523e+02 2.357332399278260805e-03
9.000000000000000222e-01 1.747805421768318581e+02 2.458674520091916251e-03
9.000000000000000222e-01 1.801584050130421701e+02 2.506279372429001413e-03
9.000000000000000222e-01 1.952164209544307596e+02 2.632360435737328419e-03
9.000000000000000222e-01 2.102744368958193490e+02 2.724970348076209518e-03
9.000000000000000222e-01 2.253324528372079385e+02 2.773033396527481691e-03
9.000000000000000222e-01 2.403904687785965564e+02 2.785909023984035286e-03
9.000000000000000222e-01 2.554484847199851458e+02 2.772925733705198029e-03
9.000000000000000222e-01 2.705065006613737069e+02 2.724316241131141160e-03
9.000000000000000222e-01 2.855645166027623532e+02 2.640601042316745393e-03
9.000000000000000222e-01 3.006225325441509426e+02 2.541530675716752261e-03
9.000000000000000222e-01 3.156805484855395321e+02 2.416126271210966656e-03
9.000000000000000222e-01 3.307385644269281784e+02 2.279448968679264730e-03
9.000000000000000222e-01 3.457965803683167678e+02 2.116631911537843799e-03
9.000000000000000222e-01 3.608545963097053573e+02 1.953998496227154612e-03
9.000000000000000222e-01 3.759126122510939467e+02 1.782095433731113558e-03
9.000000000000000222e-01 3.909706281924825362e+02 1.608355290540519492e-03
9.000000000000000222e-01 4.060286441338711256e+02 1.437963807150906227e-03
9.000000000000000222e-01 4.210866600752597151e+02 1.272668502091167057e-03
9.000000000000000222e-01 4.361446760166483045e+02 1.115302284506987070e-03
9.000000000000000222e-01 4.512026919580369508e+02 9.643369615168013911e-04
9.000000000000000222e-01 4.662607078994255403e+02 8.284377674594081004e-04
9.000000000000000222e-01 4.813187238408141297e+02 7.008462724544292210e-04
9.000000000000000222e-01 4.963767397822027192e+02 5.876027876734763594e-04
9.000000000000000222e-01 5.114347557235913087e+02 4.855219587748629308e-04
9.000000000000000222e-01 5.264927716649799549e+02 3.966372753247435581e-04
9.000000000000000222e-01 5.415507876063685444e+02 3.200671407242385198e-04
9.000000000000000222e-01 5.566088035477571339e+02 2.553307957099226581e-04
9.000000000000000222e-01 5.716668194891457233e+02 1.997777818300031582e-04
9.000000000000000222e-01 5.867248354305343128e+02 1.544578649788491416e-04
9.000000000000000222e-01 6.017828513719229022e+02 1.163680632720335759e-04
9.000000000000000222e-01 6.168408673133114917e+02 8.559495949631926452e-05
9.000000000000000222e-01 6.318988832547001948e+02 6.079252662837999327e-05
9.000000000000000222e-01 6.469568991960886706e+02 4.105934191224461173e-05
9.000000000000000222e-01 6.620149151374773737e+02 2.538698318855041111e-05
9.000000000000000222e-01 6.770729310788658495e+02 1.317491424968951719e-05
9.000000000000000222e-01 6.921309470202544389e+02 3.658059442136003648e-06
9.000000000000000222e-01 6.991221687073277735e+02 0.000000000000000000e+00
1.000000000000000000e+00 1.000000000000000000e+00 1.118977122294801622e-03
1.000000000000000000e+00 1.312500592619759932e+00 1.135126974562359389e-03
1.000000000000000000e+00 1.722657805627220817e+00 9.893851703340699431e-04
1.000000000000000000e+00 2.260989390766782403e+00 8.238231634979317763e-04
1.000000000000000000e+00 2.967549915288391738e+00 7.275173327420870377e-04
1.000000000000000000e+00 3.894911022444732307e+00 6.618652337158299802e-04
1.000000000000000000e+00 5.112073025159944883e+00 5.681305033677603667e-04
1.000000000000000000e+00 6.709598875037917409e+00 5.073405140908458528e-04
1.000000000000000000e+00 8.806352499728140160e+00 4.722089387547652776e-04
1.000000000000000000e+00 1.155834287471168942e+01 4.542468238460338199e-04
1.000000000000000000e+00 1.517033187276146933e+01 4.350683531067281451e-04
1.000000000000000000e+00 1.991106957323785664e+01 4.409412936197657949e-04
1.000000000000000000e+00 2.613329061456795444e+01 4.677254321216596880e-04
1.000000000000000000e+00 3.429995941872484622e+01 5.267724891785523786e-04
1.000000000000000000e+00 4.501871706391008843e+01 6.266110211562499373e-04
1.000000000000000000e+00 5.908709282536327834e+01 7.915887423003047443e-04
1.000000000000000000e+00 7.755184434946805538e+01 1.048132869149492842e-03
1.000000000000000000e+00 1.017868416674321850e+02 1.422402261734949597e-03
1.000000000000000000e+00 1.052063383851264149e+02 1.478976288209419340e-03
1.000000000000000000e+00 1.203128895378625174e+02 1.719146980590273216e-03
1.000000000000000000e+00 1.335952900093984681e+02 1.924063507168579648e-03
1.000000000000000000e+00 1.354194406905986057e+02 1.951786759115203048e-03
1.000000000000000000e+00 1.505259918433347082e+02 2.171462720270346709e-03
1.000000000000000000e+00 1.656325429960708107e+02 2.360072677654972018e-03
1.000000000000000000e+00 1.753438973085440580e+02 2.470934284988529021e-03
1.000000000000000000e+00 1.807390941488069132e+02 2.526401392277847959e-03
1.000000000000000000e+00 1.958456453015430156e+02 2.658542959018374979e-03
1.000000000000000000e+00 2.109521964542791181e+02 2.750169229961850134e-03
1.000000000000000000e+00 2.260587476070152206e+02 2.810442484028864100e-03
1.000000000000000000e+00 2.411652987597512947e+02 2.830041012670393534e-03
1.000000000000000000e+00 2.562718499124874256e+02 2.815468212550293128e-03
1.000000000000000000e+00 2.713784010652234997e+02 2.772492017879169164e-03
1.000000000000000000e+00 2.864849522179596306e+02 2.698077777614378385e-03
1.000000000000000000e+00 3.015915033706957047e+02 2.594256109954699071e-03
1.000000000000000000e+00 3.166980545234318356e+02 2.471194077074989962e-03
1.000000000000000000e+00 3.318046056761679097e+02 2.319422301875766809e-03
1.000000000000000000e+00 3.469111568289040406e+02 2.170498152034007217e-03
1.000000000000000000e+00 3.620177079816401147e+02 1.999018319079171914e-03
1.000000000000000000e+00 3.771242591343761887e+02 1.822992779573705561e-03
1.000000000000000000e+00 3.922308102871123197e+02 1.649591237043487217e-03
1.000000000000000000e+00 4.073373614398483937e+02 1.477206241697994306e-03
1.000000000000000000e+00 4.224439125925845246e+02 1.307642203948029174e-03
1.000000000000000000e+00 4.375504637453205987e+02 1.144427170605953137e-03
1.000000000000000000e+00 4.526570148980567296e+02 9.909962557960430487e-04
1.000000000000000000e+00 4.677635660507928037e+02 8.490280795877661090e-04
1.000000000000000000e+00 4.828701172035289346e+02 7.191598183930499738e-04
1.000000000000000000e+00 4.979766683562650087e+02 6.035295293193313143e-04
1.000000000000000000e+00 5.130832195090011965e+02 4.999785847614343593e-04
1.000000000000000000e+00 5.281897706617372705e+02 4.080991321854681754e-04
1.000000000000000000e+00 5.432963218144733446e+02 3.299894532934348392e-04
1.000000000000000000e+00 5.584028729672094187e+02 2.597452307760493399e-04
1.000000000000000000e+00 5.735094241199456064e+02 2.062156902210236635e-04
1.000000000000000000e+00 5.886159752726816805e+02 1.568280425420618567e-04
1.000000000000000000e+00 6.037225264254177546e+02 1.172758915694895190e-04
1.000000000000000000e+00 6.188290775781538287e+02 8.688895211922556896e-05
1.000000000000000000e+00 6.339356287308899027e+02 6.172037809395721029e-05
1.000000000000000000e+00 6.490421798836259768e+02 4.171866706408299653e-05
1.000000000000000000e+00 6.641487310363621646e+02 2.592945909447915017e-05
1.000000000000000000e+00 6.792552821890982386e+02 1.421955894842242712e-05
1.000000000000000000e+00 6.943618333418343127e+02 4.108425691206337692e-06
1.000000000000000000e+00 7.013755892341761182e+02 0.000000000000000000e+00
