# mx [GeV]: 1.0
# sigma_p [cm^2]: 2.51188643151e-27
# depth [m]: 0.3
# loc: MPI
# Columns: gamma/pi, v [km/s], f(v, gamma) [s/km]
0.000000000000000000e+00 1.886028555745133950e-01 4.696560979876734238e-03
0.000000000000000000e+00 2.156842912467512030e-01 4.641673224195781537e-03
0.000000000000000000e+00 2.427657269189890388e-01 4.316120851534566497e-03
0.000000000000000000e+00 2.698471625912268745e-01 4.271652810041331669e-03
0.000000000000000000e+00 2.969285982634646825e-01 4.217930094295194859e-03
0.000000000000000000e+00 3.143380926241889917e-01 4.178991071255660182e-03
0.000000000000000000e+00 3.240100339357024906e-01 4.155996999946629314e-03
0.000000000000000000e+00 3.340794810289058336e-01 4.131020134253866709e-03
0.000000000000000000e+00 3.510914696079403541e-01 3.931744082903944164e-03
0.000000000000000000e+00 3.550606886769487880e-01 3.923389293724240459e-03
0.000000000000000000e+00 3.773595799882162871e-01 3.873254166555651235e-03
0.000000000000000000e+00 3.781729052801781621e-01 3.871401705402986032e-03
0.000000000000000000e+00 4.010589095050326458e-01 3.815242691569197681e-03
0.000000000000000000e+00 4.052543409524159701e-01 3.804433446733557992e-03
0.000000000000000000e+00 4.262466290067122854e-01 3.748492857221474763e-03
0.000000000000000000e+00 4.323357766246537781e-01 3.731711603021967832e-03
0.000000000000000000e+00 4.530162139118515396e-01 3.672833163360860777e-03
0.000000000000000000e+00 4.594172122968915861e-01 3.653958264575195205e-03
0.000000000000000000e+00 4.814670101796786339e-01 3.302139541374046229e-03
0.000000000000000000e+00 4.864986479691294496e-01 3.291473822715134789e-03
0.000000000000000000e+00 5.117046029978625787e-01 3.235287878688508558e-03
0.000000000000000000e+00 5.135800836413673132e-01 3.230976268325473372e-03
0.000000000000000000e+00 5.406615193136050657e-01 3.166033031563062448e-03
0.000000000000000000e+00 5.438412086250384858e-01 3.158192355894124705e-03
0.000000000000000000e+00 5.677429549858429292e-01 3.097215372671496044e-03
0.000000000000000000e+00 5.779960908422355770e-01 3.070222940150008680e-03
0.000000000000000000e+00 5.948243906580807927e-01 2.884861611387271388e-03
0.000000000000000000e+00 6.142960035587210488e-01 2.839174789094139287e-03
0.000000000000000000e+00 6.219058263303185452e-01 2.820851830488121503e-03
0.000000000000000000e+00 6.489872620025562977e-01 2.753929103892365643e-03
0.000000000000000000e+00 6.528756612148383098e-01 2.744102122033692179e-03
0.000000000000000000e+00 6.760686976747941612e-01 2.684454797513231416e-03
0.000000000000000000e+00 6.938782387275729269e-01 2.637754053221739482e-03
0.000000000000000000e+00 7.031501333470320247e-01 2.613030286452498133e-03
0.000000000000000000e+00 7.302315690192697772e-01 2.307901988644676765e-03
0.000000000000000000e+00 7.374559028342226874e-01 2.292795850114326406e-03
0.000000000000000000e+00 7.573130046915076408e-01 2.213263281907016863e-03
0.000000000000000000e+00 7.837703768060649834e-01 2.026599835361401602e-03
0.000000000000000000e+00 7.843944403637455043e-01 2.022285706615464460e-03
0.000000000000000000e+00 8.114758760359832568e-01 1.682821080640823806e-03
0.000000000000000000e+00 8.329935406277607646e-01 1.565250565081735329e-03
0.000000000000000000e+00 8.385573117082211203e-01 1.535585114874753925e-03
0.000000000000000000e+00 8.656387473804589838e-01 1.306229163560538491e-03
0.000000000000000000e+00 8.853080688698510281e-01 1.219309977025668070e-03
0.000000000000000000e+00 8.927201830526967363e-01 1.187449692938281117e-03
0.000000000000000000e+00 9.198016187249345998e-01 9.237249504881385074e-04
0.000000000000000000e+00 9.409081086215864698e-01 8.579458120821731402e-04
0.000000000000000000e+00 9.468830543971724634e-01 8.398482027571346764e-04
0.000000000000000000e+00 9.739644900694102159e-01 6.959883174250496018e-04
0.000000000000000000e+00 1.000000000000000000e+00 6.328688973772557012e-04
0.000000000000000000e+00 1.001045925741648190e+00 6.304065000923918900e-04
0.000000000000000000e+00 1.028127361413885943e+00 4.605048422072297184e-04
0.000000000000000000e+00 1.055208797086123695e+00 4.169359987938483602e-04
0.000000000000000000e+00 1.082290232758361448e+00 3.449852657326591483e-04
0.000000000000000000e+00 1.109371668430599200e+00 2.392824955189944657e-04
0.000000000000000000e+00 1.136453104102837175e+00 2.160102039032412834e-04
0.000000000000000000e+00 1.163534539775074927e+00 1.329135641067062180e-04
0.000000000000000000e+00 1.190615975447312902e+00 9.433759654523577755e-05
0.000000000000000000e+00 1.217697411119550654e+00 4.519580513481885169e-05
0.000000000000000000e+00 1.244778846791788407e+00 2.598767716044812740e-05
0.000000000000000000e+00 1.257352370496755967e+00 0.000000000000000000e+00
1.000000000000000056e-01 1.928020520022295237e-01 5.147374434979840908e-03
1.000000000000000056e-01 2.204864492128060793e-01 5.048030445557676049e-03
1.000000000000000056e-01 2.481708464233826072e-01 4.957594548131049293e-03
1.000000000000000056e-01 2.758552436339591907e-01 4.861896800546581382e-03
1.000000000000000056e-01 3.035396408445357186e-01 4.738359729413018848e-03
1.000000000000000056e-01 3.213367533370492524e-01 4.646109159613733518e-03
1.000000000000000056e-01 3.312240380551122465e-01 4.532804854220530769e-03
1.000000000000000056e-01 3.411220979426939914e-01 4.502473196189963472e-03
1.000000000000000056e-01 3.589084352656888299e-01 4.446367866315040218e-03
1.000000000000000056e-01 3.621256656650498895e-01 4.435967216959073832e-03
1.000000000000000056e-01 3.844224649303874530e-01 4.361385827267674244e-03
1.000000000000000056e-01 3.865928324762653023e-01 4.353858793092941527e-03
1.000000000000000056e-01 4.080921225833396004e-01 4.276504061064972939e-03
1.000000000000000056e-01 4.142772296868418858e-01 4.253013884618728029e-03
1.000000000000000056e-01 4.332191682521284726e-01 4.120819439190122162e-03
1.000000000000000056e-01 4.419616268974184692e-01 4.064151250968388654e-03
1.000000000000000056e-01 4.598933362227267674e-01 3.973271588427538907e-03
1.000000000000000056e-01 4.696460241079949416e-01 3.933852800754730587e-03
1.000000000000000056e-01 4.882098859000125191e-01 3.858674460462378601e-03
1.000000000000000056e-01 4.973304213185715250e-01 3.821465428369727729e-03
1.000000000000000056e-01 5.182699420003569202e-01 3.733991329950530746e-03
1.000000000000000056e-01 5.250148185291481084e-01 3.705190411763741292e-03
1.000000000000000056e-01 5.501808556905471992e-01 3.571611074898607859e-03
1.000000000000000056e-01 5.526992157397245808e-01 3.556828373049400558e-03
1.000000000000000056e-01 5.803836129503011643e-01 3.373636056484820896e-03
1.000000000000000056e-01 5.840565879627538370e-01 3.361708026692087053e-03
1.000000000000000056e-01 6.080680101608777477e-01 3.283525796058686663e-03
1.000000000000000056e-01 6.200181166146578882e-01 3.244032224653501089e-03
1.000000000000000056e-01 6.357524073714542201e-01 3.191198196623643707e-03
1.000000000000000056e-01 6.581938682881575131e-01 3.113884937873524425e-03
1.000000000000000056e-01 6.634368045820308035e-01 3.095261708920058266e-03
1.000000000000000056e-01 6.911212017926073869e-01 2.936465083009065415e-03
1.000000000000000056e-01 6.987201771095582492e-01 2.896142497407403014e-03
1.000000000000000056e-01 7.188055990031838594e-01 2.802326954090214768e-03
1.000000000000000056e-01 7.417417715691541069e-01 2.719756838742867951e-03
1.000000000000000056e-01 7.464899962137604428e-01 2.702789136251550119e-03
1.000000000000000056e-01 7.741743934243370262e-01 2.425063307540874583e-03
1.000000000000000056e-01 7.874122913789559641e-01 2.247920464941140749e-03
1.000000000000000056e-01 8.018587906349134986e-01 2.086632378634100358e-03
1.000000000000000056e-01 8.295431878454900820e-01 1.867784751448218041e-03
1.000000000000000056e-01 8.358948361543803163e-01 1.805402084316796605e-03
1.000000000000000056e-01 8.572275850560666655e-01 1.590302266316226268e-03
1.000000000000000056e-01 8.849119822666431379e-01 1.425820941483291670e-03
1.000000000000000056e-01 8.873625478793636390e-01 1.411709165471394540e-03
1.000000000000000056e-01 9.125963794772197213e-01 1.211985899323410071e-03
1.000000000000000056e-01 9.402807766877963047e-01 1.055285754501629350e-03
1.000000000000000056e-01 9.419992292350156671e-01 1.046506355565124001e-03
1.000000000000000056e-01 9.679651738983727771e-01 8.886854192897845938e-04
1.000000000000000056e-01 9.956495711089493605e-01 7.655332154782635862e-04
1.000000000000000056e-01 1.000000000000000000e+00 7.509892310288563940e-04
1.000000000000000056e-01 1.023333968319525944e+00 6.330707248576144782e-04
1.000000000000000056e-01 1.051018365530102416e+00 5.358085299671376967e-04
1.000000000000000056e-01 1.078702762740678889e+00 4.161554366526772617e-04
1.000000000000000056e-01 1.106387159951255583e+00 3.463665064782139391e-04
1.000000000000000056e-01 1.134071557161832056e+00 2.782018579695397079e-04
1.000000000000000056e-01 1.161755954372408528e+00 2.036316729328577278e-04
1.000000000000000056e-01 1.189440351582985222e+00 1.503893898795206354e-04
1.000000000000000056e-01 1.217124748793561695e+00 9.827341215468398403e-05
1.000000000000000056e-01 1.244809146004138167e+00 5.532327528755229430e-05
1.000000000000000056e-01 1.272493543214714862e+00 1.628635911811118046e-05
1.000000000000000056e-01 1.285347013348196787e+00 0.000000000000000000e+00
2.000000000000000111e-01 2.056309453341106930e-01 7.143903812259671041e-03
2.000000000000000111e-01 2.351574400487522198e-01 7.001082766343189913e-03
2.000000000000000111e-01 2.646839347633937467e-01 6.846794909556928703e-03
2.000000000000000111e-01 2.942104294780353291e-01 6.655915457446876481e-03
2.000000000000000111e-01 3.237369241926768559e-01 6.420590219095770497e-03
2.000000000000000111e-01 3.427182422235178216e-01 6.341452857353835522e-03
2.000000000000000111e-01 3.532634189073183828e-01 6.296136959376760246e-03
2.000000000000000111e-01 3.625886538724944486e-01 6.255229386035013155e-03
2.000000000000000111e-01 3.827899136219599097e-01 6.162884290838452697e-03
2.000000000000000111e-01 3.836111292591296573e-01 6.158841526033102462e-03
2.000000000000000111e-01 4.058524637210879082e-01 6.051438086744495397e-03
2.000000000000000111e-01 4.123164083366014365e-01 6.019180868062073454e-03
2.000000000000000111e-01 4.293833253133045313e-01 5.892321480513368522e-03
2.000000000000000111e-01 4.418429030512429634e-01 5.817027637061708729e-03
2.000000000000000111e-01 4.542784793437028568e-01 5.764395137183093293e-03
2.000000000000000111e-01 4.713693977658844902e-01 5.565432123789574442e-03
2.000000000000000111e-01 4.806170259272353751e-01 5.522129273780815480e-03
2.000000000000000111e-01 5.008958924805260171e-01 5.425554587224551938e-03
2.000000000000000111e-01 5.084826513130372705e-01 5.388692867983799900e-03
2.000000000000000111e-01 5.304223871951675440e-01 5.279644186109422148e-03
2.000000000000000111e-01 5.379638937832396106e-01 5.241160258812656986e-03
2.000000000000000111e-01 5.599488819098090708e-01 5.105509794044946377e-03
2.000000000000000111e-01 5.691544249682931600e-01 5.050852130109316322e-03
2.000000000000000111e-01 5.894753766244507087e-01 4.920296866151039998e-03
2.000000000000000111e-01 6.021533474726304958e-01 4.841685248829038189e-03
2.000000000000000111e-01 6.190018713390921246e-01 4.758878305937307845e-03
2.000000000000000111e-01 6.370655097563263647e-01 4.668607672502548406e-03
2.000000000000000111e-01 6.485283660537337624e-01 4.610285548353254721e-03
2.000000000000000111e-01 6.740018392732343155e-01 4.465063369668856308e-03
2.000000000000000111e-01 6.780548607683751783e-01 4.435479706993203548e-03
2.000000000000000111e-01 7.075813554830168162e-01 4.243880283435834920e-03
2.000000000000000111e-01 7.130796949240927329e-01 4.207758213294183341e-03
2.000000000000000111e-01 7.371078501976582320e-01 4.016810953485779045e-03
2.000000000000000111e-01 7.544232399444579240e-01 3.897753900458956425e-03
2.000000000000000111e-01 7.666343449122998699e-01 3.729479049661410354e-03
2.000000000000000111e-01 7.961608396269412857e-01 3.306123458341132630e-03
2.000000000000000111e-01 7.981638364122533025e-01 3.277930661814947109e-03
2.000000000000000111e-01 8.256873343415829236e-01 2.909263715056244291e-03
2.000000000000000111e-01 8.444404626284157667e-01 2.690645442335777137e-03
2.000000000000000111e-01 8.552138290562243395e-01 2.563722546897003428e-03
2.000000000000000111e-01 8.847403237708659773e-01 2.208690565093834272e-03
2.000000000000000111e-01 8.934001546967927920e-01 2.136012350016652447e-03
2.000000000000000111e-01 9.142668184855076152e-01 1.942225888237170996e-03
2.000000000000000111e-01 9.437933132001490311e-01 1.696722144572797644e-03
2.000000000000000111e-01 9.451984737063390263e-01 1.679405286127713453e-03
2.000000000000000111e-01 9.733198079147906689e-01 1.444991984510008744e-03
2.000000000000000111e-01 1.000000000000000000e+00 1.270525742914911443e-03
2.000000000000000111e-01 1.002846302629432085e+00 1.252261214337277917e-03
2.000000000000000111e-01 1.032372797344073723e+00 1.064434291006736239e-03
2.000000000000000111e-01 1.061899292058715139e+00 8.959777969079839961e-04
2.000000000000000111e-01 1.091425786773356776e+00 7.421978878821290345e-04
2.000000000000000111e-01 1.120952281487998192e+00 6.214470662303876172e-04
2.000000000000000111e-01 1.150478776202639830e+00 5.073411774835119570e-04
2.000000000000000111e-01 1.180005270917281246e+00 4.054608402173614091e-04
2.000000000000000111e-01 1.209531765631922884e+00 3.150521863629980775e-04
2.000000000000000111e-01 1.239058260346564522e+00 2.386236703644625714e-04
2.000000000000000111e-01 1.268584755061205938e+00 1.719151163212977510e-04
2.000000000000000111e-01 1.298111249775847575e+00 1.139908299869710629e-04
2.000000000000000111e-01 1.327637744490488991e+00 6.572024813976352561e-05
2.000000000000000111e-01 1.357164239205130629e+00 1.769398395879286345e-05
2.000000000000000111e-01 1.370872968894071287e+00 0.000000000000000000e+00
3.000000000000000444e-01 2.276711467970632674e-01 1.216974528255023065e-02
3.000000000000000444e-01 2.603623883884364498e-01 1.195435178370176169e-02
3.000000000000000444e-01 2.930536299798096600e-01 1.144954322400432503e-02
3.000000000000000444e-01 3.257448715711828147e-01 1.114574947632656146e-02
3.000000000000000444e-01 3.584361131625560248e-01 1.083156939069774595e-02
3.000000000000000444e-01 3.794519113284388068e-01 1.067381428959152286e-02
3.000000000000000444e-01 3.911273547539292350e-01 1.054380547823690305e-02
3.000000000000000444e-01 3.993065091595812133e-01 1.047876589761537539e-02
3.000000000000000444e-01 4.201999871314411328e-01 1.030687585793942963e-02
3.000000000000000444e-01 4.238185963453023897e-01 1.027607197908325144e-02
3.000000000000000444e-01 4.421867040356675660e-01 1.011365931285962069e-02
3.000000000000000444e-01 4.565098379366755998e-01 9.964508328573672136e-03
3.000000000000000444e-01 4.653238629556748496e-01 9.849373046132529896e-03
3.000000000000000444e-01 4.892010795280488100e-01 9.598132534341927147e-03
3.000000000000000444e-01 4.896716600925347107e-01 9.594952004154701231e-03
3.000000000000000444e-01 5.152934413780951850e-01 9.411060195627434996e-03
3.000000000000000444e-01 5.218923211194219647e-01 9.362575515454002115e-03
3.000000000000000444e-01 5.422558672827889614e-01 9.211338098732931023e-03
3.000000000000000444e-01 5.545835627107951193e-01 9.117672562641739031e-03
3.000000000000000444e-01 5.706290862469128866e-01 8.993181400924908989e-03
3.000000000000000444e-01 5.872748043021683850e-01 8.861323649129011770e-03
3.000000000000000444e-01 6.004869171865975241e-01 8.743992849949446672e-03
3.000000000000000444e-01 6.199660458935415397e-01 8.577701588214331485e-03
3.000000000000000444e-01 6.319070415492940018e-01 8.509024420853029957e-03
3.000000000000000444e-01 6.526572874849146944e-01 8.203019404746792267e-03
3.000000000000000444e-01 6.649712054184508947e-01 8.115078726847461954e-03
3.000000000000000444e-01 6.853485290762879600e-01 7.967281132810404704e-03
3.000000000000000444e-01 6.997654321931990884e-01 7.860103064855563856e-03
3.000000000000000444e-01 7.180397706676611147e-01 7.722353084656766349e-03
3.000000000000000444e-01 7.363802463963770029e-01 7.576395329680238495e-03
3.000000000000000444e-01 7.507310122590342694e-01 7.425237996045178958e-03
3.000000000000000444e-01 7.749109091931778437e-01 6.768039921934640608e-03
3.000000000000000444e-01 7.834222538504074240e-01 6.572777064342998944e-03
3.000000000000000444e-01 8.154576662331717296e-01 5.873151241584969109e-03
3.000000000000000444e-01 8.161134954417806897e-01 5.855320905912501060e-03
3.000000000000000444e-01 8.488047370331538444e-01 5.089311696527257754e-03
3.000000000000000444e-01 8.581260084605156768e-01 4.902878632639822744e-03
3.000000000000000444e-01 8.814959786245269990e-01 4.512627700570901595e-03
3.000000000000000444e-01 9.030269465709047649e-01 4.150595418718128725e-03
3.000000000000000444e-01 9.141872202159002647e-01 3.970972134254750242e-03
3.000000000000000444e-01 9.468784618072734194e-01 3.476500709835890577e-03
3.000000000000000444e-01 9.502772998293207429e-01 3.431342973764705141e-03
3.000000000000000444e-01 9.795697033986465740e-01 3.020906073638249430e-03
3.000000000000000444e-01 1.000000000000000000e+00 2.748182828805422785e-03
3.000000000000000444e-01 1.012260944990019951e+00 2.578892170963664396e-03
3.000000000000000444e-01 1.044952186581393105e+00 2.248456742608459773e-03
3.000000000000000444e-01 1.077643428172766260e+00 1.942021910558339604e-03
3.000000000000000444e-01 1.110334669764139415e+00 1.636490191247131189e-03
3.000000000000000444e-01 1.143025911355512569e+00 1.395018188584488993e-03
3.000000000000000444e-01 1.175717152946885724e+00 1.174559570452096517e-03
3.000000000000000444e-01 1.208408394538258879e+00 9.729720503385220955e-04
3.000000000000000444e-01 1.241099636129632255e+00 7.922182926774355878e-04
3.000000000000000444e-01 1.273790877721005410e+00 6.565316899803123798e-04
3.000000000000000444e-01 1.306482119312378565e+00 5.179429766094642736e-04
3.000000000000000444e-01 1.339173360903751719e+00 3.877164392823331915e-04
3.000000000000000444e-01 1.371864602495124874e+00 3.072187371514501766e-04
3.000000000000000444e-01 1.404555844086498251e+00 2.099292906605660660e-04
3.000000000000000444e-01 1.437247085677871405e+00 1.422883219525563204e-04
3.000000000000000444e-01 1.469938327269244560e+00 7.494627965676665384e-05
3.000000000000000444e-01 1.502629568860617715e+00 2.328506259017936863e-05
3.000000000000000444e-01 1.517807645313755227e+00 0.000000000000000000e+00
4.000000000000000222e-01 2.590750180161405236e-01 2.649875339922268258e-02
4.000000000000000222e-01 2.962755334235863680e-01 2.621890933877268903e-02
4.000000000000000222e-01 3.334760488310321569e-01 2.422217071783924064e-02
4.000000000000000222e-01 3.706765642384779458e-01 2.392712263178601098e-02
4.000000000000000222e-01 4.078770796459237902e-01 2.292997242628098953e-02
4.000000000000000222e-01 4.317916966935675394e-01 2.269851059540297852e-02
4.000000000000000222e-01 4.450775950533696346e-01 2.131636800971667758e-02
4.000000000000000222e-01 4.513052408094781476e-01 2.153303293355097667e-02
4.000000000000000222e-01 4.717006416328692331e-01 2.131383682513289524e-02
4.000000000000000222e-01 4.822781104608154235e-01 2.119644647306599336e-02
4.000000000000000222e-01 4.930177520601654040e-01 2.107314154014465826e-02
4.000000000000000222e-01 5.152982260211563803e-01 2.081075703236940147e-02
4.000000000000000222e-01 5.194786258682612123e-01 2.075930725083865655e-02
4.000000000000000222e-01 5.385855998713541259e-01 1.955890049624285296e-02
4.000000000000000222e-01 5.566791412757070567e-01 1.938616556307025049e-02
4.000000000000000222e-01 5.629253774626364892e-01 1.932274046667088394e-02
4.000000000000000222e-01 5.883651190584049395e-01 1.907190867309640006e-02
4.000000000000000222e-01 5.938796566831529011e-01 1.901605383846397684e-02
4.000000000000000222e-01 6.149545342670004189e-01 1.837445642739033921e-02
4.000000000000000222e-01 6.310801720905987455e-01 1.820192478585590939e-02
4.000000000000000222e-01 6.427455791749678848e-01 1.807361132466947171e-02
4.000000000000000222e-01 6.682806874980444789e-01 1.778328322046431043e-02
4.000000000000000222e-01 6.717925578699708300e-01 1.774257895357421455e-02
4.000000000000000222e-01 7.021522285517332040e-01 1.738003368697013315e-02
4.000000000000000222e-01 7.054812029054903233e-01 1.663243272089161284e-02
4.000000000000000222e-01 7.338839144383491053e-01 1.622237046252660714e-02
4.000000000000000222e-01 7.426817183129361677e-01 1.613234261272493072e-02
4.000000000000000222e-01 7.670496196846752213e-01 1.529837149421780368e-02
4.000000000000000222e-01 7.798822337203819011e-01 1.473857882762325509e-02
4.000000000000000222e-01 8.017141505393102774e-01 1.355134684759914075e-02
4.000000000000000222e-01 8.170827491278277455e-01 1.292209482728367415e-02
4.000000000000000222e-01 8.379452419769045646e-01 1.211347093086631230e-02
4.000000000000000222e-01 8.542832645352735899e-01 1.150390880902151143e-02
4.000000000000000222e-01 8.758136900532413893e-01 1.072158942994455924e-02
4.000000000000000222e-01 8.914837799427194343e-01 1.014583193943415992e-02
4.000000000000000222e-01 9.153934902417126818e-01 9.368078608555889877e-03
4.000000000000000222e-01 9.286842953501652786e-01 8.957653109283869597e-03
4.000000000000000222e-01 9.567619820215018667e-01 8.121618932391759874e-03
4.000000000000000222e-01 9.658848107576110120e-01 7.854154771892515527e-03
4.000000000000000222e-01 1.000000000000000000e+00 6.904080915705401202e-03
4.000000000000000222e-01 1.003085326165056745e+00 6.832381190692843678e-03
4.000000000000000222e-01 1.040285841572502701e+00 6.002924937675882013e-03
4.000000000000000222e-01 1.077486356979948434e+00 5.174055109731755253e-03
4.000000000000000222e-01 1.114686872387394168e+00 4.498773559628865132e-03
4.000000000000000222e-01 1.151887387794840123e+00 3.848802235969868337e-03
4.000000000000000222e-01 1.189087903202286078e+00 3.292786388856505826e-03
4.000000000000000222e-01 1.226288418609731812e+00 2.810969937651758722e-03
4.000000000000000222e-01 1.263488934017177545e+00 2.348253161035125137e-03
4.000000000000000222e-01 1.300689449424623279e+00 1.993758344826395291e-03
4.000000000000000222e-01 1.337889964832069234e+00 1.650579399855702260e-03
4.000000000000000222e-01 1.375090480239514967e+00 1.368937645858460872e-03
4.000000000000000222e-01 1.412290995646960923e+00 1.096389524215754269e-03
4.000000000000000222e-01 1.449491511054406656e+00 8.898012745689103196e-04
4.000000000000000222e-01 1.486692026461852389e+00 7.033408027505635030e-04
4.000000000000000222e-01 1.523892541869298345e+00 5.439807895478042041e-04
4.000000000000000222e-01 1.561093057276744078e+00 3.979036302681323504e-04
4.000000000000000222e-01 1.598293572684190034e+00 2.831006802586566386e-04
4.000000000000000222e-01 1.635494088091635767e+00 1.850916578155244847e-04
4.000000000000000222e-01 1.672694603499081500e+00 9.353327376039266496e-05
4.000000000000000222e-01 1.709895118906527456e+00 3.123460365146096351e-05
4.000000000000000222e-01 1.727166786774270157e+00 0.000000000000000000e+00
5.000000000000000000e-01 2.985086463808191981e-01 5.988683905858582790e-02
5.000000000000000000e-01 3.413714263739624499e-01 5.981589717773396625e-02
5.000000000000000000e-01 3.842342063671057573e-01 5.413739397765231220e-02
5.000000000000000000e-01 4.270969863602490091e-01 5.156410034483904781e-02
5.000000000000000000e-01 4.699597663533923164e-01 5.123148532289377444e-02
5.000000000000000000e-01 4.975144106346986450e-01 4.644399557594054012e-02
5.000000000000000000e-01 5.128225463465355682e-01 4.727991733379108275e-02
5.000000000000000000e-01 5.161349417521624572e-01 4.723928581738542909e-02
5.000000000000000000e-01 5.354523857060889958e-01 4.706208887945637076e-02
5.000000000000000000e-01 5.554928259362339471e-01 4.699795931962660878e-02
5.000000000000000000e-01 5.556853263396788201e-01 4.699571347978585140e-02
5.000000000000000000e-01 5.762833221103607073e-01 4.690071790155017628e-02
5.000000000000000000e-01 5.978519466616412092e-01 4.676681460511133981e-02
5.000000000000000000e-01 5.985481063328221829e-01 4.290951882798918482e-02
5.000000000000000000e-01 6.202278226935484806e-01 4.273487943420220536e-02
5.000000000000000000e-01 6.414108863259653237e-01 4.253115994710181952e-02
5.000000000000000000e-01 6.434411633034186062e-01 4.251075567956085627e-02
5.000000000000000000e-01 6.675233123777812860e-01 4.223933435828926275e-02
5.000000000000000000e-01 6.842736663191086866e-01 4.202572418548048555e-02
5.000000000000000000e-01 6.925067869145410393e-01 4.191613175710843381e-02
5.000000000000000000e-01 7.184253209291571185e-01 3.971705455197326734e-02
5.000000000000000000e-01 7.271364463122519384e-01 3.952616649016151701e-02
5.000000000000000000e-01 7.453139110041043791e-01 3.935476400157107008e-02
5.000000000000000000e-01 7.699992263053951902e-01 3.745214302731755124e-02
5.000000000000000000e-01 7.732088635431186852e-01 3.715713226998874907e-02
5.000000000000000000e-01 8.021478437940344763e-01 3.244366180728045640e-02
5.000000000000000000e-01 8.128620062985384420e-01 3.163529738263783780e-02
5.000000000000000000e-01 8.321699267064035510e-01 3.016560896577591758e-02
5.000000000000000000e-01 8.557247862916816938e-01 2.842793186816579970e-02
5.000000000000000000e-01 8.633156496925700196e-01 2.787773540715643775e-02
5.000000000000000000e-01 8.956270673634392221e-01 2.559374537406485656e-02
5.000000000000000000e-01 8.985875662848250567e-01 2.538929477890767075e-02
5.000000000000000000e-01 9.291478083128485999e-01 2.270623040785341856e-02
5.000000000000000000e-01 9.414503462779683085e-01 2.197096048567810656e-02
5.000000000000000000e-01 9.639231340272151893e-01 2.066114029221300871e-02
5.000000000000000000e-01 9.843131262711115603e-01 1.951187354482711300e-02
5.000000000000000000e-01 1.000000000000000000e+00 1.865593554999627618e-02
5.000000000000000000e-01 1.027175906264254923e+00 1.699956743117667438e-02
5.000000000000000000e-01 1.070038686257398064e+00 1.492063227966893002e-02
5.000000000000000000e-01 1.112901466250541427e+00 1.297557991146242040e-02
5.000000000000000000e-01 1.155764246243684568e+00 1.126282573693406473e-02
5.000000000000000000e-01 1.198627026236827930e+00 9.760769282913511063e-03
5.000000000000000000e-01 1.241489806229971293e+00 8.378868336664872449e-03
5.000000000000000000e-01 1.284352586223114434e+00 7.197200566639454060e-03
5.000000000000000000e-01 1.327215366216257575e+00 6.074106497474474065e-03
5.000000000000000000e-01 1.370078146209400938e+00 5.181279336605014267e-03
5.000000000000000000e-01 1.412940926202544301e+00 4.360145317248301580e-03
5.000000000000000000e-01 1.455803706195687663e+00 3.616822900155385566e-03
5.000000000000000000e-01 1.498666486188831026e+00 3.023358143081680046e-03
5.000000000000000000e-01 1.541529266181973945e+00 2.474408842731209025e-03
5.000000000000000000e-01 1.584392046175117308e+00 2.020341089448078435e-03
5.000000000000000000e-01 1.627254826168260671e+00 1.598290223547170616e-03
5.000000000000000000e-01 1.670117606161404034e+00 1.279710135760108542e-03
5.000000000000000000e-01 1.712980386154547396e+00 9.943907778308363598e-04
5.000000000000000000e-01 1.755843166147690315e+00 7.606029536462229502e-04
5.000000000000000000e-01 1.798705946140833678e+00 5.487162112183740451e-04
5.000000000000000000e-01 1.841568726133977041e+00 3.842498073014181796e-04
5.000000000000000000e-01 1.884431506127120404e+00 2.426312821789628556e-04
5.000000000000000000e-01 1.927294286120263767e+00 1.216710375063681634e-04
5.000000000000000000e-01 1.970157066113406685e+00 4.050356614500507789e-05
5.000000000000000000e-01 1.990057642538794580e+00 0.000000000000000000e+00
6.000000000000000888e-01 3.425211428963739757e-01 1.289784534009861261e-01
6.000000000000000888e-01 3.917036659789302488e-01 1.162614660965778091e-01
6.000000000000000888e-01 4.408861890614865220e-01 1.172939071115256110e-01
6.000000000000000888e-01 4.900687121440427951e-01 1.116068488178831031e-01
6.000000000000000888e-01 5.392512352265990128e-01 1.119861039291559085e-01
6.000000000000000888e-01 5.708685714939566447e-01 1.033766131339827615e-01
6.000000000000000888e-01 5.879630333099085115e-01 1.036598001455732165e-01
6.000000000000000888e-01 5.884337583091553414e-01 1.036670721743355034e-01
6.000000000000000888e-01 6.055693828691501857e-01 1.039043701248984625e-01
6.000000000000000888e-01 6.237029484730078899e-01 1.040857066004974990e-01
6.000000000000000888e-01 6.376162813917115590e-01 1.041944822101208562e-01
6.000000000000000888e-01 6.423795174234872007e-01 1.042264763404845834e-01
6.000000000000000888e-01 6.616153497678880502e-01 9.358469732288671183e-02
6.000000000000000888e-01 6.814271924550004966e-01 9.360225681965697597e-02
6.000000000000000888e-01 6.867988044742678877e-01 9.359219721343978171e-02
6.000000000000000888e-01 7.018322939151999673e-01 9.355182817368978831e-02
6.000000000000000888e-01 7.228484190771407025e-01 9.299457709999796318e-02
6.000000000000000888e-01 7.359813275568241053e-01 9.309027181551041141e-02
6.000000000000000888e-01 7.444938648341177245e-01 9.314935217096829978e-02
6.000000000000000888e-01 7.667874759735636703e-01 8.572158892700965094e-02
6.000000000000000888e-01 7.851638506393803230e-01 8.281379726374255013e-02
6.000000000000000888e-01 7.897486615835496160e-01 8.208431860736130348e-02
6.000000000000000888e-01 8.133974119505716915e-01 7.830855412155379724e-02
6.000000000000000888e-01 8.343463737219366516e-01 7.491016010432438588e-02
6.000000000000000888e-01 8.377543159633377146e-01 7.435745285351945399e-02
6.000000000000000888e-01 8.628405790377025042e-01 7.035129432445101638e-02
6.000000000000000888e-01 8.835288968044929803e-01 6.298536286063141643e-02
6.000000000000000888e-01 8.886780415783601672e-01 6.231962614799720773e-02
6.000000000000000888e-01 9.152891979933652777e-01 5.895749915580925787e-02
6.000000000000000888e-01 9.327114198870491979e-01 5.682210742159796851e-02
6.000000000000000888e-01 9.426972162780370423e-01 5.559535893694215331e-02
6.000000000000000888e-01 9.709259581852969223e-01 5.219943818834044819e-02
6.000000000000000888e-01 9.818939429696054155e-01 5.090074732444328093e-02
6.000000000000000888e-01 1.000000000000000000e+00 4.878987047917680842e-02
6.000000000000000888e-01 1.031076466052161633e+00 4.396038852622690535e-02
6.000000000000000888e-01 1.080258989134718073e+00 3.894385652130742670e-02
6.000000000000000888e-01 1.129441512217274290e+00 3.393373323542613756e-02
6.000000000000000888e-01 1.178624035299830508e+00 2.990231941797833956e-02
6.000000000000000888e-01 1.227806558382386726e+00 2.616006918457647670e-02
6.000000000000000888e-01 1.276989081464942943e+00 2.228178868161949031e-02
6.000000000000000888e-01 1.326171604547499383e+00 1.930355335971189676e-02
6.000000000000000888e-01 1.375354127630055601e+00 1.647983850029517694e-02
6.000000000000000888e-01 1.424536650712611818e+00 1.407561870158875565e-02
6.000000000000000888e-01 1.473719173795168036e+00 1.190727316150345244e-02
6.000000000000000888e-01 1.522901696877724254e+00 9.996584605252064812e-03
6.000000000000000888e-01 1.572084219960280471e+00 8.411605230251565160e-03
6.000000000000000888e-01 1.621266743042836911e+00 6.897974477044575142e-03
6.000000000000000888e-01 1.670449266125393128e+00 5.730943205345429524e-03
6.000000000000000888e-01 1.719631789207949346e+00 4.663904289112656525e-03
6.000000000000000888e-01 1.768814312290505564e+00 3.792496826610572760e-03
6.000000000000000888e-01 1.817996835373062003e+00 2.999758449267204540e-03
6.000000000000000888e-01 1.867179358455618221e+00 2.396851614925978383e-03
6.000000000000000888e-01 1.916361881538174439e+00 1.849125844290797288e-03
6.000000000000000888e-01 1.965544404620730656e+00 1.426797933760656301e-03
6.000000000000000888e-01 2.014726927703287096e+00 1.039536792182737136e-03
6.000000000000000888e-01 2.063909450785843536e+00 7.621439143583380246e-04
6.000000000000000888e-01 2.113091973868399531e+00 5.101996042957989731e-04
6.000000000000000888e-01 2.162274496950955971e+00 3.357480433331755062e-04
6.000000000000000888e-01 2.211457020033511967e+00 1.693862988885439815e-04
6.000000000000000888e-01 2.260639543116068406e+00 5.229606152571402323e-05
6.000000000000000888e-01 2.283474285975826579e+00 0.000000000000000000e+00
7.000000000000000666e-01 3.857768563623407698e-01 2.370353001993943942e-01
7.000000000000000666e-01 4.411704562502666294e-01 2.166995845671569332e-01
7.000000000000000666e-01 4.965640561381924334e-01 2.087068952765308016e-01
7.000000000000000666e-01 5.519576560261183484e-01 2.123029157633783692e-01
7.000000000000000666e-01 6.073512559140441525e-01 1.987619950798375223e-01
7.000000000000000666e-01 6.429614272705679312e-01 2.009752063744799921e-01
7.000000000000000666e-01 6.580826635405736535e-01 2.017836138701788462e-01
7.000000000000000666e-01 6.627448558019699565e-01 2.020125628804054774e-01
7.000000000000000666e-01 6.735595226778858802e-01 2.025329121663413112e-01
7.000000000000000666e-01 6.894003682594957994e-01 2.032099853952160085e-01
7.000000000000000666e-01 7.056137605579019256e-01 1.821106103453356828e-01
7.000000000000000666e-01 7.181384556898957605e-01 1.821932060473687998e-01
7.000000000000000666e-01 7.222084611670154253e-01 1.820157064687393245e-01
7.000000000000000666e-01 7.391934377368588605e-01 1.828915342364829388e-01
7.000000000000000666e-01 7.565778688196168611e-01 1.816920121066024629e-01
7.000000000000000666e-01 7.735320555778216756e-01 1.770114224658872193e-01
7.000000000000000666e-01 7.743711488296547429e-01 1.767789178803461925e-01
7.000000000000000666e-01 7.925828931201898131e-01 1.716836041136500235e-01
7.000000000000000666e-01 8.112229431793541723e-01 1.664000869634871815e-01
7.000000000000000666e-01 8.289256554657475906e-01 1.547389743160636766e-01
7.000000000000000666e-01 8.303013719484605426e-01 1.544023852336704750e-01
7.000000000000000666e-01 8.498284892653430456e-01 1.494837235622729632e-01
7.000000000000000666e-01 8.698148474357153548e-01 1.444217874194947682e-01
7.000000000000000666e-01 8.843192553536733946e-01 1.407505390078976071e-01
7.000000000000000666e-01 8.902712469355560376e-01 1.392401101682557152e-01
7.000000000000000666e-01 9.112087422476040643e-01 1.340160185139714077e-01
7.000000000000000666e-01 9.326386478351169629e-01 1.288845773224811531e-01
7.000000000000000666e-01 9.397128552415991987e-01 1.200834264660092798e-01
7.000000000000000666e-01 9.545725442561210361e-01 1.171155961252653144e-01
7.000000000000000666e-01 9.770222844214562219e-01 1.125767243726448485e-01
7.000000000000000666e-01 9.951064551295250027e-01 1.089508483986470766e-01
7.000000000000000666e-01 1.000000000000000000e+00 1.079719041669627289e-01
7.000000000000000666e-01 1.050500055017450807e+00 9.798415738170881961e-02
7.000000000000000666e-01 1.105893654905376833e+00 8.504775297292078984e-02
7.000000000000000666e-01 1.161287254793302637e+00 7.624498867240143973e-02
7.000000000000000666e-01 1.216680854681228441e+00 6.671805286327239792e-02
7.000000000000000666e-01 1.272074454569154245e+00 5.884859044437174697e-02
7.000000000000000666e-01 1.327468054457080049e+00 5.153136635785991737e-02
7.000000000000000666e-01 1.382861654345006075e+00 4.392698132651619292e-02
7.000000000000000666e-01 1.438255254232931879e+00 3.804268507380133280e-02
7.000000000000000666e-01 1.493648854120857683e+00 3.233385219661927962e-02
7.000000000000000666e-01 1.549042454008783487e+00 2.767095710305501888e-02
7.000000000000000666e-01 1.604436053896709291e+00 2.342076843600338423e-02
7.000000000000000666e-01 1.659829653784635095e+00 1.944800332857191810e-02
7.000000000000000666e-01 1.715223253672560899e+00 1.619087933159060744e-02
7.000000000000000666e-01 1.770616853560486925e+00 1.333090524459464889e-02
7.000000000000000666e-01 1.826010453448412729e+00 1.095716611543975233e-02
7.000000000000000666e-01 1.881404053336338533e+00 8.853731757146215617e-03
7.000000000000000666e-01 1.936797653224264337e+00 7.155248488949468057e-03
7.000000000000000666e-01 1.992191253112190141e+00 5.648002552799070465e-03
7.000000000000000666e-01 2.047584853000116389e+00 4.447377896495635294e-03
7.000000000000000666e-01 2.102978452888041971e+00 3.466581404331017281e-03
7.000000000000000666e-01 2.158372052775967997e+00 2.650139600486032133e-03
7.000000000000000666e-01 2.213765652663893579e+00 1.929089886738645119e-03
7.000000000000000666e-01 2.269159252551819606e+00 1.444233962283109161e-03
7.000000000000000666e-01 2.324552852439745632e+00 1.031477890193667089e-03
7.000000000000000666e-01 2.379946452327671214e+00 6.810068184575203496e-04
7.000000000000000666e-01 2.435340052215597240e+00 4.274517647373105565e-04
7.000000000000000666e-01 2.490733652103523266e+00 2.186608381474395245e-04
7.000000000000000666e-01 2.546127251991448848e+00 5.447027481131201079e-05
7.000000000000000666e-01 2.571845709082271725e+00 0.000000000000000000e+00
8.000000000000000444e-01 4.222882617968524155e-01 3.185728528791219039e-01
8.000000000000000444e-01 4.829245250292209524e-01 3.280752231761406290e-01
8.000000000000000444e-01 5.435607882615894892e-01 3.214658793672048875e-01
8.000000000000000444e-01 6.041970514939580816e-01 3.072128033454712970e-01
8.000000000000000444e-01 6.648333147263266740e-01 3.158938283806708713e-01
8.000000000000000444e-01 7.038137696614207295e-01 3.205331007218449879e-01
8.000000000000000444e-01 7.169457559970643379e-01 2.896704980119071959e-01
8.000000000000000444e-01 7.254695779586952664e-01 2.899608423977190763e-01
8.000000000000000444e-01 7.303227632069123620e-01 2.906821916446014620e-01
8.000000000000000444e-01 7.439493629701655619e-01 2.926550994529802940e-01
8.000000000000000444e-01 7.578302122659028583e-01 2.910796634791989468e-01
8.000000000000000444e-01 7.719700549646343335e-01 2.865631485798407208e-01
8.000000000000000444e-01 7.861058411910637478e-01 2.818702130113662774e-01
8.000000000000000444e-01 7.863737234495496997e-01 2.817803295822794984e-01
8.000000000000000444e-01 8.010461402680163490e-01 2.767538082689445234e-01
8.000000000000000444e-01 8.159923198138927525e-01 2.714896499932328844e-01
8.000000000000000444e-01 8.312173700412291977e-01 2.558156796893594764e-01
8.000000000000000444e-01 8.467264942099451686e-01 2.510037812954074021e-01
8.000000000000000444e-01 8.467421044234323402e-01 2.509968321642477296e-01
8.000000000000000444e-01 8.625249926640766729e-01 2.459734908059275083e-01
8.000000000000000444e-01 8.786182646432034726e-01 2.407282400913387521e-01
8.000000000000000444e-01 8.950118101276743898e-01 2.353069133845236693e-01
8.000000000000000444e-01 9.073783676558009326e-01 2.311992952980612970e-01
8.000000000000000444e-01 9.117112317182612946e-01 2.298302019114319417e-01
8.000000000000000444e-01 9.287222365508842614e-01 2.242799506492267336e-01
8.000000000000000444e-01 9.460506382470625919e-01 2.186347476571389170e-01
8.000000000000000444e-01 9.637023589007573943e-01 2.025941211327606239e-01
8.000000000000000444e-01 9.680146308881694139e-01 2.014760106162287456e-01
8.000000000000000444e-01 9.816834311022863968e-01 1.977054481296238175e-01
8.000000000000000444e-01 1.000000000000000000e+00 1.926694157763935433e-01
8.000000000000000444e-01 1.028650894120537895e+00 1.846475662403810891e-01
8.000000000000000444e-01 1.089287157352906599e+00 1.675846856254257500e-01
8.000000000000000444e-01 1.149923420585275080e+00 1.482436173362843557e-01
8.000000000000000444e-01 1.210559683817643783e+00 1.337911779347474572e-01
8.000000000000000444e-01 1.271195947050012265e+00 1.181589559900825259e-01
8.000000000000000444e-01 1.331832210282380746e+00 1.049813815505635656e-01
8.000000000000000444e-01 1.392468473514749228e+00 9.240203319878104171e-02
8.000000000000000444e-01 1.453104736747117931e+00 7.941872170335653736e-02
8.000000000000000444e-01 1.513740999979486412e+00 6.895372273589289724e-02
8.000000000000000444e-01 1.574377263211855116e+00 5.906093470062367262e-02
8.000000000000000444e-01 1.635013526444223597e+00 5.059528021009557230e-02
8.000000000000000444e-01 1.695649789676592079e+00 4.222824114459113737e-02
8.000000000000000444e-01 1.756286052908960782e+00 3.563021060417493474e-02
8.000000000000000444e-01 1.816922316141329263e+00 2.970263711890828995e-02
8.000000000000000444e-01 1.877558579373697745e+00 2.429842476027173348e-02
8.000000000000000444e-01 1.938194842606066448e+00 1.991685130652222357e-02
8.000000000000000444e-01 1.998831105838434929e+00 1.607902905724526571e-02
8.000000000000000444e-01 2.059467369070803411e+00 1.289046532880342051e-02
8.000000000000000444e-01 2.120103632303171892e+00 1.009261551139435664e-02
8.000000000000000444e-01 2.180739895535540818e+00 7.982749940459764673e-03
8.000000000000000444e-01 2.241376158767908855e+00 6.147303869851957620e-03
8.000000000000000444e-01 2.302012422000277780e+00 4.717042014016198208e-03
8.000000000000000444e-01 2.362648685232646262e+00 3.477156718750421070e-03
8.000000000000000444e-01 2.423284948465014743e+00 2.591734738069650587e-03
8.000000000000000444e-01 2.483921211697383669e+00 1.860076896463372506e-03
8.000000000000000444e-01 2.544557474929751706e+00 1.288662295123334939e-03
8.000000000000000444e-01 2.605193738162120631e+00 8.553750441637356181e-04
8.000000000000000444e-01 2.665830001394488669e+00 5.043304131586560414e-04
8.000000000000000444e-01 2.726466264626857594e+00 2.693097309819120102e-04
8.000000000000000444e-01 2.787102527859226075e+00 7.122569949150272140e-05
8.000000000000000444e-01 2.815255078645682918e+00 0.000000000000000000e+00
9.000000000000000222e-01 4.466272860536742995e-01 3.905409330993817041e-01
9.000000000000000222e-01 5.107583835383044946e-01 3.885155565248564202e-01
9.000000000000000222e-01 5.748894810229345786e-01 3.783161993389884126e-01
9.000000000000000222e-01 6.390205785075647738e-01 3.935799484556062877e-01
9.000000000000000222e-01 7.031516759921949689e-01 3.711529262691232733e-01
9.000000000000000222e-01 7.443788100894571658e-01 3.780665372835748661e-01
9.000000000000000222e-01 7.560346250538652058e-01 3.774747339819502501e-01
9.000000000000000222e-01 7.672827734768250529e-01 3.739137711054238977e-01
9.000000000000000222e-01 7.678729519606377618e-01 3.737261652819912072e-01
9.000000000000000222e-01 7.798966486630617423e-01 3.697388923583084241e-01
9.000000000000000222e-01 7.921086177639636849e-01 3.655189399737630573e-01
9.000000000000000222e-01 8.045118073164176931e-01 3.610771629882215117e-01
9.000000000000000222e-01 8.171092115354263719e-01 3.437686107836843141e-01
9.000000000000000222e-01 8.299038715207442962e-01 3.398069335723205575e-01
9.000000000000000222e-01 8.314138709614552480e-01 3.393242368763544903e-01
9.000000000000000222e-01 8.428988759910208683e-01 3.356178367781831318e-01
9.000000000000000222e-01 8.560973620294373143e-01 3.312156139183671799e-01
9.000000000000000222e-01 8.695025158410211175e-01 3.266069019520594363e-01
9.000000000000000222e-01 8.831175735218169676e-01 3.217979933811297988e-01
9.000000000000000222e-01 8.955449684460854431e-01 3.173167738574085850e-01
9.000000000000000222e-01 8.969458218401029637e-01 3.168105416315552536e-01
9.000000000000000222e-01 9.109905990298386991e-01 3.117900189537856637e-01
9.000000000000000222e-01 9.252552955965381853e-01 3.068332927017234923e-01
9.000000000000000222e-01 9.397433551357610160e-01 3.016991222993260502e-01
9.000000000000000222e-01 9.544582751644195007e-01 2.832738362499008788e-01
9.000000000000000222e-01 9.596760659307155272e-01 2.817803649980518688e-01
9.000000000000000222e-01 9.694036079651039417e-01 2.789369101909784932e-01
9.000000000000000222e-01 9.845829614436276689e-01 2.743920736719258624e-01
9.000000000000000222e-01 1.000000000000000000e+00 2.696514476136532834e-01
9.000000000000000222e-01 1.023807163415345833e+00 2.621391385628534243e-01
9.000000000000000222e-01 1.087938260899975695e+00 2.534342691243698376e-01
9.000000000000000222e-01 1.152069358384606002e+00 2.167631052557921767e-01
9.000000000000000222e-01 1.216200455869236308e+00 1.979113488555721834e-01
9.000000000000000222e-01 1.280331553353866170e+00 1.770208726023638768e-01
9.000000000000000222e-01 1.344462650838496476e+00 1.588456514659657981e-01
9.000000000000000222e-01 1.408593748323126560e+00 1.388715430784030758e-01
9.000000000000000222e-01 1.472724845807756644e+00 1.226676574849717288e-01
9.000000000000000222e-01 1.536855943292386950e+00 1.074180623798199757e-01
9.000000000000000222e-01 1.600987040777017256e+00 9.272294943710748805e-02
9.000000000000000222e-01 1.665118138261647118e+00 7.997676210461517055e-02
9.000000000000000222e-01 1.729249235746277424e+00 6.709773272388691590e-02
9.000000000000000222e-01 1.793380333230907731e+00 5.691451090870097707e-02
9.000000000000000222e-01 1.857511430715537593e+00 4.713655070912221856e-02
9.000000000000000222e-01 1.921642528200167899e+00 3.919024415667995281e-02
9.000000000000000222e-01 1.985773625684798205e+00 3.216149811396124686e-02
9.000000000000000222e-01 2.049904723169428067e+00 2.595408414174195377e-02
9.000000000000000222e-01 2.114035820654058373e+00 2.086826257352439318e-02
9.000000000000000222e-01 2.178166918138688235e+00 1.645695807581802270e-02
9.000000000000000222e-01 2.242298015623318541e+00 1.304241997197624382e-02
9.000000000000000222e-01 2.306429113107948847e+00 1.000344055214402728e-02
9.000000000000000222e-01 2.370560210592578709e+00 7.708284475861277608e-03
9.000000000000000222e-01 2.434691308077209015e+00 5.741372306167495665e-03
9.000000000000000222e-01 2.498822405561839322e+00 4.302676477288607144e-03
9.000000000000000222e-01 2.562953503046469628e+00 3.118257005785944353e-03
9.000000000000000222e-01 2.627084600531099490e+00 2.191047717315199646e-03
9.000000000000000222e-01 2.691215698015729796e+00 1.517902837918002571e-03
9.000000000000000222e-01 2.755346795500360102e+00 9.506247520208270779e-04
9.000000000000000222e-01 2.819477892984989964e+00 5.610303661060494617e-04
9.000000000000000222e-01 2.883608990469620270e+00 2.559113019458969388e-04
9.000000000000000222e-01 2.947740087954250132e+00 8.509468048188416106e-05
9.000000000000000222e-01 2.977515240357828663e+00 0.000000000000000000e+00
1.000000000000000000e+00 4.551624209545526156e-01 3.980662757544653485e-01
1.000000000000000000e+00 5.205190762711037200e-01 4.135100910449943101e-01
1.000000000000000000e+00 5.858757315876549354e-01 4.069098142091107095e-01
1.000000000000000000e+00 6.512323869042060398e-01 3.888082118001854881e-01
1.000000000000000000e+00 7.165890422207572552e-01 4.028001737842729635e-01
1.000000000000000000e+00 7.586040349242544334e-01 4.075789452489961828e-01
1.000000000000000000e+00 7.697153375761367489e-01 3.875086349510474815e-01
1.000000000000000000e+00 7.809893879078860790e-01 3.848023937858188193e-01
1.000000000000000000e+00 7.819456975373083596e-01 3.845656958205244114e-01
1.000000000000000000e+00 7.924285696910665644e-01 3.818632076168168021e-01
1.000000000000000000e+00 8.040353016124367480e-01 3.787010777174596998e-01
1.000000000000000000e+00 8.158120377853537164e-01 3.752978603329154006e-01
1.000000000000000000e+00 8.277612682686676937e-01 3.716769158395694661e-01
1.000000000000000000e+00 8.398855195932173334e-01 3.678428131274689705e-01
1.000000000000000000e+00 8.473023528538594640e-01 3.654223378395139998e-01
1.000000000000000000e+00 8.521873552960360643e-01 3.637995829946317206e-01
1.000000000000000000e+00 8.646693764623838430e-01 3.595597893812649826e-01
1.000000000000000000e+00 8.773342222757167796e-01 3.551253410877168726e-01
1.000000000000000000e+00 8.901845705757129856e-01 3.505286904318904440e-01
1.000000000000000000e+00 9.032231384244724381e-01 3.278488938489072524e-01
1.000000000000000000e+00 9.126590081704106794e-01 3.254614675465272167e-01
1.000000000000000000e+00 9.164526826810085458e-01 3.245052947093398643e-01
1.000000000000000000e+00 9.298760005841552045e-01 3.210057426115265344e-01
1.000000000000000000e+00 9.434959303440121348e-01 3.172812150874460557e-01
1.000000000000000000e+00 9.573153517420518455e-01 3.133433631152540144e-01
1.000000000000000000e+00 9.713371867400177884e-01 3.092005978332587057e-01
1.000000000000000000e+00 9.780156634869617838e-01 3.071769123540908919e-01
1.000000000000000000e+00 9.855644000977398234e-01 3.048599580403520970e-01
1.000000000000000000e+00 1.000000000000000000e+00 3.003257942618257070e-01
1.000000000000000000e+00 1.043372318803512888e+00 2.781130352362756186e-01
1.000000000000000000e+00 1.108728974120064104e+00 2.582462192815438429e-01
1.000000000000000000e+00 1.174085629436615097e+00 2.387691783857010808e-01
1.000000000000000000e+00 1.239442284753166312e+00 2.158629531867170270e-01
1.000000000000000000e+00 1.304798940069717528e+00 1.956096925603937053e-01
1.000000000000000000e+00 1.370155595386268743e+00 1.725735396742232586e-01
1.000000000000000000e+00 1.435512250702819959e+00 1.541736944242902696e-01
1.000000000000000000e+00 1.500868906019370952e+00 1.349978299273850990e-01
1.000000000000000000e+00 1.566225561335922167e+00 1.187489530612220179e-01
1.000000000000000000e+00 1.631582216652473161e+00 1.033398769030735992e-01
1.000000000000000000e+00 1.696938871969024376e+00 8.752970258367692713e-02
1.000000000000000000e+00 1.762295527285575591e+00 7.487616361954724242e-02
1.000000000000000000e+00 1.827652182602126585e+00 6.243954698547801024e-02
1.000000000000000000e+00 1.893008837918677800e+00 5.239293002113872694e-02
1.000000000000000000e+00 1.958365493235229016e+00 4.303251400352635370e-02
1.000000000000000000e+00 2.023722148551780009e+00 3.542589553636290439e-02
1.000000000000000000e+00 2.089078803868331224e+00 2.884207624423709704e-02
1.000000000000000000e+00 2.154435459184882440e+00 2.266792159251263677e-02
1.000000000000000000e+00 2.219792114501433655e+00 1.815661462292418246e-02
1.000000000000000000e+00 2.285148769817984871e+00 1.410573671105020029e-02
1.000000000000000000e+00 2.350505425134535642e+00 1.107919104633351207e-02
1.000000000000000000e+00 2.415862080451087301e+00 8.111193226666214492e-03
1.000000000000000000e+00 2.481218735767638073e+00 6.276298616120537001e-03
1.000000000000000000e+00 2.546575391084189288e+00 4.652320978086459634e-03
1.000000000000000000e+00 2.611932046400740504e+00 3.341480266259002230e-03
1.000000000000000000e+00 2.677288701717291719e+00 2.384477833112305135e-03
1.000000000000000000e+00 2.742645357033842934e+00 1.435987547575924821e-03
1.000000000000000000e+00 2.808002012350393706e+00 1.072421866615095708e-03
1.000000000000000000e+00 2.873358667666944921e+00 6.761347956344249902e-04
1.000000000000000000e+00 2.938715322983496137e+00 3.044259343261608596e-04
1.000000000000000000e+00 3.004071978300047352e+00 4.559512272558703032e-05
1.000000000000000000e+00 3.034416139697017734e+00 0.000000000000000000e+00
