# mx [GeV]: 1.0
# sigma_p [cm^2]: 2.51188643151e-32
# depth [m]: 0.3
# loc: MPI
# Columns: gamma/pi, v [km/s], f(v, gamma) [s/km]
0.000000000000000000e+00 1.000000000000000000e+00 5.901094926213385893e-04
0.000000000000000000e+00 1.286958788387039032e+00 5.711768260309415179e-04
0.000000000000000000e+00 1.656262923006635246e+00 4.876362926415691852e-04
0.000000000000000000e+00 2.131542124642995084e+00 3.924793783744749210e-04
0.000000000000000000e+00 2.743206870126483565e+00 3.223051341204502583e-04
0.000000000000000000e+00 3.530394189872980260e+00 2.162632727573648029e-04
0.000000000000000000e+00 4.543471829127573081e+00 1.462925410044733313e-04
0.000000000000000000e+00 5.847261000284663446e+00 1.346328753898942340e-04
0.000000000000000000e+00 7.525183932309136736e+00 1.119756405212216853e-04
0.000000000000000000e+00 9.684601595914180905e+00 8.674851728379974198e-05
0.000000000000000000e+00 1.246368313588889620e+01 6.647792184313075460e-05
0.000000000000000000e+00 1.604024654740354094e+01 5.628458615729614080e-05
0.000000000000000000e+00 2.064313626207585273e+01 5.355687373673024496e-05
0.000000000000000000e+00 2.656686563234968190e+01 5.330588203004859351e-05
0.000000000000000000e+00 3.419046120545000633e+01 5.950413675436003831e-05
0.000000000000000000e+00 4.400171452736001498e+01 7.742790534766550478e-05
0.000000000000000000e+00 5.662839321508360513e+01 1.050660007651759407e-04
0.000000000000000000e+00 7.242348335327892528e+01 1.449300373290889673e-04
0.000000000000000000e+00 7.287840832038880023e+01 1.461384620941706290e-04
0.000000000000000000e+00 8.282275275785231372e+01 1.722236363374585232e-04
0.000000000000000000e+00 9.322202216242570216e+01 1.992832391583502919e-04
0.000000000000000000e+00 9.379150807158350744e+01 2.007275538231015463e-04
0.000000000000000000e+00 1.036212915669990764e+02 2.244658690024390452e-04
0.000000000000000000e+00 1.140205609715724648e+02 2.481164515867159324e-04
0.000000000000000000e+00 1.207058055887982704e+02 2.618781304544637485e-04
0.000000000000000000e+00 1.244198303761458533e+02 2.689893833864234881e-04
0.000000000000000000e+00 1.348190997807192275e+02 2.866503112797199920e-04
0.000000000000000000e+00 1.452183691852926017e+02 3.010441791702485022e-04
0.000000000000000000e+00 1.556176385898660044e+02 3.117297471189034832e-04
0.000000000000000000e+00 1.660169079944394070e+02 3.190578242229279507e-04
0.000000000000000000e+00 1.764161773990127813e+02 3.227623564279994577e-04
0.000000000000000000e+00 1.868154468035861555e+02 3.231629807424044910e-04
0.000000000000000000e+00 1.972147162081595297e+02 3.203755964785234963e-04
0.000000000000000000e+00 2.076139856127329324e+02 3.145881662926329611e-04
0.000000000000000000e+00 2.180132550173063066e+02 3.063218480098978949e-04
0.000000000000000000e+00 2.284125244218797093e+02 2.957538884185505852e-04
0.000000000000000000e+00 2.388117938264530835e+02 2.833361728936803557e-04
0.000000000000000000e+00 2.492110632310264577e+02 2.693069990291345104e-04
0.000000000000000000e+00 2.596103326355998888e+02 2.541875433179187696e-04
0.000000000000000000e+00 2.700096020401732630e+02 2.381952562447455478e-04
0.000000000000000000e+00 2.804088714447466373e+02 2.217196498369873310e-04
0.000000000000000000e+00 2.908081408493200115e+02 2.050167113909269370e-04
0.000000000000000000e+00 3.012074102538933857e+02 1.883157305784696712e-04
0.000000000000000000e+00 3.116066796584667600e+02 1.720760709357736231e-04
0.000000000000000000e+00 3.220059490630401342e+02 1.539689281546570952e-04
0.000000000000000000e+00 3.324052184676135653e+02 1.365714993026454437e-04
0.000000000000000000e+00 3.428044878721869395e+02 1.201349137775039526e-04
0.000000000000000000e+00 3.532037572767603137e+02 1.052376186561464894e-04
0.000000000000000000e+00 3.636030266813336880e+02 9.111432716534036027e-05
0.000000000000000000e+00 3.740022960859070622e+02 7.774339712648847714e-05
0.000000000000000000e+00 3.844015654904804933e+02 6.674894365936320751e-05
0.000000000000000000e+00 3.948008348950538675e+02 5.585213058133395373e-05
0.000000000000000000e+00 4.052001042996272417e+02 4.663541254274642734e-05
0.000000000000000000e+00 4.155993737042006160e+02 3.755750378758805543e-05
0.000000000000000000e+00 4.259986431087739902e+02 3.013877618766045560e-05
0.000000000000000000e+00 4.363979125133474213e+02 2.268455498293795093e-05
0.000000000000000000e+00 4.467971819179207955e+02 1.623533205375397571e-05
0.000000000000000000e+00 4.571964513224941697e+02 1.115722971709591441e-05
0.000000000000000000e+00 4.675957207270675440e+02 5.884090523259095256e-06
0.000000000000000000e+00 4.779949901316409182e+02 2.069867363500622473e-06
0.000000000000000000e+00 4.828232223551928541e+02 0.000000000000000000e+00
1.000000000000000056e-01 1.000000000000000000e+00 6.419014421803432907e-04
1.000000000000000056e-01 1.296485753025531373e+00 6.389193752785751962e-04
1.000000000000000056e-01 1.680875307798179064e+00 5.484566672514499565e-04
1.000000000000000056e-01 2.179230889172743879e+00 4.482751421259696710e-04
1.000000000000000056e-01 2.825341800365622991e+00 3.625251692096965366e-04
1.000000000000000056e-01 3.663015391601535775e+00 2.355151372054453262e-04
1.000000000000000056e-01 4.749047268324628313e+00 1.611521815114984226e-04
1.000000000000000056e-01 6.157072123827696863e+00 1.477461471922214423e-04
1.000000000000000056e-01 7.982556288893260188e+00 1.199871833180347040e-04
1.000000000000000056e-01 1.034927050127447146e+01 9.344741184032509605e-05
1.000000000000000056e-01 1.341768175910975280e+01 6.945007080854542249e-05
1.000000000000000056e-01 1.739583323931633529e+01 6.158914635920044412e-05
1.000000000000000056e-01 2.255344995678161268e+01 5.796328939215677730e-05
1.000000000000000056e-01 2.924022655054164943e+01 5.899210372706183191e-05
1.000000000000000056e-01 3.790953713801610547e+01 6.916390426604233671e-05
1.000000000000000056e-01 4.914917480323016719e+01 9.129351261620112306e-05
1.000000000000000056e-01 6.372120490534933879e+01 1.262890633999986265e-04
1.000000000000000056e-01 8.261363432540603924e+01 1.774853305948145572e-04
1.000000000000000056e-01 8.331793081502578957e+01 1.794275097015884870e-04
1.000000000000000056e-01 9.528153113718333600e+01 2.118255113131219277e-04
1.000000000000000056e-01 1.071073999085499366e+02 2.423864962592418501e-04
1.000000000000000056e-01 1.072451314593408824e+02 2.427286754180606979e-04
1.000000000000000056e-01 1.192087317814984431e+02 2.707999346485469869e-04
1.000000000000000056e-01 1.311723321036560037e+02 2.955195409769312753e-04
1.000000000000000056e-01 1.388632180250430395e+02 3.092050573268355579e-04
1.000000000000000056e-01 1.431359324258135359e+02 3.160164334914836127e-04
1.000000000000000056e-01 1.550995327479710966e+02 3.320297839694101301e-04
1.000000000000000056e-01 1.670631330701286288e+02 3.433347451757270486e-04
1.000000000000000056e-01 1.790267333922861894e+02 3.499214837357348448e-04
1.000000000000000056e-01 1.909903337144437501e+02 3.519890049777694790e-04
1.000000000000000056e-01 2.029539340366012823e+02 3.497349506586241779e-04
1.000000000000000056e-01 2.149175343587588429e+02 3.435782758839737972e-04
1.000000000000000056e-01 2.268811346809164036e+02 3.339062795674966732e-04
1.000000000000000056e-01 2.388447350030739358e+02 3.212622429668998019e-04
1.000000000000000056e-01 2.508083353252314964e+02 3.061526019797811463e-04
1.000000000000000056e-01 2.627719356473890002e+02 2.890797117508562522e-04
1.000000000000000056e-01 2.747355359695466177e+02 2.705961441678022173e-04
1.000000000000000056e-01 2.866991362917041215e+02 2.511384357766650584e-04
1.000000000000000056e-01 2.986627366138616821e+02 2.311639298176072365e-04
1.000000000000000056e-01 3.106263369360192428e+02 2.111101347645851552e-04
1.000000000000000056e-01 3.225899372581767466e+02 1.890910160112930496e-04
1.000000000000000056e-01 3.345535375803343641e+02 1.676287661911085125e-04
1.000000000000000056e-01 3.465171379024918679e+02 1.473289403322996117e-04
1.000000000000000056e-01 3.584807382246494853e+02 1.282566235791577790e-04
1.000000000000000056e-01 3.704443385468069891e+02 1.105757214738652605e-04
1.000000000000000056e-01 3.824079388689644929e+02 9.420623588412912293e-05
1.000000000000000056e-01 3.943715391911221104e+02 7.948740027178890577e-05
1.000000000000000056e-01 4.063351395132796142e+02 6.600785993642800816e-05
1.000000000000000056e-01 4.182987398354372317e+02 5.402934195507278577e-05
1.000000000000000056e-01 4.302623401575947355e+02 4.362370763109098390e-05
1.000000000000000056e-01 4.422259404797522393e+02 3.486437130122123850e-05
1.000000000000000056e-01 4.541895408019098568e+02 2.747013604252061513e-05
1.000000000000000056e-01 4.661531411240673606e+02 2.112922547882596254e-05
1.000000000000000056e-01 4.781167414462249781e+02 1.592390227392504490e-05
1.000000000000000056e-01 4.900803417683824819e+02 1.158742551829740580e-05
1.000000000000000056e-01 5.020439420905399857e+02 8.029487681080970892e-06
1.000000000000000056e-01 5.140075424126976031e+02 5.146043971613031513e-06
1.000000000000000056e-01 5.259711427348551069e+02 2.952758354615554767e-06
1.000000000000000056e-01 5.379347430570127244e+02 1.335104904145272224e-06
1.000000000000000056e-01 5.498983433791702282e+02 2.551481621981437784e-07
1.000000000000000056e-01 5.554528721001719305e+02 0.000000000000000000e+00
2.000000000000000111e-01 1.000000000000000000e+00 1.001579121729149167e-03
2.000000000000000111e-01 1.304999297605710096e+00 8.490638590666987982e-04
2.000000000000000111e-01 1.703023166751396866e+00 7.466577371194937701e-04
2.000000000000000111e-01 2.222444036416824975e+00 6.197832275377250424e-04
2.000000000000000111e-01 2.900287906491956225e+00 5.146860628439973518e-04
2.000000000000000111e-01 3.784873680826339015e+00 3.423658115822819756e-04
2.000000000000000111e-01 4.939257495004710563e+00 2.265378773676537515e-04
2.000000000000000111e-01 6.445727561674886807e+00 1.964167848336680370e-04
2.000000000000000111e-01 8.411669940543495372e+00 1.633085603838890613e-04
2.000000000000000111e-01 1.097722336410032540e+01 1.254284061029344759e-04
2.000000000000000111e-01 1.432526877981191937e+01 9.261836469427519930e-05
2.000000000000000111e-01 1.869446569566756011e+01 7.945197900724011253e-05
2.000000000000000111e-01 2.439626460196020830e+01 7.446008563371177996e-05
2.000000000000000111e-01 3.183710816976113023e+01 7.428985457661092546e-05
2.000000000000000111e-01 4.154740379933528516e+01 8.602653350611860219e-05
2.000000000000000111e-01 5.421933277547337582e+01 1.136737209123574193e-04
2.000000000000000111e-01 7.075619118864300106e+01 1.584802065383411314e-04
2.000000000000000111e-01 9.233677980243444949e+01 2.250408096435104659e-04
2.000000000000000111e-01 9.435100508806102937e+01 2.313793917460662858e-04
2.000000000000000111e-01 1.078988417160903026e+02 2.733523481597633698e-04
2.000000000000000111e-01 1.204994327853500522e+02 3.105772037862722314e-04
2.000000000000000111e-01 1.214466783441195901e+02 3.132649452239275587e-04
2.000000000000000111e-01 1.349945149721488633e+02 3.495626732057665622e-04
2.000000000000000111e-01 1.485423516001781366e+02 3.813950031989991473e-04
2.000000000000000111e-01 1.572516751467683491e+02 3.989824967818625368e-04
2.000000000000000111e-01 1.620901882282074098e+02 4.077141443994766897e-04
2.000000000000000111e-01 1.756380248562367115e+02 4.281294268270757655e-04
2.000000000000000111e-01 1.891858614842659563e+02 4.423463758896644836e-04
2.000000000000000111e-01 2.027336981122952579e+02 4.503523510018559990e-04
2.000000000000000111e-01 2.162815347403245028e+02 4.523592082226594890e-04
2.000000000000000111e-01 2.298293713683538044e+02 4.486541935697073999e-04
2.000000000000000111e-01 2.433772079963830492e+02 4.397731926837670190e-04
2.000000000000000111e-01 2.569250446244123509e+02 4.262393202090386155e-04
2.000000000000000111e-01 2.704728812524416526e+02 4.087519888408154946e-04
2.000000000000000111e-01 2.840207178804708974e+02 3.880168502508578180e-04
2.000000000000000111e-01 2.975685545085001991e+02 3.647254522450622967e-04
2.000000000000000111e-01 3.111163911365294439e+02 3.395910808583385608e-04
2.000000000000000111e-01 3.246642277645587455e+02 3.106324117814858931e-04
2.000000000000000111e-01 3.382120643925879904e+02 2.813298869970937512e-04
2.000000000000000111e-01 3.517599010206172920e+02 2.524408873659794586e-04
2.000000000000000111e-01 3.653077376486465369e+02 2.243872922914492822e-04
2.000000000000000111e-01 3.788555742766758385e+02 1.976474889956900908e-04
2.000000000000000111e-01 3.924034109047050833e+02 1.728394425727551803e-04
2.000000000000000111e-01 4.059512475327343850e+02 1.498600154605963229e-04
2.000000000000000111e-01 4.194990841607636867e+02 1.286954008170175024e-04
2.000000000000000111e-01 4.330469207887929315e+02 1.094151666505592600e-04
2.000000000000000111e-01 4.465947574168222332e+02 9.204780342812212183e-05
2.000000000000000111e-01 4.601425940448514780e+02 7.664655306415206341e-05
2.000000000000000111e-01 4.736904306728807796e+02 6.302160929847006802e-05
2.000000000000000111e-01 4.872382673009100245e+02 5.107423546095049376e-05
2.000000000000000111e-01 5.007861039289393261e+02 4.082280889559911281e-05
2.000000000000000111e-01 5.143339405569686278e+02 3.200395240969194308e-05
2.000000000000000111e-01 5.278817771849978726e+02 2.457291377628649092e-05
2.000000000000000111e-01 5.414296138130272311e+02 1.842857050263078033e-05
2.000000000000000111e-01 5.549774504410564759e+02 1.325334080431792790e-05
2.000000000000000111e-01 5.685252870690857208e+02 9.185563133674990154e-06
2.000000000000000111e-01 5.820731236971149656e+02 5.859810922906700293e-06
2.000000000000000111e-01 5.956209603251443241e+02 3.342653759994162850e-06
2.000000000000000111e-01 6.091687969531735689e+02 1.504120389934348154e-06
2.000000000000000111e-01 6.227166335812028137e+02 2.877932589121415355e-07
2.000000000000000111e-01 6.290067005870735102e+02 0.000000000000000000e+00
3.000000000000000444e-01 1.000000000000000000e+00 1.601886700794213306e-03
3.000000000000000444e-01 1.311637169040853035e+00 1.175753442517028747e-03
3.000000000000000444e-01 1.720392063209503331e+00 1.088803916182240266e-03
3.000000000000000444e-01 2.256530175428465235e+00 8.962762070695016233e-04
3.000000000000000444e-01 2.959748851154251348e+00 7.693030109263056943e-04
3.000000000000000444e-01 3.882116604199879806e+00 5.336439448437187670e-04
3.000000000000000444e-01 5.091928432619219791e+00 3.297725270281539603e-04
3.000000000000000444e-01 6.678762594319301193e+00 2.802645151670963316e-04
3.000000000000000444e-01 8.760113261908911042e+00 2.367491807728185820e-04
3.000000000000000444e-01 1.149009015932743516e+01 1.834449210302440162e-04
3.000000000000000444e-01 1.507082932860440394e+01 1.309036510471552094e-04
3.000000000000000444e-01 1.976745991566854599e+01 1.096303470030330707e-04
3.000000000000000444e-01 2.592773516291602576e+01 1.010323638661589824e-04
3.000000000000000444e-01 3.400778114872814939e+01 9.705421407141194665e-05
3.000000000000000444e-01 4.460586979127868545e+01 1.098004068915257343e-04
3.000000000000000444e-01 5.850671677563769890e+01 1.433573222606538344e-04
3.000000000000000444e-01 7.673958436147239581e+01 2.011093682773549705e-04
3.000000000000000444e-01 1.006544911852533488e+02 2.917985619048215143e-04
3.000000000000000444e-01 1.038991126569004990e+02 3.046824445178770101e-04
3.000000000000000444e-01 1.188179596025067326e+02 3.640880128071963717e-04
3.000000000000000444e-01 1.320221718694731692e+02 4.158244821347368333e-04
3.000000000000000444e-01 1.337368065481129520e+02 4.223925666948146135e-04
3.000000000000000444e-01 1.486556534937191714e+02 4.773729332034978715e-04
3.000000000000000444e-01 1.635745004393254192e+02 5.275435887534115839e-04
3.000000000000000444e-01 1.731651877615008459e+02 5.564554717397746011e-04
3.000000000000000444e-01 1.784933473849316385e+02 5.712427356860127776e-04
3.000000000000000444e-01 1.934121943305378863e+02 6.075038318305443471e-04
3.000000000000000444e-01 2.083310412761441057e+02 6.354862014739106821e-04
3.000000000000000444e-01 2.232498882217503251e+02 6.547632783466849401e-04
3.000000000000000444e-01 2.381687351673565445e+02 6.651492297823993500e-04
3.000000000000000444e-01 2.530875821129627639e+02 6.667356463022466439e-04
3.000000000000000444e-01 2.680064290585689832e+02 6.599296459246544377e-04
3.000000000000000444e-01 2.829252760041752595e+02 6.453016579946358085e-04
3.000000000000000444e-01 2.978441229497814788e+02 6.236657776112848519e-04
3.000000000000000444e-01 3.127629698953876982e+02 5.958703250999564755e-04
3.000000000000000444e-01 3.276818168409939176e+02 5.600312101644023795e-04
3.000000000000000444e-01 3.426006637866001370e+02 5.209135835097829367e-04
3.000000000000000444e-01 3.575195107322063564e+02 4.800490840092457110e-04
3.000000000000000444e-01 3.724383576778126326e+02 4.379995962840875414e-04
3.000000000000000444e-01 3.873572046234188520e+02 3.955478236619190506e-04
3.000000000000000444e-01 4.022760515690250713e+02 3.535218672580569058e-04
3.000000000000000444e-01 4.171948985146312907e+02 3.126471085934003752e-04
3.000000000000000444e-01 4.321137454602375101e+02 2.736178488774458541e-04
3.000000000000000444e-01 4.470325924058437863e+02 2.368569298693173929e-04
3.000000000000000444e-01 4.619514393514500057e+02 2.027786614037734134e-04
3.000000000000000444e-01 4.768702862970562251e+02 1.716155154883763933e-04
3.000000000000000444e-01 4.917891332426624444e+02 1.435672745961291902e-04
3.000000000000000444e-01 5.067079801882686638e+02 1.186478949883322965e-04
3.000000000000000444e-01 5.216268271338748264e+02 9.678030565868293964e-05
3.000000000000000444e-01 5.365456740794811594e+02 7.776788758701548500e-05
3.000000000000000444e-01 5.514645210250873788e+02 6.158918211612896302e-05
3.000000000000000444e-01 5.663833679706935982e+02 4.787375744982532848e-05
3.000000000000000444e-01 5.813022149162998176e+02 3.636661076178615462e-05
3.000000000000000444e-01 5.962210618619060369e+02 2.699936229127813757e-05
3.000000000000000444e-01 6.111399088075122563e+02 1.929749328406139643e-05
3.000000000000000444e-01 6.260587557531184757e+02 1.325308131871198582e-05
3.000000000000000444e-01 6.409776026987246951e+02 8.477067612796804262e-06
3.000000000000000444e-01 6.558964496443309145e+02 4.828673282558671056e-06
3.000000000000000444e-01 6.708152965899371338e+02 2.153639837028268452e-06
3.000000000000000444e-01 6.857341435355433532e+02 4.138827014495798909e-07
3.000000000000000444e-01 6.926607510460033836e+02 0.000000000000000000e+00
4.000000000000000222e-01 1.000000000000000000e+00 2.321589560715223155e-03
4.000000000000000222e-01 1.315868487750540217e+00 1.720291947555291053e-03
4.000000000000000222e-01 1.731509877054893343e+00 1.450459558769919737e-03
4.000000000000000222e-01 2.278439283445345964e+00 1.186219102198242349e-03
4.000000000000000222e-01 2.998126454338652103e+00 1.039819084967397904e-03
4.000000000000000222e-01 3.945140123555490597e+00 7.471201269425664735e-04
4.000000000000000222e-01 5.191285568346942547e+00 4.393643605740852145e-04
4.000000000000000222e-01 6.831049090301894999e+00 3.690126207666504280e-04
4.000000000000000222e-01 8.988762236205257494e+00 3.148830806511438720e-04
4.000000000000000222e-01 1.182802897050457602e+01 2.466831385769840718e-04
4.000000000000000222e-01 1.556413059448743397e+01 1.718670409820858072e-04
4.000000000000000222e-01 2.048034898852009178e+01 1.417201607582969382e-04
4.000000000000000222e-01 2.694944585212723354e+01 1.293820129332832038e-04
4.000000000000000222e-01 3.546192655915372427e+01 1.207058737540017451e-04
4.000000000000000222e-01 4.666323167411434980e+01 1.342527906532050316e-04
4.000000000000000222e-01 6.140267609656994807e+01 1.746314757687180037e-04
4.000000000000000222e-01 8.079784653902972025e+01 2.486720579384205207e-04
4.000000000000000222e-01 1.063193401388133026e+02 3.726760088089439791e-04
4.000000000000000222e-01 1.104557925433883696e+02 3.945180848901469473e-04
4.000000000000000222e-01 1.263161114726954111e+02 4.807826256820673739e-04
4.000000000000000222e-01 1.399022693270955529e+02 5.563525331381139263e-04
4.000000000000000222e-01 1.421764304020024667e+02 5.690004245486235315e-04
4.000000000000000222e-01 1.580367493313095224e+02 6.560213516888244514e-04
4.000000000000000222e-01 1.738970682606165497e+02 7.392635316915213087e-04
4.000000000000000222e-01 1.840929875723139730e+02 7.894477149306666211e-04
4.000000000000000222e-01 1.897573871899236053e+02 8.159165542671612198e-04
4.000000000000000222e-01 2.056177061192306610e+02 8.838157705923679452e-04
4.000000000000000222e-01 2.214780250485376882e+02 9.409306603405574948e-04
4.000000000000000222e-01 2.373383439778447439e+02 9.857299469906868981e-04
4.000000000000000222e-01 2.531986629071517996e+02 1.017136545994741905e-03
4.000000000000000222e-01 2.690589818364588268e+02 1.034463156081287007e-03
4.000000000000000222e-01 2.849193007657659109e+02 1.037625051251572133e-03
4.000000000000000222e-01 3.007796196950729382e+02 1.026950853289768269e-03
4.000000000000000222e-01 3.166399386243799654e+02 1.002402324602201999e-03
4.000000000000000222e-01 3.325002575536870495e+02 9.646035829280337178e-04
4.000000000000000222e-01 3.483605764829940767e+02 9.174400079426870335e-04
4.000000000000000222e-01 3.642208954123011040e+02 8.622565165048494623e-04
4.000000000000000222e-01 3.800812143416081881e+02 8.007607352589719493e-04
4.000000000000000222e-01 3.959415332709152153e+02 7.349016662788511456e-04
4.000000000000000222e-01 4.118018522002222994e+02 6.665037555033846099e-04
4.000000000000000222e-01 4.276621711295293267e+02 5.973895419206042392e-04
4.000000000000000222e-01 4.435224900588363539e+02 5.291486331850945354e-04
4.000000000000000222e-01 4.593828089881434380e+02 4.631602531944552063e-04
4.000000000000000222e-01 4.752431279174504652e+02 4.006423499991481978e-04
4.000000000000000222e-01 4.911034468467574925e+02 3.423434164871709756e-04
4.000000000000000222e-01 5.069637657760645766e+02 2.889101388093495097e-04
4.000000000000000222e-01 5.228240847053715470e+02 2.408815842776065213e-04
4.000000000000000222e-01 5.386844036346785742e+02 1.982253314104506846e-04
4.000000000000000222e-01 5.545447225639857152e+02 1.609082067322210484e-04
4.000000000000000222e-01 5.704050414932927424e+02 1.287507431109918344e-04
4.000000000000000222e-01 5.862653604225997697e+02 1.014095761451788924e-04
4.000000000000000222e-01 6.021256793519067969e+02 7.842112520902976285e-05
4.000000000000000222e-01 6.179859982812138242e+02 5.947548360344363599e-05
4.000000000000000222e-01 6.338463172105209651e+02 4.396915039395179385e-05
4.000000000000000222e-01 6.497066361398279923e+02 3.156849698417867089e-05
4.000000000000000222e-01 6.655669550691350196e+02 2.162408302576485374e-05
4.000000000000000222e-01 6.814272739984420468e+02 1.394125365707077867e-05
4.000000000000000222e-01 6.972875929277490741e+02 8.051446089032019020e-06
4.000000000000000222e-01 7.131479118570562150e+02 3.692828355098178824e-06
4.000000000000000222e-01 7.290082307863632423e+02 7.458921430145565877e-07
4.000000000000000222e-01 7.363719502892557784e+02 0.000000000000000000e+00
5.000000000000000000e-01 1.000000000000000000e+00 2.623424130962889473e-03
5.000000000000000000e-01 1.317447822599173035e+00 1.899602658616480816e-03
5.000000000000000000e-01 1.735668765271302316e+00 1.592863382640105933e-03
5.000000000000000000e-01 2.286653035560072489e+00 1.300920834911327905e-03
5.000000000000000000e-01 3.012546062738406860e+00 1.147783519510172604e-03
5.000000000000000000e-01 3.968872250834425852e+00 8.344899322518072168e-04
5.000000000000000000e-01 5.228782105036094308e+00 4.838270378925363727e-04
5.000000000000000000e-01 6.888647599125322429e+00 4.052215613776945355e-04
5.000000000000000000e-01 9.075433780120677696e+00 3.471904767149657216e-04
5.000000000000000000e-01 1.195641047276297009e+01 2.729987659834571005e-04
5.000000000000000000e-01 1.575194694344352087e+01 1.888817637064978724e-04
5.000000000000000000e-01 2.075236820233736879e+01 1.554510504225812032e-04
5.000000000000000000e-01 2.734016230194568919e+01 1.420377978723754504e-04
5.000000000000000000e-01 3.601923729420633435e+01 1.322753901868335843e-04
5.000000000000000000e-01 4.745346574493507319e+01 1.483419991989113501e-04
5.000000000000000000e-01 6.251746512044913828e+01 1.964004057849351979e-04
5.000000000000000000e-01 8.236349829735547701e+01 2.879301378766744766e-04
5.000000000000000000e-01 1.085096114935016516e+02 4.487601355787646656e-04
5.000000000000000000e-01 1.130020460405969089e+02 4.797718453980454436e-04
5.000000000000000000e-01 1.292279808566826205e+02 5.978716988964621155e-04
5.000000000000000000e-01 1.429557513931960386e+02 7.033864891398546688e-04
5.000000000000000000e-01 1.454539156727683178e+02 7.229280806916849565e-04
5.000000000000000000e-01 1.616798504888540151e+02 8.508900997632643610e-04
5.000000000000000000e-01 1.779057853049397409e+02 9.779581627544105520e-04
5.000000000000000000e-01 1.883367434009947772e+02 1.057192519849613427e-03
5.000000000000000000e-01 1.941317201210254666e+02 1.099903771029409972e-03
5.000000000000000000e-01 2.103576549371111355e+02 1.213026333104723787e-03
5.000000000000000000e-01 2.265835897531968612e+02 1.313586686063620678e-03
5.000000000000000000e-01 2.428095245692825870e+02 1.398488643507125222e-03
5.000000000000000000e-01 2.590354593853682559e+02 1.465114860529728854e-03
5.000000000000000000e-01 2.752613942014539816e+02 1.511495463972103211e-03
5.000000000000000000e-01 2.914873290175397074e+02 1.536515763184963810e-03
5.000000000000000000e-01 3.077132638336253763e+02 1.539818267719059034e-03
5.000000000000000000e-01 3.239391986497111020e+02 1.520794900918032676e-03
5.000000000000000000e-01 3.401651334657968277e+02 1.481510063286618903e-03
5.000000000000000000e-01 3.563910682818825535e+02 1.424427944053792850e-03
5.000000000000000000e-01 3.726170030979682224e+02 1.351889392799665839e-03
5.000000000000000000e-01 3.888429379140539481e+02 1.266782923125512163e-03
5.000000000000000000e-01 4.050688727301396170e+02 1.172110796442886547e-03
5.000000000000000000e-01 4.212948075462253428e+02 1.070897528200441626e-03
5.000000000000000000e-01 4.375207423623110685e+02 9.663625919145495081e-04
5.000000000000000000e-01 4.537466771783967374e+02 8.612292568280663320e-04
5.000000000000000000e-01 4.699726119944824632e+02 7.580865333828781675e-04
5.000000000000000000e-01 4.861985468105681889e+02 6.590455441293356946e-04
5.000000000000000000e-01 5.024244816266538578e+02 5.658283312509962415e-04
5.000000000000000000e-01 5.186504164427395835e+02 4.796955572203388070e-04
5.000000000000000000e-01 5.348763512588253661e+02 4.015887104077151622e-04
5.000000000000000000e-01 5.511022860749110350e+02 3.317766813414191459e-04
5.000000000000000000e-01 5.673282208909967039e+02 2.705016301223183957e-04
5.000000000000000000e-01 5.835541557070824865e+02 2.174856806536100353e-04
5.000000000000000000e-01 5.997800905231681554e+02 1.722470530696810749e-04
5.000000000000000000e-01 6.160060253392538243e+02 1.341907326320972832e-04
5.000000000000000000e-01 6.322319601553396069e+02 1.026317218518706364e-04
5.000000000000000000e-01 6.484578949714252758e+02 7.682712111210234993e-05
5.000000000000000000e-01 6.646838297875110584e+02 5.602214359295902926e-05
5.000000000000000000e-01 6.809097646035967273e+02 3.938800222392227550e-05
5.000000000000000000e-01 6.971356994196823962e+02 2.626795893120679727e-05
5.000000000000000000e-01 7.133616342357681788e+02 1.609567129827301288e-05
5.000000000000000000e-01 7.295875690518538477e+02 8.209512946598408531e-06
5.000000000000000000e-01 7.458135038679396303e+02 2.178656610567544619e-06
5.000000000000000000e-01 7.533469736039794498e+02 0.000000000000000000e+00
6.000000000000000888e-01 1.000000000000000000e+00 2.197006389999311103e-03
6.000000000000000888e-01 1.317471409597817056e+00 1.645262276746815768e-03
6.000000000000000888e-01 1.735730915107658978e+00 1.393070205168046340e-03
6.000000000000000888e-01 2.286775855409396208e+00 1.141399879805102009e-03
6.000000000000000888e-01 3.012761809660471357e+00 1.001025784476011066e-03
6.000000000000000888e-01 3.969227548155851881e+00 7.089724727369380161e-04
6.000000000000000888e-01 5.229343812883376685e+00 4.211358071271023486e-04
6.000000000000000888e-01 6.889510964431085682e+00 3.578816800961716511e-04
6.000000000000000888e-01 9.076733721748638573e+00 3.043163141969987186e-04
6.000000000000000888e-01 1.195833717093622006e+01 2.373893521529160807e-04
6.000000000000000888e-01 1.575476732903931421e+01 1.659257534476681149e-04
6.000000000000000888e-01 2.075645552087506118e+01 1.397427268856892718e-04
6.000000000000000888e-01 2.734603671334164687e+01 1.288485992289482103e-04
6.000000000000000888e-01 3.602762153563988079e+01 1.244671770028269592e-04
6.000000000000000888e-01 4.746536132901614735e+01 1.464038643162011847e-04
6.000000000000000888e-01 6.253425649720861657e+01 2.033397161791250908e-04
6.000000000000000888e-01 8.238709505552888857e+01 3.121346028426417356e-04
6.000000000000000888e-01 1.085426422554770056e+02 5.072127113103973512e-04
6.000000000000000888e-01 1.130404918621814403e+02 5.456134648293201311e-04
6.000000000000000888e-01 1.292719471039305859e+02 6.939141267385989017e-04
6.000000000000000888e-01 1.430018278937948821e+02 8.290840929402368926e-04
6.000000000000000888e-01 1.455034023456797172e+02 8.544367617077876405e-04
6.000000000000000888e-01 1.617348575874288485e+02 1.022545680108825732e-03
6.000000000000000888e-01 1.779663128291779799e+02 1.193321251069778257e-03
6.000000000000000888e-01 1.884008197703023768e+02 1.301982260458197684e-03
6.000000000000000888e-01 1.941977680709271112e+02 1.361348651724313043e-03
6.000000000000000888e-01 2.104292233126762426e+02 1.521364664367234280e-03
6.000000000000000888e-01 2.266606785544253739e+02 1.668032057718272718e-03
6.000000000000000888e-01 2.428921337961745053e+02 1.796679066927195584e-03
6.000000000000000888e-01 2.591235890379236366e+02 1.902991172362875636e-03
6.000000000000000888e-01 2.753550442796727680e+02 1.983630229470546413e-03
6.000000000000000888e-01 2.915864995214218993e+02 2.036251854380932095e-03
6.000000000000000888e-01 3.078179547631710307e+02 2.059600051902999232e-03
6.000000000000000888e-01 3.240494100049201620e+02 2.053412875522831003e-03
6.000000000000000888e-01 3.402808652466692934e+02 2.018110757369232042e-03
6.000000000000000888e-01 3.565123204884184247e+02 1.956457515388350908e-03
6.000000000000000888e-01 3.727437757301675560e+02 1.871451359272638870e-03
6.000000000000000888e-01 3.889752309719166874e+02 1.766809067485830120e-03
6.000000000000000888e-01 4.052066862136658187e+02 1.646499455121578498e-03
6.000000000000000888e-01 4.214381414554149501e+02 1.514888196972771469e-03
6.000000000000000888e-01 4.376695966971640814e+02 1.376160829481907610e-03
6.000000000000000888e-01 4.539010519389132128e+02 1.234462534721370670e-03
6.000000000000000888e-01 4.701325071806623441e+02 1.093564962877954880e-03
6.000000000000000888e-01 4.863639624224114755e+02 9.566556413021067365e-04
6.000000000000000888e-01 5.025954176641606068e+02 8.264685614487181538e-04
6.000000000000000888e-01 5.188268729059096813e+02 7.051187654446886650e-04
6.000000000000000888e-01 5.350583281476588127e+02 5.940333647669903717e-04
6.000000000000000888e-01 5.512897833894079440e+02 4.940389355056047605e-04
6.000000000000000888e-01 5.675212386311570754e+02 4.055298257885619475e-04
6.000000000000000888e-01 5.837526938729062067e+02 3.284117035155500932e-04
6.000000000000000888e-01 5.999841491146553381e+02 2.621808239164968640e-04
6.000000000000000888e-01 6.162156043564044694e+02 2.061330790022786229e-04
6.000000000000000888e-01 6.324470595981536007e+02 1.593705140370946694e-04
6.000000000000000888e-01 6.486785148399027321e+02 1.208826774202117349e-04
6.000000000000000888e-01 6.649099700816518634e+02 8.955862746775624609e-05
6.000000000000000888e-01 6.811414253234009948e+02 6.438876426942851305e-05
6.000000000000000888e-01 6.973728805651501261e+02 4.431479622538528969e-05
6.000000000000000888e-01 7.136043358068992575e+02 2.838948099673979173e-05
6.000000000000000888e-01 7.298357910486483888e+02 1.558003383893612900e-05
6.000000000000000888e-01 7.460672462903975202e+02 4.362960000221129961e-06
6.000000000000000888e-01 7.536032790812096209e+02 0.000000000000000000e+00
7.000000000000000666e-01 1.000000000000000000e+00 1.460115457746749904e-03
7.000000000000000666e-01 1.317472020125696641e+00 1.105211065389356730e-03
7.000000000000000666e-01 1.735732523814083939e+00 1.010297506831077169e-03
7.000000000000000666e-01 2.286779034547214984e+00 8.341805515879487229e-04
7.000000000000000666e-01 3.012767394226009809e+00 7.108169303908464702e-04
7.000000000000000666e-01 3.969236745039771641e+00 4.759014840224669459e-04
7.000000000000000666e-01 5.229358352844693414e+00 3.025140002201117816e-04
7.000000000000000666e-01 6.889533313083483712e+00 2.631379761065422585e-04
7.000000000000000666e-01 9.076767371711380150e+00 2.193025874411112395e-04
7.000000000000000666e-01 1.195838704541960418e+01 1.674034193411824071e-04
7.000000000000000666e-01 1.575484033817392060e+01 1.210613610627441275e-04
7.000000000000000666e-01 2.075656132709181279e+01 1.069915013445558283e-04
7.000000000000000666e-01 2.734618878246656593e+01 1.010818531280130347e-04
7.000000000000000666e-01 3.602783857797488309e+01 1.060465122414751830e-04
7.000000000000000666e-01 4.746566927208708364e+01 1.364014563551018983e-04
7.000000000000000666e-01 6.253469118251474868e+01 2.026557301059852894e-04
7.000000000000000666e-01 8.238770592016430783e+01 3.284869608906375782e-04
7.000000000000000666e-01 1.085434973521606565e+02 5.547305893039246923e-04
7.000000000000000666e-01 1.130414871616038965e+02 5.996598833035264586e-04
7.000000000000000666e-01 1.292730853181418809e+02 7.744983489511379337e-04
7.000000000000000666e-01 1.430030207280593970e+02 9.352511799753878991e-04
7.000000000000000666e-01 1.455046834746798936e+02 9.655208462095146629e-04
7.000000000000000666e-01 1.617362816312178779e+02 1.167720513242632334e-03
7.000000000000000666e-01 1.779678797877558623e+02 1.374841549228240272e-03
7.000000000000000666e-01 1.884024786026732272e+02 1.507652419465673735e-03
7.000000000000000666e-01 1.941994779442938750e+02 1.580522314076542555e-03
7.000000000000000666e-01 2.104310761008318593e+02 1.778002884213143557e-03
7.000000000000000666e-01 2.266626742573698721e+02 1.960743125703432507e-03
7.000000000000000666e-01 2.428942724139078564e+02 2.122497584616297745e-03
7.000000000000000666e-01 2.591258705704458407e+02 2.257855843795548208e-03
7.000000000000000666e-01 2.753574687269838250e+02 2.362412185929087596e-03
7.000000000000000666e-01 2.915890668835218094e+02 2.432980304649064174e-03
7.000000000000000666e-01 3.078206650400597937e+02 2.467822840945512169e-03
7.000000000000000666e-01 3.240522631965978348e+02 2.466559397851246851e-03
7.000000000000000666e-01 3.402838613531358192e+02 2.430251718015427088e-03
7.000000000000000666e-01 3.565154595096738603e+02 2.360681830837410913e-03
7.000000000000000666e-01 3.727470576662118447e+02 2.261777312740082067e-03
7.000000000000000666e-01 3.889786558227498290e+02 2.138072522137830344e-03
7.000000000000000666e-01 4.052102539792878133e+02 1.994664862410657803e-03
7.000000000000000666e-01 4.214418521358257976e+02 1.836749691668925627e-03
7.000000000000000666e-01 4.376734502923637820e+02 1.669683653338227417e-03
7.000000000000000666e-01 4.539050484489017663e+02 1.498553553692967468e-03
7.000000000000000666e-01 4.701366466054397506e+02 1.328048993408454748e-03
7.000000000000000666e-01 4.863682447619777349e+02 1.162145811411310166e-03
7.000000000000000666e-01 5.025998429185157192e+02 1.004263411182084505e-03
7.000000000000000666e-01 5.188314410750538173e+02 8.569154050300527682e-04
7.000000000000000666e-01 5.350630392315918016e+02 7.220023267916075719e-04
7.000000000000000666e-01 5.512946373881297859e+02 6.005184394552876698e-04
7.000000000000000666e-01 5.675262355446677702e+02 4.929394127810279641e-04
7.000000000000000666e-01 5.837578337012057546e+02 3.992043857023181287e-04
7.000000000000000666e-01 5.999894318577437389e+02 3.187195920734189609e-04
7.000000000000000666e-01 6.162210300142817232e+02 2.506002935999145282e-04
7.000000000000000666e-01 6.324526281708197075e+02 1.937096007008759480e-04
7.000000000000000666e-01 6.486842263273576918e+02 1.468054546601860611e-04
7.000000000000000666e-01 6.649158244838956762e+02 1.085687391127026764e-04
7.000000000000000666e-01 6.811474226404336605e+02 7.761030808914811687e-05
7.000000000000000666e-01 6.973790207969716448e+02 5.243514207688080691e-05
7.000000000000000666e-01 7.136106189535096291e+02 3.216046424482883542e-05
7.000000000000000666e-01 7.298422171100477271e+02 1.648648998454487228e-05
7.000000000000000666e-01 7.460738152665857115e+02 4.418596139060461216e-06
7.000000000000000666e-01 7.536099144106926815e+02 0.000000000000000000e+00
8.000000000000000444e-01 1.000000000000000000e+00 9.007187208147079483e-04
8.000000000000000444e-01 1.317472205228367610e+00 7.822214803334471070e-04
8.000000000000000444e-01 1.735733011549298155e+00 6.764821406794252001e-04
8.000000000000000444e-01 2.286779998413529302e+00 5.617008096989069277e-04
8.000000000000000444e-01 3.012769087381995448e+00 4.539247085467953188e-04
8.000000000000000444e-01 3.969239533397014519e+00 2.879947123911679959e-04
8.000000000000000444e-01 5.229362761144181526e+00 1.975547960251504312e-04
8.000000000000000444e-01 6.889540088863729927e+00 1.778191650426900583e-04
8.000000000000000444e-01 9.076777573884543315e+00 1.439644002428117455e-04
8.000000000000000444e-01 1.195840216663306244e+01 1.076421544666109265e-04
8.000000000000000444e-01 1.575486247348174729e+01 8.291223486315765778e-05
8.000000000000000444e-01 2.075659340600764935e+01 7.736596769652690257e-05
8.000000000000000444e-01 2.734623488764150068e+01 7.654693904219825708e-05
8.000000000000000444e-01 3.602790438211396662e+01 8.998031730353345324e-05
8.000000000000000444e-01 4.746576263606044677e+01 1.271811443214556931e-04
8.000000000000000444e-01 6.253482297297684056e+01 2.011377938022166896e-04
8.000000000000000444e-01 8.238789112577336482e+01 3.402505195158984030e-04
8.000000000000000444e-01 1.085437566055873333e+02 5.904184604017093758e-04
8.000000000000000444e-01 1.130417889227339998e+02 6.403267805874293108e-04
8.000000000000000444e-01 1.292734304090753028e+02 8.347616043700070015e-04
8.000000000000000444e-01 1.430033823789343330e+02 1.014194108194935162e-03
8.000000000000000444e-01 1.455050718954165916e+02 1.048074969891015125e-03
8.000000000000000444e-01 1.617367133817578804e+02 1.274197615049125695e-03
8.000000000000000444e-01 1.779683548680991692e+02 1.506333504548220802e-03
8.000000000000000444e-01 1.884029815378900707e+02 1.655249191227282620e-03
8.000000000000000444e-01 1.941999963544404579e+02 1.736929094579617696e-03
8.000000000000000444e-01 2.104316378407817751e+02 1.958401535711820629e-03
8.000000000000000444e-01 2.266632793271230639e+02 2.163018357832396585e-03
8.000000000000000444e-01 2.428949208134643527e+02 2.343791095633737491e-03
8.000000000000000444e-01 2.591265622998056415e+02 2.494470775529166861e-03
8.000000000000000444e-01 2.753582037861469303e+02 2.610212374929653505e-03
8.000000000000000444e-01 2.915898452724882191e+02 2.687471474107523944e-03
8.000000000000000444e-01 3.078214867588295078e+02 2.724404655856959602e-03
8.000000000000000444e-01 3.240531282451707966e+02 2.720773802600323990e-03
8.000000000000000444e-01 3.402847697315120854e+02 2.678010886373359892e-03
8.000000000000000444e-01 3.565164112178533742e+02 2.598942555665992304e-03
8.000000000000000444e-01 3.727480527041946630e+02 2.487649750916197042e-03
8.000000000000000444e-01 3.889796941905359517e+02 2.348636333699200083e-03
8.000000000000000444e-01 4.052113356768772405e+02 2.187858826398209403e-03
8.000000000000000444e-01 4.214429771632185293e+02 2.011343154349438250e-03
8.000000000000000444e-01 4.376746186495598181e+02 1.825289772878418071e-03
8.000000000000000444e-01 4.539062601359011069e+02 1.635336076049464507e-03
8.000000000000000444e-01 4.701379016222423957e+02 1.446640996118242917e-03
8.000000000000000444e-01 4.863695431085836844e+02 1.263627877425185482e-03
8.000000000000000444e-01 5.026011845949250301e+02 1.089905170823877783e-03
8.000000000000000444e-01 5.188328260812663757e+02 9.282182059253550784e-04
8.000000000000000444e-01 5.350644675676076076e+02 7.804858178129727569e-04
8.000000000000000444e-01 5.512961090539489533e+02 6.478188778639396191e-04
8.000000000000000444e-01 5.675277505402901852e+02 5.305487231951214536e-04
8.000000000000000444e-01 5.837593920266315308e+02 4.285591872410046709e-04
8.000000000000000444e-01 5.999910335129727628e+02 3.410801251108607521e-04
8.000000000000000444e-01 6.162226749993141084e+02 2.670079623269195268e-04
8.000000000000000444e-01 6.324543164856553403e+02 2.048790575842067863e-04
8.000000000000000444e-01 6.486859579719966860e+02 1.534590121490822729e-04
8.000000000000000444e-01 6.649175994583379179e+02 1.118705637202948070e-04
8.000000000000000444e-01 6.811492409446792635e+02 7.869754616345558918e-05
8.000000000000000444e-01 6.973808824310204955e+02 5.253326431821819163e-05
8.000000000000000444e-01 7.136125239173618411e+02 3.221056101937060627e-05
8.000000000000000444e-01 7.298441654037030730e+02 1.648045436899929186e-05
8.000000000000000444e-01 7.460758068900444187e+02 4.368183757457762234e-06
8.000000000000000444e-01 7.536119261515600556e+02 0.000000000000000000e+00
9.000000000000000222e-01 1.000000000000000000e+00 5.944020723378288205e-04
9.000000000000000222e-01 1.317472278681119491e+00 5.815179609237859995e-04
9.000000000000000222e-01 1.735733205093221265e+00 4.848619013406243756e-04
9.000000000000000222e-01 2.286780380896649145e+00 3.956693383932261151e-04
9.000000000000000222e-01 3.012769759263186575e+00 3.029776280442351716e-04
9.000000000000000222e-01 3.969240639878038657e+00 1.877367033939533053e-04
9.000000000000000222e-01 5.229364510453823556e+00 1.490895767235024864e-04
9.000000000000000222e-01 6.889542777641777249e+00 1.271934245307902419e-04
9.000000000000000222e-01 9.076781622330759802e+00 9.981473441975841001e-05
9.000000000000000222e-01 1.195840816706301624e+01 7.435846286408689758e-05
9.000000000000000222e-01 1.575487125725942050e+01 6.125228146550140760e-05
9.000000000000000222e-01 2.075660613562924084e+01 5.980646774402584022e-05
9.000000000000000222e-01 2.734625318319395859e+01 6.356454382344492481e-05
9.000000000000000222e-01 3.602793049465335429e+01 8.043843619942688450e-05
9.000000000000000222e-01 4.746579968495596802e+01 1.219816298844208363e-04
9.000000000000000222e-01 6.253487527036050153e+01 2.008857868203981270e-04
9.000000000000000222e-01 8.238796461948142280e+01 3.483434782144731023e-04
9.000000000000000222e-01 1.085438594831276333e+02 6.128925873291556602e-04
9.000000000000000222e-01 1.130419086683024261e+02 6.657157581163834640e-04
9.000000000000000222e-01 1.292735673488791690e+02 8.719127774840032541e-04
9.000000000000000222e-01 1.430035258900794588e+02 1.062134077642492430e-03
9.000000000000000222e-01 1.455052260294559403e+02 1.098052559797897025e-03
9.000000000000000222e-01 1.617368847100327116e+02 1.337789067660765264e-03
9.000000000000000222e-01 1.779685433906094545e+02 1.583573001486827600e-03
9.000000000000000222e-01 1.884031811138373484e+02 1.741072710585243400e-03
9.000000000000000222e-01 1.942002020711861974e+02 1.827388319174752486e-03
9.000000000000000222e-01 2.104318607517629687e+02 2.060818184046211716e-03
9.000000000000000222e-01 2.266635194323397400e+02 2.275728127660214296e-03
9.000000000000000222e-01 2.428951781129164829e+02 2.464656575526526575e-03
9.000000000000000222e-01 2.591268367934932257e+02 2.621101055455964720e-03
9.000000000000000222e-01 2.753584954740699686e+02 2.739991956216467767e-03
9.000000000000000222e-01 2.915901541546467683e+02 2.817758510025940820e-03
9.000000000000000222e-01 3.078218128352235112e+02 2.852710905445494244e-03
9.000000000000000222e-01 3.240534715158002541e+02 2.844867298694749545e-03
9.000000000000000222e-01 3.402851301963770538e+02 2.795937809605728887e-03
9.000000000000000222e-01 3.565167888769537967e+02 2.709181281115782738e-03
9.000000000000000222e-01 3.727484475575305396e+02 2.589024585618430151e-03
9.000000000000000222e-01 3.889801062381072825e+02 2.440975639003581995e-03
9.000000000000000222e-01 4.052117649186840254e+02 2.271133276186863576e-03
9.000000000000000222e-01 4.214434235992608251e+02 2.085731223010728330e-03
9.000000000000000222e-01 4.376750822798375680e+02 1.890358876285886921e-03
9.000000000000000222e-01 4.539067409604143108e+02 1.691146979757967824e-03
9.000000000000000222e-01 4.701383996409911106e+02 1.493719852825122277e-03
9.000000000000000222e-01 4.863700583215678535e+02 1.302626639244300376e-03
9.000000000000000222e-01 5.026017170021445963e+02 1.121599200005057905e-03
9.000000000000000222e-01 5.188333756827213392e+02 9.534375896217668969e-04
9.000000000000000222e-01 5.350650343632980821e+02 8.001029509277345769e-04
9.000000000000000222e-01 5.512966930438749387e+02 6.621792113299681095e-04
9.000000000000000222e-01 5.675283517244515679e+02 5.400922244252228093e-04
9.000000000000000222e-01 5.837600104050284244e+02 4.341785476020323660e-04
9.000000000000000222e-01 5.999916690856051673e+02 3.439614288054176558e-04
9.000000000000000222e-01 6.162233277661819102e+02 2.681290278614252781e-04
9.000000000000000222e-01 6.324549864467586531e+02 2.049949978172389462e-04
9.000000000000000222e-01 6.486866451273353960e+02 1.535047894330371962e-04
9.000000000000000222e-01 6.649183038079121388e+02 1.119244550688856582e-04
9.000000000000000222e-01 6.811499624884888817e+02 7.866879848504545775e-05
9.000000000000000222e-01 6.973816211690656246e+02 5.251160432374446085e-05
9.000000000000000222e-01 7.136132798496424812e+02 3.221517092911841627e-05
9.000000000000000222e-01 7.298449385302192240e+02 1.652180609511704441e-05
9.000000000000000222e-01 7.460765972107959669e+02 4.490613338508155116e-06
9.000000000000000222e-01 7.536127244553495075e+02 0.000000000000000000e+00
1.000000000000000000e+00 1.000000000000000000e+00 5.450305840800649714e-04
1.000000000000000000e+00 1.317472299157696591e+00 5.166902839495001853e-04
1.000000000000000000e+00 1.735733259047867350e+00 4.322836171201508738e-04
1.000000000000000000e+00 2.286780487522275696e+00 3.503528858662010963e-04
1.000000000000000000e+00 3.012769946564931356e+00 2.565200987850716928e-04
1.000000000000000000e+00 3.969240948334111341e+00 1.358568911306244598e-04
1.000000000000000000e+00 5.229364998112617791e+00 1.332523739271533646e-04
1.000000000000000000e+00 6.889543527198214612e+00 1.128510930344288419e-04
1.000000000000000000e+00 9.076782750924857979e+00 8.712370501797867515e-05
1.000000000000000000e+00 1.195840983981589645e+01 6.603072659028555392e-05
1.000000000000000000e+00 1.575487370593227610e+01 5.558758420371496688e-05
1.000000000000000000e+00 2.075660968429372844e+01 5.292841375302837208e-05
1.000000000000000000e+00 2.734625828348537979e+01 5.971351910876956286e-05
1.000000000000000000e+00 3.602793777410367682e+01 7.823000699104365040e-05
1.000000000000000000e+00 4.746581001315881565e+01 1.202116217663796121e-04
1.000000000000000000e+00 6.253488984941874662e+01 2.004850034455819298e-04
1.000000000000000000e+00 8.238798510748704018e+01 3.510489959431565762e-04
1.000000000000000000e+00 1.085438881625310046e+02 6.204607397124075165e-04
1.000000000000000000e+00 1.130419420500463303e+02 6.743682861582182744e-04
1.000000000000000000e+00 1.292736055238991355e+02 8.843565788570084294e-04
1.000000000000000000e+00 1.430035658970056431e+02 1.078197344071138257e-03
1.000000000000000000e+00 1.455052689977519549e+02 1.114777698674470231e-03
1.000000000000000000e+00 1.617369324716047458e+02 1.358721452554955767e-03
1.000000000000000000e+00 1.779685959454575368e+02 1.608776374218968660e-03
1.000000000000000000e+00 1.884032367500772409e+02 1.768888565727823889e-03
1.000000000000000000e+00 1.942002594193103562e+02 1.856584314909214255e-03
1.000000000000000000e+00 2.104319228931631756e+02 2.093437453345219513e-03
1.000000000000000000e+00 2.266635863670159665e+02 2.311200472039211338e-03
1.000000000000000000e+00 2.428952498408687575e+02 2.502225651411520927e-03
1.000000000000000000e+00 2.591269133147215484e+02 2.659868652799851629e-03
1.000000000000000000e+00 2.753585767885743962e+02 2.779111627806661600e-03
1.000000000000000000e+00 2.915902402624271872e+02 2.856425187553473296e-03
1.000000000000000000e+00 3.078219037362799781e+02 2.890209665217420131e-03
1.000000000000000000e+00 3.240535672101327691e+02 2.880635724172974071e-03
1.000000000000000000e+00 3.402852306839856169e+02 2.829090160518666318e-03
1.000000000000000000e+00 3.565168941578384079e+02 2.739613247932354886e-03
1.000000000000000000e+00 3.727485576316911988e+02 2.616532002048152419e-03
1.000000000000000000e+00 3.889802211055439898e+02 2.465432406726223054e-03
1.000000000000000000e+00 4.052118845793967807e+02 2.292491081112174069e-03
1.000000000000000000e+00 4.214435480532496285e+02 2.104124590105686289e-03
1.000000000000000000e+00 4.376752115271024195e+02 1.906659741726547371e-03
1.000000000000000000e+00 4.539068750009552105e+02 1.706044902822788411e-03
1.000000000000000000e+00 4.701385384748080583e+02 1.507538611045334230e-03
1.000000000000000000e+00 4.863702019486608492e+02 1.315187670019027453e-03
1.000000000000000000e+00 5.026018654225136402e+02 1.129975048958749891e-03
1.000000000000000000e+00 5.188335288963664880e+02 9.575431685673060998e-04
1.000000000000000000e+00 5.350651923702192789e+02 8.035517317949954826e-04
1.000000000000000000e+00 5.512968558440720699e+02 6.608841293559520940e-04
1.000000000000000000e+00 5.675285193179248608e+02 5.399932563683843174e-04
1.000000000000000000e+00 5.837601827917776518e+02 4.338129201198928208e-04
1.000000000000000000e+00 5.999918462656305564e+02 3.448414158585402854e-04
1.000000000000000000e+00 6.162235097394833474e+02 2.684783625317953282e-04
1.000000000000000000e+00 6.324551732133361384e+02 2.031497634000002672e-04
1.000000000000000000e+00 6.486868366871889293e+02 1.538232161755300397e-04
1.000000000000000000e+00 6.649185001610417203e+02 1.124530302545171149e-04
1.000000000000000000e+00 6.811501636348945112e+02 7.931123052691987322e-05
1.000000000000000000e+00 6.973818271087473022e+02 5.264250277430195673e-05
1.000000000000000000e+00 7.136134905826002068e+02 3.278400934926495677e-05
1.000000000000000000e+00 7.298451540564529978e+02 1.608086989179830208e-05
1.000000000000000000e+00 7.460768175303057888e+02 4.732707270717120039e-06
1.000000000000000000e+00 7.536129470003088500e+02 0.000000000000000000e+00
