# mx [GeV]: 100.0
# sigma_p [cm^2]: 1.3803842646e-29
# depth [m]: 0.3
# loc: MPI
# Columns: gamma/pi, v [km/s], f(v, gamma) [s/km]
0.000000000000000000e+00 7.992260844624801130e-01 8.034262256654961520e-03
0.000000000000000000e+00 9.139867530006823282e-01 6.748888340637589078e-03
0.000000000000000000e+00 1.000000000000000000e+00 6.318839258299575011e-03
0.000000000000000000e+00 1.015204653840234394e+00 6.236577535082597247e-03
0.000000000000000000e+00 1.028747421538884543e+00 6.167252149747120757e-03
0.000000000000000000e+00 1.030640489178870078e+00 6.157601026647943794e-03
0.000000000000000000e+00 1.046311021050564616e+00 6.077332037038594807e-03
0.000000000000000000e+00 1.062219817934860755e+00 5.673724046288376559e-03
0.000000000000000000e+00 1.078370502568797074e+00 5.616152582646537911e-03
0.000000000000000000e+00 1.094766752771875185e+00 5.556644482323205153e-03
0.000000000000000000e+00 1.111412302283568909e+00 5.495151132381655319e-03
0.000000000000000000e+00 1.128310941613568597e+00 5.431796903151515400e-03
0.000000000000000000e+00 1.143508090077086869e+00 5.374216858518163914e-03
0.000000000000000000e+00 1.145466518904951769e+00 5.366866822786456673e-03
0.000000000000000000e+00 1.162882940810479937e+00 5.300200694453922889e-03
0.000000000000000000e+00 1.180564173382216975e+00 5.232073656989797913e-03
0.000000000000000000e+00 1.198514242974676014e+00 5.162583436471687021e-03
0.000000000000000000e+00 1.216737237161696683e+00 4.934518610256479615e-03
0.000000000000000000e+00 1.235237305667263419e+00 4.874764173917487363e-03
0.000000000000000000e+00 1.254018661310477789e+00 4.813456525703170910e-03
0.000000000000000000e+00 1.258268758615289196e+00 4.799500095112826416e-03
0.000000000000000000e+00 1.273085580964897767e+00 4.750624438324690078e-03
0.000000000000000000e+00 1.292442406532462895e+00 4.686315823917413387e-03
0.000000000000000000e+00 1.312093545932228489e+00 4.620706101575425620e-03
0.000000000000000000e+00 1.332043474104133596e+00 4.553892332053351318e-03
0.000000000000000000e+00 1.373029427153491522e+00 4.416494047442905482e-03
0.000000000000000000e+00 1.487790095691693626e+00 3.831731970229950747e-03
0.000000000000000000e+00 1.602550764229895952e+00 3.546309985168082188e-03
0.000000000000000000e+00 1.717311432768098278e+00 3.181893254480414046e-03
0.000000000000000000e+00 1.832072101306300382e+00 2.752414778812926812e-03
0.000000000000000000e+00 1.946832769844502709e+00 2.588172670286158304e-03
0.000000000000000000e+00 2.061593438382705035e+00 2.381400512447385404e-03
0.000000000000000000e+00 2.176354106920907139e+00 2.064579491737498790e-03
0.000000000000000000e+00 2.291114775459109687e+00 1.903012354310015071e-03
0.000000000000000000e+00 2.405875443997311791e+00 1.694792262304818794e-03
0.000000000000000000e+00 2.520636112535513895e+00 1.554868978012327423e-03
0.000000000000000000e+00 2.635396781073715999e+00 1.332108597492429264e-03
0.000000000000000000e+00 2.750157449611918548e+00 1.222835160434966551e-03
0.000000000000000000e+00 2.864918118150120652e+00 1.056015550331509522e-03
0.000000000000000000e+00 2.979678786688323200e+00 9.673420225266643946e-04
0.000000000000000000e+00 3.094439455226525304e+00 8.490282011326440040e-04
0.000000000000000000e+00 3.209200123764727408e+00 7.742747479105099254e-04
0.000000000000000000e+00 3.323960792302929956e+00 6.445749463972939462e-04
0.000000000000000000e+00 3.438721460841132060e+00 5.876640039816575633e-04
0.000000000000000000e+00 3.553482129379334165e+00 5.076980620531232769e-04
0.000000000000000000e+00 3.668242797917536713e+00 4.610355567161429592e-04
0.000000000000000000e+00 3.783003466455738817e+00 3.756487641513287673e-04
0.000000000000000000e+00 3.897764134993940921e+00 3.068422347875177569e-04
0.000000000000000000e+00 4.012524803532143025e+00 2.787694129215505224e-04
0.000000000000000000e+00 4.127285472070346017e+00 2.338989741040107943e-04
0.000000000000000000e+00 4.242046140608547233e+00 2.116983747569407489e-04
0.000000000000000000e+00 4.356806809146750226e+00 1.610646289846832003e-04
0.000000000000000000e+00 4.471567477684952330e+00 1.317478248120871036e-04
0.000000000000000000e+00 4.586328146223154434e+00 1.190440835007394249e-04
0.000000000000000000e+00 4.701088814761357426e+00 8.499562519498652866e-05
0.000000000000000000e+00 4.815849483299558642e+00 6.976407264455652642e-05
0.000000000000000000e+00 4.930610151837761634e+00 4.741507250848692542e-05
0.000000000000000000e+00 5.045370820375962850e+00 2.860169679881714171e-05
0.000000000000000000e+00 5.160131488914165843e+00 2.012500192331220184e-05
0.000000000000000000e+00 5.274892157452368835e+00 6.026029782964733494e-06
0.000000000000000000e+00 5.328173896416534383e+00 0.000000000000000000e+00
1.000000000000000056e-01 8.182417306356721820e-01 8.597036180028031285e-03
1.000000000000000056e-01 9.357328509320763654e-01 7.524498024932560480e-03
1.000000000000000056e-01 1.000000000000000000e+00 6.908637743039298951e-03
1.000000000000000056e-01 1.016461824417804083e+00 6.799384353653427186e-03
1.000000000000000056e-01 1.033194640498770855e+00 6.695541709250170045e-03
1.000000000000000056e-01 1.050202909260077977e+00 6.593455398710906107e-03
1.000000000000000056e-01 1.053223971228480549e+00 6.575504167423733108e-03
1.000000000000000056e-01 1.067491165155384447e+00 6.491471994031374100e-03
1.000000000000000056e-01 1.085064017283729587e+00 6.389412438271126551e-03
1.000000000000000056e-01 1.102926150618331436e+00 6.286521148850396194e-03
1.000000000000000056e-01 1.121082327255615185e+00 6.182635166804863885e-03
1.000000000000000056e-01 1.139537387684800285e+00 6.060609272348041476e-03
1.000000000000000056e-01 1.158296252078390820e+00 5.941545775140406188e-03
1.000000000000000056e-01 1.170715091524884954e+00 5.865508782432424587e-03
1.000000000000000056e-01 1.177363921603905794e+00 5.824710559257922395e-03
1.000000000000000056e-01 1.196745479757206576e+00 5.642796843182243914e-03
1.000000000000000056e-01 1.216446093717770571e+00 5.558515440402640555e-03
1.000000000000000056e-01 1.236471015726276157e+00 5.473172257467164015e-03
1.000000000000000056e-01 1.256825584484866143e+00 5.386593858780132360e-03
1.000000000000000056e-01 1.277515226580460128e+00 5.298752500461720132e-03
1.000000000000000056e-01 1.288206211821289138e+00 5.253279655944374793e-03
1.000000000000000056e-01 1.298545457931499003e+00 5.209397297726485118e-03
1.000000000000000056e-01 1.319921885258504402e+00 5.106911364458779565e-03
1.000000000000000056e-01 1.341650207578846787e+00 4.981567252712785707e-03
1.000000000000000056e-01 1.363736217726120303e+00 4.842699206144125863e-03
1.000000000000000056e-01 1.405697332117693321e+00 4.676339476279719500e-03
1.000000000000000056e-01 1.523188452414097505e+00 4.226610411056968414e-03
1.000000000000000056e-01 1.640679572710501688e+00 3.775431206725948091e-03
1.000000000000000056e-01 1.758170693006905871e+00 3.418488915019640261e-03
1.000000000000000056e-01 1.875661813303310055e+00 3.088190087328844015e-03
1.000000000000000056e-01 1.993152933599714238e+00 2.772730786635986110e-03
1.000000000000000056e-01 2.110644053896118422e+00 2.498078820200854647e-03
1.000000000000000056e-01 2.228135174192522605e+00 2.252222400405394075e-03
1.000000000000000056e-01 2.345626294488926789e+00 2.011297886165723699e-03
1.000000000000000056e-01 2.463117414785330972e+00 1.811581694271066894e-03
1.000000000000000056e-01 2.580608535081735155e+00 1.620669010811761571e-03
1.000000000000000056e-01 2.698099655378139339e+00 1.455097406583164086e-03
1.000000000000000056e-01 2.815590775674543522e+00 1.279894823239852543e-03
1.000000000000000056e-01 2.933081895970947706e+00 1.151249514291670254e-03
1.000000000000000056e-01 3.050573016267351889e+00 1.042014667342994628e-03
1.000000000000000056e-01 3.168064136563756072e+00 9.024236597338507367e-04
1.000000000000000056e-01 3.285555256860160256e+00 7.995441322770218155e-04
1.000000000000000056e-01 3.403046377156564439e+00 7.051689903597827295e-04
1.000000000000000056e-01 3.520537497452968623e+00 6.176777478402642853e-04
1.000000000000000056e-01 3.638028617749373694e+00 5.358595816801616863e-04
1.000000000000000056e-01 3.755519738045777878e+00 4.701525320252845528e-04
1.000000000000000056e-01 3.873010858342182061e+00 4.053950447501088552e-04
1.000000000000000056e-01 3.990501978638586245e+00 3.420840686677591820e-04
1.000000000000000056e-01 4.107993098934990428e+00 2.990835889734325885e-04
1.000000000000000056e-01 4.225484219231394611e+00 2.478271721847521308e-04
1.000000000000000056e-01 4.342975339527798795e+00 2.129279729723054424e-04
1.000000000000000056e-01 4.460466459824202978e+00 1.772126148835080389e-04
1.000000000000000056e-01 4.577957580120607162e+00 1.398286142232875104e-04
1.000000000000000056e-01 4.695448700417011345e+00 1.170057223047301964e-04
1.000000000000000056e-01 4.812939820713415529e+00 9.189192943274954563e-05
1.000000000000000056e-01 4.930430941009819712e+00 6.845864957566975698e-05
1.000000000000000056e-01 5.047922061306223895e+00 4.974074428966412264e-05
1.000000000000000056e-01 5.165413181602628079e+00 3.353782725550875893e-05
1.000000000000000056e-01 5.282904301899032262e+00 1.847205245123668485e-05
1.000000000000000056e-01 5.400395422195436446e+00 5.461440499850952569e-06
1.000000000000000056e-01 5.454944870904481213e+00 0.000000000000000000e+00
2.000000000000000111e-01 8.768083800219226287e-01 1.103113219211600098e-02
2.000000000000000111e-01 1.000000000000000000e+00 9.571904356217323870e-03
2.000000000000000111e-01 1.002709070486608844e+00 9.544891638772170367e-03
2.000000000000000111e-01 1.020166912487237898e+00 9.373910408778373185e-03
2.000000000000000111e-01 1.040740529333743947e+00 9.176276281280546301e-03
2.000000000000000111e-01 1.061729052510739235e+00 8.977534756480753594e-03
2.000000000000000111e-01 1.083140849397881578e+00 8.777050253816856204e-03
2.000000000000000111e-01 1.104984456119041170e+00 8.402430330618082185e-03
2.000000000000000111e-01 1.127268580945352205e+00 8.253459433612914120e-03
2.000000000000000111e-01 1.128609760951295282e+00 8.244426871138509430e-03
2.000000000000000111e-01 1.150002107766890047e+00 8.103409398837095948e-03
2.000000000000000111e-01 1.173194099634364163e+00 7.951519989075235550e-03
2.000000000000000111e-01 1.196853802372234377e+00 7.797796465868597239e-03
2.000000000000000111e-01 1.220990648264693279e+00 7.642141791720991582e-03
2.000000000000000111e-01 1.245614259815983393e+00 7.484706799638462908e-03
2.000000000000000111e-01 1.254510451415981720e+00 7.428127188579726134e-03
2.000000000000000111e-01 1.270734453586548129e+00 7.320132231094161196e-03
2.000000000000000111e-01 1.296361244106546184e+00 7.133058136483226910e-03
2.000000000000000111e-01 1.322504847868289923e+00 6.958014150883429227e-03
2.000000000000000111e-01 1.349175687399197798e+00 6.784833303195251554e-03
2.000000000000000111e-01 1.376384395416886619e+00 6.547159830409880060e-03
2.000000000000000111e-01 1.380411141880667936e+00 6.526970080489354759e-03
2.000000000000000111e-01 1.404141819068059016e+00 6.409250598803138167e-03
2.000000000000000111e-01 1.432459024252875635e+00 6.269875064286659604e-03
2.000000000000000111e-01 1.461347300036537789e+00 6.128701518578076601e-03
2.000000000000000111e-01 1.506311832345354151e+00 5.897194341740867075e-03
2.000000000000000111e-01 1.632212522810040589e+00 5.298084215298175768e-03
2.000000000000000111e-01 1.758113213274727027e+00 4.755136185804963514e-03
2.000000000000000111e-01 1.884013903739413243e+00 4.258450476040544219e-03
2.000000000000000111e-01 2.009914594204099458e+00 3.841278259340915550e-03
2.000000000000000111e-01 2.135815284668785896e+00 3.452563079362974598e-03
2.000000000000000111e-01 2.261715975133472334e+00 3.107433170131614682e-03
2.000000000000000111e-01 2.387616665598158328e+00 2.782340945270933476e-03
2.000000000000000111e-01 2.513517356062845209e+00 2.500905610394417184e-03
2.000000000000000111e-01 2.639418046527531203e+00 2.215087956112281927e-03
2.000000000000000111e-01 2.765318736992217197e+00 1.994028321119388145e-03
2.000000000000000111e-01 2.891219427456904079e+00 1.780508979006126691e-03
2.000000000000000111e-01 3.017120117921590072e+00 1.590014284303141847e-03
2.000000000000000111e-01 3.143020808386276954e+00 1.405307039723099330e-03
2.000000000000000111e-01 3.268921498850962948e+00 1.239737543851076457e-03
2.000000000000000111e-01 3.394822189315648941e+00 1.100876674562016469e-03
2.000000000000000111e-01 3.520722879780335823e+00 9.636401476856344293e-04
2.000000000000000111e-01 3.646623570245021817e+00 8.481602127533350612e-04
2.000000000000000111e-01 3.772524260709707811e+00 7.419389434288584020e-04
2.000000000000000111e-01 3.898424951174394693e+00 6.458923721025049657e-04
2.000000000000000111e-01 4.024325641639080686e+00 5.547770124607081426e-04
2.000000000000000111e-01 4.150226332103767568e+00 4.826970435662679198e-04
2.000000000000000111e-01 4.276127022568453562e+00 4.124765175953059161e-04
2.000000000000000111e-01 4.402027713033139555e+00 3.523565538048508403e-04
2.000000000000000111e-01 4.527928403497826437e+00 2.948479554051396502e-04
2.000000000000000111e-01 4.653829093962512431e+00 2.542071181308556841e-04
2.000000000000000111e-01 4.779729784427198425e+00 2.048635255063489466e-04
2.000000000000000111e-01 4.905630474891885306e+00 1.678498156550438305e-04
2.000000000000000111e-01 5.031531165356571300e+00 1.348865771069456421e-04
2.000000000000000111e-01 5.157431855821258182e+00 1.062448703697708654e-04
2.000000000000000111e-01 5.283332546285944176e+00 8.000070563212367499e-05
2.000000000000000111e-01 5.409233236750631058e+00 5.645155665234647622e-05
2.000000000000000111e-01 5.535133927215317051e+00 3.798364229809192248e-05
2.000000000000000111e-01 5.661034617680003045e+00 2.199437662469588053e-05
2.000000000000000111e-01 5.786935308144689927e+00 6.568630416432950194e-06
2.000000000000000111e-01 5.845389200146151154e+00 0.000000000000000000e+00
3.000000000000000444e-01 9.778067082031087764e-01 1.602833489949732904e-02
3.000000000000000444e-01 1.000000000000000000e+00 1.566382286217870776e-02
3.000000000000000444e-01 1.026037539714907521e+00 1.524694246777188664e-02
3.000000000000000444e-01 1.052753032904220287e+00 1.468972897409854227e-02
3.000000000000000444e-01 1.080164131808453165e+00 1.433213497665512814e-02
3.000000000000000444e-01 1.108288948289034126e+00 1.395627979962174234e-02
3.000000000000000444e-01 1.118209722714324394e+00 1.382870927096534197e-02
3.000000000000000444e-01 1.137146065795702876e+00 1.358743199445464414e-02
3.000000000000000444e-01 1.166754551645509341e+00 1.321963578407055716e-02
3.000000000000000444e-01 1.197133969621528182e+00 1.285187253191360894e-02
3.000000000000000444e-01 1.228304392899613573e+00 1.248387153630836285e-02
3.000000000000000444e-01 1.258612737225540013e+00 1.213366535150452175e-02
3.000000000000000444e-01 1.260286417311732521e+00 1.211447757289466770e-02
3.000000000000000444e-01 1.293101174954645050e+00 1.157246313084453818e-02
3.000000000000000444e-01 1.326770348152920054e+00 1.127569320627727287e-02
3.000000000000000444e-01 1.361316183785513223e+00 1.097847081925215629e-02
3.000000000000000444e-01 1.396761507985374795e+00 1.067857603261255540e-02
3.000000000000000444e-01 1.399015751736755631e+00 1.065984706447517007e-02
3.000000000000000444e-01 1.433129741221798037e+00 1.037685122809530944e-02
3.000000000000000444e-01 1.470444913775475593e+00 1.007308078654327484e-02
3.000000000000000444e-01 1.508731681616488185e+00 9.756681287786374279e-03
3.000000000000000444e-01 1.539418766247971249e+00 9.510074745598211948e-03
3.000000000000000444e-01 1.548015342695716612e+00 9.442306616351356374e-03
3.000000000000000444e-01 1.588321853660442207e+00 9.040699616437452429e-03
3.000000000000000444e-01 1.629677847005181368e+00 8.778566964341536979e-03
3.000000000000000444e-01 1.679821780759186867e+00 8.452571710212172795e-03
3.000000000000000444e-01 1.820224795270402485e+00 7.550751288195989286e-03
3.000000000000000444e-01 1.960627809781618103e+00 6.798563707076562754e-03
3.000000000000000444e-01 2.101030824292833721e+00 6.019301526993021609e-03
3.000000000000000444e-01 2.241433838804049117e+00 5.449079075809866966e-03
3.000000000000000444e-01 2.381836853315264957e+00 4.905420594952104689e-03
3.000000000000000444e-01 2.522239867826480797e+00 4.385275873123459928e-03
3.000000000000000444e-01 2.662642882337696193e+00 3.920759851238085451e-03
3.000000000000000444e-01 2.803045896848911589e+00 3.502642268419221567e-03
3.000000000000000444e-01 2.943448911360127429e+00 3.131784378903204255e-03
3.000000000000000444e-01 3.083851925871343269e+00 2.763059141471751849e-03
3.000000000000000444e-01 3.224254940382558665e+00 2.470358256927662494e-03
3.000000000000000444e-01 3.364657954893774061e+00 2.180362444147619649e-03
3.000000000000000444e-01 3.505060969404989901e+00 1.936388279586009767e-03
3.000000000000000444e-01 3.645463983916205741e+00 1.704403261433903990e-03
3.000000000000000444e-01 3.785866998427421137e+00 1.490442914366162021e-03
3.000000000000000444e-01 3.926270012938636533e+00 1.312650435570639944e-03
3.000000000000000444e-01 4.066673027449851929e+00 1.134808628138091842e-03
3.000000000000000444e-01 4.207076041961068213e+00 9.939186793841727190e-04
3.000000000000000444e-01 4.347479056472283609e+00 8.583364176510765000e-04
3.000000000000000444e-01 4.487882070983499005e+00 7.447273268719842732e-04
3.000000000000000444e-01 4.628285085494715290e+00 6.268586274145222402e-04
3.000000000000000444e-01 4.768688100005930686e+00 5.398045913251777990e-04
3.000000000000000444e-01 4.909091114517146082e+00 4.571255242833034151e-04
3.000000000000000444e-01 5.049494129028361478e+00 3.841814101643844311e-04
3.000000000000000444e-01 5.189897143539577762e+00 3.170075147636003529e-04
3.000000000000000444e-01 5.330300158050793158e+00 2.634815094066372950e-04
3.000000000000000444e-01 5.470703172562008554e+00 2.118751264766602133e-04
3.000000000000000444e-01 5.611106187073223950e+00 1.690921311240281392e-04
3.000000000000000444e-01 5.751509201584439346e+00 1.323070251233677067e-04
3.000000000000000444e-01 5.891912216095655630e+00 9.961747668433125437e-05
3.000000000000000444e-01 6.032315230606871026e+00 7.143031761445269511e-05
3.000000000000000444e-01 6.172718245118086422e+00 4.648789423790545557e-05
3.000000000000000444e-01 6.313121259629302706e+00 2.603688616880871944e-05
3.000000000000000444e-01 6.453524274140518102e+00 7.755638863334677078e-06
3.000000000000000444e-01 6.518711388020725472e+00 0.000000000000000000e+00
4.000000000000000222e-01 1.000000000000000000e+00 2.843330395248952480e-02
4.000000000000000222e-01 1.033543458902042911e+00 2.759624508200318391e-02
4.000000000000000222e-01 1.068212081439198879e+00 2.674980129706593449e-02
4.000000000000000222e-01 1.104043609491620392e+00 2.589650521515056772e-02
4.000000000000000222e-01 1.123045527913445030e+00 2.545351736742303486e-02
4.000000000000000222e-01 1.141077050932665538e+00 2.502990575467670120e-02
4.000000000000000222e-01 1.179352722094689776e+00 2.416604202220700923e-02
4.000000000000000222e-01 1.218912291659285385e+00 2.316703515836839034e-02
4.000000000000000222e-01 1.259798826019753681e+00 2.241050067306472535e-02
4.000000000000000222e-01 1.284303347306144927e+00 2.196750488439152410e-02
4.000000000000000222e-01 1.302056836165189191e+00 2.165216891866120208e-02
4.000000000000000222e-01 1.345732326137220047e+00 2.087870624861992014e-02
4.000000000000000222e-01 1.390872843112154644e+00 2.010775746319220375e-02
4.000000000000000222e-01 1.437527529163054707e+00 1.935075564151203173e-02
4.000000000000000222e-01 1.445561166698844602e+00 1.922295402543556034e-02
4.000000000000000222e-01 1.485747174758090816e+00 1.841441920567703575e-02
4.000000000000000222e-01 1.535584274053415355e+00 1.780548724737631913e-02
4.000000000000000222e-01 1.587093082040749392e+00 1.717423506403165448e-02
4.000000000000000222e-01 1.606818986091544499e+00 1.693753213661550183e-02
4.000000000000000222e-01 1.640329673611899741e+00 1.654136110103644058e-02
4.000000000000000222e-01 1.695352004604502083e+00 1.590762461196129976e-02
4.000000000000000222e-01 1.752219974895449228e+00 1.527314034479185928e-02
4.000000000000000222e-01 1.768076805484244396e+00 1.508787677579645319e-02
4.000000000000000222e-01 1.810995493610693341e+00 1.461498594376033945e-02
4.000000000000000222e-01 1.871742546522408457e+00 1.392234904796353125e-02
4.000000000000000222e-01 1.929334624876944071e+00 1.340560563274323380e-02
4.000000000000000222e-01 2.090592444269644190e+00 1.200129387212483384e-02
4.000000000000000222e-01 2.251850263662343643e+00 1.074248273256261758e-02
4.000000000000000222e-01 2.413108083055043540e+00 9.600309095757434547e-03
4.000000000000000222e-01 2.574365902447743437e+00 8.586643815419972570e-03
4.000000000000000222e-01 2.735623721840442890e+00 7.689513127175541182e-03
4.000000000000000222e-01 2.896881541233143231e+00 6.869150554172225552e-03
4.000000000000000222e-01 3.058139360625842684e+00 6.118102673587160270e-03
4.000000000000000222e-01 3.219397180018543025e+00 5.437578628140270036e-03
4.000000000000000222e-01 3.380654999411242478e+00 4.841883080636062014e-03
4.000000000000000222e-01 3.541912818803941931e+00 4.246252685572980169e-03
4.000000000000000222e-01 3.703170638196642273e+00 3.775513369891701776e-03
4.000000000000000222e-01 3.864428457589341726e+00 3.332161018114042101e-03
4.000000000000000222e-01 4.025686276982042067e+00 2.928559977291200940e-03
4.000000000000000222e-01 4.186944096374741520e+00 2.560895826237056735e-03
4.000000000000000222e-01 4.348201915767440973e+00 2.223435621137243804e-03
4.000000000000000222e-01 4.509459735160141314e+00 1.938902030171603440e-03
4.000000000000000222e-01 4.670717554552840767e+00 1.663508789100694683e-03
4.000000000000000222e-01 4.831975373945541108e+00 1.445512439443226308e-03
4.000000000000000222e-01 4.993233193338240561e+00 1.240130050183369708e-03
4.000000000000000222e-01 5.154491012730940014e+00 1.060927381146716973e-03
4.000000000000000222e-01 5.315748832123640355e+00 8.968054045528160278e-04
4.000000000000000222e-01 5.477006651516339808e+00 7.581504718593072394e-04
4.000000000000000222e-01 5.638264470909039261e+00 6.353523630137974595e-04
4.000000000000000222e-01 5.799522290301739602e+00 5.300506427979264409e-04
4.000000000000000222e-01 5.960780109694439055e+00 4.279289579443889603e-04
4.000000000000000222e-01 6.122037929087139396e+00 3.541881859013910330e-04
4.000000000000000222e-01 6.283295748479838849e+00 2.809265569704139901e-04
4.000000000000000222e-01 6.444553567872538302e+00 2.250049164403280599e-04
4.000000000000000222e-01 6.605811387265238643e+00 1.741553998447874631e-04
4.000000000000000222e-01 6.767069206657938096e+00 1.262946287963145171e-04
4.000000000000000222e-01 6.928327026050638437e+00 9.039792621799622966e-05
4.000000000000000222e-01 7.089584845443337890e+00 5.674931364437779842e-05
4.000000000000000222e-01 7.250842664836037343e+00 3.259498783031259810e-05
4.000000000000000222e-01 7.412100484228737685e+00 1.026360874945306580e-05
4.000000000000000222e-01 7.486970186089633827e+00 0.000000000000000000e+00
5.000000000000000000e-01 1.000000000000000000e+00 5.420996245529254021e-02
5.000000000000000000e-01 1.041866750726678115e+00 5.227946114874836708e-02
5.000000000000000000e-01 1.085486326269765822e+00 4.905653360905894850e-02
5.000000000000000000e-01 1.130932111708919496e+00 4.738036655992980406e-02
5.000000000000000000e-01 1.178280564518632501e+00 4.566879692733787771e-02
5.000000000000000000e-01 1.227611343199423555e+00 4.393393499150771708e-02
5.000000000000000000e-01 1.279007441294396141e+00 4.219154779953276924e-02
5.000000000000000000e-01 1.307924402244925011e+00 4.125311153171599271e-02
5.000000000000000000e-01 1.332555327016635038e+00 4.047574471613137048e-02
5.000000000000000000e-01 1.388345088722347409e+00 3.867737471341401584e-02
5.000000000000000000e-01 1.446470586474493558e+00 3.714147282054026250e-02
5.000000000000000000e-01 1.495728931798042449e+00 3.586116822159145928e-02
5.000000000000000000e-01 1.507029609951892946e+00 3.557987831796526057e-02
5.000000000000000000e-01 1.570124042969471612e+00 3.406161317815355888e-02
5.000000000000000000e-01 1.635860034886438275e+00 3.256553274839341094e-02
5.000000000000000000e-01 1.683533461351159888e+00 3.135538122600217692e-02
5.000000000000000000e-01 1.704348179190763757e+00 3.097379011226655474e-02
5.000000000000000000e-01 1.775703699560410964e+00 2.968198734901357841e-02
5.000000000000000000e-01 1.850046643714346573e+00 2.838340874623872939e-02
5.000000000000000000e-01 1.871337990904277326e+00 2.802138697865276529e-02
5.000000000000000000e-01 1.927502085379462438e+00 2.708398791991990101e-02
5.000000000000000000e-01 2.008200334713196700e+00 2.576099893302256569e-02
5.000000000000000000e-01 2.059142520457394987e+00 2.496502885301156091e-02
5.000000000000000000e-01 2.092277157535865406e+00 2.437511661689517953e-02
5.000000000000000000e-01 2.179874003741541610e+00 2.320070556443637813e-02
5.000000000000000000e-01 2.246947050010512203e+00 2.232691128052174262e-02
5.000000000000000000e-01 2.434751579563629420e+00 1.996332936661394247e-02
5.000000000000000000e-01 2.622556109116747081e+00 1.790961036354751096e-02
5.000000000000000000e-01 2.810360638669864741e+00 1.596756151269106833e-02
5.000000000000000000e-01 2.998165168222981958e+00 1.433355003850028328e-02
5.000000000000000000e-01 3.185969697776099174e+00 1.278567084794526160e-02
5.000000000000000000e-01 3.373774227329216835e+00 1.141551575851707835e-02
5.000000000000000000e-01 3.561578756882334496e+00 1.010033546899862487e-02
5.000000000000000000e-01 3.749383286435452156e+00 9.001199118999915483e-03
5.000000000000000000e-01 3.937187815988568929e+00 7.956166242032176178e-03
5.000000000000000000e-01 4.124992345541686589e+00 6.983658937840282223e-03
5.000000000000000000e-01 4.312796875094804250e+00 6.153908090524242216e-03
5.000000000000000000e-01 4.500601404647921910e+00 5.378860638034937448e-03
5.000000000000000000e-01 4.688405934201038683e+00 4.696761418811023006e-03
5.000000000000000000e-01 4.876210463754156343e+00 4.073472547959961984e-03
5.000000000000000000e-01 5.064014993307274004e+00 3.513170372478819845e-03
5.000000000000000000e-01 5.251819522860391665e+00 3.036475567964515548e-03
5.000000000000000000e-01 5.439624052413508437e+00 2.586451229480690988e-03
5.000000000000000000e-01 5.627428581966626098e+00 2.218798000385480401e-03
5.000000000000000000e-01 5.815233111519743758e+00 1.875783573520804640e-03
5.000000000000000000e-01 6.003037641072861419e+00 1.588358567409885354e-03
5.000000000000000000e-01 6.190842170625979080e+00 1.318217638718476113e-03
5.000000000000000000e-01 6.378646700179095852e+00 1.106249423786089675e-03
5.000000000000000000e-01 6.566451229732213513e+00 9.133230214591097273e-04
5.000000000000000000e-01 6.754255759285331173e+00 7.547718132934152536e-04
5.000000000000000000e-01 6.942060288838447946e+00 6.035674488059647805e-04
5.000000000000000000e-01 7.129864818391565606e+00 4.923892932813740990e-04
5.000000000000000000e-01 7.317669347944683267e+00 3.843105494709876560e-04
5.000000000000000000e-01 7.505473877497800927e+00 3.029530013358729384e-04
5.000000000000000000e-01 7.693278407050918588e+00 2.324315548906510714e-04
5.000000000000000000e-01 7.881082936604035361e+00 1.663495888961525617e-04
5.000000000000000000e-01 8.068887466157152133e+00 1.175143858060399068e-04
5.000000000000000000e-01 8.256691995710269794e+00 7.259836695034841509e-05
5.000000000000000000e-01 8.444496525263387454e+00 4.115317573935759984e-05
5.000000000000000000e-01 8.632301054816505115e+00 1.304437868537949074e-05
5.000000000000000000e-01 8.719496014966166442e+00 0.000000000000000000e+00
6.000000000000000888e-01 1.000000000000000000e+00 9.198219522740326559e-02
6.000000000000000888e-01 1.050074188655788499e+00 8.877261124324974106e-02
6.000000000000000888e-01 1.102655801681112324e+00 8.539163904119513593e-02
6.000000000000000888e-01 1.157870396316892148e+00 7.990513346266508998e-02
6.000000000000000888e-01 1.215849816981016573e+00 7.699692482231952628e-02
6.000000000000000888e-01 1.276732510093629980e+00 7.401572150477341017e-02
6.000000000000000888e-01 1.340663854667036636e+00 7.102140339591243856e-02
6.000000000000000888e-01 1.407796509449630529e+00 6.810394852306887736e-02
6.000000000000000888e-01 1.478290777452771820e+00 6.492967896606827161e-02
6.000000000000000888e-01 1.518206811903878961e+00 6.346899373728738525e-02
6.000000000000000888e-01 1.552314988731053891e+00 6.225623593561264296e-02
6.000000000000000888e-01 1.630045902329980922e+00 5.960560219359910261e-02
6.000000000000000888e-01 1.711669128360847392e+00 5.694291210489149657e-02
6.000000000000000888e-01 1.736205738741358973e+00 5.618129175866871244e-02
6.000000000000000888e-01 1.797379571210677263e+00 5.404794702753797087e-02
6.000000000000000888e-01 1.887381894945540983e+00 5.177772386362906876e-02
6.000000000000000888e-01 1.954204665578838984e+00 5.011742275110134953e-02
6.000000000000000888e-01 1.981891012018563547e+00 4.944543568970596187e-02
6.000000000000000888e-01 2.081132596449592587e+00 4.710386773291520834e-02
6.000000000000000888e-01 2.172203592416319218e+00 4.505345590763202429e-02
6.000000000000000888e-01 2.185343622701920285e+00 4.475717435436074587e-02
6.000000000000000888e-01 2.294772931542820693e+00 4.231801064170464394e-02
6.000000000000000888e-01 2.390202519253799451e+00 4.050091486216922387e-02
6.000000000000000888e-01 2.409681824239092052e+00 4.013624812239532935e-02
6.000000000000000888e-01 2.530344686506464935e+00 3.793428987929161472e-02
6.000000000000000888e-01 2.608201446091279241e+00 3.648985028184886098e-02
6.000000000000000888e-01 2.826200372928759474e+00 3.295983330951927220e-02
6.000000000000000888e-01 3.044199299766239264e+00 2.957735746211241981e-02
6.000000000000000888e-01 3.262198226603719498e+00 2.670720991609732212e-02
6.000000000000000888e-01 3.480197153441199731e+00 2.396254907846805463e-02
6.000000000000000888e-01 3.698196080278679521e+00 2.144841426768465120e-02
6.000000000000000888e-01 3.916195007116159754e+00 1.910182008419915659e-02
6.000000000000000888e-01 4.134193933953639544e+00 1.699211209626370206e-02
6.000000000000000888e-01 4.352192860791119777e+00 1.504969440180891488e-02
6.000000000000000888e-01 4.570191787628600011e+00 1.322278233512987587e-02
6.000000000000000888e-01 4.788190714466079356e+00 1.163628285214195028e-02
6.000000000000000888e-01 5.006189641303560478e+00 1.015172196606838918e-02
6.000000000000000888e-01 5.224188568141039823e+00 8.847469758267825432e-03
6.000000000000000888e-01 5.442187494978520057e+00 7.642734006452475692e-03
6.000000000000000888e-01 5.660186421816000291e+00 6.577377671338020468e-03
6.000000000000000888e-01 5.878185348653479636e+00 5.640321403328972007e-03
6.000000000000000888e-01 6.096184275490960758e+00 4.788679436700328355e-03
6.000000000000000888e-01 6.314183202328440103e+00 4.070059116564736165e-03
6.000000000000000888e-01 6.532182129165921225e+00 3.425851012860549587e-03
6.000000000000000888e-01 6.750181056003400570e+00 2.873079946112151468e-03
6.000000000000000888e-01 6.968179982840879916e+00 2.370067779248879406e-03
6.000000000000000888e-01 7.186178909678361038e+00 1.974562759519547100e-03
6.000000000000000888e-01 7.404177836515840383e+00 1.620795741195185918e-03
6.000000000000000888e-01 7.622176763353321505e+00 1.323253336828189401e-03
6.000000000000000888e-01 7.840175690190800850e+00 1.064272381524411677e-03
6.000000000000000888e-01 8.058174617028280196e+00 8.519360915532709017e-04
6.000000000000000888e-01 8.276173543865761317e+00 6.664516383679878987e-04
6.000000000000000888e-01 8.494172470703240663e+00 5.247874727660124024e-04
6.000000000000000888e-01 8.712171397540721784e+00 4.023711777283771004e-04
6.000000000000000888e-01 8.930170324378201130e+00 3.005277557321607475e-04
6.000000000000000888e-01 9.148169251215680475e+00 2.171132591606321971e-04
6.000000000000000888e-01 9.366168178053161597e+00 1.506846444685256878e-04
6.000000000000000888e-01 9.584167104890640942e+00 9.339950997913774096e-05
6.000000000000000888e-01 9.802166031728120288e+00 4.923814753730202862e-05
6.000000000000000888e-01 1.002016495856560141e+01 1.381905935541530493e-05
6.000000000000000888e-01 1.012137874602585974e+01 0.000000000000000000e+00
7.000000000000000666e-01 1.000000000000000000e+00 1.304224384083293165e-01
7.000000000000000666e-01 1.057319504228200424e+00 1.263777435792337589e-01
7.000000000000000666e-01 1.117924534021367489e+00 1.218366382420814492e-01
7.000000000000000666e-01 1.182003414076014280e+00 1.144253101256910293e-01
7.000000000000000666e-01 1.249755263766891833e+00 1.106628461916683848e-01
7.000000000000000666e-01 1.321390615892593878e+00 1.067286893374227164e-01
7.000000000000000666e-01 1.397132070887353805e+00 1.027794092890806366e-01
7.000000000000000666e-01 1.477214988531935891e+00 9.892196461076059599e-02
7.000000000000000666e-01 1.561888219313053217e+00 9.475894287167346830e-02
7.000000000000000666e-01 1.651414877703944351e+00 9.114294956635819733e-02
7.000000000000000666e-01 1.730094716161246327e+00 8.817106543866171098e-02
7.000000000000000666e-01 1.746073159769008676e+00 8.758920160498202823e-02
7.000000000000000666e-01 1.846157207633135844e+00 8.406650588912183142e-02
7.000000000000000666e-01 1.951978023501985904e+00 8.047144993802543556e-02
7.000000000000000666e-01 1.978518572840809897e+00 7.969142606302435927e-02
7.000000000000000666e-01 2.063864436073462372e+00 7.723112669795285934e-02
7.000000000000000666e-01 2.182164122343407620e+00 7.394677612034052105e-02
7.000000000000000666e-01 2.226942429520373246e+00 7.273249143690166396e-02
7.000000000000000666e-01 2.307244687980698039e+00 7.060017838665554046e-02
7.000000000000000666e-01 2.439494809628900640e+00 6.722468813526030762e-02
7.000000000000000666e-01 2.475366286199936816e+00 6.639427463290530074e-02
7.000000000000000666e-01 2.579325442684097247e+00 6.398268422340076811e-02
7.000000000000000666e-01 2.723790142879500387e+00 6.070000270813278448e-02
7.000000000000000666e-01 2.727171098301933494e+00 6.063045250100986688e-02
7.000000000000000666e-01 2.883491193602077285e+00 5.738752924861297011e-02
7.000000000000000666e-01 2.972213999559063957e+00 5.557870438821779085e-02
7.000000000000000666e-01 3.220637856238627528e+00 5.059210963576489528e-02
7.000000000000000666e-01 3.469061712918191098e+00 4.616112647462652235e-02
7.000000000000000666e-01 3.717485569597754669e+00 4.186191031491363901e-02
7.000000000000000666e-01 3.965909426277318239e+00 3.784524349047078268e-02
7.000000000000000666e-01 4.214333282956881810e+00 3.400122382034661411e-02
7.000000000000000666e-01 4.462757139636445380e+00 3.048845337158600372e-02
7.000000000000000666e-01 4.711180996316008951e+00 2.715182816635028709e-02
7.000000000000000666e-01 4.959604852995572521e+00 2.403341674633294872e-02
7.000000000000000666e-01 5.208028709675136092e+00 2.119240103426167296e-02
7.000000000000000666e-01 5.456452566354699663e+00 1.854433965355117148e-02
7.000000000000000666e-01 5.704876423034263233e+00 1.615385064008160662e-02
7.000000000000000666e-01 5.953300279713826804e+00 1.393689352430650848e-02
7.000000000000000666e-01 6.201724136393390374e+00 1.200875997832084874e-02
7.000000000000000666e-01 6.450147993072953945e+00 1.026798207020892216e-02
7.000000000000000666e-01 6.698571849752517515e+00 8.703506777543461650e-03
7.000000000000000666e-01 6.946995706432081086e+00 7.349895888382875463e-03
7.000000000000000666e-01 7.195419563111644656e+00 6.156702941720729183e-03
7.000000000000000666e-01 7.443843419791208227e+00 5.130569103215546108e-03
7.000000000000000666e-01 7.692267276470771797e+00 4.220688774839388181e-03
7.000000000000000666e-01 7.940691133150335368e+00 3.477218388035225281e-03
7.000000000000000666e-01 8.189114989829899827e+00 2.829142432408796471e-03
7.000000000000000666e-01 8.437538846509463397e+00 2.296996470504785674e-03
7.000000000000000666e-01 8.685962703189026968e+00 1.823100052898052065e-03
7.000000000000000666e-01 8.934386559868590538e+00 1.460420173190055430e-03
7.000000000000000666e-01 9.182810416548154109e+00 1.138183993796045316e-03
7.000000000000000666e-01 9.431234273227717679e+00 8.911692976106745266e-04
7.000000000000000666e-01 9.679658129907281250e+00 6.855651674916902897e-04
7.000000000000000666e-01 9.928081986586844820e+00 5.102584102329553320e-04
7.000000000000000666e-01 1.017650584326640839e+01 3.766040899167483105e-04
7.000000000000000666e-01 1.042492969994597196e+01 2.699083939712808018e-04
7.000000000000000666e-01 1.067335355662553553e+01 1.773957594481393634e-04
7.000000000000000666e-01 1.092177741330509910e+01 1.138007497083142974e-04
7.000000000000000666e-01 1.117020126998466267e+01 5.946455254708512487e-05
7.000000000000000666e-01 1.141862512666422624e+01 1.771707489756738253e-05
7.000000000000000666e-01 1.153396477440830914e+01 0.000000000000000000e+00
8.000000000000000444e-01 1.000000000000000000e+00 1.518097381381579014e-01
8.000000000000000444e-01 1.062931434072320824e+00 1.477059659675192815e-01
8.000000000000000444e-01 1.129823233539040794e+00 1.432207406917140602e-01
8.000000000000000444e-01 1.200924629873879157e+00 1.362561632835699033e-01
8.000000000000000444e-01 1.276500539044613580e+00 1.323250090329613493e-01
8.000000000000000444e-01 1.356832548560781948e+00 1.283203951663272613e-01
8.000000000000000444e-01 1.442219966637714013e+00 1.245242279274448860e-01
8.000000000000000444e-01 1.532980937385959974e+00 1.203416579619320387e-01
8.000000000000000444e-01 1.629453626181189385e+00 1.167103571027608977e-01
8.000000000000000444e-01 1.731997479631115056e+00 1.131372668633778833e-01
8.000000000000000444e-01 1.840994564833946523e+00 1.095827550004588452e-01
8.000000000000000444e-01 1.913158767784185699e+00 1.071957133254509004e-01
8.000000000000000444e-01 1.956850992918295118e+00 1.060209226075717048e-01
8.000000000000000444e-01 2.079998432168488787e+00 1.027496866294691086e-01
8.000000000000000444e-01 2.187868744696786827e+00 9.995360878824202655e-02
8.000000000000000444e-01 2.210895716373030950e+00 9.931709983240473438e-02
8.000000000000000444e-01 2.350030554388736537e+00 9.559189334470501176e-02
8.000000000000000444e-01 2.462578721609387955e+00 9.306773471997852043e-02
8.000000000000000444e-01 2.497921347290191108e+00 9.227459723523538659e-02
8.000000000000000444e-01 2.655119119875026801e+00 8.874616788981246063e-02
8.000000000000000444e-01 2.737288698521989083e+00 8.685919559287787195e-02
8.000000000000000444e-01 2.822209573721600862e+00 8.507206087287147445e-02
8.000000000000000444e-01 2.999815269448534938e+00 8.129016515641211693e-02
8.000000000000000444e-01 3.011998675434590211e+00 8.104169750518017135e-02
8.000000000000000444e-01 3.188597946306976461e+00 7.733081115757439727e-02
8.000000000000000444e-01 3.286708652347191340e+00 7.526787057690963179e-02
8.000000000000000444e-01 3.561418629259792024e+00 6.981000564114525631e-02
8.000000000000000444e-01 3.836128606172393152e+00 6.437049451279866497e-02
8.000000000000000444e-01 4.110838583084994724e+00 5.906758803232432797e-02
8.000000000000000444e-01 4.385548559997594964e+00 5.389554094201647744e-02
8.000000000000000444e-01 4.660258536910196980e+00 4.885012085572439794e-02
8.000000000000000444e-01 4.934968513822797220e+00 4.394668472302860895e-02
8.000000000000000444e-01 5.209678490735398348e+00 3.935256457212323727e-02
8.000000000000000444e-01 5.484388467647999477e+00 3.494121067160584765e-02
8.000000000000000444e-01 5.759098444560600605e+00 3.084039874506992740e-02
8.000000000000000444e-01 6.033808421473201733e+00 2.698743418651649087e-02
8.000000000000000444e-01 6.308518398385802861e+00 2.343397368368992789e-02
8.000000000000000444e-01 6.583228375298403989e+00 2.023287418068259180e-02
8.000000000000000444e-01 6.857938352211005117e+00 1.729321370551442638e-02
8.000000000000000444e-01 7.132648329123606246e+00 1.471245817492024613e-02
8.000000000000000444e-01 7.407358306036207374e+00 1.239020847990259140e-02
8.000000000000000444e-01 7.682068282948808502e+00 1.038231347187509174e-02
8.000000000000000444e-01 7.956778259861409630e+00 8.581665152935414806e-03
8.000000000000000444e-01 8.231488236774010758e+00 7.092927760765766095e-03
8.000000000000000444e-01 8.506198213686610998e+00 5.801303949661512464e-03
8.000000000000000444e-01 8.780908190599213015e+00 4.707420618727352693e-03
8.000000000000000444e-01 9.055618167511813255e+00 3.777733133429669789e-03
8.000000000000000444e-01 9.330328144424413495e+00 3.014433876431103429e-03
8.000000000000000444e-01 9.605038121337015511e+00 2.395656416541834793e-03
8.000000000000000444e-01 9.879748098249617527e+00 1.864561257071143925e-03
8.000000000000000444e-01 1.015445807516221777e+01 1.443362313009262507e-03
8.000000000000000444e-01 1.042916805207481978e+01 1.111900625872172749e-03
8.000000000000000444e-01 1.070387802898742002e+01 8.268928118237033921e-04
8.000000000000000444e-01 1.097858800590002026e+01 6.234227381433943846e-04
8.000000000000000444e-01 1.125329798281262228e+01 4.489037306980832656e-04
8.000000000000000444e-01 1.152800795972522252e+01 3.087298626452910201e-04
8.000000000000000444e-01 1.180271793663782454e+01 2.090177312215280513e-04
8.000000000000000444e-01 1.207742791355042478e+01 1.285826945272581297e-04
8.000000000000000444e-01 1.235213789046302679e+01 6.255922739884066527e-05
8.000000000000000444e-01 1.262684786737562703e+01 2.004471027469976644e-05
8.000000000000000444e-01 1.275439178522790584e+01 0.000000000000000000e+00
9.000000000000000222e-01 1.000000000000000000e+00 1.542673022963073071e-01
9.000000000000000222e-01 1.066478485042454905e+00 1.507165317391478965e-01
9.000000000000000222e-01 1.137376359058449804e+00 1.447220671174455353e-01
9.000000000000000222e-01 1.212987416331758883e+00 1.415232442942067903e-01
9.000000000000000222e-01 1.293624982145055835e+00 1.382570632915693098e-01
9.000000000000000222e-01 1.379623211171131958e+00 1.350164294862299386e-01
9.000000000000000222e-01 1.471338472179195778e+00 1.314695035131426548e-01
9.000000000000000222e-01 1.569150824794348864e+00 1.285245726207006056e-01
9.000000000000000222e-01 1.673465594429796033e+00 1.256676276281172289e-01
9.000000000000000222e-01 1.784715051918160267e+00 1.225163714448961327e-01
9.000000000000000222e-01 1.903360204802145850e+00 1.199868026677093635e-01
9.000000000000000222e-01 2.029892707707489308e+00 1.173664714724058089e-01
9.000000000000000222e-01 2.038173364039452373e+00 1.171986972522382903e-01
9.000000000000000222e-01 2.164836899714610130e+00 1.145792199647988063e-01
9.000000000000000222e-01 2.308751977171642267e+00 1.116482412398751844e-01
9.000000000000000222e-01 2.330834154773322453e+00 1.112634760846139964e-01
9.000000000000000222e-01 2.462234310952785776e+00 1.089452119645290956e-01
9.000000000000000222e-01 2.623494945507192533e+00 1.058241367525398491e-01
9.000000000000000222e-01 2.625919917764479639e+00 1.057850239153410171e-01
9.000000000000000222e-01 2.800487095740270327e+00 1.027426353003335763e-01
9.000000000000000222e-01 2.916155736241062613e+00 1.006931357623640777e-01
9.000000000000000222e-01 2.986659235246028388e+00 9.939995284403624343e-02
9.000000000000000222e-01 3.185207816543241588e+00 9.572037538798774947e-02
9.000000000000000222e-01 3.208816526974932692e+00 9.531383475731523836e-02
9.000000000000000222e-01 3.396955606732421362e+00 9.192950395083566983e-02
9.000000000000000222e-01 3.501477317708802772e+00 8.996341838110349931e-02
9.000000000000000222e-01 3.794138108442672852e+00 8.444436561705481736e-02
9.000000000000000222e-01 4.086798899176542932e+00 7.859430862308380838e-02
9.000000000000000222e-01 4.379459689910413012e+00 7.295589500472106359e-02
9.000000000000000222e-01 4.672120480644283091e+00 6.708718189756324168e-02
9.000000000000000222e-01 4.964781271378153171e+00 6.126057963388073513e-02
9.000000000000000222e-01 5.257442062112023251e+00 5.546853149244086734e-02
9.000000000000000222e-01 5.550102852845893331e+00 4.984451440304856623e-02
9.000000000000000222e-01 5.842763643579763411e+00 4.439127372137346983e-02
9.000000000000000222e-01 6.135424434313633490e+00 3.919641300732441130e-02
9.000000000000000222e-01 6.428085225047503570e+00 3.436473524268994495e-02
9.000000000000000222e-01 6.720746015781373650e+00 2.981936352932186216e-02
9.000000000000000222e-01 7.013406806515243730e+00 2.568396010969521692e-02
9.000000000000000222e-01 7.306067597249113810e+00 2.192479988423967976e-02
9.000000000000000222e-01 7.598728387982983890e+00 1.856814511158173114e-02
9.000000000000000222e-01 7.891389178716853969e+00 1.554927898716976058e-02
9.000000000000000222e-01 8.184049969450724049e+00 1.295696883387653653e-02
9.000000000000000222e-01 8.476710760184595017e+00 1.070157708047084384e-02
9.000000000000000222e-01 8.769371550918464209e+00 8.754466810126981802e-03
9.000000000000000222e-01 9.062032341652333400e+00 7.100069891128197794e-03
9.000000000000000222e-01 9.354693132386204368e+00 5.705901283823289726e-03
9.000000000000000222e-01 9.647353923120075336e+00 4.571313042439039721e-03
9.000000000000000222e-01 9.940014713853944528e+00 3.591008069872119943e-03
9.000000000000000222e-01 1.023267550458781372e+01 2.823400074170806431e-03
9.000000000000000222e-01 1.052533629532168291e+01 2.189273037280275915e-03
9.000000000000000222e-01 1.081799708605555566e+01 1.680434176790419508e-03
9.000000000000000222e-01 1.111065787678942485e+01 1.266515289545047402e-03
9.000000000000000222e-01 1.140331866752329404e+01 9.477925536764586663e-04
9.000000000000000222e-01 1.169597945825716323e+01 6.971461259890766437e-04
9.000000000000000222e-01 1.198864024899103597e+01 4.977617522353744613e-04
9.000000000000000222e-01 1.228130103972490517e+01 3.438048452161308259e-04
9.000000000000000222e-01 1.257396183045877436e+01 2.249815383414907361e-04
9.000000000000000222e-01 1.286662262119264355e+01 1.387382463680823601e-04
9.000000000000000222e-01 1.315928341192651629e+01 6.951199242027043942e-05
9.000000000000000222e-01 1.345194420266038726e+01 2.164271279726577189e-05
9.000000000000000222e-01 1.358782242692968367e+01 0.000000000000000000e+00
1.000000000000000000e+00 1.000000000000000000e+00 1.481011630821886527e-01
1.000000000000000000e+00 1.067691370717534616e+00 1.463424677988681699e-01
1.000000000000000000e+00 1.139964863104687920e+00 1.439221094317766902e-01
1.000000000000000000e+00 1.217130647258071185e+00 1.411442757391728753e-01
1.000000000000000000e+00 1.299519889113289972e+00 1.371399582921425386e-01
1.000000000000000000e+00 1.387486171682067226e+00 1.348485112292288346e-01
1.000000000000000000e+00 1.481407012494851072e+00 1.324154325684110678e-01
1.000000000000000000e+00 1.581685483761195332e+00 1.278294835647829919e-01
1.000000000000000000e+00 1.688751942201017764e+00 1.264845334680130273e-01
1.000000000000000000e+00 1.803065875970503384e+00 1.246856605541995927e-01
1.000000000000000000e+00 1.925117876608959167e+00 1.226051794139591811e-01
1.000000000000000000e+00 2.055431744469449207e+00 1.193452563899684016e-01
1.000000000000000000e+00 2.082668610320644653e+00 1.190211697801506624e-01
1.000000000000000000e+00 2.194566736668919660e+00 1.175477279621755106e-01
1.000000000000000000e+00 2.343119967205145926e+00 1.154127395540120865e-01
1.000000000000000000e+00 2.381718462058993513e+00 1.143110227726457651e-01
1.000000000000000000e+00 2.501728969540886638e+00 1.127217145076164773e-01
1.000000000000000000e+00 2.671074432652875252e+00 1.102913609761499297e-01
1.000000000000000000e+00 2.680768313797342817e+00 1.101440668186960958e-01
1.000000000000000000e+00 2.851883122287709238e+00 1.066827921671812812e-01
1.000000000000000000e+00 2.979818165535691676e+00 1.050141826652640359e-01
1.000000000000000000e+00 3.044930999961566798e+00 1.040970269456547442e-01
1.000000000000000000e+00 3.251046553089278923e+00 1.009461262806724269e-01
1.000000000000000000e+00 3.278868017274040980e+00 1.005051553563211936e-01
1.000000000000000000e+00 3.471114350534408199e+00 9.708252861215606322e-02
1.000000000000000000e+00 3.577917869012389840e+00 9.530923395382791263e-02
1.000000000000000000e+00 3.876967720750738700e+00 8.966903420810752590e-02
1.000000000000000000e+00 4.176017572489088003e+00 8.424101400694918029e-02
1.000000000000000000e+00 4.475067424227436419e+00 7.798650752457852997e-02
1.000000000000000000e+00 4.774117275965785723e+00 7.223522051192833582e-02
1.000000000000000000e+00 5.073167127704135027e+00 6.605438122351546537e-02
1.000000000000000000e+00 5.372216979442484330e+00 6.010422971970367373e-02
1.000000000000000000e+00 5.671266831180832746e+00 5.381391861737674920e-02
1.000000000000000000e+00 5.970316682919182050e+00 4.817720666024509490e-02
1.000000000000000000e+00 6.269366534657531354e+00 4.240305599536396686e-02
1.000000000000000000e+00 6.568416386395879769e+00 3.730726644623091198e-02
1.000000000000000000e+00 6.867466238134229073e+00 3.234104014460890963e-02
1.000000000000000000e+00 7.166516089872578377e+00 2.793417043454827359e-02
1.000000000000000000e+00 7.465565941610926792e+00 2.389403317589627526e-02
1.000000000000000000e+00 7.764615793349276096e+00 2.007733893591335389e-02
1.000000000000000000e+00 8.063665645087624512e+00 1.690200680799420693e-02
1.000000000000000000e+00 8.362715496825973815e+00 1.401197910928478514e-02
1.000000000000000000e+00 8.661765348564323119e+00 1.159901512428933301e-02
1.000000000000000000e+00 8.960815200302672423e+00 9.367864063952804909e-03
1.000000000000000000e+00 9.259865052041021727e+00 7.644692500176224030e-03
1.000000000000000000e+00 9.558914903779371031e+00 6.064193021018808062e-03
1.000000000000000000e+00 9.857964755517720334e+00 4.879483485061276299e-03
1.000000000000000000e+00 1.015701460725606964e+01 3.828114427260013910e-03
1.000000000000000000e+00 1.045606445899441894e+01 3.036434807599704740e-03
1.000000000000000000e+00 1.075511431073276469e+01 2.280879863336012035e-03
1.000000000000000000e+00 1.105416416247111400e+01 1.790059752051558059e-03
1.000000000000000000e+00 1.135321401420946330e+01 1.349384864745276384e-03
1.000000000000000000e+00 1.165226386594781260e+01 9.471733499527093276e-04
1.000000000000000000e+00 1.195131371768616191e+01 7.337920155562625878e-04
1.000000000000000000e+00 1.225036356942451121e+01 4.952445393338418458e-04
1.000000000000000000e+00 1.254941342116286052e+01 3.519631730163611709e-04
1.000000000000000000e+00 1.284846327290120982e+01 2.041762506933943525e-04
1.000000000000000000e+00 1.314751312463955912e+01 1.289983204042414284e-04
1.000000000000000000e+00 1.344656297637790843e+01 5.674009053084744892e-05
1.000000000000000000e+00 1.374561282811625595e+01 2.860458787762378775e-05
1.000000000000000000e+00 1.388445740213763280e+01 0.000000000000000000e+00
