# mx [GeV]: 100000.0
# sigma_p [cm^2]: 5.6234132519e-27
# depth [m]: 0.3
# loc: MPI
# Columns: gamma/pi, v [km/s], f(v, gamma) [s/km]
0.000000000000000000e+00 4.244142088248079592e-01 8.117962666792294391e-03
0.000000000000000000e+00 4.853557362458060243e-01 7.935080785153876548e-03
0.000000000000000000e+00 5.462972636668040893e-01 7.989616922884440475e-03
0.000000000000000000e+00 6.072387910878022099e-01 8.014940362734290433e-03
0.000000000000000000e+00 6.681803185088002195e-01 7.495739672877680185e-03
0.000000000000000000e+00 7.073570147080132653e-01 7.530257816612312763e-03
0.000000000000000000e+00 7.203646937414415197e-01 7.539119950288741302e-03
0.000000000000000000e+00 7.291218459297983401e-01 7.544550078971360395e-03
0.000000000000000000e+00 7.336115726560025196e-01 7.547054967335702080e-03
0.000000000000000000e+00 7.471020501290460691e-01 7.553701545136314033e-03
0.000000000000000000e+00 7.608406057257645072e-01 7.147205046396299354e-03
0.000000000000000000e+00 7.748318013866503096e-01 7.027465519081029996e-03
0.000000000000000000e+00 7.890802829423055886e-01 6.903826548926537097e-03
0.000000000000000000e+00 7.900633733507964607e-01 6.895168054125111641e-03
0.000000000000000000e+00 8.035907816561086436e-01 6.776612994392402188e-03
0.000000000000000000e+00 8.183681157952478191e-01 6.646023055929200542e-03
0.000000000000000000e+00 8.334171922306460312e-01 6.512405852331473385e-03
0.000000000000000000e+00 8.487430080663059817e-01 5.862774614562260740e-03
0.000000000000000000e+00 8.510049007717944702e-01 5.848764954461249839e-03
0.000000000000000000e+00 8.643506522986178497e-01 5.765166766205511752e-03
0.000000000000000000e+00 8.802453075061804633e-01 5.769078975536829669e-03
0.000000000000000000e+00 8.964322515706966144e-01 5.655094943845816007e-03
0.000000000000000000e+00 9.119464281927924798e-01 5.544949362127894049e-03
0.000000000000000000e+00 9.129168594295135053e-01 5.538027073312699715e-03
0.000000000000000000e+00 9.297046048603920809e-01 5.418191616165840725e-03
0.000000000000000000e+00 9.468010622990959968e-01 5.296038242054297053e-03
0.000000000000000000e+00 9.642119086904040737e-01 5.171630729159592058e-03
0.000000000000000000e+00 9.728879556137906004e-01 5.109813119142687411e-03
0.000000000000000000e+00 9.819429253731624119e-01 5.045364176845982401e-03
0.000000000000000000e+00 1.000000000000000000e+00 4.561670801339959107e-03
0.000000000000000000e+00 1.033829483034788721e+00 4.378398880908461119e-03
0.000000000000000000e+00 1.094771010455786620e+00 4.045337049452743527e-03
0.000000000000000000e+00 1.155712537876784740e+00 3.591911791105751803e-03
0.000000000000000000e+00 1.216654065297782861e+00 3.302239223606976033e-03
0.000000000000000000e+00 1.277595592718780981e+00 2.812419909308904245e-03
0.000000000000000000e+00 1.338537120139779102e+00 2.588653524649566634e-03
0.000000000000000000e+00 1.399478647560777222e+00 2.229928511438619698e-03
0.000000000000000000e+00 1.460420174981775121e+00 2.048581722562430735e-03
0.000000000000000000e+00 1.521361702402773242e+00 1.798154510207943110e-03
0.000000000000000000e+00 1.582303229823771362e+00 1.644784622737958469e-03
0.000000000000000000e+00 1.643244757244769483e+00 1.366594893289252519e-03
0.000000000000000000e+00 1.704186284665767381e+00 1.250299129985091339e-03
0.000000000000000000e+00 1.765127812086765502e+00 1.081360639898626018e-03
0.000000000000000000e+00 1.826069339507763623e+00 9.856674831564297620e-04
0.000000000000000000e+00 1.887010866928761743e+00 8.029763551220562776e-04
0.000000000000000000e+00 1.947952394349759864e+00 7.315785325186847281e-04
0.000000000000000000e+00 2.008893921770757984e+00 5.990729664678619846e-04
0.000000000000000000e+00 2.069835449191756105e+00 5.448849016606874479e-04
0.000000000000000000e+00 2.130776976612754225e+00 4.582697810110467149e-04
0.000000000000000000e+00 2.191718504033752346e+00 4.154825427079083481e-04
0.000000000000000000e+00 2.252660031454750023e+00 3.172728623795961268e-04
0.000000000000000000e+00 2.313601558875748143e+00 2.603096719921573041e-04
0.000000000000000000e+00 2.374543086296746264e+00 2.358595287117956911e-04
0.000000000000000000e+00 2.435484613717743940e+00 1.690866443376304112e-04
0.000000000000000000e+00 2.496426141138742061e+00 1.392891232416711958e-04
0.000000000000000000e+00 2.557367668559740181e+00 1.084904650316172311e-04
0.000000000000000000e+00 2.618309195980738302e+00 8.605999283861425712e-05
0.000000000000000000e+00 2.679250723401736423e+00 5.217045575414741072e-05
0.000000000000000000e+00 2.740192250822734543e+00 3.684430996578407999e-05
0.000000000000000000e+00 2.801133778243732664e+00 1.109235196424254588e-05
0.000000000000000000e+00 2.829428058832053061e+00 0.000000000000000000e+00
1.000000000000000056e-01 4.349783791651619658e-01 8.961835039371085845e-03
1.000000000000000056e-01 4.974368130965698409e-01 8.921970963876467778e-03
1.000000000000000056e-01 5.598952470279776605e-01 8.878105302528251433e-03
1.000000000000000056e-01 6.223536809593855912e-01 8.722635443547142875e-03
1.000000000000000056e-01 6.848121148907934108e-01 8.693242184002813316e-03
1.000000000000000056e-01 7.249639652752699615e-01 8.278380077077462582e-03
1.000000000000000056e-01 7.373406672515036009e-01 8.289804742062161294e-03
1.000000000000000056e-01 7.472705488222013415e-01 8.298099459336082812e-03
1.000000000000000056e-01 7.499286662840678463e-01 8.300214927829273684e-03
1.000000000000000056e-01 7.627315696704561887e-01 8.151628157074479464e-03
1.000000000000000056e-01 7.757530462925276149e-01 7.989191321716956548e-03
1.000000000000000056e-01 7.889968276678851478e-01 7.834743326262204668e-03
1.000000000000000056e-01 8.024667090192034724e-01 7.680873763851097345e-03
1.000000000000000056e-01 8.097289827536091611e-01 7.598743588529980643e-03
1.000000000000000056e-01 8.161665503618120709e-01 7.526378859435024250e-03
1.000000000000000056e-01 8.301002776098460600e-01 7.370497678168454712e-03
1.000000000000000056e-01 8.442718837012810340e-01 7.068390057640621359e-03
1.000000000000000056e-01 8.586854297421748772e-01 6.879479929417574996e-03
1.000000000000000056e-01 8.721874166850169807e-01 6.740072471926133318e-03
1.000000000000000056e-01 8.733450461704447276e-01 6.728009538488868152e-03
1.000000000000000056e-01 8.882549339395110488e-01 6.577662041022747444e-03
1.000000000000000056e-01 9.034193657221502027e-01 6.427029462951159081e-03
1.000000000000000056e-01 9.188426871348984726e-01 6.276171302244849468e-03
1.000000000000000056e-01 9.345293179833603636e-01 6.124462354477801934e-03
1.000000000000000056e-01 9.346458506164249114e-01 6.123316452676674966e-03
1.000000000000000056e-01 9.504837535287755657e-01 5.753582328954170468e-03
1.000000000000000056e-01 9.667105657762101734e-01 5.690865327315082836e-03
1.000000000000000056e-01 9.832144047847397594e-01 5.525456574895669902e-03
1.000000000000000056e-01 9.971042845478328420e-01 5.401758105346656305e-03
1.000000000000000056e-01 1.000000000000000000e+00 5.376938354500979296e-03
1.000000000000000056e-01 1.059562718479240662e+00 4.896101030120941257e-03
1.000000000000000056e-01 1.122021152410648481e+00 4.286737331049913710e-03
1.000000000000000056e-01 1.184479586342056301e+00 3.916409502725514899e-03
1.000000000000000056e-01 1.246938020273464343e+00 3.465600892509694726e-03
1.000000000000000056e-01 1.309396454204872162e+00 3.137324897453800006e-03
1.000000000000000056e-01 1.371854888136279982e+00 2.726694192937221747e-03
1.000000000000000056e-01 1.434313322067687801e+00 2.473511592931838463e-03
1.000000000000000056e-01 1.496771755999095843e+00 2.219219354159000443e-03
1.000000000000000056e-01 1.559230189930503663e+00 1.956603860174438089e-03
1.000000000000000056e-01 1.621688623861911482e+00 1.738968590625469346e-03
1.000000000000000056e-01 1.684147057793319302e+00 1.535076820761165431e-03
1.000000000000000056e-01 1.746605491724727344e+00 1.360474440836062938e-03
1.000000000000000056e-01 1.809063925656135163e+00 1.179235514460660536e-03
1.000000000000000056e-01 1.871522359587542983e+00 1.039081876711883288e-03
1.000000000000000056e-01 1.933980793518950803e+00 9.059214045962406953e-04
1.000000000000000056e-01 1.996439227450358622e+00 7.915356299979615711e-04
1.000000000000000056e-01 2.058897661381766664e+00 6.722861533985952792e-04
1.000000000000000056e-01 2.121356095313174261e+00 5.879107198021600155e-04
1.000000000000000056e-01 2.183814529244582303e+00 4.967559748733484798e-04
1.000000000000000056e-01 2.246272963175989901e+00 4.256727417191305454e-04
1.000000000000000056e-01 2.308731397107397942e+00 3.576912210090359839e-04
1.000000000000000056e-01 2.371189831038805984e+00 2.887600161178759616e-04
1.000000000000000056e-01 2.433648264970213582e+00 2.426943171350745803e-04
1.000000000000000056e-01 2.496106698901621623e+00 1.978144684200281757e-04
1.000000000000000056e-01 2.558565132833029665e+00 1.478830769980555215e-04
1.000000000000000056e-01 2.621023566764437263e+00 1.217781101557934752e-04
1.000000000000000056e-01 2.683482000695845304e+00 8.557070702749875824e-05
1.000000000000000056e-01 2.745940434627253346e+00 6.165551851150434060e-05
1.000000000000000056e-01 2.808398868558660944e+00 3.569414783378063185e-05
1.000000000000000056e-01 2.870857302490068985e+00 1.338932389744855693e-05
1.000000000000000056e-01 2.899855861101079846e+00 0.000000000000000000e+00
2.000000000000000111e-01 4.677593213286880824e-01 1.237250884334537004e-02
2.000000000000000111e-01 5.349247623399868701e-01 1.231437768781571893e-02
2.000000000000000111e-01 6.020902033512857132e-01 1.224542711580540490e-02
2.000000000000000111e-01 6.692556443625845564e-01 1.200362758472809342e-02
2.000000000000000111e-01 7.364210853738832885e-01 1.174749953320045927e-02
2.000000000000000111e-01 7.795988688811468226e-01 1.120738109677280568e-02
2.000000000000000111e-01 7.898819502425582506e-01 1.102457233830462895e-02
2.000000000000000111e-01 8.003006677195494412e-01 1.084147689774235014e-02
2.000000000000000111e-01 8.035865263851820206e-01 1.078419267850454222e-02
2.000000000000000111e-01 8.108568103824587148e-01 1.065781518255862204e-02
2.000000000000000111e-01 8.215521908998573153e-01 1.047387077729060659e-02
2.000000000000000111e-01 8.323886458498156449e-01 9.818695622967360537e-03
2.000000000000000111e-01 8.433680360352748817e-01 9.671479426907231974e-03
2.000000000000000111e-01 8.544922468035779373e-01 9.525444432903326999e-03
2.000000000000000111e-01 8.657631883702158193e-01 9.378083791100336880e-03
2.000000000000000111e-01 8.707519673964809748e-01 9.313187645952703334e-03
2.000000000000000111e-01 8.771827961468443569e-01 9.229656797883034960e-03
2.000000000000000111e-01 8.887530310736263539e-01 9.080190733678645751e-03
2.000000000000000111e-01 9.004758799559590132e-01 8.929951602227906640e-03
2.000000000000000111e-01 9.123533558056415860e-01 8.778547636621891748e-03
2.000000000000000111e-01 9.243874981865439766e-01 8.626201815935768610e-03
2.000000000000000111e-01 9.365803735648341455e-01 8.473145590364043744e-03
2.000000000000000111e-01 9.379174084077797069e-01 8.456412977240857637e-03
2.000000000000000111e-01 9.489340756638255936e-01 8.310770175136837634e-03
2.000000000000000111e-01 9.614507258235046594e-01 8.131811048338030701e-03
2.000000000000000111e-01 9.741324733648014655e-01 7.839773773972344081e-03
2.000000000000000111e-01 9.869814959586635794e-01 7.692284420057620385e-03
2.000000000000000111e-01 1.000000000000000000e+00 7.545555547065243597e-03
2.000000000000000111e-01 1.005082849419078439e+00 7.488724549585126095e-03
2.000000000000000111e-01 1.072248290430377393e+00 6.754146039514971091e-03
2.000000000000000111e-01 1.139413731441676125e+00 5.979223474181313662e-03
2.000000000000000111e-01 1.206579172452974857e+00 5.384297088550170363e-03
2.000000000000000111e-01 1.273744613464273812e+00 4.710038052206141045e-03
2.000000000000000111e-01 1.340910054475572544e+00 4.259291660148575680e-03
2.000000000000000111e-01 1.408075495486871276e+00 3.823566694518043801e-03
2.000000000000000111e-01 1.475240936498170230e+00 3.393222670796735424e-03
2.000000000000000111e-01 1.542406377509468962e+00 3.036296208908401389e-03
2.000000000000000111e-01 1.609571818520767694e+00 2.645763461542858814e-03
2.000000000000000111e-01 1.676737259532066648e+00 2.366738188957475276e-03
2.000000000000000111e-01 1.743902700543365381e+00 2.059774842562758172e-03
2.000000000000000111e-01 1.811068141554664113e+00 1.840653433275656926e-03
2.000000000000000111e-01 1.878233582565963067e+00 1.603037919426336146e-03
2.000000000000000111e-01 1.945399023577261799e+00 1.419431841137955806e-03
2.000000000000000111e-01 2.012564464588560309e+00 1.205817682550092487e-03
2.000000000000000111e-01 2.079729905599859485e+00 1.066903176817108386e-03
2.000000000000000111e-01 2.146895346611158217e+00 9.316292541834234487e-04
2.000000000000000111e-01 2.214060787622456949e+00 8.062738243773898486e-04
2.000000000000000111e-01 2.281226228633755682e+00 6.888869363128136223e-04
2.000000000000000111e-01 2.348391669645054414e+00 5.798970838710352333e-04
2.000000000000000111e-01 2.415557110656353146e+00 4.811119173421710788e-04
2.000000000000000111e-01 2.482722551667652322e+00 4.111619287206110516e-04
2.000000000000000111e-01 2.549887992678951054e+00 3.408935557888909747e-04
2.000000000000000111e-01 2.617053433690249786e+00 2.845218125288692017e-04
2.000000000000000111e-01 2.684218874701548518e+00 2.227613509089738659e-04
2.000000000000000111e-01 2.751384315712847251e+00 1.786267757233445618e-04
2.000000000000000111e-01 2.818549756724145983e+00 1.392704287808801456e-04
2.000000000000000111e-01 2.885715197735445159e+00 1.004095335655530620e-04
2.000000000000000111e-01 2.952880638746743891e+00 6.630975826431349893e-05
2.000000000000000111e-01 3.020046079758042623e+00 4.243925456916527246e-05
2.000000000000000111e-01 3.087211520769341355e+00 1.630734795066550807e-05
2.000000000000000111e-01 3.118395475524587290e+00 0.000000000000000000e+00
3.000000000000000444e-01 5.255110868973255078e-01 2.070287006670207611e-02
3.000000000000000444e-01 6.009690891184799044e-01 2.018439803273002278e-02
3.000000000000000444e-01 6.764270913396344120e-01 2.022217765942168136e-02
3.000000000000000444e-01 7.518850935607888086e-01 1.941001550024776603e-02
3.000000000000000444e-01 8.273430957819432052e-01 1.695090785073021661e-02
3.000000000000000444e-01 8.758518114955425871e-01 1.578801734817966013e-02
3.000000000000000444e-01 8.819837817872745456e-01 1.564700636177737345e-02
3.000000000000000444e-01 8.881586829254864979e-01 1.550595733347063902e-02
3.000000000000000444e-01 8.943768154754933031e-01 1.536435595893855671e-02
3.000000000000000444e-01 9.006384821069123303e-01 1.522306648608110283e-02
3.000000000000000444e-01 9.028010980030977128e-01 1.517413190681197316e-02
3.000000000000000444e-01 9.069439876083965624e-01 1.508140397138634480e-02
3.000000000000000444e-01 9.132936389024702839e-01 1.493962247556280751e-02
3.000000000000000444e-01 9.196877450604686866e-01 1.479773072759669843e-02
3.000000000000000444e-01 9.261266173175815020e-01 1.465568174602486368e-02
3.000000000000000444e-01 9.326105690880032162e-01 1.451323455429778288e-02
3.000000000000000444e-01 9.391399159801879781e-01 1.437142261513326552e-02
3.000000000000000444e-01 9.457149758122123107e-01 1.422956174239089176e-02
3.000000000000000444e-01 9.523360686272449582e-01 1.408730709669077548e-02
3.000000000000000444e-01 9.590035167091248702e-01 1.394482974896379436e-02
3.000000000000000444e-01 9.657176445980487633e-01 1.379414916593070528e-02
3.000000000000000444e-01 9.724787791063681519e-01 1.363880275979402652e-02
3.000000000000000444e-01 9.782591002242521094e-01 1.304957457890157900e-02
3.000000000000000444e-01 9.792872493344967344e-01 1.303190193630874433e-02
3.000000000000000444e-01 9.861433866869301346e-01 1.291394274029485263e-02
3.000000000000000444e-01 9.930475248883762207e-01 1.279647974871391675e-02
3.000000000000000444e-01 1.000000000000000000e+00 1.267916382904113806e-02
3.000000000000000444e-01 1.053717102445406617e+00 1.179258350063085159e-02
3.000000000000000444e-01 1.129175104666561014e+00 1.058710297640597965e-02
3.000000000000000444e-01 1.204633106887715410e+00 9.405145385910860731e-03
3.000000000000000444e-01 1.280091109108870029e+00 8.192446694071620419e-03
3.000000000000000444e-01 1.355549111330024203e+00 7.439653931042886081e-03
3.000000000000000444e-01 1.431007113551178822e+00 6.639696183400975449e-03
3.000000000000000444e-01 1.506465115772333219e+00 5.807579894595665121e-03
3.000000000000000444e-01 1.581923117993487615e+00 5.207261291652598260e-03
3.000000000000000444e-01 1.657381120214642234e+00 4.587972568370617989e-03
3.000000000000000444e-01 1.732839122435796408e+00 4.087011668401799823e-03
3.000000000000000444e-01 1.808297124656951027e+00 3.618254286235916481e-03
3.000000000000000444e-01 1.883755126878105202e+00 3.149800948654086618e-03
3.000000000000000444e-01 1.959213129099259820e+00 2.785265550692462427e-03
3.000000000000000444e-01 2.034671131320414439e+00 2.408983975832524119e-03
3.000000000000000444e-01 2.110129133541568613e+00 2.123231645081120628e-03
3.000000000000000444e-01 2.185587135762723232e+00 1.840308191220411818e-03
3.000000000000000444e-01 2.261045137983877407e+00 1.609800816381516848e-03
3.000000000000000444e-01 2.336503140205032025e+00 1.398813405345038187e-03
3.000000000000000444e-01 2.411961142426186644e+00 1.184212030314542785e-03
3.000000000000000444e-01 2.487419144647340818e+00 1.026034258328422126e-03
3.000000000000000444e-01 2.562877146868495437e+00 8.710222793221878259e-04
3.000000000000000444e-01 2.638335149089650056e+00 7.428756461947292819e-04
3.000000000000000444e-01 2.713793151310804230e+00 6.132301355080030207e-04
3.000000000000000444e-01 2.789251153531958849e+00 5.329009740693599990e-04
3.000000000000000444e-01 2.864709155753113023e+00 4.225290175495255733e-04
3.000000000000000444e-01 2.940167157974267642e+00 3.427048405966103754e-04
3.000000000000000444e-01 3.015625160195422261e+00 2.797601935919974045e-04
3.000000000000000444e-01 3.091083162416576435e+00 2.141666570174991717e-04
3.000000000000000444e-01 3.166541164637731054e+00 1.638757263824703529e-04
3.000000000000000444e-01 3.241999166858885228e+00 1.226975100947119745e-04
3.000000000000000444e-01 3.317457169080039847e+00 8.240986183992515346e-05
3.000000000000000444e-01 3.392915171301194466e+00 4.837376299163790748e-05
3.000000000000000444e-01 3.468373173522348640e+00 1.856087939816728440e-05
3.000000000000000444e-01 3.503407245982170348e+00 0.000000000000000000e+00
4.000000000000000222e-01 6.113492517657659331e-01 3.970550353445116698e-02
4.000000000000000222e-01 6.991327340705938420e-01 3.758421783420032997e-02
4.000000000000000222e-01 7.869162163754217509e-01 3.571921651015424332e-02
4.000000000000000222e-01 8.746996986802497709e-01 3.028610747008594895e-02
4.000000000000000222e-01 9.624831809850775688e-01 2.681828502212120144e-02
4.000000000000000222e-01 1.000000000000000000e+00 2.511997710689413063e-02
4.000000000000000222e-01 1.000986736371085373e+00 2.508768166828888313e-02
4.000000000000000222e-01 1.001974446390836659e+00 2.505586530699613346e-02
4.000000000000000222e-01 1.002963131019988685e+00 2.502325130046159293e-02
4.000000000000000222e-01 1.003952791220223739e+00 2.499125580639319916e-02
4.000000000000000222e-01 1.004943427954173352e+00 2.495874345093828175e-02
4.000000000000000222e-01 1.005935042185418959e+00 2.492645200197580665e-02
4.000000000000000222e-01 1.006927634878492572e+00 2.489457334150727355e-02
4.000000000000000222e-01 1.007921206998878105e+00 2.486202643748308683e-02
4.000000000000000222e-01 1.008915759513012267e+00 2.482970108410470153e-02
4.000000000000000222e-01 1.009911293388285003e+00 2.479751047854404991e-02
4.000000000000000222e-01 1.010907809593041051e+00 2.476518980404935830e-02
4.000000000000000222e-01 1.011905309096580607e+00 2.473291950992748817e-02
4.000000000000000222e-01 1.012903792869160657e+00 2.470058455076846668e-02
4.000000000000000222e-01 1.013903261881994977e+00 2.466793185894172041e-02
4.000000000000000222e-01 1.014903717107255909e+00 2.463565820561590056e-02
4.000000000000000222e-01 1.015905159518075473e+00 2.460373883845776849e-02
4.000000000000000222e-01 1.016907590088545144e+00 2.457124522634450067e-02
4.000000000000000222e-01 1.017911009793718291e+00 2.453921647733395967e-02
4.000000000000000222e-01 1.018915419609609962e+00 2.450674690031772601e-02
4.000000000000000222e-01 1.050266663289905589e+00 2.347365955558008282e-02
4.000000000000000222e-01 1.138050145594733387e+00 2.081632310925177545e-02
4.000000000000000222e-01 1.225833627899561407e+00 1.818791968581565457e-02
4.000000000000000222e-01 1.313617110204389427e+00 1.624151723536197689e-02
4.000000000000000222e-01 1.401400592509217224e+00 1.435358356853248286e-02
4.000000000000000222e-01 1.489184074814045022e+00 1.277510094993910411e-02
4.000000000000000222e-01 1.576967557118873042e+00 1.124943431900655814e-02
4.000000000000000222e-01 1.664751039423701062e+00 1.000183410358899787e-02
4.000000000000000222e-01 1.752534521728528860e+00 8.722504113073641444e-03
4.000000000000000222e-01 1.840318004033356880e+00 7.746776306631625829e-03
4.000000000000000222e-01 1.928101486338184678e+00 6.855929709363799661e-03
4.000000000000000222e-01 2.015884968643012698e+00 6.003233681254950202e-03
4.000000000000000222e-01 2.103668450947840718e+00 5.284449422116381002e-03
4.000000000000000222e-01 2.191451933252668738e+00 4.549825330336635179e-03
4.000000000000000222e-01 2.279235415557496758e+00 4.000455039089721894e-03
4.000000000000000222e-01 2.367018897862324334e+00 3.483611208698044262e-03
4.000000000000000222e-01 2.454802380167152354e+00 2.992910698964338333e-03
4.000000000000000222e-01 2.542585862471979929e+00 2.599644737099488997e-03
4.000000000000000222e-01 2.630369344776807949e+00 2.226540744327225232e-03
4.000000000000000222e-01 2.718152827081635969e+00 1.914556611638707981e-03
4.000000000000000222e-01 2.805936309386463989e+00 1.604848218228817043e-03
4.000000000000000222e-01 2.893719791691292009e+00 1.378823235118020697e-03
4.000000000000000222e-01 2.981503273996120029e+00 1.154072397810258603e-03
4.000000000000000222e-01 3.069286756300948049e+00 9.783965954619005742e-04
4.000000000000000222e-01 3.157070238605776069e+00 7.969382549913036446e-04
4.000000000000000222e-01 3.244853720910603201e+00 6.674457094343143717e-04
4.000000000000000222e-01 3.332637203215431221e+00 5.364985646245759880e-04
4.000000000000000222e-01 3.420420685520259241e+00 4.400042890221644073e-04
4.000000000000000222e-01 3.508204167825087261e+00 3.492592873582031350e-04
4.000000000000000222e-01 3.595987650129915281e+00 2.755962095094185169e-04
4.000000000000000222e-01 3.683771132434743301e+00 2.037279398081375177e-04
4.000000000000000222e-01 3.771554614739571321e+00 1.481937540523725128e-04
4.000000000000000222e-01 3.859338097044399341e+00 9.583428159289631679e-05
4.000000000000000222e-01 3.947121579349227360e+00 5.465917560078215157e-05
4.000000000000000222e-01 4.034905061654055380e+00 1.841989039853608517e-05
4.000000000000000222e-01 4.075661678438439850e+00 0.000000000000000000e+00
5.000000000000000000e-01 7.258266897859252387e-01 7.990492615090898088e-02
5.000000000000000000e-01 8.300479580628785659e-01 6.552563926497848024e-02
5.000000000000000000e-01 9.342692263398320041e-01 5.692953445341237401e-02
5.000000000000000000e-01 1.000000000000000000e+00 5.113848974980939044e-02
5.000000000000000000e-01 1.010070453975789206e+00 5.053746911362337613e-02
5.000000000000000000e-01 1.020242321994856871e+00 4.993220994105442706e-02
5.000000000000000000e-01 1.030516625342658310e+00 4.932395713051445502e-02
5.000000000000000000e-01 1.038490494616785220e+00 4.885825197702647893e-02
5.000000000000000000e-01 1.040894395589456956e+00 4.871853644479556822e-02
5.000000000000000000e-01 1.051376674693897506e+00 4.810945914707635829e-02
5.000000000000000000e-01 1.061964515107620688e+00 4.750388970485117796e-02
5.000000000000000000e-01 1.072658979880933172e+00 4.689501895603371412e-02
5.000000000000000000e-01 1.083461142769541086e+00 4.628791082014931113e-02
5.000000000000000000e-01 1.094372088342357774e+00 4.568197086683016550e-02
5.000000000000000000e-01 1.105392912090397584e+00 4.507447153480639152e-02
5.000000000000000000e-01 1.116524720536767656e+00 4.399696938416212955e-02
5.000000000000000000e-01 1.127768631347763950e+00 4.344193961142669980e-02
5.000000000000000000e-01 1.139125773445090362e+00 4.286366974352264630e-02
5.000000000000000000e-01 1.142711762893738658e+00 4.268483644119103887e-02
5.000000000000000000e-01 1.150597287119204282e+00 4.229607975262757863e-02
5.000000000000000000e-01 1.162184324143806124e+00 4.173164672820765114e-02
5.000000000000000000e-01 1.173888047891479935e+00 4.116942983110447735e-02
5.000000000000000000e-01 1.185709633450500178e+00 4.060711742606781804e-02
5.000000000000000000e-01 1.197650267742813135e+00 4.004696130592267506e-02
5.000000000000000000e-01 1.209711149643208694e+00 3.948859139320070460e-02
5.000000000000000000e-01 1.246933031170692097e+00 3.780573186128486501e-02
5.000000000000000000e-01 1.351154299447645535e+00 3.296739521393592803e-02
5.000000000000000000e-01 1.455375567724598973e+00 2.940075170625458881e-02
5.000000000000000000e-01 1.559596836001552189e+00 2.592964556485915020e-02
5.000000000000000000e-01 1.663818104278505405e+00 2.303089396120215626e-02
5.000000000000000000e-01 1.768039372555458844e+00 2.015992247846991672e-02
5.000000000000000000e-01 1.872260640832412282e+00 1.791625807319006947e-02
5.000000000000000000e-01 1.976481909109365720e+00 1.580694886760216841e-02
5.000000000000000000e-01 2.080703177386319158e+00 1.376405337943103872e-02
5.000000000000000000e-01 2.184924445663272596e+00 1.211514050255143617e-02
5.000000000000000000e-01 2.289145713940225590e+00 1.054729452330745165e-02
5.000000000000000000e-01 2.393366982217179029e+00 9.220497449342463653e-03
5.000000000000000000e-01 2.497588250494132467e+00 8.005042974419760565e-03
5.000000000000000000e-01 2.601809518771085905e+00 6.880050086877364211e-03
5.000000000000000000e-01 2.706030787048039343e+00 5.953966480296058773e-03
5.000000000000000000e-01 2.810252055324992781e+00 5.070475014526005901e-03
5.000000000000000000e-01 2.914473323601946220e+00 4.368688508180163660e-03
5.000000000000000000e-01 3.018694591878899658e+00 3.734263636420613944e-03
5.000000000000000000e-01 3.122915860155852652e+00 3.164824273482267324e-03
5.000000000000000000e-01 3.227137128432806090e+00 2.681637165803486562e-03
5.000000000000000000e-01 3.331358396709759528e+00 2.234776907850014298e-03
5.000000000000000000e-01 3.435579664986712967e+00 1.881787400975800956e-03
5.000000000000000000e-01 3.539800933263666405e+00 1.561785901009880850e-03
5.000000000000000000e-01 3.644022201540619843e+00 1.302460679915758536e-03
5.000000000000000000e-01 3.748243469817572837e+00 1.050269204404089734e-03
5.000000000000000000e-01 3.852464738094526275e+00 8.670712625665083235e-04
5.000000000000000000e-01 3.956686006371479714e+00 6.868494856647030166e-04
5.000000000000000000e-01 4.060907274648433152e+00 5.568808470984527382e-04
5.000000000000000000e-01 4.165128542925386590e+00 4.355271320817423052e-04
5.000000000000000000e-01 4.269349811202340028e+00 3.370915272273027519e-04
5.000000000000000000e-01 4.373571079479293466e+00 2.485592191511020268e-04
5.000000000000000000e-01 4.477792347756246016e+00 1.785980229376893185e-04
5.000000000000000000e-01 4.582013616033199455e+00 1.131687284610639698e-04
5.000000000000000000e-01 4.686234884310152893e+00 6.804133578609742174e-05
5.000000000000000000e-01 4.790456152587106331e+00 2.778995076969167306e-05
5.000000000000000000e-01 4.838844598572834776e+00 0.000000000000000000e+00
6.000000000000000888e-01 8.643605009379928816e-01 1.148442752834234748e-01
6.000000000000000888e-01 9.884738036367816116e-01 1.004246728339295014e-01
6.000000000000000888e-01 1.000000000000000000e+00 9.918461816036458489e-02
6.000000000000000888e-01 1.019399469561708127e+00 9.709535710714746470e-02
6.000000000000000888e-01 1.039175278542691760e+00 9.503496933888667952e-02
6.000000000000000888e-01 1.059334727728060255e+00 9.091177522135397704e-02
6.000000000000000888e-01 1.079885259534280939e+00 8.914091113059838256e-02
6.000000000000000888e-01 1.100834460756753508e+00 8.732651483819846294e-02
6.000000000000000888e-01 1.112587106335570342e+00 8.630670213154219284e-02
6.000000000000000888e-01 1.122190065370683554e+00 8.549559855653070251e-02
6.000000000000000888e-01 1.143959957386293302e+00 8.367535073248363875e-02
6.000000000000000888e-01 1.166152173759421373e+00 8.185114024426345947e-02
6.000000000000000888e-01 1.188774907358587152e+00 8.003249526204647690e-02
6.000000000000000888e-01 1.211836509989612232e+00 7.821420813010854234e-02
6.000000000000000888e-01 1.235345495478922251e+00 7.587553712231839831e-02
6.000000000000000888e-01 1.236700409034358961e+00 7.577646676793030334e-02
6.000000000000000888e-01 1.259310542816658884e+00 7.418821949208813382e-02
6.000000000000000888e-01 1.283740499360768617e+00 7.249471358557245393e-02
6.000000000000000888e-01 1.308644384103249791e+00 7.075906038608281712e-02
6.000000000000000888e-01 1.334031390999760980e+00 6.905030553026832163e-02
6.000000000000000888e-01 1.359910892363823898e+00 6.734726821236354521e-02
6.000000000000000888e-01 1.360813711733147802e+00 6.728909144495284766e-02
6.000000000000000888e-01 1.386292442326871210e+00 6.565554502425487160e-02
6.000000000000000888e-01 1.413185780365417310e+00 6.397312006723648858e-02
6.000000000000000888e-01 1.440600834896654803e+00 6.230089328736643228e-02
6.000000000000000888e-01 1.484927014431936421e+00 5.910186760322307803e-02
6.000000000000000888e-01 1.609040317130725040e+00 5.276152624133463587e-02
6.000000000000000888e-01 1.733153619829513881e+00 4.667657438315245266e-02
6.000000000000000888e-01 1.857266922528302722e+00 4.145796938299711742e-02
6.000000000000000888e-01 1.981380225227091341e+00 3.641259124971427119e-02
6.000000000000000888e-01 2.105493527925879960e+00 3.224727858061249980e-02
6.000000000000000888e-01 2.229606830624669023e+00 2.836249677457203938e-02
6.000000000000000888e-01 2.353720133323457198e+00 2.471301892338629430e-02
6.000000000000000888e-01 2.477833436022246261e+00 2.161827107096317771e-02
6.000000000000000888e-01 2.601946738721034880e+00 1.874756795889479660e-02
6.000000000000000888e-01 2.726060041419823499e+00 1.626782500636921730e-02
6.000000000000000888e-01 2.850173344118612562e+00 1.401774398465512571e-02
6.000000000000000888e-01 2.974286646817401181e+00 1.198697771756550463e-02
6.000000000000000888e-01 3.098399949516189800e+00 1.027179668740136297e-02
6.000000000000000888e-01 3.222513252214978419e+00 8.694114000589992647e-03
6.000000000000000888e-01 3.346626554913767038e+00 7.398211098765589480e-03
6.000000000000000888e-01 3.470739857612556101e+00 6.261310396987230381e-03
6.000000000000000888e-01 3.594853160311344720e+00 5.248386007722195129e-03
6.000000000000000888e-01 3.718966463010133339e+00 4.398101476094871606e-03
6.000000000000000888e-01 3.843079765708921958e+00 3.632449731217263222e-03
6.000000000000000888e-01 3.967193068407710577e+00 3.031261737702630691e-03
6.000000000000000888e-01 4.091306371106499640e+00 2.483904177501519879e-03
6.000000000000000888e-01 4.215419673805287815e+00 2.049809918342386603e-03
6.000000000000000888e-01 4.339532976504076878e+00 1.643334706945351852e-03
6.000000000000000888e-01 4.463646279202865941e+00 1.342142003683489872e-03
6.000000000000000888e-01 4.587759581901654116e+00 1.061891757176597600e-03
6.000000000000000888e-01 4.711872884600443179e+00 8.535939634863436978e-04
6.000000000000000888e-01 4.835986187299232242e+00 6.678037456214398239e-04
6.000000000000000888e-01 4.960099489998020417e+00 5.227862886162036550e-04
6.000000000000000888e-01 5.084212792696809480e+00 3.853750580709824599e-04
6.000000000000000888e-01 5.208326095395597655e+00 2.906094315643819909e-04
6.000000000000000888e-01 5.332439398094386718e+00 2.060724975085165766e-04
6.000000000000000888e-01 5.456552700793175781e+00 1.309599820545671606e-04
6.000000000000000888e-01 5.580666003491963956e+00 7.257355897033102477e-05
6.000000000000000888e-01 5.704779306190753019e+00 2.374204354930032588e-05
6.000000000000000888e-01 5.762403339586619211e+00 0.000000000000000000e+00
7.000000000000000666e-01 1.000000000000000000e+00 1.600004232145953165e-01
7.000000000000000666e-01 1.014284589437150386e+00 1.580871426005468761e-01
7.000000000000000666e-01 1.028017366644413011e+00 1.562478358080854335e-01
7.000000000000000666e-01 1.056819706122513747e+00 1.524047709477057422e-01
7.000000000000000666e-01 1.086429011305989123e+00 1.485857962049425274e-01
7.000000000000000666e-01 1.116867891248876310e+00 1.421842218707544403e-01
7.000000000000000666e-01 1.148159588451368451e+00 1.388388718728129356e-01
7.000000000000000666e-01 1.159925453561459152e+00 1.376000784400791821e-01
7.000000000000000666e-01 1.180327996607309027e+00 1.354694923691676378e-01
7.000000000000000666e-01 1.213397678848921579e+00 1.320666243989512545e-01
7.000000000000000666e-01 1.247393886502711657e+00 1.286504785399159856e-01
7.000000000000000666e-01 1.282342578370857522e+00 1.252369610230071040e-01
7.000000000000000666e-01 1.305566317685767919e+00 1.223434742428046729e-01
7.000000000000000666e-01 1.318270440552815836e+00 1.212110564291336984e-01
7.000000000000000666e-01 1.355204906822276012e+00 1.179569004200979321e-01
7.000000000000000666e-01 1.393174179575023430e+00 1.146791124892809349e-01
7.000000000000000666e-01 1.432207251363706302e+00 1.113919664065499970e-01
7.000000000000000666e-01 1.451207181810076685e+00 1.098264327240538879e-01
7.000000000000000666e-01 1.472333927035950563e+00 1.081067962113446967e-01
7.000000000000000666e-01 1.513584846492725289e+00 1.047755430785925757e-01
7.000000000000000666e-01 1.555991508084339614e+00 1.014467086430362042e-01
7.000000000000000666e-01 1.596848045934385452e+00 9.783684805417475205e-02
7.000000000000000666e-01 1.599586292661931974e+00 9.764481074581160547e-02
7.000000000000000666e-01 1.644402488302818766e+00 9.455946977436151257e-02
7.000000000000000666e-01 1.690474315728583976e+00 9.143644620289453906e-02
7.000000000000000666e-01 1.742488910058694218e+00 8.796425883871181184e-02
7.000000000000000666e-01 1.888129774183002985e+00 7.858030664398239773e-02
7.000000000000000666e-01 2.033770638307311529e+00 7.011123974131999725e-02
7.000000000000000666e-01 2.179411502431620740e+00 6.217825735605242432e-02
7.000000000000000666e-01 2.325052366555929062e+00 5.504380440184344220e-02
7.000000000000000666e-01 2.470693230680238273e+00 4.844477168068503370e-02
7.000000000000000666e-01 2.616334094804546595e+00 4.237156313953856918e-02
7.000000000000000666e-01 2.761974958928855806e+00 3.694640686437149213e-02
7.000000000000000666e-01 2.907615823053164128e+00 3.198870128541607405e-02
7.000000000000000666e-01 3.053256687177473339e+00 2.758766829708103260e-02
7.000000000000000666e-01 3.198897551301781661e+00 2.357612385269896790e-02
7.000000000000000666e-01 3.344538415426090872e+00 2.014149310823159025e-02
7.000000000000000666e-01 3.490179279550399194e+00 1.710121754269940467e-02
7.000000000000000666e-01 3.635820143674708405e+00 1.439656375109930365e-02
7.000000000000000666e-01 3.781461007799016727e+00 1.210740978870561077e-02
7.000000000000000666e-01 3.927101871923325938e+00 1.010405409198430679e-02
7.000000000000000666e-01 4.072742736047634260e+00 8.416622714973035976e-03
7.000000000000000666e-01 4.218383600171943471e+00 6.912180586563494364e-03
7.000000000000000666e-01 4.364024464296251793e+00 5.714188430534835467e-03
7.000000000000000666e-01 4.509665328420561003e+00 4.692100839494744817e-03
7.000000000000000666e-01 4.655306192544869326e+00 3.826075866803926341e-03
7.000000000000000666e-01 4.800947056669178536e+00 3.103448200131047555e-03
7.000000000000000666e-01 4.946587920793486859e+00 2.485357561669963248e-03
7.000000000000000666e-01 5.092228784917796069e+00 2.005963081669742080e-03
7.000000000000000666e-01 5.237869649042104392e+00 1.581247425883149527e-03
7.000000000000000666e-01 5.383510513166413602e+00 1.259864070745813800e-03
7.000000000000000666e-01 5.529151377290722813e+00 9.882046428975109573e-04
7.000000000000000666e-01 5.674792241415031135e+00 7.639215375727296913e-04
7.000000000000000666e-01 5.820433105539339458e+00 5.728901962987338311e-04
7.000000000000000666e-01 5.966073969663648668e+00 4.372823203002000375e-04
7.000000000000000666e-01 6.111714833787957879e+00 3.150920011682045827e-04
7.000000000000000666e-01 6.257355697912266201e+00 2.128805990898889795e-04
7.000000000000000666e-01 6.402996562036574524e+00 1.393941570362545383e-04
7.000000000000000666e-01 6.548637426160883734e+00 7.678148361386707434e-05
7.000000000000000666e-01 6.694278290285192945e+00 2.674106164461271384e-05
7.000000000000000666e-01 6.761897262914336793e+00 0.000000000000000000e+00
8.000000000000000444e-01 1.000000000000000000e+00 2.114600768089271166e-01
8.000000000000000444e-01 1.035009996904630913e+00 2.068256146176585819e-01
8.000000000000000444e-01 1.071245693692524092e+00 2.020357913362539337e-01
8.000000000000000444e-01 1.108750002112798505e+00 1.941356172154177773e-01
8.000000000000000444e-01 1.147567336254777137e+00 1.899045409566522402e-01
8.000000000000000444e-01 1.153712497040645824e+00 1.892479164875978115e-01
8.000000000000000444e-01 1.187743665144912475e+00 1.856343952809675901e-01
8.000000000000000444e-01 1.229326567185130781e+00 1.813017939926268585e-01
8.000000000000000444e-01 1.272365286497062709e+00 1.769657377086208960e-01
8.000000000000000444e-01 1.316910791238884659e+00 1.718454069879939150e-01
8.000000000000000444e-01 1.319373778666995012e+00 1.716174046558320565e-01
8.000000000000000444e-01 1.363015833963833190e+00 1.675987386832402393e-01
8.000000000000000444e-01 1.410735014091869743e+00 1.632896380365535804e-01
8.000000000000000444e-01 1.460124842568480741e+00 1.589232699605838128e-01
8.000000000000000444e-01 1.485035060293344200e+00 1.567506876390493686e-01
8.000000000000000444e-01 1.511243808787177789e+00 1.544173569394186873e-01
8.000000000000000444e-01 1.564152449854959492e+00 1.499045037904213062e-01
8.000000000000000444e-01 1.618913422282752590e+00 1.448324429233809052e-01
8.000000000000000444e-01 1.650696341919693388e+00 1.424074713369118395e-01
8.000000000000000444e-01 1.675591576185737175e+00 1.405120090072543015e-01
8.000000000000000444e-01 1.734254032081425478e+00 1.360673637140779879e-01
8.000000000000000444e-01 1.794970260376439697e+00 1.314359601536840283e-01
8.000000000000000444e-01 1.816357623546042355e+00 1.298297345550741555e-01
8.000000000000000444e-01 1.857812163636123559e+00 1.267396708807945749e-01
8.000000000000000444e-01 1.922854161734409928e+00 1.218404333667870293e-01
8.000000000000000444e-01 1.982018905172391765e+00 1.176722706862882856e-01
8.000000000000000444e-01 2.147680186798740731e+00 1.058844055933168965e-01
8.000000000000000444e-01 2.313341468425090142e+00 9.526640101103228675e-02
8.000000000000000444e-01 2.479002750051439108e+00 8.494986992121948688e-02
8.000000000000000444e-01 2.644664031677788074e+00 7.515205796940646610e-02
8.000000000000000444e-01 2.810325313304137484e+00 6.616371225251548027e-02
8.000000000000000444e-01 2.975986594930486895e+00 5.775933767500036897e-02
8.000000000000000444e-01 3.141647876556835861e+00 5.013266312811291009e-02
8.000000000000000444e-01 3.307309158183184827e+00 4.305116038414284058e-02
8.000000000000000444e-01 3.472970439809533794e+00 3.688755548786497307e-02
8.000000000000000444e-01 3.638631721435883648e+00 3.135780006833759070e-02
8.000000000000000444e-01 3.804293003062232614e+00 2.644464717284429958e-02
8.000000000000000444e-01 3.969954284688581581e+00 2.219532946679873137e-02
8.000000000000000444e-01 4.135615566314930547e+00 1.849978716674038209e-02
8.000000000000000444e-01 4.301276847941279513e+00 1.534694773605300641e-02
8.000000000000000444e-01 4.466938129567629368e+00 1.260205536643158389e-02
8.000000000000000444e-01 4.632599411193978334e+00 1.036337947761437235e-02
8.000000000000000444e-01 4.798260692820327300e+00 8.472036029977928623e-03
8.000000000000000444e-01 4.963921974446676266e+00 6.869575207534064747e-03
8.000000000000000444e-01 5.129583256073025233e+00 5.551448282673917753e-03
8.000000000000000444e-01 5.295244537699374199e+00 4.442997450908047624e-03
8.000000000000000444e-01 5.460905819325724053e+00 3.571328725058517048e-03
8.000000000000000444e-01 5.626567100952073019e+00 2.817869002454590106e-03
8.000000000000000444e-01 5.792228382578421986e+00 2.241588729837357737e-03
8.000000000000000444e-01 5.957889664204770952e+00 1.758385927829427551e-03
8.000000000000000444e-01 6.123550945831120806e+00 1.377818448356129622e-03
8.000000000000000444e-01 6.289212227457469773e+00 1.047270288227764457e-03
8.000000000000000444e-01 6.454873509083818739e+00 8.172762794380099760e-04
8.000000000000000444e-01 6.620534790710167705e+00 6.083493759479745733e-04
8.000000000000000444e-01 6.786196072336516671e+00 4.520342462324484145e-04
8.000000000000000444e-01 6.951857353962866526e+00 3.251719007089581229e-04
8.000000000000000444e-01 7.117518635589215492e+00 2.210580522468661184e-04
8.000000000000000444e-01 7.283179917215564458e+00 1.392518327396270229e-04
8.000000000000000444e-01 7.448841198841913425e+00 7.194298263538049089e-05
8.000000000000000444e-01 7.614502480468263279e+00 2.824989923335618372e-05
8.000000000000000444e-01 7.691416646937639712e+00 0.000000000000000000e+00
9.000000000000000222e-01 1.000000000000000000e+00 2.369150140531258997e-01
9.000000000000000222e-01 1.039581234736368209e+00 2.284328532358673725e-01
9.000000000000000222e-01 1.080729143615992038e+00 2.248879275163181701e-01
9.000000000000000222e-01 1.123505737535891003e+00 2.209667428983340398e-01
9.000000000000000222e-01 1.167975481860955789e+00 2.169036635332824148e-01
9.000000000000000222e-01 1.214205393574816938e+00 2.127529248371582693e-01
9.000000000000000222e-01 1.254473379032399860e+00 2.083857940279963961e-01
9.000000000000000222e-01 1.262265142276066454e+00 2.077681079422916688e-01
9.000000000000000222e-01 1.312227155172030812e+00 2.036187623941297098e-01
9.000000000000000222e-01 1.364166726228331683e+00 1.993473710096884122e-01
9.000000000000000222e-01 1.418162129638718350e+00 1.950337106196241843e-01
9.000000000000000222e-01 1.434602889867821363e+00 1.937323400070447565e-01
9.000000000000000222e-01 1.474294737786176368e+00 1.906248991490616107e-01
9.000000000000000222e-01 1.532649143873083597e+00 1.852506067674283274e-01
9.000000000000000222e-01 1.593313289405217992e+00 1.809802299759502020e-01
9.000000000000000222e-01 1.614732400703242865e+00 1.794660769847690462e-01
9.000000000000000222e-01 1.656378596721741037e+00 1.765020291777596728e-01
9.000000000000000222e-01 1.721940106770880830e+00 1.718134019747659946e-01
9.000000000000000222e-01 1.790096622338946064e+00 1.664069211181064267e-01
9.000000000000000222e-01 1.794861911538664367e+00 1.660719785001213700e-01
9.000000000000000222e-01 1.860950856948524024e+00 1.614412577250028402e-01
9.000000000000000222e-01 1.934609589650249095e+00 1.562353797492897767e-01
9.000000000000000222e-01 1.974991422374085870e+00 1.533708646540932752e-01
9.000000000000000222e-01 2.011183825941424974e+00 1.507934546750343552e-01
9.000000000000000222e-01 2.090788965053999693e+00 1.446414383705540985e-01
9.000000000000000222e-01 2.155120933209507150e+00 1.402637111863767327e-01
9.000000000000000222e-01 2.335250444044929097e+00 1.277025008395954730e-01
9.000000000000000222e-01 2.515379954880350155e+00 1.149931526529615333e-01
9.000000000000000222e-01 2.695509465715772102e+00 1.030059824905432964e-01
9.000000000000000222e-01 2.875638976551193160e+00 9.129192093563820443e-02
9.000000000000000222e-01 3.055768487386615107e+00 8.034862948654769577e-02
9.000000000000000222e-01 3.235897998222036165e+00 6.987658385371500747e-02
9.000000000000000222e-01 3.416027509057458111e+00 6.048845303146355157e-02
9.000000000000000222e-01 3.596157019892879170e+00 5.207116606345993381e-02
9.000000000000000222e-01 3.776286530728301116e+00 4.408129961145356573e-02
9.000000000000000222e-01 3.956416041563722175e+00 3.722341001651919418e-02
9.000000000000000222e-01 4.136545552399144121e+00 3.118676819834104164e-02
9.000000000000000222e-01 4.316675063234565179e+00 2.596685074459767831e-02
9.000000000000000222e-01 4.496804574069987126e+00 2.143984176198972247e-02
9.000000000000000222e-01 4.676934084905408184e+00 1.761848862927298601e-02
9.000000000000000222e-01 4.857063595740830131e+00 1.440712376818779374e-02
9.000000000000000222e-01 5.037193106576251189e+00 1.169315803873133101e-02
9.000000000000000222e-01 5.217322617411673136e+00 9.452313107782227969e-03
9.000000000000000222e-01 5.397452128247095082e+00 7.584925510236377628e-03
9.000000000000000222e-01 5.577581639082516141e+00 6.097423496912961552e-03
9.000000000000000222e-01 5.757711149917937199e+00 4.817083109185354116e-03
9.000000000000000222e-01 5.937840660753359145e+00 3.836602630440057518e-03
9.000000000000000222e-01 6.117970171588781092e+00 3.017660235369284093e-03
9.000000000000000222e-01 6.298099682424202150e+00 2.383295164322930381e-03
9.000000000000000222e-01 6.478229193259623209e+00 1.824201472993852973e-03
9.000000000000000222e-01 6.658358704095045155e+00 1.429105955520022873e-03
9.000000000000000222e-01 6.838488214930467102e+00 1.096822043675017930e-03
9.000000000000000222e-01 7.018617725765888160e+00 8.350707211009409346e-04
9.000000000000000222e-01 7.198747236601309218e+00 6.160385495781265644e-04
9.000000000000000222e-01 7.378876747436731165e+00 4.493117852229686592e-04
9.000000000000000222e-01 7.559006258272153111e+00 3.216584182085189246e-04
9.000000000000000222e-01 7.739135769107574170e+00 2.239911911957155274e-04
9.000000000000000222e-01 7.919265279942995228e+00 1.322816631279264202e-04
9.000000000000000222e-01 8.099394790778417175e+00 7.568378139314467414e-05
9.000000000000000222e-01 8.279524301613838233e+00 2.773383151892629543e-05
9.000000000000000222e-01 8.363155860215998771e+00 0.000000000000000000e+00
1.000000000000000000e+00 1.000000000000000000e+00 2.381740829866496600e-01
1.000000000000000000e+00 1.041172876422386429e+00 2.351680682157566982e-01
1.000000000000000000e+00 1.084040958597666027e+00 2.318150880922760504e-01
1.000000000000000000e+00 1.128674043022813045e+00 2.258639148175997646e-01
1.000000000000000000e+00 1.175144799917346772e+00 2.228220703681042247e-01
1.000000000000000000e+00 1.223528891542753794e+00 2.194645915925731161e-01
1.000000000000000000e+00 1.273905095393462972e+00 2.158738908387896338e-01
1.000000000000000000e+00 1.291472967979820474e+00 2.146093563623983902e-01
1.000000000000000000e+00 1.326355432459946471e+00 2.120878663396026098e-01
1.000000000000000000e+00 1.380965300772780902e+00 2.052256989163361023e-01
1.000000000000000000e+00 1.437823614445102427e+00 2.020878420164379519e-01
1.000000000000000000e+00 1.476915240305127996e+00 1.997834610688211388e-01
1.000000000000000000e+00 1.497022948439839629e+00 1.985596707793605420e-01
1.000000000000000000e+00 1.558659689297429818e+00 1.946871490009899619e-01
1.000000000000000000e+00 1.622834192069428250e+00 1.893796977405639848e-01
1.000000000000000000e+00 1.662357512630435519e+00 1.869819796786243438e-01
1.000000000000000000e+00 1.689650943713526088e+00 1.852872684716161122e-01
1.000000000000000000e+00 1.759218733216011854e+00 1.808412217331500649e-01
1.000000000000000000e+00 1.831650828718661916e+00 1.760594502512191906e-01
1.000000000000000000e+00 1.847799784955743263e+00 1.749783677109356672e-01
1.000000000000000000e+00 1.907065161938457321e+00 1.694856090417340699e-01
1.000000000000000000e+00 1.985584520180387891e+00 1.648891121372150492e-01
1.000000000000000000e+00 2.033242057281050563e+00 1.617473176647759303e-01
1.000000000000000000e+00 2.067336746255978408e+00 1.594672549697626063e-01
1.000000000000000000e+00 2.152454946633034272e+00 1.536760158513001406e-01
1.000000000000000000e+00 2.218684329606358308e+00 1.491033807393645494e-01
1.000000000000000000e+00 2.404126601931666052e+00 1.355024117563080333e-01
1.000000000000000000e+00 2.589568874256973352e+00 1.223504051094107120e-01
1.000000000000000000e+00 2.775011146582280652e+00 1.099401098797860299e-01
1.000000000000000000e+00 2.960453418907588397e+00 9.697964294015666564e-02
1.000000000000000000e+00 3.145895691232896141e+00 8.560450223678188475e-02
1.000000000000000000e+00 3.331337963558203441e+00 7.577189579035945033e-02
1.000000000000000000e+00 3.516780235883511185e+00 6.432749456960061563e-02
1.000000000000000000e+00 3.702222508208818486e+00 5.521522688188178901e-02
1.000000000000000000e+00 3.887664780534126230e+00 4.680055861781905885e-02
1.000000000000000000e+00 4.073107052859433530e+00 3.951518467781052479e-02
1.000000000000000000e+00 4.258549325184741718e+00 3.278146374976920879e-02
1.000000000000000000e+00 4.443991597510049019e+00 2.732447453330020398e-02
1.000000000000000000e+00 4.629433869835356319e+00 2.245437655711035596e-02
1.000000000000000000e+00 4.814876142160663619e+00 1.848281868934429500e-02
1.000000000000000000e+00 5.000318414485970919e+00 1.485119814226144690e-02
1.000000000000000000e+00 5.185760686811279108e+00 1.211887849133153755e-02
1.000000000000000000e+00 5.371202959136586408e+00 9.615956864883555555e-03
1.000000000000000000e+00 5.556645231461893708e+00 7.787844675722683033e-03
1.000000000000000000e+00 5.742087503787201896e+00 6.279994041417774273e-03
1.000000000000000000e+00 5.927529776112509197e+00 4.954969508621240651e-03
1.000000000000000000e+00 6.112972048437816497e+00 3.972924195321651288e-03
1.000000000000000000e+00 6.298414320763124685e+00 3.017654665072880705e-03
1.000000000000000000e+00 6.483856593088431985e+00 2.415034079843201859e-03
1.000000000000000000e+00 6.669298865413739286e+00 1.858601663515279702e-03
1.000000000000000000e+00 6.854741137739046586e+00 1.483185571376349158e-03
1.000000000000000000e+00 7.040183410064354774e+00 1.064997994693941833e-03
1.000000000000000000e+00 7.225625682389662074e+00 8.510600623005587550e-04
1.000000000000000000e+00 7.411067954714969375e+00 5.915382031252538813e-04
1.000000000000000000e+00 7.596510227040277563e+00 4.358538558058761329e-04
1.000000000000000000e+00 7.781952499365584863e+00 3.489893577980416987e-04
1.000000000000000000e+00 7.967394771690892163e+00 2.099597105168269197e-04
1.000000000000000000e+00 8.152837044016198575e+00 1.385686681335515690e-04
1.000000000000000000e+00 8.338279316341507652e+00 6.367595377370632447e-05
1.000000000000000000e+00 8.523721588666814952e+00 9.804154160265580222e-06
1.000000000000000000e+00 8.609819786532137087e+00 0.000000000000000000e+00
