# mx [GeV]: 100000.0
# sigma_p [cm^2]: 5.12861383991e-27
# depth [m]: 0.3
# loc: MPI
# Columns: gamma/pi, v [km/s], f(v, gamma) [s/km]
0.000000000000000000e+00 6.483923187658237053e-01 8.993798013689604035e-03
0.000000000000000000e+00 7.414948055629676515e-01 8.481747373194990086e-03
0.000000000000000000e+00 8.345972923601114868e-01 7.814249508704650127e-03
0.000000000000000000e+00 9.276997791572554330e-01 6.749027808224740063e-03
0.000000000000000000e+00 1.000000000000000000e+00 6.104838720144611063e-03
0.000000000000000000e+00 1.004090780711599962e+00 6.083663998247297762e-03
0.000000000000000000e+00 1.008198295910030406e+00 6.062244744484694865e-03
0.000000000000000000e+00 1.012322614052407088e+00 6.040637295958688723e-03
0.000000000000000000e+00 1.016463803875889305e+00 6.019037692947866273e-03
0.000000000000000000e+00 1.020621934398824315e+00 5.997200061331263259e-03
0.000000000000000000e+00 1.020802265954399379e+00 5.996317888153790236e-03
0.000000000000000000e+00 1.024797074921898865e+00 5.975334955087430698e-03
0.000000000000000000e+00 1.028989295029293594e+00 5.953171792394382905e-03
0.000000000000000000e+00 1.033198664589842330e+00 5.930978767847349883e-03
0.000000000000000000e+00 1.037425253758197385e+00 5.908682334626668559e-03
0.000000000000000000e+00 1.041669132975998169e+00 5.886190005493406423e-03
0.000000000000000000e+00 1.045930372973045364e+00 5.863629276541210480e-03
0.000000000000000000e+00 1.050209044768480204e+00 5.840945872527212104e-03
0.000000000000000000e+00 1.054505219671966865e+00 5.818219790526085906e-03
0.000000000000000000e+00 1.058818969284882394e+00 5.795245913406348037e-03
0.000000000000000000e+00 1.063150365501509320e+00 5.772166805456793726e-03
0.000000000000000000e+00 1.067499480510233356e+00 5.749038058818631107e-03
0.000000000000000000e+00 1.071866386794747772e+00 5.725714372367692040e-03
0.000000000000000000e+00 1.076251157135259984e+00 5.702315412748299416e-03
0.000000000000000000e+00 1.080653864609706138e+00 5.678867701204310531e-03
0.000000000000000000e+00 1.113904752751543104e+00 5.501645935486723996e-03
0.000000000000000000e+00 1.207007239548687050e+00 4.744908334607755504e-03
0.000000000000000000e+00 1.300109726345830996e+00 4.235053584963833356e-03
0.000000000000000000e+00 1.393212213142974942e+00 3.911655688238368199e-03
0.000000000000000000e+00 1.486314699940118889e+00 3.424257799649740083e-03
0.000000000000000000e+00 1.579417186737262835e+00 3.158918122759134597e-03
0.000000000000000000e+00 1.672519673534406781e+00 2.709220115863578311e-03
0.000000000000000000e+00 1.765622160331550727e+00 2.502913129605757389e-03
0.000000000000000000e+00 1.858724647128694674e+00 2.221029987613974774e-03
0.000000000000000000e+00 1.951827133925838176e+00 2.041301889671640751e-03
0.000000000000000000e+00 2.044929620722982122e+00 1.734503581304574008e-03
0.000000000000000000e+00 2.138032107520126068e+00 1.594931474507231637e-03
0.000000000000000000e+00 2.231134594317270015e+00 1.459788255870023577e-03
0.000000000000000000e+00 2.324237081114413961e+00 1.257282100591317585e-03
0.000000000000000000e+00 2.417339567911557907e+00 1.148566161694034851e-03
0.000000000000000000e+00 2.510442054708701853e+00 1.005602751859878147e-03
0.000000000000000000e+00 2.603544541505845800e+00 9.150695660253657009e-04
0.000000000000000000e+00 2.696647028302989746e+00 7.600657937738646529e-04
0.000000000000000000e+00 2.789749515100133692e+00 6.916289629681117304e-04
0.000000000000000000e+00 2.882852001897277638e+00 5.963712503001941450e-04
0.000000000000000000e+00 2.975954488694421585e+00 4.837622501080311764e-04
0.000000000000000000e+00 3.069056975491565531e+00 4.399688497716413454e-04
0.000000000000000000e+00 3.162159462288709033e+00 3.588516975558359392e-04
0.000000000000000000e+00 3.255261949085852979e+00 3.257768218061139428e-04
0.000000000000000000e+00 3.348364435882996926e+00 2.731056349808458393e-04
0.000000000000000000e+00 3.441466922680140872e+00 2.471683936994736050e-04
0.000000000000000000e+00 3.534569409477284818e+00 1.878719741282830198e-04
0.000000000000000000e+00 3.627671896274428764e+00 1.536441575330520139e-04
0.000000000000000000e+00 3.720774383071572711e+00 1.389433317400686440e-04
0.000000000000000000e+00 3.813876869868716657e+00 9.917014055416352371e-05
0.000000000000000000e+00 3.906979356665860603e+00 6.996771269953384561e-05
0.000000000000000000e+00 4.000081843463004105e+00 5.539614138846619122e-05
0.000000000000000000e+00 4.093184330260148052e+00 3.343274602360931047e-05
0.000000000000000000e+00 4.186286817057291998e+00 2.356647891532231750e-05
0.000000000000000000e+00 4.279389303854435944e+00 7.062857593588983910e-06
0.000000000000000000e+00 4.322615458438824554e+00 0.000000000000000000e+00
1.000000000000000056e-01 6.649402750665510675e-01 9.823923396838246322e-03
1.000000000000000056e-01 7.604188786658506727e-01 9.221880404036450138e-03
1.000000000000000056e-01 8.558974822651503889e-01 8.348078249087460823e-03
1.000000000000000056e-01 9.513760858644499940e-01 7.229338587182099034e-03
1.000000000000000056e-01 1.000000000000000000e+00 6.891048191349063642e-03
1.000000000000000056e-01 1.005423473518523236e+00 6.854165024847938548e-03
1.000000000000000056e-01 1.010876361102052368e+00 6.817060578084913926e-03
1.000000000000000056e-01 1.016358822276990370e+00 6.779901182014319919e-03
1.000000000000000056e-01 1.021871017434927031e+00 6.742683572550789081e-03
1.000000000000000056e-01 1.027413107837331641e+00 6.705233877100072806e-03
1.000000000000000056e-01 1.032985255620270992e+00 6.667608036816202212e-03
1.000000000000000056e-01 1.038587623799152482e+00 6.629822684497208539e-03
1.000000000000000056e-01 1.044220376273493178e+00 6.592070998760200633e-03
1.000000000000000056e-01 1.046854689463749599e+00 6.574376649687915276e-03
1.000000000000000056e-01 1.049883677831714657e+00 6.554056934967136643e-03
1.000000000000000056e-01 1.055577694155964696e+00 6.515698051655718220e-03
1.000000000000000056e-01 1.061302591826963182e+00 6.477550967649399298e-03
1.000000000000000056e-01 1.067058538328876871e+00 6.439093427761948159e-03
1.000000000000000056e-01 1.072845702054217476e+00 6.400463222329223940e-03
1.000000000000000056e-01 1.078664252308769944e+00 6.361567723916638703e-03
1.000000000000000056e-01 1.084514359316544052e+00 6.230335823273869256e-03
1.000000000000000056e-01 1.090396194224755533e+00 6.171725495300480618e-03
1.000000000000000056e-01 1.096309929108831849e+00 6.126056628289222247e-03
1.000000000000000056e-01 1.102255736977447720e+00 6.083680340595178093e-03
1.000000000000000056e-01 1.108233791777585076e+00 6.042937716409990320e-03
1.000000000000000056e-01 1.142333293063049204e+00 5.825179972362262530e-03
1.000000000000000056e-01 1.237811896662349032e+00 5.260134628312500629e-03
1.000000000000000056e-01 1.333290500261648637e+00 4.651464587372480634e-03
1.000000000000000056e-01 1.428769103860948242e+00 4.203304974902309643e-03
1.000000000000000056e-01 1.524247707460247847e+00 3.777609603930292843e-03
1.000000000000000056e-01 1.619726311059547452e+00 3.389008828099761284e-03
1.000000000000000056e-01 1.715204914658847279e+00 3.032157230453416067e-03
1.000000000000000056e-01 1.810683518258146663e+00 2.727908432100705719e-03
1.000000000000000056e-01 1.906162121857446490e+00 2.422393121634267444e-03
1.000000000000000056e-01 2.001640725456746317e+00 2.175861192945757316e-03
1.000000000000000056e-01 2.097119329056045700e+00 1.939520509347006979e-03
1.000000000000000056e-01 2.192597932655345527e+00 1.736921933003524911e-03
1.000000000000000056e-01 2.288076536254644910e+00 1.521601852650539830e-03
1.000000000000000056e-01 2.383555139853944738e+00 1.365141813176814567e-03
1.000000000000000056e-01 2.479033743453244565e+00 1.197684018437685264e-03
1.000000000000000056e-01 2.574512347052543948e+00 1.063973560636251791e-03
1.000000000000000056e-01 2.669990950651843331e+00 9.356714534170021934e-04
1.000000000000000056e-01 2.765469554251143158e+00 8.283295378980616401e-04
1.000000000000000056e-01 2.860948157850442986e+00 7.136965233106286549e-04
1.000000000000000056e-01 2.956426761449742369e+00 6.264780880095237965e-04
1.000000000000000056e-01 3.051905365049042196e+00 5.497771077732818267e-04
1.000000000000000056e-01 3.147383968648341579e+00 4.731496328527619137e-04
1.000000000000000056e-01 3.242862572247641406e+00 3.977971855353293687e-04
1.000000000000000056e-01 3.338341175846941233e+00 3.484003018006862876e-04
1.000000000000000056e-01 3.433819779446240616e+00 2.878692791769200303e-04
1.000000000000000056e-01 3.529298383045540444e+00 2.482870287042135697e-04
1.000000000000000056e-01 3.624776986644839827e+00 2.065003626389617247e-04
1.000000000000000056e-01 3.720255590244139654e+00 1.624563892478411578e-04
1.000000000000000056e-01 3.815734193843439481e+00 1.368230155004921398e-04
1.000000000000000056e-01 3.911212797442738864e+00 1.077905030057856202e-04
1.000000000000000056e-01 4.006691401042038692e+00 8.011556094783112809e-05
1.000000000000000056e-01 4.102170004641338075e+00 5.904726620050717266e-05
1.000000000000000056e-01 4.197648608240638346e+00 3.989576281838134748e-05
1.000000000000000056e-01 4.293127211839937729e+00 2.241349552371409257e-05
1.000000000000000056e-01 4.388605815439237112e+00 7.222921072378850850e-06
1.000000000000000056e-01 4.432935167110340302e+00 0.000000000000000000e+00
2.000000000000000111e-01 7.164060785042244417e-01 1.330168821043388981e-02
2.000000000000000111e-01 8.192746436227797968e-01 1.224153983138880249e-02
2.000000000000000111e-01 9.221432087413350409e-01 1.037547485549841428e-02
2.000000000000000111e-01 1.000000000000000000e+00 9.567346464567114822e-03
2.000000000000000111e-01 1.009376183550072970e+00 9.472234471080394694e-03
2.000000000000000111e-01 1.018840279918110436e+00 9.376613780050566463e-03
2.000000000000000111e-01 1.025011773859890507e+00 9.314614949649772588e-03
2.000000000000000111e-01 1.028393113390830393e+00 9.280597565037735155e-03
2.000000000000000111e-01 1.038035515983613655e+00 9.184266565273071364e-03
2.000000000000000111e-01 1.047768327512970554e+00 9.073491931735169422e-03
2.000000000000000111e-01 1.057592395669685104e+00 8.961763782280423793e-03
2.000000000000000111e-01 1.067508576092645489e+00 8.853260935709659010e-03
2.000000000000000111e-01 1.077517732443366905e+00 8.749071941592828638e-03
2.000000000000000111e-01 1.087620736481214267e+00 8.646134092287842063e-03
2.000000000000000111e-01 1.097818468139327708e+00 8.543585878895722935e-03
2.000000000000000111e-01 1.108111815601261929e+00 8.263424146233294687e-03
2.000000000000000111e-01 1.118501675378343885e+00 8.181054467176089584e-03
2.000000000000000111e-01 1.127880338978445751e+00 8.107045246682736961e-03
2.000000000000000111e-01 1.128988952387755207e+00 8.098190057584718146e-03
2.000000000000000111e-01 1.139574560031347383e+00 8.015279592638459294e-03
2.000000000000000111e-01 1.150259420275194788e+00 7.931912582617535110e-03
2.000000000000000111e-01 1.161044463729895559e+00 7.848378835548687135e-03
2.000000000000000111e-01 1.171930629731622986e+00 7.764281285681096448e-03
2.000000000000000111e-01 1.182918866423939175e+00 7.679921837485563681e-03
2.000000000000000111e-01 1.194010130840374106e+00 7.595099156905600613e-03
2.000000000000000111e-01 1.230748904097000995e+00 7.301814549731926868e-03
2.000000000000000111e-01 1.333617469215556461e+00 6.516870785995090322e-03
2.000000000000000111e-01 1.436486034334111483e+00 5.834627374418451320e-03
2.000000000000000111e-01 1.539354599452666950e+00 5.180863274119041663e-03
2.000000000000000111e-01 1.642223164571222416e+00 4.657787861964339353e-03
2.000000000000000111e-01 1.745091729689777438e+00 4.162325651062605443e-03
2.000000000000000111e-01 1.847960294808332904e+00 3.739682351794517377e-03
2.000000000000000111e-01 1.950828859926888370e+00 3.323408651377882540e-03
2.000000000000000111e-01 2.053697425045443392e+00 2.980987300897932485e-03
2.000000000000000111e-01 2.156565990163998858e+00 2.621752107603770709e-03
2.000000000000000111e-01 2.259434555282554324e+00 2.355362979279062956e-03
2.000000000000000111e-01 2.362303120401109346e+00 2.083960644491127286e-03
2.000000000000000111e-01 2.465171685519664813e+00 1.865469167008659748e-03
2.000000000000000111e-01 2.568040250638220279e+00 1.645592060110714775e-03
2.000000000000000111e-01 2.670908815756775301e+00 1.443149018350810145e-03
2.000000000000000111e-01 2.773777380875330767e+00 1.278543416058837597e-03
2.000000000000000111e-01 2.876645945993886233e+00 1.115232524330406422e-03
2.000000000000000111e-01 2.979514511112441255e+00 9.793824982970232140e-04
2.000000000000000111e-01 3.082383076230996721e+00 8.589722656940064569e-04
2.000000000000000111e-01 3.185251641349552187e+00 7.437270147069439041e-04
2.000000000000000111e-01 3.288120206468107209e+00 6.336697161526437050e-04
2.000000000000000111e-01 3.390988771586662676e+00 5.535786167504022593e-04
2.000000000000000111e-01 3.493857336705218142e+00 4.708265391320898643e-04
2.000000000000000111e-01 3.596725901823773164e+00 4.044331681445928082e-04
2.000000000000000111e-01 3.699594466942328630e+00 3.365276007962851026e-04
2.000000000000000111e-01 3.802463032060884096e+00 2.858306364416740401e-04
2.000000000000000111e-01 3.905331597179439118e+00 2.340812409256368056e-04
2.000000000000000111e-01 4.008200162297994140e+00 1.919204481572614560e-04
2.000000000000000111e-01 4.111068727416549606e+00 1.557768867030492768e-04
2.000000000000000111e-01 4.213937292535105072e+00 1.221740160311308900e-04
2.000000000000000111e-01 4.316805857653660539e+00 9.235856423344413206e-05
2.000000000000000111e-01 4.419674422772216005e+00 6.518876038941575279e-05
2.000000000000000111e-01 4.522542987890770583e+00 4.486660732165011027e-05
2.000000000000000111e-01 4.625411553009326049e+00 2.664728609189217500e-05
2.000000000000000111e-01 4.728280118127881515e+00 8.717791522583021401e-06
2.000000000000000111e-01 4.776040523361496426e+00 0.000000000000000000e+00
3.000000000000000444e-01 8.073240638327970897e-01 2.058194914092598138e-02
3.000000000000000444e-01 9.232475191523782376e-01 1.748057247431570801e-02
3.000000000000000444e-01 1.000000000000000000e+00 1.597269502197845234e-02
3.000000000000000444e-01 1.015743458415027778e+00 1.567964411617658871e-02
3.000000000000000444e-01 1.031734773312921405e+00 1.538690768592478747e-02
3.000000000000000444e-01 1.039170974471959275e+00 1.476265306606388411e-02
3.000000000000000444e-01 1.047977846811911640e+00 1.464562730483122237e-02
3.000000000000000444e-01 1.064476642463065392e+00 1.439891456070464468e-02
3.000000000000000444e-01 1.081235186217450961e+00 1.416590836552267772e-02
3.000000000000000444e-01 1.098257567408530422e+00 1.393300386681905687e-02
3.000000000000000444e-01 1.115547939750016093e+00 1.369970119007887267e-02
3.000000000000000444e-01 1.133110522349440652e+00 1.346513405705817429e-02
3.000000000000000444e-01 1.150949600737679379e+00 1.323000437325086084e-02
3.000000000000000444e-01 1.155094429791540422e+00 1.317555661784651326e-02
3.000000000000000444e-01 1.169069527914686102e+00 1.299329237192925653e-02
3.000000000000000444e-01 1.187474725411687082e+00 1.275650335103914457e-02
3.000000000000000444e-01 1.206169684370102635e+00 1.251856333295658409e-02
3.000000000000000444e-01 1.225158966637450497e+00 1.227105611054737228e-02
3.000000000000000444e-01 1.244447205880505836e+00 1.202774044969188126e-02
3.000000000000000444e-01 1.264039108715983017e+00 1.178380170339754680e-02
3.000000000000000444e-01 1.271017885111121570e+00 1.169841041439045534e-02
3.000000000000000444e-01 1.283939455859022027e+00 1.154277094927877792e-02
3.000000000000000444e-01 1.304153103289751980e+00 1.111826433240990439e-02
3.000000000000000444e-01 1.324684983438223718e+00 1.091490304683266112e-02
3.000000000000000444e-01 1.345540106387995261e+00 1.070987304122897159e-02
3.000000000000000444e-01 1.386941340430702718e+00 1.028625445418430637e-02
3.000000000000000444e-01 1.502864795750283866e+00 9.132144578555996539e-03
3.000000000000000444e-01 1.618788251069865014e+00 8.178140704643338879e-03
3.000000000000000444e-01 1.734711706389446162e+00 7.188373457541729836e-03
3.000000000000000444e-01 1.850635161709027088e+00 6.472830207391028559e-03
3.000000000000000444e-01 1.966558617028608236e+00 5.803892380985492885e-03
3.000000000000000444e-01 2.082482072348189384e+00 5.152210029698719995e-03
3.000000000000000444e-01 2.198405527667770532e+00 4.594626638912048359e-03
3.000000000000000444e-01 2.314328982987351679e+00 4.069424311976820550e-03
3.000000000000000444e-01 2.430252438306932827e+00 3.620780264280865513e-03
3.000000000000000444e-01 2.546175893626513975e+00 3.175710890003529633e-03
3.000000000000000444e-01 2.662099348946095123e+00 2.822645844426662203e-03
3.000000000000000444e-01 2.778022804265676271e+00 2.481465569346196897e-03
3.000000000000000444e-01 2.893946259585257419e+00 2.194983981280507115e-03
3.000000000000000444e-01 3.009869714904838567e+00 1.930668872851431508e-03
3.000000000000000444e-01 3.125793170224419715e+00 1.672589906861393421e-03
3.000000000000000444e-01 3.241716625544000863e+00 1.474233827200306657e-03
3.000000000000000444e-01 3.357640080863582011e+00 1.263754115157896636e-03
3.000000000000000444e-01 3.473563536183163158e+00 1.104722320162258289e-03
3.000000000000000444e-01 3.589486991502744306e+00 9.516363828146015861e-04
3.000000000000000444e-01 3.705410446822325454e+00 8.215258243523264510e-04
3.000000000000000444e-01 3.821333902141906602e+00 6.907313004037235818e-04
3.000000000000000444e-01 3.937257357461487750e+00 5.947504218315659980e-04
3.000000000000000444e-01 4.053180812781068454e+00 5.034205844658783385e-04
3.000000000000000444e-01 4.169104268100650046e+00 4.239697351437546878e-04
3.000000000000000444e-01 4.285027723420230750e+00 3.471113176238150981e-04
3.000000000000000444e-01 4.400951178739812342e+00 2.901874882130249305e-04
3.000000000000000444e-01 4.516874634059393046e+00 2.332035759465777257e-04
3.000000000000000444e-01 4.632798089378974637e+00 1.852028437730981374e-04
3.000000000000000444e-01 4.748721544698555341e+00 1.478742224821294135e-04
3.000000000000000444e-01 4.864645000018136933e+00 1.108930178133444786e-04
3.000000000000000444e-01 4.980568455337717637e+00 8.012355785058193614e-05
3.000000000000000444e-01 5.096491910657299229e+00 5.233242174897213746e-05
3.000000000000000444e-01 5.212415365976879933e+00 2.947239671024671974e-05
3.000000000000000444e-01 5.328338821296461525e+00 9.254624380076416145e-06
3.000000000000000444e-01 5.382160425551981042e+00 0.000000000000000000e+00
4.000000000000000222e-01 9.431882850760139325e-01 3.194803270922179361e-02
4.000000000000000222e-01 1.000000000000000000e+00 2.943648172553751247e-02
4.000000000000000222e-01 1.024092825376791138e+00 2.872013528096755211e-02
4.000000000000000222e-01 1.048766114988218590e+00 2.800017491146488888e-02
4.000000000000000222e-01 1.074033853857725429e+00 2.727788809691589905e-02
4.000000000000000222e-01 1.078620449086928668e+00 2.714884096869888894e-02
4.000000000000000222e-01 1.099910363947481651e+00 2.655210177404777189e-02
4.000000000000000222e-01 1.126410312276190817e+00 2.580345048188384047e-02
4.000000000000000222e-01 1.153548719232477815e+00 2.507688635029393931e-02
4.000000000000000222e-01 1.181340967088567062e+00 2.435999880487631566e-02
4.000000000000000222e-01 1.209802808719081302e+00 2.365186131615991047e-02
4.000000000000000222e-01 1.214052613097843514e+00 2.300332789850079163e-02
4.000000000000000222e-01 1.238950376529901476e+00 2.252547741064624479e-02
4.000000000000000222e-01 1.268800191602145855e+00 2.195693549057202085e-02
4.000000000000000222e-01 1.299369173056455606e+00 2.136955424794365760e-02
4.000000000000000222e-01 1.330674647642890118e+00 2.078508255487232850e-02
4.000000000000000222e-01 1.349484777108758360e+00 2.043900828541581061e-02
4.000000000000000222e-01 1.362734359561873276e+00 2.019888353550648025e-02
4.000000000000000222e-01 1.395566480521750696e+00 1.961335940605994990e-02
4.000000000000000222e-01 1.429189620038664010e+00 1.902785902209356422e-02
4.000000000000000222e-01 1.463622835984577986e+00 1.841982529103678573e-02
4.000000000000000222e-01 1.484916941119673206e+00 1.806503907937070247e-02
4.000000000000000222e-01 1.498885645389438137e+00 1.783520418664602883e-02
4.000000000000000222e-01 1.534998035503584601e+00 1.706721967089240913e-02
4.000000000000000222e-01 1.571980475126689925e+00 1.655373762250069575e-02
4.000000000000000222e-01 1.620349105130588052e+00 1.589859689139798762e-02
4.000000000000000222e-01 1.755781269141502676e+00 1.405505076653676064e-02
4.000000000000000222e-01 1.891213433152417522e+00 1.253893968721264511e-02
4.000000000000000222e-01 2.026645597163332368e+00 1.113770358575945189e-02
4.000000000000000222e-01 2.162077761174247215e+00 9.847430687934680474e-03
4.000000000000000222e-01 2.297509925185162061e+00 8.767949873799082278e-03
4.000000000000000222e-01 2.432942089196076907e+00 7.756342227497807322e-03
4.000000000000000222e-01 2.568374253206991753e+00 6.873904378485801853e-03
4.000000000000000222e-01 2.703806417217906599e+00 6.053416243252170842e-03
4.000000000000000222e-01 2.839238581228821445e+00 5.350121853653373033e-03
4.000000000000000222e-01 2.974670745239736291e+00 4.653493325436816250e-03
4.000000000000000222e-01 3.110102909250651138e+00 4.108067481654938992e-03
4.000000000000000222e-01 3.245535073261565984e+00 3.607417314085240370e-03
4.000000000000000222e-01 3.380967237272480830e+00 3.140160419410771217e-03
4.000000000000000222e-01 3.516399401283395676e+00 2.737951708257593819e-03
4.000000000000000222e-01 3.651831565294310522e+00 2.350155561103419409e-03
4.000000000000000222e-01 3.787263729305225368e+00 2.045842588144726904e-03
4.000000000000000222e-01 3.922695893316140214e+00 1.797202003134749102e-03
4.000000000000000222e-01 4.058128057327055060e+00 1.511463211507915565e-03
4.000000000000000222e-01 4.193560221337969018e+00 1.293358895142323207e-03
4.000000000000000222e-01 4.328992385348883865e+00 1.100092148239702845e-03
4.000000000000000222e-01 4.464424549359798711e+00 9.343206657996953098e-04
4.000000000000000222e-01 4.599856713370713557e+00 7.778900154413822708e-04
4.000000000000000222e-01 4.735288877381628403e+00 6.572359115623681693e-04
4.000000000000000222e-01 4.870721041392543249e+00 5.454789239931475764e-04
4.000000000000000222e-01 5.006153205403458095e+00 4.503382742024487754e-04
4.000000000000000222e-01 5.141585369414372941e+00 3.650190725236430794e-04
4.000000000000000222e-01 5.277017533425287787e+00 2.868232305056078887e-04
4.000000000000000222e-01 5.412449697436202634e+00 2.325884220311950283e-04
4.000000000000000222e-01 5.547881861447117480e+00 1.814270508945716072e-04
4.000000000000000222e-01 5.683314025458032326e+00 1.303288037696309339e-04
4.000000000000000222e-01 5.818746189468947172e+00 9.753326468472211369e-05
4.000000000000000222e-01 5.954178353479862018e+00 6.510146351873028728e-05
4.000000000000000222e-01 6.089610517490776864e+00 3.673431101007411018e-05
4.000000000000000222e-01 6.225042681501691710e+00 1.319273945086695397e-05
4.000000000000000222e-01 6.287921900506759698e+00 0.000000000000000000e+00
5.000000000000000000e-01 1.000000000000000000e+00 5.681643849128509283e-02
5.000000000000000000e-01 1.033693659449958169e+00 5.492334576131165103e-02
5.000000000000000000e-01 1.068522581587046050e+00 5.303941237100341655e-02
5.000000000000000000e-01 1.104525017565630041e+00 5.117067249474928359e-02
5.000000000000000000e-01 1.126150529754370577e+00 4.952300536023014621e-02
5.000000000000000000e-01 1.141740507361445278e+00 4.884523516620245531e-02
5.000000000000000000e-01 1.180209923196704258e+00 4.720370836832781664e-02
5.000000000000000000e-01 1.219975514428355279e+00 4.553379148951813143e-02
5.000000000000000000e-01 1.261080953948791716e+00 4.389123732969608255e-02
5.000000000000000000e-01 1.287854195565254489e+00 4.286116435838740329e-02
5.000000000000000000e-01 1.303571386149970479e+00 4.227151775648825549e-02
5.000000000000000000e-01 1.347493476503617504e+00 4.068197304084108373e-02
5.000000000000000000e-01 1.392895462811970519e+00 3.856036066766527909e-02
5.000000000000000000e-01 1.439827208185348928e+00 3.722763540708669272e-02
5.000000000000000000e-01 1.449557861376138401e+00 3.695536074334684895e-02
5.000000000000000000e-01 1.488340255804730061e+00 3.588710885854445864e-02
5.000000000000000000e-01 1.538487885529478127e+00 3.454292788852332541e-02
5.000000000000000000e-01 1.590325172412394572e+00 3.318647959617994359e-02
5.000000000000000000e-01 1.611261527187022535e+00 3.264545585428971913e-02
5.000000000000000000e-01 1.643909047186353556e+00 3.183392226562141436e-02
5.000000000000000000e-01 1.699298358788955632e+00 3.049963824680533564e-02
5.000000000000000000e-01 1.756553938993863584e+00 2.897575559244160506e-02
5.000000000000000000e-01 1.772965192997906447e+00 2.863881932029666358e-02
5.000000000000000000e-01 1.815738669219805423e+00 2.777551017745004402e-02
5.000000000000000000e-01 1.876917549590617629e+00 2.655471835153883423e-02
5.000000000000000000e-01 1.934668858808790359e+00 2.544571097296167636e-02
5.000000000000000000e-01 2.096372524619674493e+00 2.252836860181289119e-02
5.000000000000000000e-01 2.258076190430558405e+00 1.999439129595913939e-02
5.000000000000000000e-01 2.419779856241442317e+00 1.761531931346269758e-02
5.000000000000000000e-01 2.581483522052326229e+00 1.564156553551446921e-02
5.000000000000000000e-01 2.743187187863210141e+00 1.378535001917195399e-02
5.000000000000000000e-01 2.904890853674094053e+00 1.217221049687401691e-02
5.000000000000000000e-01 3.066594519484977965e+00 1.064450161794939891e-02
5.000000000000000000e-01 3.228298185295862321e+00 9.369591447297315537e-03
5.000000000000000000e-01 3.390001851106746233e+00 8.192789311362358440e-03
5.000000000000000000e-01 3.551705516917630145e+00 7.106172719355087659e-03
5.000000000000000000e-01 3.713409182728514057e+00 6.196966012395674697e-03
5.000000000000000000e-01 3.875112848539397969e+00 5.349794262546889341e-03
5.000000000000000000e-01 4.036816514350281437e+00 4.630893306735546326e-03
5.000000000000000000e-01 4.198520180161166238e+00 3.978164912025970550e-03
5.000000000000000000e-01 4.360223845972049261e+00 3.397688981541988149e-03
5.000000000000000000e-01 4.521927511782934062e+00 2.910752857692437863e-03
5.000000000000000000e-01 4.683631177593817974e+00 2.459042019457808020e-03
5.000000000000000000e-01 4.845334843404701886e+00 2.092313986559958452e-03
5.000000000000000000e-01 5.007038509215585798e+00 1.760144271068698031e-03
5.000000000000000000e-01 5.168742175026469710e+00 1.487014172647163103e-03
5.000000000000000000e-01 5.330445840837354510e+00 1.238621985752314273e-03
5.000000000000000000e-01 5.492149506648237534e+00 1.026026385823263507e-03
5.000000000000000000e-01 5.653853172459122334e+00 8.525734891583160906e-04
5.000000000000000000e-01 5.815556838270005358e+00 6.977525037494489981e-04
5.000000000000000000e-01 5.977260504080890158e+00 5.685855234285395847e-04
5.000000000000000000e-01 6.138964169891773182e+00 4.538003455785949544e-04
5.000000000000000000e-01 6.300667835702657982e+00 3.554691026842485497e-04
5.000000000000000000e-01 6.462371501513541006e+00 2.837882533214563553e-04
5.000000000000000000e-01 6.624075167324425806e+00 2.159697166522463814e-04
5.000000000000000000e-01 6.785778833135308830e+00 1.605070130136963217e-04
5.000000000000000000e-01 6.947482498946193630e+00 1.139097957834713014e-04
5.000000000000000000e-01 7.109186164757076654e+00 7.534127593320678071e-05
5.000000000000000000e-01 7.270889830567961454e+00 4.182370057495586531e-05
5.000000000000000000e-01 7.432593496378845366e+00 1.337676475641851986e-05
5.000000000000000000e-01 7.507670198362470515e+00 0.000000000000000000e+00
6.000000000000000888e-01 1.000000000000000000e+00 9.856050803113282355e-02
6.000000000000000888e-01 1.043584368955892128e+00 9.510543307730152940e-02
6.000000000000000888e-01 1.089068335129067755e+00 9.159688647185465493e-02
6.000000000000000888e-01 1.136534691265512320e+00 8.807263408105978075e-02
6.000000000000000888e-01 1.186069838580799285e+00 8.455316733884424285e-02
6.000000000000000888e-01 1.237763944032960417e+00 8.052903464605341843e-02
6.000000000000000888e-01 1.291711104449993153e+00 7.742321736126987763e-02
6.000000000000000888e-01 1.348009517810764724e+00 7.433312056480234631e-02
6.000000000000000888e-01 1.349506544949035103e+00 7.425364981314419577e-02
6.000000000000000888e-01 1.406761661991083434e+00 7.123162622293610635e-02
6.000000000000000888e-01 1.468074481300306822e+00 6.821822400630253580e-02
6.000000000000000888e-01 1.532059581148029537e+00 6.468207895069223723e-02
6.000000000000000888e-01 1.543281843710947898e+00 6.424287571711019551e-02
6.000000000000000888e-01 1.598833431195194832e+00 6.209236004343915427e-02
6.000000000000000888e-01 1.668517577359421411e+00 5.946308966877415780e-02
6.000000000000000888e-01 1.737057142472860694e+00 5.698542014656914761e-02
6.000000000000000888e-01 1.741238863060445619e+00 5.683911635090456438e-02
6.000000000000000888e-01 1.817129660108410372e+00 5.420161598492045929e-02
6.000000000000000888e-01 1.896328109655270211e+00 5.158543419046339451e-02
6.000000000000000888e-01 1.930832441234773267e+00 5.024918203283947754e-02
6.000000000000000888e-01 1.978978373647915179e+00 4.885667913915735933e-02
6.000000000000000888e-01 2.065230897240717400e+00 4.643322399828519326e-02
6.000000000000000888e-01 2.124607739996686284e+00 4.480611058555423326e-02
6.000000000000000888e-01 2.155242682645165164e+00 4.398055065693320248e-02
6.000000000000000888e-01 2.249177574915058653e+00 4.146559987598513741e-02
6.000000000000000888e-01 2.318383038758598857e+00 3.979746177024245241e-02
6.000000000000000888e-01 2.512158337520511431e+00 3.538443719741862781e-02
6.000000000000000888e-01 2.705933636282424004e+00 3.130807608560194633e-02
6.000000000000000888e-01 2.899708935044337021e+00 2.774760476597440059e-02
6.000000000000000888e-01 3.093484233806250039e+00 2.446079316505177931e-02
6.000000000000000888e-01 3.287259532568162612e+00 2.153035837869030425e-02
6.000000000000000888e-01 3.481034831330075185e+00 1.882781046358947968e-02
6.000000000000000888e-01 3.674810130091987759e+00 1.646590899297166108e-02
6.000000000000000888e-01 3.868585428853900776e+00 1.430354987411391714e-02
6.000000000000000888e-01 4.062360727615812905e+00 1.236060134605890780e-02
6.000000000000000888e-01 4.256136026377726367e+00 1.067886110318777039e-02
6.000000000000000888e-01 4.449911325139638940e+00 9.158427902318735589e-03
6.000000000000000888e-01 4.643686623901551513e+00 7.841972522406282300e-03
6.000000000000000888e-01 4.837461922663464975e+00 6.672636963056084551e-03
6.000000000000000888e-01 5.031237221425376660e+00 5.650112166558444657e-03
6.000000000000000888e-01 5.225012520187290121e+00 4.783071812284836466e-03
6.000000000000000888e-01 5.418787818949202695e+00 4.008751450784667908e-03
6.000000000000000888e-01 5.612563117711115268e+00 3.366215663783139224e-03
6.000000000000000888e-01 5.806338416473027841e+00 2.803678764424203176e-03
6.000000000000000888e-01 6.000113715234940415e+00 2.335167124030712756e-03
6.000000000000000888e-01 6.193889013996853876e+00 1.930938730518746505e-03
6.000000000000000888e-01 6.387664312758766449e+00 1.580518949824477257e-03
6.000000000000000888e-01 6.581439611520679023e+00 1.299481191974450559e-03
6.000000000000000888e-01 6.775214910282591596e+00 1.055548647620664247e-03
6.000000000000000888e-01 6.968990209044504169e+00 8.535654745300215365e-04
6.000000000000000888e-01 7.162765507806417631e+00 6.810929724749818391e-04
6.000000000000000888e-01 7.356540806568330204e+00 5.425693923376702886e-04
6.000000000000000888e-01 7.550316105330242777e+00 4.222675481063368347e-04
6.000000000000000888e-01 7.744091404092155351e+00 3.257285338401532987e-04
6.000000000000000888e-01 7.937866702854067924e+00 2.478817380981504503e-04
6.000000000000000888e-01 8.131642001615981385e+00 1.782308427614633236e-04
6.000000000000000888e-01 8.325417300377893071e+00 1.252737218040117886e-04
6.000000000000000888e-01 8.519192599139806532e+00 7.753503994386960491e-05
6.000000000000000888e-01 8.712967897901719994e+00 4.465567634516405006e-05
6.000000000000000888e-01 8.906743196663631679e+00 1.445953646400033493e-05
6.000000000000000888e-01 8.996710299660234611e+00 0.000000000000000000e+00
7.000000000000000666e-01 1.000000000000000000e+00 1.437262848851695030e-01
7.000000000000000666e-01 1.052783463056125024e+00 1.390614679858387104e-01
7.000000000000000666e-01 1.108353020084447360e+00 1.341478339974723766e-01
7.000000000000000666e-01 1.166855730773219468e+00 1.290897593584101610e-01
7.000000000000000666e-01 1.228446417130315327e+00 1.241553091752418680e-01
7.000000000000000666e-01 1.293288073205342448e+00 1.185343696366321364e-01
7.000000000000000666e-01 1.361552296438303777e+00 1.140361946018184774e-01
7.000000000000000666e-01 1.433419741776337242e+00 1.095798251927788958e-01
7.000000000000000666e-01 1.509080599760308949e+00 1.051896759357127537e-01
7.000000000000000666e-01 1.588735099846471988e+00 1.001065274912162767e-01
7.000000000000000666e-01 1.594385315766593481e+00 9.984032209457403828e-02
7.000000000000000666e-01 1.672594040295187545e+00 9.623979115866369838e-02
7.000000000000000666e-01 1.760879346029003312e+00 9.230862273483710079e-02
7.000000000000000666e-01 1.823322694440770997e+00 8.962464454234665701e-02
7.000000000000000666e-01 1.853824655936418875e+00 8.833194857494816588e-02
7.000000000000000666e-01 1.951675941175572415e+00 8.431651448010230032e-02
7.000000000000000666e-01 2.052260073114948291e+00 8.018802442389770524e-02
7.000000000000000666e-01 2.054692156114141355e+00 8.010082802930233725e-02
7.000000000000000666e-01 2.163145923628102096e+00 7.624356942396436077e-02
7.000000000000000666e-01 2.277324256572933248e+00 7.234695967002850725e-02
7.000000000000000666e-01 2.281197451789125807e+00 7.221930078990823620e-02
7.000000000000000666e-01 2.397529317336568599e+00 6.834452723041598010e-02
7.000000000000000666e-01 2.510134830463303324e+00 6.485114480068156217e-02
7.000000000000000666e-01 2.524079217484179516e+00 6.442319850494450384e-02
7.000000000000000666e-01 2.657308859610989060e+00 6.046769091273362928e-02
7.000000000000000666e-01 2.739072209137480840e+00 5.812539001546439960e-02
7.000000000000000666e-01 2.968009587811658356e+00 5.188113706302886763e-02
7.000000000000000666e-01 3.196946966485835873e+00 4.619455436840410462e-02
7.000000000000000666e-01 3.425884345160013389e+00 4.087980364060919691e-02
7.000000000000000666e-01 3.654821723834190905e+00 3.600833114897318554e-02
7.000000000000000666e-01 3.883759102508368422e+00 3.154697143672390708e-02
7.000000000000000666e-01 4.112696481182545938e+00 2.749850088046416549e-02
7.000000000000000666e-01 4.341633859856723454e+00 2.379060059491746107e-02
7.000000000000000666e-01 4.570571238530900970e+00 2.052333954346403574e-02
7.000000000000000666e-01 4.799508617205078487e+00 1.757985127892156343e-02
7.000000000000000666e-01 5.028445995879256003e+00 1.500369988435325611e-02
7.000000000000000666e-01 5.257383374553433519e+00 1.272686647944951989e-02
7.000000000000000666e-01 5.486320753227611036e+00 1.071580666362085231e-02
7.000000000000000666e-01 5.715258131901787664e+00 9.017669132072660826e-03
7.000000000000000666e-01 5.944195510575965180e+00 7.506478864559127870e-03
7.000000000000000666e-01 6.173132889250142696e+00 6.260844657818525130e-03
7.000000000000000666e-01 6.402070267924320213e+00 5.190565581661711267e-03
7.000000000000000666e-01 6.631007646598497729e+00 4.278349952942732404e-03
7.000000000000000666e-01 6.859945025272675245e+00 3.511087177795712590e-03
7.000000000000000666e-01 7.088882403946852762e+00 2.859044505758791439e-03
7.000000000000000666e-01 7.317819782621030278e+00 2.336413426169990648e-03
7.000000000000000666e-01 7.546757161295207794e+00 1.886324033782193176e-03
7.000000000000000666e-01 7.775694539969385310e+00 1.524754707585944608e-03
7.000000000000000666e-01 8.004631918643562827e+00 1.211150727774960986e-03
7.000000000000000666e-01 8.233569297317741231e+00 9.704163962836080204e-04
7.000000000000000666e-01 8.462506675991917859e+00 7.586515079386894249e-04
7.000000000000000666e-01 8.691444054666096264e+00 5.996006107468588404e-04
7.000000000000000666e-01 8.920381433340272892e+00 4.623240347241918519e-04
7.000000000000000666e-01 9.149318812014451296e+00 3.541672842223381689e-04
7.000000000000000666e-01 9.378256190688627925e+00 2.611582962678540495e-04
7.000000000000000666e-01 9.607193569362806329e+00 1.889768822958513839e-04
7.000000000000000666e-01 9.836130948036982957e+00 1.327356004478685186e-04
7.000000000000000666e-01 1.006506832671116136e+01 8.402602009203576712e-05
7.000000000000000666e-01 1.029400570538533799e+01 4.516217886280091197e-05
7.000000000000000666e-01 1.052294308405951639e+01 1.371270870136325021e-05
7.000000000000000666e-01 1.062923543844395624e+01 0.000000000000000000e+00
8.000000000000000444e-01 1.000000000000000000e+00 1.729286859745504390e-01
8.000000000000000444e-01 1.060290616205587622e+00 1.680181655399247409e-01
8.000000000000000444e-01 1.124216190813624783e+00 1.626142395659649631e-01
8.000000000000000444e-01 1.191995877706076623e+00 1.572811543433504933e-01
8.000000000000000444e-01 1.263862043687496328e+00 1.512255008031294923e-01
8.000000000000000444e-01 1.340061065100268678e+00 1.465232074063605450e-01
8.000000000000000444e-01 1.420854172468279941e+00 1.416830172374594077e-01
8.000000000000000444e-01 1.506518346064672942e+00 1.369652329757352627e-01
8.000000000000000444e-01 1.597347265473934685e+00 1.315965810984509321e-01
8.000000000000000444e-01 1.693652316403668534e+00 1.274518549352671448e-01
8.000000000000000444e-01 1.795763658197666590e+00 1.231369277016471503e-01
8.000000000000000444e-01 1.824839567652002170e+00 1.219394133295304133e-01
8.000000000000000444e-01 1.904031355710003925e+00 1.186387713314422526e-01
8.000000000000000444e-01 2.018826579420520684e+00 1.137677325264253303e-01
8.000000000000000444e-01 2.086867813263571847e+00 1.113372406298546169e-01
8.000000000000000444e-01 2.140542877906002506e+00 1.094282366302626597e-01
8.000000000000000444e-01 2.269597527029437511e+00 1.048535605188145592e-01
8.000000000000000444e-01 2.348896058875141080e+00 1.019724474215500248e-01
8.000000000000000444e-01 2.406432960472720151e+00 1.000591811056965319e-01
8.000000000000000444e-01 2.551518286517056477e+00 9.521680577568146508e-02
8.000000000000000444e-01 2.610924304486710756e+00 9.327351749302148498e-02
8.000000000000000444e-01 2.705350896270994898e+00 9.020735144654058735e-02
8.000000000000000444e-01 2.868458168859512103e+00 8.491051021674575483e-02
8.000000000000000444e-01 2.872952550098280433e+00 8.477449030626005300e-02
8.000000000000000444e-01 3.041399279420003321e+00 7.961547054493016418e-02
8.000000000000000444e-01 3.134980795709850110e+00 7.679583534012468515e-02
8.000000000000000444e-01 3.397009041321419787e+00 6.904793873174741581e-02
8.000000000000000444e-01 3.659037286932989019e+00 6.169574348075302500e-02
8.000000000000000444e-01 3.921065532544558696e+00 5.466404515137759240e-02
8.000000000000000444e-01 4.183093778156128373e+00 4.813806515319232066e-02
8.000000000000000444e-01 4.445122023767698494e+00 4.198084245913839135e-02
8.000000000000000444e-01 4.707150269379267726e+00 3.644600358807546792e-02
8.000000000000000444e-01 4.969178514990836959e+00 3.135225605604588517e-02
8.000000000000000444e-01 5.231206760602406192e+00 2.681577488376912094e-02
8.000000000000000444e-01 5.493235006213975424e+00 2.274949402222151834e-02
8.000000000000000444e-01 5.755263251825545545e+00 1.917817219481720431e-02
8.000000000000000444e-01 6.017291497437115666e+00 1.609372513683658690e-02
8.000000000000000444e-01 6.279319743048684899e+00 1.339034998890563377e-02
8.000000000000000444e-01 6.541347988660254131e+00 1.110907990634488716e-02
8.000000000000000444e-01 6.803376234271823364e+00 9.155872638168640124e-03
8.000000000000000444e-01 7.065404479883394373e+00 7.516552507900316552e-03
8.000000000000000444e-01 7.327432725494963606e+00 6.132596334207823449e-03
8.000000000000000444e-01 7.589460971106532838e+00 4.984368394616845582e-03
8.000000000000000444e-01 7.851489216718102071e+00 4.040773292773825257e-03
8.000000000000000444e-01 8.113517462329671304e+00 3.252662213308189169e-03
8.000000000000000444e-01 8.375545707941240536e+00 2.614027209019894379e-03
8.000000000000000444e-01 8.637573953552811545e+00 2.080267119568227508e-03
8.000000000000000444e-01 8.899602199164380778e+00 1.659826690343201754e-03
8.000000000000000444e-01 9.161630444775950011e+00 1.303542195211007931e-03
8.000000000000000444e-01 9.423658690387519243e+00 1.033622859800459879e-03
8.000000000000000444e-01 9.685686935999088476e+00 8.043063609810134932e-04
8.000000000000000444e-01 9.947715181610659485e+00 6.257582132629541929e-04
8.000000000000000444e-01 1.020974342722222872e+01 4.746701186975391638e-04
8.000000000000000444e-01 1.047177167283379795e+01 3.601567704705070953e-04
8.000000000000000444e-01 1.073379991844536718e+01 2.667326796075516517e-04
8.000000000000000444e-01 1.099582816405693819e+01 1.864907403810045093e-04
8.000000000000000444e-01 1.125785640966850742e+01 1.314799880001633371e-04
8.000000000000000444e-01 1.151988465528007666e+01 8.298039735677483885e-05
8.000000000000000444e-01 1.178191290089164589e+01 4.582992184185594680e-05
8.000000000000000444e-01 1.204394114650321512e+01 1.430851937959853422e-05
8.000000000000000444e-01 1.216559711768001506e+01 0.000000000000000000e+00
9.000000000000000222e-01 1.000000000000000000e+00 1.808350450661258824e-01
9.000000000000000222e-01 1.065222450343425775e+00 1.762215719213797438e-01
9.000000000000000222e-01 1.134698868715652065e+00 1.715367605847329391e-01
9.000000000000000222e-01 1.208706709335199969e+00 1.661591147025610060e-01
9.000000000000000222e-01 1.287541522664580773e+00 1.619199146989217797e-01
9.000000000000000222e-01 1.371518135691670137e+00 1.577787256573158770e-01
9.000000000000000222e-01 1.460971909191927764e+00 1.537380864458553487e-01
9.000000000000000222e-01 1.556260076992338259e+00 1.492901492376892403e-01
9.000000000000000222e-01 1.657763172585426936e+00 1.456349228265073903e-01
9.000000000000000222e-01 1.765886548790539745e+00 1.419223106257131994e-01
9.000000000000000222e-01 1.881061996531154357e+00 1.379945461266166296e-01
9.000000000000000222e-01 1.993045246269265380e+00 1.341814547373550992e-01
9.000000000000000222e-01 2.003749469192812604e+00 1.338687129465817582e-01
9.000000000000000222e-01 2.134438919447906535e+00 1.299741259902403578e-01
9.000000000000000222e-01 2.273652255882673057e+00 1.255152369544881019e-01
9.000000000000000222e-01 2.279226102143826704e+00 1.253468469137773156e-01
9.000000000000000222e-01 2.421945427240198789e+00 1.211639314369877263e-01
9.000000000000000222e-01 2.565406958018387584e+00 1.168820150516078626e-01
9.000000000000000222e-01 2.579910642602859294e+00 1.164415536129489448e-01
9.000000000000000222e-01 2.748178736380499920e+00 1.112396362892840995e-01
9.000000000000000222e-01 2.851587813892948908e+00 1.082368073996899660e-01
9.000000000000000222e-01 2.927421687548935392e+00 1.059424401071566574e-01
9.000000000000000222e-01 3.118355303199363604e+00 1.001647113863080862e-01
9.000000000000000222e-01 3.137768669767510232e+00 9.957538214610750504e-02
9.000000000000000222e-01 3.321742077115442004e+00 9.398406017296281889e-02
9.000000000000000222e-01 3.423949525642071556e+00 9.087317832566171871e-02
9.000000000000000222e-01 3.710130381516632880e+00 8.209107751883500115e-02
9.000000000000000222e-01 3.996311237391193760e+00 7.359609268726037545e-02
9.000000000000000222e-01 4.282492093265755528e+00 6.526200211464149026e-02
9.000000000000000222e-01 4.568672949140315964e+00 5.742064445896505331e-02
9.000000000000000222e-01 4.854853805014878176e+00 5.002380594022445837e-02
9.000000000000000222e-01 5.141034660889438612e+00 4.321716729736154589e-02
9.000000000000000222e-01 5.427215516763999936e+00 3.694983014181941333e-02
9.000000000000000222e-01 5.713396372638561260e+00 3.142211428222950464e-02
9.000000000000000222e-01 5.999577228513121696e+00 2.651262841588929164e-02
9.000000000000000222e-01 6.285758084387683908e+00 2.214109104740399556e-02
9.000000000000000222e-01 6.571938940262244344e+00 1.842205166059989949e-02
9.000000000000000222e-01 6.858119796136806556e+00 1.520929920685049758e-02
9.000000000000000222e-01 7.144300652011366992e+00 1.250189509763738500e-02
9.000000000000000222e-01 7.430481507885929204e+00 1.017380559699622607e-02
9.000000000000000222e-01 7.716662363760489640e+00 8.286898284071159831e-03
9.000000000000000222e-01 8.002843219635050076e+00 6.689397448900197100e-03
9.000000000000000222e-01 8.289024075509612288e+00 5.399023952278357054e-03
9.000000000000000222e-01 8.575204931384172724e+00 4.320496626218600471e-03
9.000000000000000222e-01 8.861385787258734936e+00 3.457065870033696180e-03
9.000000000000000222e-01 9.147566643133295372e+00 2.761001875615178795e-03
9.000000000000000222e-01 9.433747499007857584e+00 2.171039396548875375e-03
9.000000000000000222e-01 9.719928354882418020e+00 1.717625012947037507e-03
9.000000000000000222e-01 1.000610921075697846e+01 1.353350690771126406e-03
9.000000000000000222e-01 1.029229006663154067e+01 1.050548000097173895e-03
9.000000000000000222e-01 1.057847092250610110e+01 8.117437727528708851e-04
9.000000000000000222e-01 1.086465177838066332e+01 6.303289105363215662e-04
9.000000000000000222e-01 1.115083263425522375e+01 4.795416350798042244e-04
9.000000000000000222e-01 1.143701349012978419e+01 3.506618885372644857e-04
9.000000000000000222e-01 1.172319434600434640e+01 2.619793341041311003e-04
9.000000000000000222e-01 1.200937520187890684e+01 1.883863171111737950e-04
9.000000000000000222e-01 1.229555605775346905e+01 1.286198271368566026e-04
9.000000000000000222e-01 1.258173691362802948e+01 7.476455355122734836e-05
9.000000000000000222e-01 1.286791776950259170e+01 4.262327605824748440e-05
9.000000000000000222e-01 1.315409862537715213e+01 1.303740910778682246e-05
9.000000000000000222e-01 1.328696830846176979e+01 0.000000000000000000e+00
1.000000000000000000e+00 1.000000000000000000e+00 1.804533495819139188e-01
1.000000000000000000e+00 1.066948864109121597e+00 1.737904670395376550e-01
1.000000000000000000e+00 1.138379878623744679e+00 1.706802349990655943e-01
1.000000000000000000e+00 1.214593118422284013e+00 1.672142927692422676e-01
1.000000000000000000e+00 1.295908748055411452e+00 1.636090200581530318e-01
1.000000000000000000e+00 1.382668366726795162e+00 1.577249259726314357e-01
1.000000000000000000e+00 1.475236443318768131e+00 1.552827217123897430e-01
1.000000000000000000e+00 1.574001847491340200e+00 1.524064084921990803e-01
1.000000000000000000e+00 1.679379483286544072e+00 1.492525291838595614e-01
1.000000000000000000e+00 1.791812032100741581e+00 1.449369624040016125e-01
1.000000000000000000e+00 1.911771812346943156e+00 1.420072428799971087e-01
1.000000000000000000e+00 2.039762763619407782e+00 1.380920279327367828e-01
1.000000000000000000e+00 2.055321441596575927e+00 1.377264557388329091e-01
1.000000000000000000e+00 2.176322563695809453e+00 1.347778403308072526e-01
1.000000000000000000e+00 2.322024887270294879e+00 1.310286380664089090e-01
1.000000000000000000e+00 2.350444520389930680e+00 1.302830650710408988e-01
1.000000000000000000e+00 2.477481815906152018e+00 1.260317782254627150e-01
1.000000000000000000e+00 2.643346409332072433e+00 1.219009238291422076e-01
1.000000000000000000e+00 2.645567599183284990e+00 1.218481751876834968e-01
1.000000000000000000e+00 2.820315448883779830e+00 1.171511403707696797e-01
1.000000000000000000e+00 2.940690677976639300e+00 1.134732918446903077e-01
1.000000000000000000e+00 3.009132364615956234e+00 1.115790287284440935e-01
1.000000000000000000e+00 3.210590358380989162e+00 1.058071793109731373e-01
1.000000000000000000e+00 3.235813756769994054e+00 1.050653312739600054e-01
1.000000000000000000e+00 3.425535735994293507e+00 9.911508255081227792e-02
1.000000000000000000e+00 3.530936835563348808e+00 9.601849594612435479e-02
1.000000000000000000e+00 3.826059914356703118e+00 8.715785496563493995e-02
1.000000000000000000e+00 4.121182993150057428e+00 7.797022263396781450e-02
1.000000000000000000e+00 4.416306071943411737e+00 6.916640674647295262e-02
1.000000000000000000e+00 4.711429150736766047e+00 6.095698735814647495e-02
1.000000000000000000e+00 5.006552229530121245e+00 5.279035283558976971e-02
1.000000000000000000e+00 5.301675308323476443e+00 4.568336701377079256e-02
1.000000000000000000e+00 5.596798387116830753e+00 3.962928292597658886e-02
1.000000000000000000e+00 5.891921465910185063e+00 3.305525961532133211e-02
1.000000000000000000e+00 6.187044544703539373e+00 2.786703029629351847e-02
1.000000000000000000e+00 6.482167623496893682e+00 2.322402545729379542e-02
1.000000000000000000e+00 6.777290702290247992e+00 1.929945615126203717e-02
1.000000000000000000e+00 7.072413781083602302e+00 1.577119877990923805e-02
1.000000000000000000e+00 7.367536859876956612e+00 1.296907326729659915e-02
1.000000000000000000e+00 7.662659938670312698e+00 1.052679447907705138e-02
1.000000000000000000e+00 7.957783017463667008e+00 8.575321458847111680e-03
1.000000000000000000e+00 8.252906096257021318e+00 6.818599828352331013e-03
1.000000000000000000e+00 8.548029175050375628e+00 5.522346189182734608e-03
1.000000000000000000e+00 8.843152253843729937e+00 4.347923470295700019e-03
1.000000000000000000e+00 9.138275332637084247e+00 3.505593318222398509e-03
1.000000000000000000e+00 9.433398411430438557e+00 2.758676195939682718e-03
1.000000000000000000e+00 9.728521490223792867e+00 2.216901609381070632e-03
1.000000000000000000e+00 1.002364456901714895e+01 1.674436398257949472e-03
1.000000000000000000e+00 1.031876764781050326e+01 1.345918438009616842e-03
1.000000000000000000e+00 1.061389072660385757e+01 1.035856010112341666e-03
1.000000000000000000e+00 1.090901380539721188e+01 8.319267543134650734e-04
1.000000000000000000e+00 1.120413688419056619e+01 5.941117207839137059e-04
1.000000000000000000e+00 1.149925996298392050e+01 4.782403408041871733e-04
1.000000000000000000e+00 1.179438304177727481e+01 3.644531110212971244e-04
1.000000000000000000e+00 1.208950612057062912e+01 2.452537733618568856e-04
1.000000000000000000e+00 1.238462919936398343e+01 1.982833030199949726e-04
1.000000000000000000e+00 1.267975227815733774e+01 1.189476124032231284e-04
1.000000000000000000e+00 1.297487535695069383e+01 7.881181542738995959e-05
1.000000000000000000e+00 1.326999843574404814e+01 3.621021800248785461e-05
1.000000000000000000e+00 1.356512151453740245e+01 5.573362484373233782e-06
1.000000000000000000e+00 1.370214294397717403e+01 0.000000000000000000e+00
