# mx [GeV]: 30.0
# sigma_p [cm^2]: 3e-30
# depth [m]: 0.3
# loc: MPI
# Columns: gamma/pi, v [km/s], f(v, gamma) [s/km]
0.000000000000000000e+00 1.000000000000000000e+00 3.618434377469993864e-03
0.000000000000000000e+00 1.205985437363477297e+00 3.653584927164405666e-03
0.000000000000000000e+00 1.454400875132777493e+00 3.244996189963886193e-03
0.000000000000000000e+00 1.753986275498826686e+00 2.811487921596380907e-03
0.000000000000000000e+00 2.115281905586988920e+00 2.359673458111926497e-03
0.000000000000000000e+00 2.550999174056374663e+00 2.233357088365110418e-03
0.000000000000000000e+00 3.076467854638246013e+00 1.968277083986730378e-03
0.000000000000000000e+00 3.710175431210583685e+00 1.492439191453964580e-03
0.000000000000000000e+00 4.474417540103723390e+00 1.525544522902579948e-03
0.000000000000000000e+00 5.396082394048803188e+00 1.445849126692338180e-03
0.000000000000000000e+00 6.507596786036305758e+00 1.311771042058734521e-03
0.000000000000000000e+00 7.848066956193153310e+00 1.133795241857700909e-03
0.000000000000000000e+00 9.464654460622451637e+00 1.088350245252263458e-03
0.000000000000000000e+00 1.141423544918795407e+01 1.023812935388682989e-03
0.000000000000000000e+00 1.376540173035864001e+01 9.026466819499689379e-04
0.000000000000000000e+00 1.660087402627053166e+01 8.562660062191512289e-04
0.000000000000000000e+00 2.002041232318785902e+01 7.669039784405545833e-04
0.000000000000000000e+00 2.106931706681944760e+01 7.581199596660688576e-04
0.000000000000000000e+00 2.409465490205506200e+01 7.276469432645111830e-04
0.000000000000000000e+00 2.414432571177685816e+01 7.273313712127001248e-04
0.000000000000000000e+00 2.711999273729067284e+01 6.664887333380765900e-04
0.000000000000000000e+00 2.911770520336346380e+01 6.508530268495321030e-04
0.000000000000000000e+00 3.014533057252628723e+01 6.430055970955687221e-04
0.000000000000000000e+00 3.317066840776190162e+01 6.049976555412742802e-04
0.000000000000000000e+00 3.511552844469908763e+01 5.867500766680979005e-04
0.000000000000000000e+00 3.619600624299751246e+01 5.639488918690669771e-04
0.000000000000000000e+00 3.922134407823313040e+01 5.383197083734315210e-04
0.000000000000000000e+00 4.224668191346873414e+01 5.030223761776850266e-04
0.000000000000000000e+00 4.527201974870435208e+01 4.760314071381204415e-04
0.000000000000000000e+00 4.829735758393997003e+01 4.367807756493071554e-04
0.000000000000000000e+00 5.132269541917557376e+01 4.117545981000552292e-04
0.000000000000000000e+00 5.434803325441119171e+01 3.856540058784781286e-04
0.000000000000000000e+00 5.737337108964680965e+01 3.497654169003729303e-04
0.000000000000000000e+00 6.039870892488241338e+01 3.268284657758173113e-04
0.000000000000000000e+00 6.342404676011803133e+01 2.953230591654653920e-04
0.000000000000000000e+00 6.644938459535364927e+01 2.749643484171688059e-04
0.000000000000000000e+00 6.947472243058925301e+01 2.497946649342021146e-04
0.000000000000000000e+00 7.250006026582487095e+01 2.309741767450856909e-04
0.000000000000000000e+00 7.552539810106048890e+01 2.065714380809130285e-04
0.000000000000000000e+00 7.855073593629609263e+01 1.903052146282455028e-04
0.000000000000000000e+00 8.157607377153171058e+01 1.668157319014659822e-04
0.000000000000000000e+00 8.460141160676732852e+01 1.533499295756059959e-04
0.000000000000000000e+00 8.762674944200293226e+01 1.393850959887283671e-04
0.000000000000000000e+00 9.065208727723855020e+01 1.233546866755273915e-04
0.000000000000000000e+00 9.367742511247416815e+01 1.098427907798242006e-04
0.000000000000000000e+00 9.670276294770977188e+01 9.451357751727150762e-05
0.000000000000000000e+00 9.972810078294538982e+01 8.619358606656958913e-05
0.000000000000000000e+00 1.027534386181810078e+02 7.463649406088920021e-05
0.000000000000000000e+00 1.057787764534166115e+02 6.550557554884647382e-05
0.000000000000000000e+00 1.088041142886522294e+02 5.523305815912439879e-05
0.000000000000000000e+00 1.118294521238878474e+02 4.991330421168947088e-05
0.000000000000000000e+00 1.148547899591234511e+02 4.088813801198262581e-05
0.000000000000000000e+00 1.178801277943590691e+02 3.377229523391140254e-05
0.000000000000000000e+00 1.209054656295946870e+02 2.910475033050689885e-05
0.000000000000000000e+00 1.239308034648302907e+02 2.425316114322655623e-05
0.000000000000000000e+00 1.269561413000659087e+02 1.849868754946736997e-05
0.000000000000000000e+00 1.299814791353015266e+02 1.320229029053129965e-05
0.000000000000000000e+00 1.330068169705371304e+02 9.470668460748868771e-06
0.000000000000000000e+00 1.360321548057727341e+02 5.628626427726620470e-06
0.000000000000000000e+00 1.390574926410083663e+02 1.749776648230871488e-06
0.000000000000000000e+00 1.404621137787963221e+02 0.000000000000000000e+00
1.000000000000000056e-01 1.000000000000000000e+00 4.394505562319024616e-03
1.000000000000000056e-01 1.208606003953849317e+00 4.054573409202275915e-03
1.000000000000000056e-01 1.460728472793291877e+00 3.679118649543353017e-03
1.000000000000000056e-01 1.765445202364309463e+00 3.122095726878430788e-03
1.000000000000000056e-01 2.133727671229022960e+00 2.717070412889717023e-03
1.000000000000000056e-01 2.578836074249862165e+00 2.497304434006655371e-03
1.000000000000000056e-01 3.116796762551157673e+00 2.232854566003527729e-03
1.000000000000000056e-01 3.766979280323249579e+00 1.899287368364847677e-03
1.000000000000000056e-01 4.552793774968429297e+00 1.678622404609421978e-03
1.000000000000000056e-01 5.502533891190553028e+00 1.605429114519724447e-03
1.000000000000000056e-01 6.650395497852439775e+00 1.440442636780230436e-03
1.000000000000000056e-01 8.037707927372107264e+00 1.245162186591193413e-03
1.000000000000000056e-01 9.714422059049375946e+00 1.201429837065056110e-03
1.000000000000000056e-01 1.174090882550878945e+01 1.098676172494967348e-03
1.000000000000000056e-01 1.419013289838466640e+01 9.914416826511617507e-04
1.000000000000000056e-01 1.715027981789074119e+01 9.326081289693833763e-04
1.000000000000000056e-01 2.072793115739127856e+01 8.588971296812444346e-04
1.000000000000000056e-01 2.195641597005246481e+01 8.287186131046950406e-04
1.000000000000000056e-01 2.505190204636515716e+01 7.899985048580895593e-04
1.000000000000000056e-01 2.510913210934204898e+01 7.883706399178651595e-04
1.000000000000000056e-01 2.826184824863163314e+01 7.453548357562888747e-04
1.000000000000000056e-01 3.027787922370064777e+01 7.105536212234259434e-04
1.000000000000000056e-01 3.141456438792121730e+01 6.991133110866096104e-04
1.000000000000000056e-01 3.456728052721080502e+01 6.624375577023692988e-04
1.000000000000000056e-01 3.659402661675410684e+01 6.367095623477244358e-04
1.000000000000000056e-01 3.771999666650038563e+01 6.219963512904537429e-04
1.000000000000000056e-01 4.087271280578997334e+01 5.848274381192295921e-04
1.000000000000000056e-01 4.402542894507955396e+01 5.464837885280375215e-04
1.000000000000000056e-01 4.717814508436914167e+01 5.116817276227648243e-04
1.000000000000000056e-01 5.033086122365872939e+01 4.774156171889507938e-04
1.000000000000000056e-01 5.348357736294831000e+01 4.429536744905287495e-04
1.000000000000000056e-01 5.663629350223789061e+01 4.104001833197309240e-04
1.000000000000000056e-01 5.978900964152748543e+01 3.799740496680532442e-04
1.000000000000000056e-01 6.294172578081706604e+01 3.486975286634911566e-04
1.000000000000000056e-01 6.609444192010664665e+01 3.208191775320725042e-04
1.000000000000000056e-01 6.924715805939622726e+01 2.937977680092311280e-04
1.000000000000000056e-01 7.239987419868582208e+01 2.673279104245105580e-04
1.000000000000000056e-01 7.555259033797540269e+01 2.435084882496542217e-04
1.000000000000000056e-01 7.870530647726498330e+01 2.209351159361665489e-04
1.000000000000000056e-01 8.185802261655457812e+01 1.996961197871253892e-04
1.000000000000000056e-01 8.501073875584415873e+01 1.792238218679713315e-04
1.000000000000000056e-01 8.816345489513373934e+01 1.611732540027204918e-04
1.000000000000000056e-01 9.131617103442331995e+01 1.441140487472955707e-04
1.000000000000000056e-01 9.446888717371290056e+01 1.279261481297434648e-04
1.000000000000000056e-01 9.762160331300249538e+01 1.138513912133386929e-04
1.000000000000000056e-01 1.007743194522920760e+02 9.982831423308981896e-05
1.000000000000000056e-01 1.039270355915816566e+02 8.805897547612286764e-05
1.000000000000000056e-01 1.070797517308712514e+02 7.710993845123266803e-05
1.000000000000000056e-01 1.102324678701608320e+02 6.643741241240649952e-05
1.000000000000000056e-01 1.133851840094504126e+02 5.773526135495552213e-05
1.000000000000000056e-01 1.165379001487399933e+02 4.928281998215418459e-05
1.000000000000000056e-01 1.196906162880295881e+02 4.167074273912188716e-05
1.000000000000000056e-01 1.228433324273191687e+02 3.449544049352144061e-05
1.000000000000000056e-01 1.259960485666087493e+02 2.844824566340244478e-05
1.000000000000000056e-01 1.291487647058983441e+02 2.284705769059151763e-05
1.000000000000000056e-01 1.323014808451879389e+02 1.765550888661459951e-05
1.000000000000000056e-01 1.354541969844775053e+02 1.305556478280901422e-05
1.000000000000000056e-01 1.386069131237671002e+02 8.866780548697644838e-06
1.000000000000000056e-01 1.417596292630566950e+02 5.040994890900178747e-06
1.000000000000000056e-01 1.449123454023462614e+02 1.535281116501191346e-06
1.000000000000000056e-01 1.463761064670164274e+02 0.000000000000000000e+00
2.000000000000000111e-01 1.000000000000000000e+00 6.271319288942566079e-03
2.000000000000000111e-01 1.215216683611625159e+00 5.303545440464373963e-03
2.000000000000000111e-01 1.476751588128036641e+00 5.117031046478490511e-03
2.000000000000000111e-01 1.794573167443153094e+00 4.375680592004468732e-03
2.000000000000000111e-01 2.180795253038678272e+00 3.774409184887832745e-03
2.000000000000000111e-01 2.650138775033637817e+00 3.372068266631551240e-03
2.000000000000000111e-01 3.220492853306951009e+00 3.022595775558605501e-03
2.000000000000000111e-01 3.913596644790613421e+00 2.587812916436105486e-03
2.000000000000000111e-01 4.755867935676032943e+00 2.281142685554526667e-03
2.000000000000000111e-01 5.779410060487094825e+00 2.129810829627237778e-03
2.000000000000000111e-01 7.023235526936788986e+00 1.933025037095924747e-03
2.000000000000000111e-01 8.534752985267468617e+00 1.735982774331000641e-03
2.000000000000000111e-01 1.037157421820114855e+01 1.572890383471932125e-03
2.000000000000000111e-01 1.260371002527423734e+01 1.454071524699943356e-03
2.000000000000000111e-01 1.531623869811634719e+01 1.323739936654888842e-03
2.000000000000000111e-01 1.861254879612898705e+01 1.220294031994344913e-03
2.000000000000000111e-01 2.261827982159141115e+01 1.123246110730496657e-03
2.000000000000000111e-01 2.435409483692930976e+01 1.076942512452691830e-03
2.000000000000000111e-01 2.748611099379404621e+01 1.025278026130504788e-03
2.000000000000000111e-01 2.785109306992428913e+01 1.019668229133892682e-03
2.000000000000000111e-01 3.134809130291926493e+01 9.623938285884701613e-04
2.000000000000000111e-01 3.340158064725944342e+01 9.269303559334425135e-04
2.000000000000000111e-01 3.484508953591424074e+01 8.972320518645235041e-04
2.000000000000000111e-01 3.834208776890922366e+01 8.511574249695836756e-04
2.000000000000000111e-01 4.059015806154884842e+01 8.178025165624930445e-04
2.000000000000000111e-01 4.183908600190419236e+01 7.990886639027951427e-04
2.000000000000000111e-01 4.533608423489917527e+01 7.485600400680262646e-04
2.000000000000000111e-01 4.883308246789415819e+01 6.978796236877602820e-04
2.000000000000000111e-01 5.233008070088912689e+01 6.521557169550917235e-04
2.000000000000000111e-01 5.582707893388410980e+01 6.060453381100459717e-04
2.000000000000000111e-01 5.932407716687907850e+01 5.616572077947081095e-04
2.000000000000000111e-01 6.282107539987406142e+01 5.163386781231404064e-04
2.000000000000000111e-01 6.631807363286904433e+01 4.764204804054523665e-04
2.000000000000000111e-01 6.981507186586401303e+01 4.365811481297792352e-04
2.000000000000000111e-01 7.331207009885899595e+01 3.979103721799700740e-04
2.000000000000000111e-01 7.680906833185397886e+01 3.623591885301827623e-04
2.000000000000000111e-01 8.030606656484894756e+01 3.294740407560926843e-04
2.000000000000000111e-01 8.380306479784393048e+01 2.962937787506759687e-04
2.000000000000000111e-01 8.730006303083889918e+01 2.680537476616446486e-04
2.000000000000000111e-01 9.079706126383388209e+01 2.403744702214826953e-04
2.000000000000000111e-01 9.429405949682885080e+01 2.154083553519239608e-04
2.000000000000000111e-01 9.779105772982383371e+01 1.912985629631788515e-04
2.000000000000000111e-01 1.012880559628188166e+02 1.696090588975448902e-04
2.000000000000000111e-01 1.047850541958137853e+02 1.501278738086014657e-04
2.000000000000000111e-01 1.082820524288087682e+02 1.309047912562815981e-04
2.000000000000000111e-01 1.117790506618037512e+02 1.149922852154482502e-04
2.000000000000000111e-01 1.152760488947987199e+02 9.980761060280498686e-05
2.000000000000000111e-01 1.187730471277937028e+02 8.651000914335440529e-05
2.000000000000000111e-01 1.222700453607886857e+02 7.413474394084044127e-05
2.000000000000000111e-01 1.257670435937836544e+02 6.319452158512821555e-05
2.000000000000000111e-01 1.292640418267786515e+02 5.328855402842130710e-05
2.000000000000000111e-01 1.327610400597736202e+02 4.417965399920076075e-05
2.000000000000000111e-01 1.362580382927685889e+02 3.650544231357337861e-05
2.000000000000000111e-01 1.397550365257635860e+02 2.959117738739633173e-05
2.000000000000000111e-01 1.432520347587585547e+02 2.333375333411300481e-05
2.000000000000000111e-01 1.467490329917535234e+02 1.780577118576573878e-05
2.000000000000000111e-01 1.502460312247484921e+02 1.287575635203413764e-05
2.000000000000000111e-01 1.537430294577434893e+02 8.580187502607045864e-06
2.000000000000000111e-01 1.572400276907384580e+02 4.681486635312444934e-06
2.000000000000000111e-01 1.607370259237334267e+02 1.372346250016345862e-06
2.000000000000000111e-01 1.623606322461953937e+02 0.000000000000000000e+00
3.000000000000000444e-01 1.000000000000000000e+00 9.872790856485937072e-03
3.000000000000000444e-01 1.224059220569088779e+00 8.321855577122078823e-03
3.000000000000000444e-01 1.498320975460205373e+00 7.667897530727266729e-03
3.000000000000000444e-01 1.834033605384135734e+00 6.755092652031124273e-03
3.000000000000000444e-01 2.244965745504020838e+00 5.691987799207027729e-03
3.000000000000000444e-01 2.747971020645955331e+00 5.091747450202490505e-03
3.000000000000000444e-01 3.363679265678331642e+00 4.595347953317667489e-03
3.000000000000000444e-01 4.117342620190624025e+00 3.877456357600475318e-03
3.000000000000000444e-01 5.039871198486425286e+00 3.395267640772903477e-03
3.000000000000000444e-01 6.169100810987893091e+00 3.144843420955207355e-03
3.000000000000000444e-01 7.551344730309973663e+00 2.860946164871965101e-03
3.000000000000000444e-01 9.243293144831723041e+00 2.541856818039545281e-03
3.000000000000000444e-01 1.131433820235432108e+01 2.311170419012498287e-03
3.000000000000000444e-01 1.384942000122889638e+01 2.127078345184721647e-03
3.000000000000000444e-01 1.695251025203819140e+01 1.940074443155670545e-03
3.000000000000000444e-01 2.075087648579935617e+01 1.783555475563832057e-03
3.000000000000000444e-01 2.540030169733299203e+01 1.640809146951931760e-03
3.000000000000000444e-01 2.795100413988265231e+01 1.557855062436000948e-03
3.000000000000000444e-01 3.109147349785712677e+01 1.499938481271443193e-03
3.000000000000000444e-01 3.196448165740426361e+01 1.482373314293673923e-03
3.000000000000000444e-01 3.597795917492587137e+01 1.402329696481700123e-03
3.000000000000000444e-01 3.805780481613147970e+01 1.355412474984258155e-03
3.000000000000000444e-01 3.999143669244748622e+01 1.307788277300180697e-03
3.000000000000000444e-01 4.400491420996910108e+01 1.239842460173176371e-03
3.000000000000000444e-01 4.658500689980441223e+01 1.191053252733632276e-03
3.000000000000000444e-01 4.801839172749070883e+01 1.164924888105540188e-03
3.000000000000000444e-01 5.203186924501231658e+01 1.090784228306776286e-03
3.000000000000000444e-01 5.604534676253393144e+01 1.016940712689198487e-03
3.000000000000000444e-01 6.005882428005554630e+01 9.461504938188134090e-04
3.000000000000000444e-01 6.407230179757715405e+01 8.780317124465180506e-04
3.000000000000000444e-01 6.808577931509876180e+01 8.101584056809734650e-04
3.000000000000000444e-01 7.209925683262038376e+01 7.433746064033900551e-04
3.000000000000000444e-01 7.611273435014199151e+01 6.823428813003551288e-04
3.000000000000000444e-01 8.012621186766359926e+01 6.229872259228449701e-04
3.000000000000000444e-01 8.413968938518520702e+01 5.650563969468158903e-04
3.000000000000000444e-01 8.815316690270682898e+01 5.111847816872673545e-04
3.000000000000000444e-01 9.216664442022843673e+01 4.615940987300065504e-04
3.000000000000000444e-01 9.618012193775004448e+01 4.128731302272005128e-04
3.000000000000000444e-01 1.001935994552716522e+02 3.697341941642973595e-04
3.000000000000000444e-01 1.042070769727932742e+02 3.290689845899279404e-04
3.000000000000000444e-01 1.082205544903148819e+02 2.915340322888359701e-04
3.000000000000000444e-01 1.122340320078364897e+02 2.566028795824989929e-04
3.000000000000000444e-01 1.162475095253581117e+02 2.253599625305292473e-04
3.000000000000000444e-01 1.202609870428797194e+02 1.971288708709618791e-04
3.000000000000000444e-01 1.242744645604013272e+02 1.703265004752368235e-04
3.000000000000000444e-01 1.282879420779229349e+02 1.477923350176250483e-04
3.000000000000000444e-01 1.323014195954445427e+02 1.270734102053630392e-04
3.000000000000000444e-01 1.363148971129661504e+02 1.081673397996373714e-04
3.000000000000000444e-01 1.403283746304877582e+02 9.166964628351302678e-05
3.000000000000000444e-01 1.443418521480093659e+02 7.730290204559766762e-05
3.000000000000000444e-01 1.483553296655310021e+02 6.398384758277886515e-05
3.000000000000000444e-01 1.523688071830526098e+02 5.289893885745240113e-05
3.000000000000000444e-01 1.563822847005742176e+02 4.281291298036829729e-05
3.000000000000000444e-01 1.603957622180958253e+02 3.414541965843830907e-05
3.000000000000000444e-01 1.644092397356174331e+02 2.636155481097009193e-05
3.000000000000000444e-01 1.684227172531390408e+02 1.985805438072757735e-05
3.000000000000000444e-01 1.724361947706606486e+02 1.427870599420999356e-05
3.000000000000000444e-01 1.764496722881822848e+02 9.352318246080751596e-06
3.000000000000000444e-01 1.804631498057038925e+02 5.142944736550262243e-06
3.000000000000000444e-01 1.844766273232255003e+02 1.452808758020431168e-06
3.000000000000000444e-01 1.863400275992176773e+02 0.000000000000000000e+00
4.000000000000000222e-01 1.000000000000000000e+00 1.500581403918255056e-02
4.000000000000000222e-01 1.233689707573734973e+00 1.205486543111576256e-02
4.000000000000000222e-01 1.521990294573367430e+00 1.107098656949987922e-02
4.000000000000000222e-01 1.877663761442280421e+00 1.000031431889023166e-02
4.000000000000000222e-01 2.316454456775526083e+00 8.278478281809636963e-03
4.000000000000000222e-01 2.857786021387273223e+00 7.418125338706940339e-03
4.000000000000000222e-01 3.525621201033573016e+00 6.754574615046526898e-03
4.000000000000000222e-01 4.349522588518868638e+00 5.613516013075260311e-03
4.000000000000000222e-01 5.365961250315196551e+00 4.884969306229352930e-03
4.000000000000000222e-01 6.619931165753347280e+00 4.593417629728229444e-03
4.000000000000000222e-01 8.166940944036500838e+00 4.149531509900841741e-03
4.000000000000000222e-01 1.007547098502035254e+01 3.689417746741340161e-03
4.000000000000000222e-01 1.243000485317741344e+01 3.391610415157274207e-03
4.000000000000000222e-01 1.533476905245654898e+01 3.111781275473288807e-03
4.000000000000000222e-01 1.891834674803587646e+01 2.860678285683703435e-03
4.000000000000000222e-01 2.333936966736289875e+01 2.645549309355519144e-03
4.000000000000000222e-01 2.879354013988422878e+01 2.451782826445160143e-03
4.000000000000000222e-01 3.243875213057658158e+01 2.345630153723415098e-03
4.000000000000000222e-01 3.552229411518636937e+01 2.269837187390149648e-03
4.000000000000000222e-01 3.709662423137731935e+01 2.239809146282309340e-03
4.000000000000000222e-01 4.175449633217806422e+01 2.119903244335648307e-03
4.000000000000000222e-01 4.382348863931247251e+01 2.059492202135951647e-03
4.000000000000000222e-01 4.641236843297880199e+01 2.005852644679344439e-03
4.000000000000000222e-01 5.107024053377953976e+01 1.902682727450161031e-03
4.000000000000000222e-01 5.406458688429429316e+01 1.829940777479749587e-03
4.000000000000000222e-01 5.572811263458027753e+01 1.792834403324384185e-03
4.000000000000000222e-01 6.038598473538101530e+01 1.681825765613158882e-03
4.000000000000000222e-01 6.504385683618176017e+01 1.576638777043414203e-03
4.000000000000000222e-01 6.970172893698250505e+01 1.468241664375795601e-03
4.000000000000000222e-01 7.435960103778323571e+01 1.363439575429959902e-03
4.000000000000000222e-01 7.901747313858396637e+01 1.256480322336625413e-03
4.000000000000000222e-01 8.367534523938471125e+01 1.156600836017158311e-03
4.000000000000000222e-01 8.833321734018545612e+01 1.057597287730969440e-03
4.000000000000000222e-01 9.299108944098620100e+01 9.610129360851548319e-04
4.000000000000000222e-01 9.764896154178694587e+01 8.687308010790104843e-04
4.000000000000000222e-01 1.023068336425876623e+02 7.841767776669596179e-04
4.000000000000000222e-01 1.069647057433884072e+02 7.007538726169099683e-04
4.000000000000000222e-01 1.116225778441891521e+02 6.250874981449844369e-04
4.000000000000000222e-01 1.162804499449898969e+02 5.554436884347940633e-04
4.000000000000000222e-01 1.209383220457906418e+02 4.902079663111703943e-04
4.000000000000000222e-01 1.255961941465913583e+02 4.301987423184572626e-04
4.000000000000000222e-01 1.302540662473921032e+02 3.739173031612389830e-04
4.000000000000000222e-01 1.349119383481928480e+02 3.257118462861352038e-04
4.000000000000000222e-01 1.395698104489935929e+02 2.808416866789975076e-04
4.000000000000000222e-01 1.442276825497943378e+02 2.409355900162011351e-04
4.000000000000000222e-01 1.488855546505950826e+02 2.060680850382593454e-04
4.000000000000000222e-01 1.535434267513957991e+02 1.739255635392426000e-04
4.000000000000000222e-01 1.582012988521965440e+02 1.466609067145575841e-04
4.000000000000000222e-01 1.628591709529972889e+02 1.226362059755210050e-04
4.000000000000000222e-01 1.675170430537980337e+02 1.011442893104911786e-04
4.000000000000000222e-01 1.721749151545987502e+02 8.318276467037736925e-05
4.000000000000000222e-01 1.768327872553994951e+02 6.718048064399879428e-05
4.000000000000000222e-01 1.814906593562002399e+02 5.382379129148812672e-05
4.000000000000000222e-01 1.861485314570009848e+02 4.222701919920013926e-05
4.000000000000000222e-01 1.908064035578017297e+02 3.234653758666976504e-05
4.000000000000000222e-01 1.954642756586024461e+02 2.385764433046238994e-05
4.000000000000000222e-01 2.001221477594031910e+02 1.695464936809804808e-05
4.000000000000000222e-01 2.047800198602039359e+02 1.092623518919533867e-05
4.000000000000000222e-01 2.094378919610046808e+02 5.935400115218548533e-06
4.000000000000000222e-01 2.140957640618054256e+02 1.621253437733262039e-06
4.000000000000000222e-01 2.162583475371772010e+02 0.000000000000000000e+00
5.000000000000000000e-01 1.000000000000000000e+00 1.920568167780289937e-02
5.000000000000000000e-01 1.242973031229989367e+00 1.501754412772692004e-02
5.000000000000000000e-01 1.544981956365067965e+00 1.381057128061361806e-02
5.000000000000000000e-01 1.920370905498727687e+00 1.259589085551634721e-02
5.000000000000000000e-01 2.386969245493632652e+00 1.034461969283440551e-02
5.000000000000000000e-01 2.966938398523981224e+00 9.367778279265480748e-03
5.000000000000000000e-01 3.687824414686003749e+00 8.541468606454284337e-03
5.000000000000000000e-01 4.583866291366222256e+00 7.004953963055365884e-03
5.000000000000000000e-01 5.697622178932443049e+00 6.205152823168619443e-03
5.000000000000000000e-01 7.081990710550874368e+00 5.913568483806105544e-03
5.000000000000000000e-01 8.802723460636045161e+00 5.281490068318218066e-03
5.000000000000000000e-01 1.094154786294612691e+01 4.777376745395683390e-03
5.000000000000000000e-01 1.360004891355416490e+01 4.451318802151907512e-03
5.000000000000000000e-01 1.690449402295654124e+01 4.101843127253493315e-03
5.000000000000000000e-01 2.101183017712352807e+01 3.825862867953762000e-03
5.000000000000000000e-01 2.611713824694899344e+01 3.608224885458311861e-03
5.000000000000000000e-01 3.246289849386288040e+01 3.401643879893229225e-03
5.000000000000000000e-01 3.740448346546363467e+01 3.291414100249798799e-03
5.000000000000000000e-01 4.035050734342819112e+01 3.241987426132975688e-03
5.000000000000000000e-01 4.277538365537635912e+01 3.193680011601871763e-03
5.000000000000000000e-01 4.814628384528909066e+01 3.075760748145345887e-03
5.000000000000000000e-01 5.015459242432888232e+01 3.034617059712738096e-03
5.000000000000000000e-01 5.351718403520181511e+01 2.956419512513047253e-03
5.000000000000000000e-01 5.888808422511453955e+01 2.828710520110093354e-03
5.000000000000000000e-01 6.234080577577272209e+01 2.743851488245056206e-03
5.000000000000000000e-01 6.425898441502727110e+01 2.692543645267092296e-03
5.000000000000000000e-01 6.962988460494000265e+01 2.556254382022273182e-03
5.000000000000000000e-01 7.500078479485271998e+01 2.412121645571330478e-03
5.000000000000000000e-01 8.037168498476543732e+01 2.263183214664056270e-03
5.000000000000000000e-01 8.574258517467816887e+01 2.105770375967390765e-03
5.000000000000000000e-01 9.111348536459090042e+01 1.951644380106989062e-03
5.000000000000000000e-01 9.648438555450363197e+01 1.800497116251895558e-03
5.000000000000000000e-01 1.018552857444163635e+02 1.647314942247730344e-03
5.000000000000000000e-01 1.072261859343290666e+02 1.498870808470007974e-03
5.000000000000000000e-01 1.125970861242417982e+02 1.355781977368078961e-03
5.000000000000000000e-01 1.179679863141545297e+02 1.217621043873549653e-03
5.000000000000000000e-01 1.233388865040672613e+02 1.088116946908838532e-03
5.000000000000000000e-01 1.287097866939799928e+02 9.634068535405835741e-04
5.000000000000000000e-01 1.340806868838926960e+02 8.494982420572002018e-04
5.000000000000000000e-01 1.394515870738054275e+02 7.440105970145259508e-04
5.000000000000000000e-01 1.448224872637181591e+02 6.481085303427086552e-04
5.000000000000000000e-01 1.501933874536308906e+02 5.610872538715528388e-04
5.000000000000000000e-01 1.555642876435436222e+02 4.806893412455483304e-04
5.000000000000000000e-01 1.609351878334563253e+02 4.113605373210224114e-04
5.000000000000000000e-01 1.663060880233690852e+02 3.486780270735128631e-04
5.000000000000000000e-01 1.716769882132817884e+02 2.936118778645658623e-04
5.000000000000000000e-01 1.770478884031945199e+02 2.454950002866993549e-04
5.000000000000000000e-01 1.824187885931072515e+02 2.040655015528994917e-04
5.000000000000000000e-01 1.877896887830199830e+02 1.674347754231152272e-04
5.000000000000000000e-01 1.931605889729327146e+02 1.368427600135376746e-04
5.000000000000000000e-01 1.985314891628454177e+02 1.102411707134348879e-04
5.000000000000000000e-01 2.039023893527581492e+02 8.784158178850641030e-05
5.000000000000000000e-01 2.092732895426708808e+02 6.917374441415137087e-05
5.000000000000000000e-01 2.146441897325836123e+02 5.332436195327652079e-05
5.000000000000000000e-01 2.200150899224963439e+02 4.002769479645448212e-05
5.000000000000000000e-01 2.253859901124090470e+02 2.938535566814348698e-05
5.000000000000000000e-01 2.307568903023217786e+02 2.029335556807453989e-05
5.000000000000000000e-01 2.361277904922345101e+02 1.270392818239678876e-05
5.000000000000000000e-01 2.414986906821472417e+02 6.867069240802437599e-06
5.000000000000000000e-01 2.468695908720599732e+02 1.889530373637334730e-06
5.000000000000000000e-01 2.493632231030908883e+02 0.000000000000000000e+00
6.000000000000000888e-01 1.000000000000000000e+00 1.920678339555735581e-02
6.000000000000000888e-01 1.251131761886122407e+00 1.513183588570342006e-02
6.000000000000000888e-01 1.565330685600273108e+00 1.409065141760862047e-02
6.000000000000000888e-01 1.958434938609481701e+00 1.263878194240170699e-02
6.000000000000000888e-01 2.450260155281820840e+00 1.045732134626824184e-02
6.000000000000000888e-01 3.065598305157108516e+00 9.640673926422675330e-03
6.000000000000000888e-01 3.835467408766324304e+00 8.655376193934395668e-03
6.000000000000000888e-01 4.798675096786610972e+00 7.109134646662863474e-03
6.000000000000000888e-01 6.003774828561692978e+00 6.535744949502440664e-03
6.000000000000000888e-01 7.511513379225944753e+00 6.229073154470452824e-03
6.000000000000000888e-01 9.397892968582135964e+00 5.553175824568199782e-03
6.000000000000000888e-01 1.175800238779937068e+01 5.177963908485261682e-03
6.000000000000000888e-01 1.471081024370866253e+01 4.860634171263668139e-03
6.000000000000000888e-01 1.840516193898363895e+01 4.573730778926195922e-03
6.000000000000000888e-01 2.302728268451999583e+01 4.378123399356663448e-03
6.000000000000000888e-01 2.881016475653330389e+01 4.239438265234891229e-03
6.000000000000000888e-01 3.604531219207098758e+01 4.158191830559697724e-03
6.000000000000000888e-01 4.235543926202287679e+01 4.118099543255991472e-03
6.000000000000000888e-01 4.509743495060110519e+01 4.084100926938465451e-03
6.000000000000000888e-01 4.843724592528769790e+01 4.051793789964570902e-03
6.000000000000000888e-01 5.451905258855252612e+01 4.007744491414231940e-03
6.000000000000000888e-01 5.642283324629036656e+01 3.980368645097180288e-03
6.000000000000000888e-01 6.060085925181734723e+01 3.917059613223199295e-03
6.000000000000000888e-01 6.668266591508216834e+01 3.822585587883827862e-03
6.000000000000000888e-01 7.059239877003813035e+01 3.755336245249478455e-03
6.000000000000000888e-01 7.276447257834698235e+01 3.708865850676656278e-03
6.000000000000000888e-01 7.884627924161182477e+01 3.568446145151737709e-03
6.000000000000000888e-01 8.492808590487663878e+01 3.407420618217123307e-03
6.000000000000000888e-01 9.100989256814145278e+01 3.235465584375196973e-03
6.000000000000000888e-01 9.709169923140628100e+01 3.045979813892294146e-03
6.000000000000000888e-01 1.031735058946711092e+02 2.846796626531319842e-03
6.000000000000000888e-01 1.092553125579359232e+02 2.639269258553705432e-03
6.000000000000000888e-01 1.153371192212007657e+02 2.432320602682854112e-03
6.000000000000000888e-01 1.214189258844655797e+02 2.215514360335269894e-03
6.000000000000000888e-01 1.275007325477303937e+02 2.008293127900698683e-03
6.000000000000000888e-01 1.335825392109952077e+02 1.804979390578392070e-03
6.000000000000000888e-01 1.396643458742600501e+02 1.614504844607216960e-03
6.000000000000000888e-01 1.457461525375248641e+02 1.428458918301701895e-03
6.000000000000000888e-01 1.518279592007896781e+02 1.254947527912883727e-03
6.000000000000000888e-01 1.579097658640545205e+02 1.093509029855873737e-03
6.000000000000000888e-01 1.639915725273193345e+02 9.470683715070637391e-04
6.000000000000000888e-01 1.700733791905841485e+02 8.132020650704155926e-04
6.000000000000000888e-01 1.761551858538489910e+02 6.933019469170491203e-04
6.000000000000000888e-01 1.822369925171138050e+02 5.871445925249989565e-04
6.000000000000000888e-01 1.883187991803786474e+02 4.921325659586025169e-04
6.000000000000000888e-01 1.944006058436434614e+02 4.101125326777472547e-04
6.000000000000000888e-01 2.004824125069082754e+02 3.384074504140186239e-04
6.000000000000000888e-01 2.065642191701730894e+02 2.778449398922574120e-04
6.000000000000000888e-01 2.126460258334379319e+02 2.252249810844025987e-04
6.000000000000000888e-01 2.187278324967027459e+02 1.809156258486882747e-04
6.000000000000000888e-01 2.248096391599675599e+02 1.444533060639135872e-04
6.000000000000000888e-01 2.308914458232324023e+02 1.130192294198308127e-04
6.000000000000000888e-01 2.369732524864972163e+02 8.715217971520310906e-05
6.000000000000000888e-01 2.430550591497620303e+02 6.617570276336160579e-05
6.000000000000000888e-01 2.491368658130268727e+02 4.920864832929091557e-05
6.000000000000000888e-01 2.552186724762916867e+02 3.536245322079786433e-05
6.000000000000000888e-01 2.613004791395565007e+02 2.415316257332529614e-05
6.000000000000000888e-01 2.673822858028213432e+02 1.506298880432125003e-05
6.000000000000000888e-01 2.734640924660861288e+02 7.824359261807193095e-06
6.000000000000000888e-01 2.795458991293509712e+02 2.249477926864517816e-06
6.000000000000000888e-01 2.823695950801525214e+02 0.000000000000000000e+00
7.000000000000000666e-01 1.000000000000000000e+00 1.528689281051719834e-02
7.000000000000000666e-01 1.257700211986898964e+00 1.254691490367977093e-02
7.000000000000000666e-01 1.581809823231890455e+00 1.179052172570487986e-02
7.000000000000000666e-01 1.989442550001707666e+00 1.023738993087167960e-02
7.000000000000000666e-01 2.502122316872904317e+00 8.710135084501526362e-03
7.000000000000000666e-01 3.146919768348201973e+00 8.054579727473120884e-03
7.000000000000000666e-01 3.957881659757296777e+00 7.078029070926489079e-03
7.000000000000000666e-01 4.977828602495811161e+00 6.007740485214988976e-03
7.000000000000000666e-01 6.260616088593430106e+00 5.686529533211682336e-03
7.000000000000000666e-01 7.873978181792546494e+00 5.356469277101819776e-03
7.000000000000000666e-01 9.903104028420703031e+00 4.882762959457084655e-03
7.000000000000000666e-01 1.245513603587302853e+01 4.636886755192486456e-03
7.000000000000000666e-01 1.566482723264317656e+01 4.435250028041475348e-03
7.000000000000000666e-01 1.970165653123346416e+01 4.289421601121890838e-03
7.000000000000000666e-01 2.477877759582540307e+01 4.237365987849676073e-03
7.000000000000000666e-01 3.116427383504581883e+01 4.254925561060466863e-03
7.000000000000000666e-01 3.919531380875490356e+01 4.347483343542845290e-03
7.000000000000000666e-01 4.678609503108391010e+01 4.454556611053829204e-03
7.000000000000000666e-01 4.929595448616407793e+01 4.481526826660598914e-03
7.000000000000000666e-01 5.350409842016262729e+01 4.534750080798104904e-03
7.000000000000000666e-01 6.022210180924133738e+01 4.584164607887933514e-03
7.000000000000000666e-01 6.199953240734506466e+01 4.588375560179205545e-03
7.000000000000000666e-01 6.694010519832005457e+01 4.599605163737571778e-03
7.000000000000000666e-01 7.365810858739877176e+01 4.587717873091525997e-03
7.000000000000000666e-01 7.797682505180651447e+01 4.557784702074925594e-03
7.000000000000000666e-01 8.037611197647748895e+01 4.537867071086399903e-03
7.000000000000000666e-01 8.709411536555620614e+01 4.444929712593781099e-03
7.000000000000000666e-01 9.381211875463492333e+01 4.324050944275938113e-03
7.000000000000000666e-01 1.005301221437136405e+02 4.161132226046348852e-03
7.000000000000000666e-01 1.072481255327923577e+02 3.966954911129188556e-03
7.000000000000000666e-01 1.139661289218710749e+02 3.757093808166428288e-03
7.000000000000000666e-01 1.206841323109497921e+02 3.511717836456445911e-03
7.000000000000000666e-01 1.274021357000284809e+02 3.260525577999028209e-03
7.000000000000000666e-01 1.341201390891071981e+02 3.000316171567569880e-03
7.000000000000000666e-01 1.408381424781859153e+02 2.727298002061560520e-03
7.000000000000000666e-01 1.475561458672646324e+02 2.463936236770481163e-03
7.000000000000000666e-01 1.542741492563433496e+02 2.203373187485332171e-03
7.000000000000000666e-01 1.609921526454220668e+02 1.954123393121000481e-03
7.000000000000000666e-01 1.677101560345007840e+02 1.714278748593487398e-03
7.000000000000000666e-01 1.744281594235795012e+02 1.494361228412747740e-03
7.000000000000000666e-01 1.811461628126582184e+02 1.287930234962411354e-03
7.000000000000000666e-01 1.878641662017369356e+02 1.102836760128123907e-03
7.000000000000000666e-01 1.945821695908156528e+02 9.358598238716212469e-04
7.000000000000000666e-01 2.013001729798943700e+02 7.865071967040594908e-04
7.000000000000000666e-01 2.080181763689730587e+02 6.558564305465317120e-04
7.000000000000000666e-01 2.147361797580517759e+02 5.420895500857556394e-04
7.000000000000000666e-01 2.214541831471304931e+02 4.428026206906080214e-04
7.000000000000000666e-01 2.281721865362092103e+02 3.599606663449713231e-04
7.000000000000000666e-01 2.348901899252879275e+02 2.884987789109875089e-04
7.000000000000000666e-01 2.416081933143666447e+02 2.295532005044510575e-04
7.000000000000000666e-01 2.483261967034453619e+02 1.797002012822820243e-04
7.000000000000000666e-01 2.550442000925240791e+02 1.394276780586536230e-04
7.000000000000000666e-01 2.617622034816027963e+02 1.065909172504035012e-04
7.000000000000000666e-01 2.684802068706815135e+02 7.995523680644783956e-05
7.000000000000000666e-01 2.751982102597602307e+02 5.834945230657619217e-05
7.000000000000000666e-01 2.819162136488389478e+02 4.138804201709927674e-05
7.000000000000000666e-01 2.886342170379176650e+02 2.795841838781064923e-05
7.000000000000000666e-01 2.953522204269963822e+02 1.728899095030243097e-05
7.000000000000000666e-01 3.020702238160750994e+02 9.004029520577396141e-06
7.000000000000000666e-01 3.087882272051538166e+02 2.378220591431895532e-06
7.000000000000000666e-01 3.119073002072260579e+02 0.000000000000000000e+00
8.000000000000000444e-01 1.000000000000000000e+00 1.077430293157337696e-02
8.000000000000000444e-01 1.262462995208885497e+00 9.339206602853823355e-03
8.000000000000000444e-01 1.593812814271790224e+00 8.738822412021073766e-03
8.000000000000000444e-01 2.012129699307867448e+00 7.372921933012647339e-03
8.000000000000000444e-01 2.540239286936964103e+00 6.522061436171746295e-03
8.000000000000000444e-01 3.206958098733722728e+00 6.034892885776166858e-03
8.000000000000000444e-01 4.048665926836768847e+00 5.140057040323058220e-03
8.000000000000000444e-01 5.111290912594504299e+00 4.611316869173447477e-03
8.000000000000000444e-01 6.452815634898016128e+00 4.446350242623757845e-03
8.000000000000000444e-01 8.146440953964075860e+00 4.098957113816743651e-03
8.000000000000000444e-01 1.028458024703381390e+01 3.886482172147313029e-03
8.000000000000000444e-01 1.298390198313644639e+01 3.728433750783114245e-03
8.000000000000000444e-01 1.639169578712903075e+01 3.628360548191159312e-03
8.000000000000000444e-01 2.069390935997178005e+01 3.608408764345526123e-03
8.000000000000000444e-01 2.612529479317116099e+01 3.681112590862933940e-03
8.000000000000000444e-01 3.298221791530197322e+01 3.850828814312583226e-03
8.000000000000000444e-01 4.163882961798428539e+01 4.109366852672577224e-03
8.000000000000000444e-01 5.026963543125973644e+01 4.358355117758365947e-03
8.000000000000000444e-01 5.256748155651288101e+01 4.428625729283556557e-03
8.000000000000000444e-01 5.748783949318421094e+01 4.565906983254858394e-03
8.000000000000000444e-01 6.470604355510867833e+01 4.735959645696635571e-03
8.000000000000000444e-01 6.636450021642311015e+01 4.772288472987925266e-03
8.000000000000000444e-01 7.192424761703315994e+01 4.869094371295279271e-03
8.000000000000000444e-01 7.914245167895762734e+01 4.963052353122944862e-03
8.000000000000000444e-01 8.378272571876622976e+01 4.989085311942202845e-03
8.000000000000000444e-01 8.636065574088209473e+01 5.006564581487080515e-03
8.000000000000000444e-01 9.357885980280657634e+01 4.999226089223380264e-03
8.000000000000000444e-01 1.007970638647310579e+02 4.931466275156195372e-03
8.000000000000000444e-01 1.080152679266555253e+02 4.821428840585163973e-03
8.000000000000000444e-01 1.152334719885799927e+02 4.662055251577900891e-03
8.000000000000000444e-01 1.224516760505044601e+02 4.456767138771911864e-03
8.000000000000000444e-01 1.296698801124289560e+02 4.218232516527172307e-03
8.000000000000000444e-01 1.368880841743534234e+02 3.951998198995960304e-03
8.000000000000000444e-01 1.441062882362778907e+02 3.655822995965932968e-03
8.000000000000000444e-01 1.513244922982023581e+02 3.351356397173064616e-03
8.000000000000000444e-01 1.585426963601268540e+02 3.036218303089827791e-03
8.000000000000000444e-01 1.657609004220513214e+02 2.733504918406408097e-03
8.000000000000000444e-01 1.729791044839757888e+02 2.424843476833888657e-03
8.000000000000000444e-01 1.801973085459002561e+02 2.134002554143590684e-03
8.000000000000000444e-01 1.874155126078247235e+02 1.859237262343460019e-03
8.000000000000000444e-01 1.946337166697491909e+02 1.603790566402300399e-03
8.000000000000000444e-01 2.018519207316736868e+02 1.368419948820537389e-03
8.000000000000000444e-01 2.090701247935981542e+02 1.159001411061946849e-03
8.000000000000000444e-01 2.162883288555226216e+02 9.684195724480955305e-04
8.000000000000000444e-01 2.235065329174470889e+02 8.041252685133175272e-04
8.000000000000000444e-01 2.307247369793715563e+02 6.607040099306930089e-04
8.000000000000000444e-01 2.379429410412960522e+02 5.377172391540037313e-04
8.000000000000000444e-01 2.451611451032205196e+02 4.338073375147835122e-04
8.000000000000000444e-01 2.523793491651449870e+02 3.454499866231082504e-04
8.000000000000000444e-01 2.595975532270694544e+02 2.726830997040820856e-04
8.000000000000000444e-01 2.668157572889939502e+02 2.117913016665979437e-04
8.000000000000000444e-01 2.740339613509184460e+02 1.632057342463787380e-04
8.000000000000000444e-01 2.812521654128428850e+02 1.232191536322024871e-04
8.000000000000000444e-01 2.884703694747673808e+02 9.119504816072357487e-05
8.000000000000000444e-01 2.956885735366918198e+02 6.641839242915508965e-05
8.000000000000000444e-01 3.029067775986163156e+02 4.647135046565004747e-05
8.000000000000000444e-01 3.101249816605408114e+02 3.106121359923498548e-05
8.000000000000000444e-01 3.173431857224653072e+02 1.896166125355131513e-05
8.000000000000000444e-01 3.245613897843897462e+02 9.675777336796397021e-06
8.000000000000000444e-01 3.317795938463142420e+02 2.572891300099558727e-06
8.000000000000000444e-01 3.351309028750649190e+02 0.000000000000000000e+00
9.000000000000000222e-01 1.000000000000000000e+00 7.851743294010853427e-03
9.000000000000000222e-01 1.265325939296062518e+00 7.073862167901735255e-03
9.000000000000000222e-01 1.601049732655463131e+00 6.499303852177929462e-03
9.000000000000000222e-01 2.025849756831983761e+00 5.487139484806045388e-03
9.000000000000000222e-01 2.563360246436130030e+00 4.910879119598919249e-03
9.000000000000000222e-01 3.243486211575982825e+00 4.522573884957475573e-03
9.000000000000000222e-01 4.104067237256208145e+00 3.863613873434820246e-03
9.000000000000000222e-01 5.192982731915408046e+00 3.575477412209382162e-03
9.000000000000000222e-01 6.570815753009096483e+00 3.471313141948065891e-03
9.000000000000000222e-01 8.314223614617599623e+00 3.196904065136558018e-03
9.000000000000000222e-01 1.052020280468352098e+01 3.071850399809965184e-03
9.000000000000000222e-01 1.331148549542124471e+01 3.005938017154772494e-03
9.000000000000000222e-01 1.684336788791980410e+01 2.961290619346112259e-03
9.000000000000000222e-01 2.131235029369125655e+01 3.034085647425261139e-03
9.000000000000000222e-01 2.696706965397161326e+01 3.158573051929672824e-03
9.000000000000000222e-01 3.412213273997396357e+01 3.416809368837704555e-03
9.000000000000000222e-01 4.317561965999249907e+01 3.764016245709290824e-03
9.000000000000000222e-01 5.248039115355962991e+01 4.126900237862592656e-03
9.000000000000000222e-01 5.463123150096956948e+01 4.208469687873077347e-03
9.000000000000000222e-01 6.001603706278870476e+01 4.408553630963196572e-03
9.000000000000000222e-01 6.755168297201777250e+01 4.665895127740679778e-03
9.000000000000000222e-01 6.912631431386493830e+01 4.719991522765847741e-03
9.000000000000000222e-01 7.508732888124686156e+01 4.881304855895316798e-03
9.000000000000000222e-01 8.262297479047592219e+01 5.055301724833624437e-03
9.000000000000000222e-01 8.746731858926602854e+01 5.142564710426618217e-03
9.000000000000000222e-01 9.015862069970501125e+01 5.177846991427515443e-03
9.000000000000000222e-01 9.769426660893407188e+01 5.237822376568932771e-03
9.000000000000000222e-01 1.052299125181631609e+02 5.230383669407343700e-03
9.000000000000000222e-01 1.127655584273922216e+02 5.173771202644146874e-03
9.000000000000000222e-01 1.203012043366213106e+02 5.046321885820544834e-03
9.000000000000000222e-01 1.278368502458503713e+02 4.869753834264403322e-03
9.000000000000000222e-01 1.353724961550794603e+02 4.641171734288670157e-03
9.000000000000000222e-01 1.429081420643085210e+02 4.375768838089521759e-03
9.000000000000000222e-01 1.504437879735376100e+02 4.073343392491322532e-03
9.000000000000000222e-01 1.579794338827666706e+02 3.755297536191672982e-03
9.000000000000000222e-01 1.655150797919957597e+02 3.416598793078869795e-03
9.000000000000000222e-01 1.730507257012248203e+02 3.081987134422821406e-03
9.000000000000000222e-01 1.805863716104538810e+02 2.749706322571137101e-03
9.000000000000000222e-01 1.881220175196829700e+02 2.420423498429942824e-03
9.000000000000000222e-01 1.956576634289120591e+02 2.108333633765955076e-03
9.000000000000000222e-01 2.031933093381411197e+02 1.820243095546446657e-03
9.000000000000000222e-01 2.107289552473701804e+02 1.553313073941393766e-03
9.000000000000000222e-01 2.182646011565992694e+02 1.315323350580368308e-03
9.000000000000000222e-01 2.258002470658283585e+02 1.100239471429507662e-03
9.000000000000000222e-01 2.333358929750574191e+02 9.115136497146689729e-04
9.000000000000000222e-01 2.408715388842864797e+02 7.464997440894873687e-04
9.000000000000000222e-01 2.484071847935155688e+02 6.056397293931265651e-04
9.000000000000000222e-01 2.559428307027446579e+02 4.844265664192858099e-04
9.000000000000000222e-01 2.634784766119737469e+02 3.851014834384114795e-04
9.000000000000000222e-01 2.710141225212028075e+02 3.019153641576664089e-04
9.000000000000000222e-01 2.785497684304318682e+02 2.344086966964158050e-04
9.000000000000000222e-01 2.860854143396609857e+02 1.794063732249475394e-04
9.000000000000000222e-01 2.936210602488900463e+02 1.348898318305122291e-04
9.000000000000000222e-01 3.011567061581191069e+02 9.974670631800537548e-05
9.000000000000000222e-01 3.086923520673481676e+02 7.154807338758073466e-05
9.000000000000000222e-01 3.162279979765772850e+02 4.991280537621901571e-05
9.000000000000000222e-01 3.237636438858063457e+02 3.336152317272650993e-05
9.000000000000000222e-01 3.312992897950354063e+02 2.010716354699619636e-05
9.000000000000000222e-01 3.388349357042645238e+02 1.021062740891298422e-05
9.000000000000000222e-01 3.463705816134935844e+02 2.832018452308628915e-06
9.000000000000000222e-01 3.498692743570642278e+02 0.000000000000000000e+00
1.000000000000000000e+00 1.000000000000000000e+00 7.138260463367054366e-03
1.000000000000000000e+00 1.266279697971193885e+00 6.500282889650396342e-03
1.000000000000000000e+00 1.603464273494018322e+00 5.745813471972371564e-03
1.000000000000000000e+00 2.030434255947605404e+00 4.957937629626412573e-03
1.000000000000000000e+00 2.571097676371699503e+00 4.459446809845134252e-03
1.000000000000000000e+00 3.255728789090394759e+00 4.001063327894201389e-03
1.000000000000000000e+00 4.122663267725505953e+00 3.539021019521326229e-03
1.000000000000000000e+00 5.220444797492389988e+00 3.280461707955047591e-03
1.000000000000000000e+00 6.610543261443953433e+00 3.127684031295699905e-03
1.000000000000000000e+00 8.370796724526760713e+00 2.730526064471575694e-03
1.000000000000000000e+00 1.059976994811200690e+01 2.815564248305571417e-03
1.000000000000000000e+00 1.342227348845940860e+01 2.762744195801063000e-03
1.000000000000000000e+00 1.699635241905314231e+01 2.737093381487838619e-03
1.000000000000000000e+00 2.152213600781058389e+01 2.837880798111846667e-03
1.000000000000000000e+00 2.725304388366535591e+01 2.982771625183149120e-03
1.000000000000000000e+00 3.450997617780345905e+01 3.210795040717351161e-03
1.000000000000000000e+00 4.369928221142205871e+01 3.633449146422957927e-03
1.000000000000000000e+00 5.323711173743587466e+01 4.021301630088893082e-03
1.000000000000000000e+00 5.533551388023749240e+01 4.107848584909815776e-03
1.000000000000000000e+00 6.088141496127282437e+01 4.332991919767557702e-03
1.000000000000000000e+00 6.852571818510976698e+01 4.607909135314645216e-03
1.000000000000000000e+00 7.007023780334793628e+01 4.658645464866280339e-03
1.000000000000000000e+00 7.617002140894670958e+01 4.865946626634893614e-03
1.000000000000000000e+00 8.381432463278366640e+01 5.057823104872679471e-03
1.000000000000000000e+00 8.872851956239314575e+01 5.168268901344049045e-03
1.000000000000000000e+00 9.145862785662060901e+01 5.220151085018755188e-03
1.000000000000000000e+00 9.910293108045755162e+01 5.292703243383912147e-03
1.000000000000000000e+00 1.067472343042944942e+02 5.313115453924028772e-03
1.000000000000000000e+00 1.143915375281314368e+02 5.271338046115339390e-03
1.000000000000000000e+00 1.220358407519683794e+02 5.163488053570829996e-03
1.000000000000000000e+00 1.296801439758053220e+02 5.001903651188906869e-03
1.000000000000000000e+00 1.373244471996422931e+02 4.782980998743532365e-03
1.000000000000000000e+00 1.449687504234792357e+02 4.512886549567081754e-03
1.000000000000000000e+00 1.526130536473161783e+02 4.214503916352698235e-03
1.000000000000000000e+00 1.602573568711531209e+02 3.889177246449029759e-03
1.000000000000000000e+00 1.679016600949900635e+02 3.542392166062676741e-03
1.000000000000000000e+00 1.755459633188270061e+02 3.205609476008289098e-03
1.000000000000000000e+00 1.831902665426639487e+02 2.851845957949620657e-03
1.000000000000000000e+00 1.908345697665008913e+02 2.518605176707721955e-03
1.000000000000000000e+00 1.984788729903378339e+02 2.201543288331094927e-03
1.000000000000000000e+00 2.061231762141747765e+02 1.892068439628255463e-03
1.000000000000000000e+00 2.137674794380117476e+02 1.622249563491141421e-03
1.000000000000000000e+00 2.214117826618486902e+02 1.371336833650688971e-03
1.000000000000000000e+00 2.290560858856856328e+02 1.146974020826935703e-03
1.000000000000000000e+00 2.367003891095225754e+02 9.441267311250839704e-04
1.000000000000000000e+00 2.443446923333595180e+02 7.731740257404754596e-04
1.000000000000000000e+00 2.519889955571964606e+02 6.261363577274090117e-04
1.000000000000000000e+00 2.596332987810334316e+02 5.066447732093522270e-04
1.000000000000000000e+00 2.672776020048704027e+02 3.996982369784770239e-04
1.000000000000000000e+00 2.749219052287073168e+02 3.145961864207361559e-04
1.000000000000000000e+00 2.825662084525442879e+02 2.418507264410714648e-04
1.000000000000000000e+00 2.902105116763812021e+02 1.849393404083252927e-04
1.000000000000000000e+00 2.978548149002181731e+02 1.407259724528474602e-04
1.000000000000000000e+00 3.054991181240550873e+02 1.033078600638225752e-04
1.000000000000000000e+00 3.131434213478920583e+02 7.093585927604835679e-05
1.000000000000000000e+00 3.207877245717290293e+02 5.031382436852655763e-05
1.000000000000000000e+00 3.284320277955659435e+02 3.615694091761543919e-05
1.000000000000000000e+00 3.360763310194029145e+02 2.169135083801953441e-05
1.000000000000000000e+00 3.437206342432398287e+02 1.053704550614524305e-05
1.000000000000000000e+00 3.513649374670767997e+02 3.755049813780200997e-06
1.000000000000000000e+00 3.549140782495725261e+02 0.000000000000000000e+00
