# mx [GeV]: 10.0
# sigma_p [cm^2]: 1.58489319246e-31
# depth [m]: 0.3
# loc: MPI
# Columns: gamma/pi, v [km/s], f(v, gamma) [s/km]
0.000000000000000000e+00 1.000000000000000000e+00 1.757594337525280137e-07
0.000000000000000000e+00 1.275489746217573162e+00 2.855135799856302812e-07
0.000000000000000000e+00 1.626874092706168895e+00 4.634043015065668017e-07
0.000000000000000000e+00 2.075061223633735796e+00 7.510894222456245781e-07
0.000000000000000000e+00 2.646719313518520522e+00 1.214810569843839748e-06
0.000000000000000000e+00 3.375863345508886670e+00 1.958187378075980872e-06
0.000000000000000000e+00 4.305879081828337895e+00 3.139484055222448684e-06
0.000000000000000000e+00 5.492104617324781834e+00 4.990456749392258873e-06
0.000000000000000000e+00 7.005123124551947633e+00 7.824003302710872700e-06
0.000000000000000000e+00 8.934962716357617296e+00 1.201006552545603639e-05
0.000000000000000000e+00 1.139645332755045359e+01 1.784093117430425460e-05
0.000000000000000000e+00 1.453605936253774544e+01 2.528497423145159855e-05
0.000000000000000000e+00 1.854059466732684669e+01 3.372561974892162218e-05
0.000000000000000000e+00 2.364833838695161106e+01 4.245196299286221420e-05
0.000000000000000000e+00 3.016321312764019069e+01 5.310793585638941814e-05
0.000000000000000000e+00 3.847286905728035578e+01 7.169071417221584488e-05
0.000000000000000000e+00 4.907174999013244587e+01 1.034318592700939407e-04
0.000000000000000000e+00 6.109613134822377134e+01 1.456549961735206517e-04
0.000000000000000000e+00 6.259051394136623259e+01 1.507204552735531714e-04
0.000000000000000000e+00 6.986890918284052532e+01 1.753239504219108384e-04
0.000000000000000000e+00 7.864168701745727219e+01 2.046992902442051887e-04
0.000000000000000000e+00 7.983355874270070274e+01 2.086144030761481749e-04
0.000000000000000000e+00 8.741446485207401906e+01 2.327766829034488187e-04
0.000000000000000000e+00 9.618724268669076594e+01 2.589037653284501886e-04
0.000000000000000000e+00 1.018268855803729878e+02 2.741507913439868898e-04
0.000000000000000000e+00 1.049600205213075128e+02 2.822682091036186045e-04
0.000000000000000000e+00 1.137327983559242739e+02 3.030277886551028502e-04
0.000000000000000000e+00 1.225055761905410066e+02 3.203526704476186314e-04
0.000000000000000000e+00 1.312783540251577676e+02 3.341819258124891900e-04
0.000000000000000000e+00 1.400511318597745003e+02 3.445381615661281794e-04
0.000000000000000000e+00 1.488239096943912614e+02 3.513709348218819507e-04
0.000000000000000000e+00 1.575966875290079940e+02 3.545638269646969295e-04
0.000000000000000000e+00 1.663694653636247551e+02 3.548106849992158779e-04
0.000000000000000000e+00 1.751422431982415162e+02 3.513525259635285150e-04
0.000000000000000000e+00 1.839150210328582489e+02 3.456204983875706756e-04
0.000000000000000000e+00 1.926877988674749815e+02 3.376170811954797187e-04
0.000000000000000000e+00 2.014605767020917426e+02 3.268057310803563543e-04
0.000000000000000000e+00 2.102333545367085037e+02 3.139044662670433081e-04
0.000000000000000000e+00 2.190061323713252364e+02 2.994394383678532245e-04
0.000000000000000000e+00 2.277789102059419974e+02 2.844250719510387024e-04
0.000000000000000000e+00 2.365516880405587301e+02 2.680388116881970810e-04
0.000000000000000000e+00 2.453244658751754912e+02 2.511516993285040360e-04
0.000000000000000000e+00 2.540972437097922239e+02 2.341273418367784912e-04
0.000000000000000000e+00 2.628700215444089849e+02 2.168135532661648692e-04
0.000000000000000000e+00 2.716427993790257460e+02 1.990309438718660794e-04
0.000000000000000000e+00 2.804155772136425071e+02 1.827145887951468067e-04
0.000000000000000000e+00 2.891883550482592682e+02 1.666303118400037117e-04
0.000000000000000000e+00 2.979611328828759724e+02 1.505623653800524395e-04
0.000000000000000000e+00 3.067339107174927335e+02 1.357233695967119066e-04
0.000000000000000000e+00 3.155066885521094946e+02 1.196170496946372569e-04
0.000000000000000000e+00 3.242794663867261988e+02 1.046578892291852108e-04
0.000000000000000000e+00 3.330522442213429599e+02 9.090177168749174206e-05
0.000000000000000000e+00 3.418250220559597210e+02 7.836232036957253822e-05
0.000000000000000000e+00 3.505977998905764821e+02 6.617872330341191805e-05
0.000000000000000000e+00 3.593705777251932432e+02 5.505971893969746395e-05
0.000000000000000000e+00 3.681433555598099474e+02 4.448032124448989292e-05
0.000000000000000000e+00 3.769161333944267085e+02 3.691715396795624930e-05
0.000000000000000000e+00 3.856889112290434696e+02 2.757447423407575983e-05
0.000000000000000000e+00 3.944616890636602307e+02 1.843925063368827332e-05
0.000000000000000000e+00 4.032344668982769349e+02 9.599331694472453512e-06
0.000000000000000000e+00 4.073075423214918374e+02 0.000000000000000000e+00
1.000000000000000056e-01 1.000000000000000000e+00 1.758018429443581553e-07
1.000000000000000056e-01 1.285087279356122991e+00 2.899286901482063760e-07
1.000000000000000056e-01 1.651449315562921960e+00 4.776838033398955856e-07
1.000000000000000056e-01 2.122256507931286507e+00 7.860241462168076102e-07
1.000000000000000056e-01 2.727284841873243160e+00 1.290589720397113565e-06
1.000000000000000056e-01 3.504799057472079760e+00 2.111764031255042378e-06
1.000000000000000056e-01 4.503972685456699487e+00 3.436303448974753915e-06
1.000000000000000056e-01 5.787998004647840311e+00 5.540086290615357301e-06
1.000000000000000056e-01 7.438082608711560795e+00 8.801167440629804737e-06
1.000000000000000056e-01 9.558585343255233013e+00 1.367187154063101923e-05
1.000000000000000056e-01 1.228361643325717978e+01 2.047975228966249160e-05
1.000000000000000056e-01 1.578551922286863629e+01 2.912439772576525985e-05
1.000000000000000056e-01 2.028576995134002914e+01 3.876450323562048256e-05
1.000000000000000056e-01 2.606898491641174331e+01 4.878979425110491138e-05
1.000000000000000056e-01 3.350092090180738325e+01 6.208026051752611914e-05
1.000000000000000056e-01 4.305160729762832972e+01 8.622972826026431244e-05
1.000000000000000056e-01 5.532507289401738149e+01 1.279969887766841318e-04
1.000000000000000056e-01 7.044839760066074064e+01 1.827082208648641713e-04
1.000000000000000056e-01 7.109754740555196406e+01 1.850275112384721992e-04
1.000000000000000056e-01 8.056406494844792121e+01 2.182407972953169506e-04
1.000000000000000056e-01 9.067973229623510178e+01 2.523206794135971561e-04
1.000000000000000056e-01 9.136655376429376929e+01 2.544210792397920374e-04
1.000000000000000056e-01 1.007953996440222966e+02 2.837629658208609619e-04
1.000000000000000056e-01 1.109110669918094771e+02 3.117861891555905908e-04
1.000000000000000056e-01 1.174139960011012391e+02 3.277877352185442055e-04
1.000000000000000056e-01 1.210267343395966577e+02 3.359591854706118911e-04
1.000000000000000056e-01 1.311424016873838525e+02 3.554185284301807752e-04
1.000000000000000056e-01 1.412580690351710473e+02 3.707783110433535015e-04
1.000000000000000056e-01 1.513737363829582137e+02 3.806580215650771709e-04
1.000000000000000056e-01 1.614894037307453800e+02 3.863447393765957012e-04
1.000000000000000056e-01 1.716050710785325748e+02 3.871671113230952749e-04
1.000000000000000056e-01 1.817207384263197696e+02 3.839566208505875962e-04
1.000000000000000056e-01 1.918364057741069360e+02 3.771416907960995759e-04
1.000000000000000056e-01 2.019520731218941307e+02 3.668763896724110130e-04
1.000000000000000056e-01 2.120677404696813255e+02 3.535188587793334928e-04
1.000000000000000056e-01 2.221834078174684919e+02 3.377802399701804268e-04
1.000000000000000056e-01 2.322990751652556867e+02 3.196889788432028283e-04
1.000000000000000056e-01 2.424147425130428815e+02 3.010395893922833670e-04
1.000000000000000056e-01 2.525304098608300478e+02 2.806695438357098560e-04
1.000000000000000056e-01 2.626460772086172710e+02 2.596014846767023473e-04
1.000000000000000056e-01 2.727617445564044374e+02 2.387559725098993254e-04
1.000000000000000056e-01 2.828774119041916038e+02 2.180469007907582884e-04
1.000000000000000056e-01 2.929930792519787701e+02 1.976626575987234732e-04
1.000000000000000056e-01 3.031087465997659365e+02 1.781092792717207376e-04
1.000000000000000056e-01 3.132244139475531597e+02 1.577053739672801388e-04
1.000000000000000056e-01 3.233400812953403829e+02 1.375522948586492295e-04
1.000000000000000056e-01 3.334557486431275493e+02 1.187868230145364156e-04
1.000000000000000056e-01 3.435714159909147156e+02 1.014942236736731578e-04
1.000000000000000056e-01 3.536870833387018820e+02 8.520565906961066272e-05
1.000000000000000056e-01 3.638027506864890483e+02 6.999898108631951474e-05
1.000000000000000056e-01 3.739184180342762147e+02 5.736709919691443735e-05
1.000000000000000056e-01 3.840340853820634948e+02 4.640279046652945886e-05
1.000000000000000056e-01 3.941497527298506611e+02 3.725379605225071953e-05
1.000000000000000056e-01 4.042654200776378275e+02 2.929824231468321433e-05
1.000000000000000056e-01 4.143810874254249939e+02 2.250592301817482698e-05
1.000000000000000056e-01 4.244967547732121602e+02 1.661992442904164130e-05
1.000000000000000056e-01 4.346124221209993266e+02 1.170715261619087249e-05
1.000000000000000056e-01 4.447280894687866066e+02 7.482691293768113216e-06
1.000000000000000056e-01 4.548437568165737730e+02 4.010572573897973206e-06
1.000000000000000056e-01 4.649594241643608825e+02 1.201261811237061761e-06
1.000000000000000056e-01 4.696559840044049565e+02 0.000000000000000000e+00
2.000000000000000111e-01 1.000000000000000000e+00 1.759160164804589553e-07
2.000000000000000111e-01 1.294325428522251409e+00 2.943702105287691870e-07
2.000000000000000111e-01 1.675278314919310008e+00 4.922839638887133087e-07
2.000000000000000111e-01 2.168355322851971412e+00 8.223609450698361195e-07
2.000000000000000111e-01 2.806557432438882671e+00 1.371369554667464716e-06
2.000000000000000111e-01 3.632598651413766699e+00 2.280184869233895715e-06
2.000000000000000111e-01 4.701764806140476871e+00 3.773797383908367569e-06
2.000000000000000111e-01 6.085613747518612726e+00 6.196462106932523410e-06
2.000000000000000111e-01 7.876764621577933667e+00 1.004589117465707585e-05
2.000000000000000111e-01 1.019509674419276735e+01 1.594815045538947718e-05
2.000000000000000111e-01 1.319577296225311613e+01 2.448846576673193552e-05
2.000000000000000111e-01 1.707962449405060568e+01 3.568943979106642861e-05
2.000000000000000111e-01 2.210659229226119749e+01 4.842591993113053069e-05
2.000000000000000111e-01 2.861312454184767873e+01 6.114496713654035036e-05
2.000000000000000111e-01 3.703469468398753150e+01 7.686196661676118313e-05
2.000000000000000111e-01 4.793494706704291275e+01 1.083318495359525207e-04
2.000000000000000111e-01 6.204342090374176877e+01 1.630320863506618846e-04
2.000000000000000111e-01 8.030437734822199047e+01 2.384362423441971650e-04
2.000000000000000111e-01 8.071930917874421141e+01 2.401511275106715619e-04
2.000000000000000111e-01 9.230977408646133142e+01 2.866496646406316339e-04
2.000000000000000111e-01 1.039002389941784514e+02 3.310797833927903275e-04
2.000000000000000111e-01 1.039399976234499690e+02 3.313341990225138786e-04
2.000000000000000111e-01 1.154907039018955572e+02 3.719319537687330868e-04
2.000000000000000111e-01 1.270811688096126773e+02 4.081176585926740447e-04
2.000000000000000111e-01 1.345321819645737094e+02 4.282509587785086002e-04
2.000000000000000111e-01 1.386716337173297973e+02 4.388601166776483469e-04
2.000000000000000111e-01 1.502620986250469173e+02 4.634058821433881888e-04
2.000000000000000111e-01 1.618525635327640373e+02 4.816688445185274129e-04
2.000000000000000111e-01 1.734430284404811573e+02 4.936893407848168790e-04
2.000000000000000111e-01 1.850334933481982773e+02 4.989269489070207895e-04
2.000000000000000111e-01 1.966239582559153973e+02 4.980269059771971719e-04
2.000000000000000111e-01 2.082144231636325173e+02 4.915433970373086223e-04
2.000000000000000111e-01 2.198048880713496374e+02 4.807490113980670480e-04
2.000000000000000111e-01 2.313953529790667289e+02 4.643776387190888793e-04
2.000000000000000111e-01 2.429858178867838774e+02 4.442014913811588779e-04
2.000000000000000111e-01 2.545762827945009690e+02 4.210426189648114239e-04
2.000000000000000111e-01 2.661667477022181174e+02 3.959768308673190427e-04
2.000000000000000111e-01 2.777572126099352090e+02 3.690059211795680585e-04
2.000000000000000111e-01 2.893476775176523574e+02 3.405051229397863420e-04
2.000000000000000111e-01 3.009381424253694490e+02 3.117489636253651959e-04
2.000000000000000111e-01 3.125286073330865975e+02 2.818621880337047287e-04
2.000000000000000111e-01 3.241190722408036891e+02 2.501813506780657236e-04
2.000000000000000111e-01 3.357095371485208375e+02 2.211127373422542902e-04
2.000000000000000111e-01 3.473000020562379291e+02 1.939653613710193346e-04
2.000000000000000111e-01 3.588904669639550207e+02 1.693310396087906351e-04
2.000000000000000111e-01 3.704809318716721691e+02 1.465441009417123709e-04
2.000000000000000111e-01 3.820713967793892607e+02 1.254342057805180109e-04
2.000000000000000111e-01 3.936618616871064091e+02 1.066829700735033028e-04
2.000000000000000111e-01 4.052523265948235007e+02 8.963503982388082447e-05
2.000000000000000111e-01 4.168427915025406492e+02 7.453564988875257158e-05
2.000000000000000111e-01 4.284332564102577408e+02 6.115382235509950561e-05
2.000000000000000111e-01 4.400237213179748892e+02 4.948750630120897487e-05
2.000000000000000111e-01 4.516141862256919808e+02 3.953705497156059930e-05
2.000000000000000111e-01 4.632046511334090724e+02 3.092070648801090394e-05
2.000000000000000111e-01 4.747951160411262208e+02 2.349650900463555963e-05
2.000000000000000111e-01 4.863855809488433124e+02 1.725900708250271100e-05
2.000000000000000111e-01 4.979760458565604608e+02 1.194495498778759608e-05
2.000000000000000111e-01 5.095665107642775524e+02 7.661007610190929989e-06
2.000000000000000111e-01 5.211569756719947009e+02 4.087670403967032264e-06
2.000000000000000111e-01 5.327474405797117925e+02 1.160256350179136016e-06
2.000000000000000111e-01 5.381287278582947238e+02 0.000000000000000000e+00
3.000000000000000444e-01 1.000000000000000000e+00 1.760674442844582874e-07
3.000000000000000444e-01 1.302268749070606635e+00 2.983943041339272473e-07
3.000000000000000444e-01 1.695903894805922629e+00 5.055332056695515203e-07
3.000000000000000444e-01 2.208522643632878424e+00 8.558018142893852490e-07
3.000000000000000444e-01 2.876090020417897630e+00 1.447333532230251062e-06
3.000000000000000444e-01 3.745442153104071803e+00 2.443350785260620034e-06
3.000000000000000444e-01 4.877572267439158615e+00 4.112739916656387834e-06
3.000000000000000444e-01 6.351909935219475223e+00 6.886204609016401434e-06
3.000000000000000444e-01 8.271893805547424705e+00 1.143040008416498313e-05
3.000000000000000444e-01 1.077222879859514570e+01 1.868249778003244587e-05
3.000000000000000444e-01 1.402833692224886342e+01 2.968130237474347834e-05
3.000000000000000444e-01 1.826866477527803312e+01 4.489927613833237253e-05
3.000000000000000444e-01 2.379071122409157724e+01 6.266338575280570834e-05
3.000000000000000444e-01 3.098189974529777757e+01 7.889701571344996428e-05
3.000000000000000444e-01 4.034675982513987691e+01 9.662706757960899087e-05
3.000000000000000444e-01 5.254232444653711553e+01 1.362256987564642750e-04
3.000000000000000444e-01 6.842422713025383985e+01 2.107327185004538095e-04
3.000000000000000444e-01 8.910673267103872774e+01 3.157935984763224043e-04
3.000000000000000444e-01 9.066987299414684287e+01 3.237866476896984844e-04
3.000000000000000444e-01 1.036891368086910035e+02 3.902769871502788390e-04
3.000000000000000444e-01 1.160409132892826278e+02 4.519799814572069319e-04
3.000000000000000444e-01 1.167084006232351641e+02 4.553918263480463908e-04
3.000000000000000444e-01 1.297276644377793389e+02 5.161981818152245986e-04
3.000000000000000444e-01 1.427469282523234995e+02 5.723276479065647409e-04
3.000000000000000444e-01 1.511164549902447334e+02 6.044734046437891901e-04
3.000000000000000444e-01 1.557661920668676601e+02 6.208643157741590424e-04
3.000000000000000444e-01 1.687854558814118207e+02 6.615884987471162609e-04
3.000000000000000444e-01 1.818047196959559813e+02 6.934012136980850088e-04
3.000000000000000444e-01 1.948239835105001418e+02 7.157332428957154493e-04
3.000000000000000444e-01 2.078432473250443024e+02 7.288025311189601924e-04
3.000000000000000444e-01 2.208625111395884915e+02 7.324757330966254068e-04
3.000000000000000444e-01 2.338817749541326521e+02 7.274556518676539383e-04
3.000000000000000444e-01 2.469010387686768127e+02 7.128822173003723263e-04
3.000000000000000444e-01 2.599203025832209732e+02 6.918879264821993069e-04
3.000000000000000444e-01 2.729395663977651338e+02 6.631461433053571471e-04
3.000000000000000444e-01 2.859588302123092944e+02 6.303877941597489697e-04
3.000000000000000444e-01 2.989780940268534550e+02 5.915568354695640001e-04
3.000000000000000444e-01 3.119973578413976156e+02 5.477354769503271466e-04
3.000000000000000444e-01 3.250166216559417762e+02 5.030179537935083921e-04
3.000000000000000444e-01 3.380358854704859368e+02 4.567373626030995929e-04
3.000000000000000444e-01 3.510551492850300974e+02 4.127277258377321976e-04
3.000000000000000444e-01 3.640744130995742580e+02 3.677439300019786045e-04
3.000000000000000444e-01 3.770936769141184186e+02 3.258592456338913314e-04
3.000000000000000444e-01 3.901129407286625792e+02 2.848595363071762315e-04
3.000000000000000444e-01 4.031322045432067398e+02 2.478786913818408714e-04
3.000000000000000444e-01 4.161514683577509004e+02 2.126360690450350584e-04
3.000000000000000444e-01 4.291707321722950610e+02 1.804119852233426920e-04
3.000000000000000444e-01 4.421899959868392216e+02 1.523246088059643688e-04
3.000000000000000444e-01 4.552092598013833822e+02 1.261243005076659253e-04
3.000000000000000444e-01 4.682285236159275428e+02 1.039973341684782490e-04
3.000000000000000444e-01 4.812477874304717034e+02 8.432881114950010375e-05
3.000000000000000444e-01 4.942670512450158640e+02 6.723590079787726494e-05
3.000000000000000444e-01 5.072863150595600246e+02 5.271239302417981708e-05
3.000000000000000444e-01 5.203055788741041852e+02 4.067278251741969681e-05
3.000000000000000444e-01 5.333248426886483458e+02 3.048285986960229632e-05
3.000000000000000444e-01 5.463441065031925064e+02 2.201280234729214390e-05
3.000000000000000444e-01 5.593633703177366669e+02 1.516284070620388673e-05
3.000000000000000444e-01 5.723826341322808275e+02 9.578580714409876910e-06
3.000000000000000444e-01 5.854018979468249881e+02 4.979627026261164961e-06
3.000000000000000444e-01 5.984211617613691487e+02 1.407382134680870976e-06
3.000000000000000444e-01 6.044658199609789335e+02 0.000000000000000000e+00
4.000000000000000222e-01 1.000000000000000000e+00 1.762124075061284545e-07
4.000000000000000222e-01 1.308335596247561128e+00 3.015604887616182293e-07
4.000000000000000222e-01 1.711742032408461567e+00 5.159890281782619199e-07
4.000000000000000222e-01 2.239533032593136408e+00 8.827002547474757696e-07
4.000000000000000222e-01 2.930060785513850519e+00 1.509431337403966917e-06
4.000000000000000222e-01 3.833502824856860780e+00 2.579339411993656833e-06
4.000000000000000222e-01 5.015508204075810994e+00 4.401640693507865330e-06
4.000000000000000222e-01 6.561967916664061207e+00 7.494798966542232872e-06
4.000000000000000222e-01 8.585256206806041845e+00 1.269992614691121510e-05
4.000000000000000222e-01 1.123239629826965569e+01 2.129386745322565884e-05
4.000000000000000222e-01 1.469574390818553056e+01 3.490700958001852390e-05
4.000000000000000222e-01 1.922696486841738306e+01 5.460485043255478222e-05
4.000000000000000222e-01 2.515532254515176902e+01 7.803159593792087653e-05
4.000000000000000222e-01 3.291160392091085640e+01 9.781939576051834400e-05
4.000000000000000222e-01 4.305942293932848486e+01 1.169237139927874111e-04
4.000000000000000222e-01 5.633617578540224713e+01 1.672356166871772699e-04
4.000000000000000222e-01 7.370662413650167366e+01 2.673729902430799590e-04
4.000000000000000222e-01 9.643300003702479728e+01 4.138865717904652102e-04
4.000000000000000222e-01 9.904105168477323673e+01 4.313618436269839773e-04
4.000000000000000222e-01 1.132623309010483723e+02 5.285906688699893493e-04
4.000000000000000222e-01 1.261667266013818676e+02 6.174786480772073228e-04
4.000000000000000222e-01 1.274836101173234937e+02 6.263417938178697129e-04
4.000000000000000222e-01 1.417048893335986293e+02 7.220097682272073446e-04
4.000000000000000222e-01 1.559261685498737506e+02 8.117073584576950038e-04
4.000000000000000222e-01 1.650684194746220896e+02 8.664520977094799159e-04
4.000000000000000222e-01 1.701474477661489004e+02 8.947891455002910700e-04
4.000000000000000222e-01 1.843687269824240218e+02 9.662203564392815754e-04
4.000000000000000222e-01 1.985900061986991432e+02 1.025349735547648666e-03
4.000000000000000222e-01 2.128112854149742930e+02 1.072934027810185575e-03
4.000000000000000222e-01 2.270325646312494143e+02 1.102915850766526124e-03
4.000000000000000222e-01 2.412538438475245357e+02 1.119448720230257046e-03
4.000000000000000222e-01 2.554751230637996571e+02 1.120938563370015928e-03
4.000000000000000222e-01 2.696964022800748353e+02 1.109067200916209056e-03
4.000000000000000222e-01 2.839176814963499282e+02 1.082408187280736256e-03
4.000000000000000222e-01 2.981389607126250212e+02 1.042074301935646012e-03
4.000000000000000222e-01 3.123602399289002278e+02 9.907265607060518342e-04
4.000000000000000222e-01 3.265815191451753208e+02 9.332272139484183498e-04
4.000000000000000222e-01 3.408027983614504137e+02 8.689032748760057174e-04
4.000000000000000222e-01 3.550240775777256204e+02 7.985161604867163469e-04
4.000000000000000222e-01 3.692453567940007133e+02 7.269712219940578776e-04
4.000000000000000222e-01 3.834666360102758063e+02 6.521500155282873102e-04
4.000000000000000222e-01 3.976879152265510129e+02 5.837313528256924755e-04
4.000000000000000222e-01 4.119091944428261058e+02 5.130428960184645146e-04
4.000000000000000222e-01 4.261304736591011988e+02 4.471629508788703519e-04
4.000000000000000222e-01 4.403517528753764054e+02 3.843063132009989931e-04
4.000000000000000222e-01 4.545730320916514984e+02 3.290610554867114297e-04
4.000000000000000222e-01 4.687943113079265913e+02 2.763578118690574121e-04
4.000000000000000222e-01 4.830155905242017980e+02 2.291014760719471102e-04
4.000000000000000222e-01 4.972368697404768909e+02 1.897071440050400481e-04
4.000000000000000222e-01 5.114581489567519839e+02 1.538469441831586499e-04
4.000000000000000222e-01 5.256794281730271905e+02 1.234584348458731863e-04
4.000000000000000222e-01 5.399007073893022834e+02 9.718213607747588543e-05
4.000000000000000222e-01 5.541219866055773764e+02 7.550858491299414753e-05
4.000000000000000222e-01 5.683432658218525830e+02 5.703703181958230456e-05
4.000000000000000222e-01 5.825645450381276760e+02 4.221621559397341626e-05
4.000000000000000222e-01 5.967858242544027689e+02 3.070238829523495991e-05
4.000000000000000222e-01 6.110071034706779756e+02 2.053828644794305854e-05
4.000000000000000222e-01 6.252283826869530685e+02 1.279181567544187282e-05
4.000000000000000222e-01 6.394496619032281615e+02 6.616716889670470905e-06
4.000000000000000222e-01 6.536709411195033681e+02 1.809205130981723417e-06
4.000000000000000222e-01 6.602736778984882449e+02 0.000000000000000000e+00
5.000000000000000000e-01 1.000000000000000000e+00 1.763132925135417813e-07
5.000000000000000000e-01 1.312350286254910792e+00 3.036652178127578445e-07
5.000000000000000000e-01 1.722263273833346542e+00 5.229702233263072589e-07
5.000000000000000000e-01 2.260212700421512455e+00 9.006686189392803348e-07
5.000000000000000000e-01 2.966190784395156932e+00 1.551001924362239830e-06
5.000000000000000000e-01 3.892681324987662617e+00 2.670246894730331217e-06
5.000000000000000000e-01 5.108561451146704790e+00 4.595339059689841620e-06
5.000000000000000000e-01 6.704222082763181767e+00 7.899126100762070163e-06
5.000000000000000000e-01 8.798287769430755745e+00 1.353507455210946570e-05
5.000000000000000000e-01 1.154643547276553406e+01 2.299166391768380367e-05
5.000000000000000000e-01 1.515296789790770582e+01 3.827035524021515803e-05
5.000000000000000000e-01 1.988600175843065543e+01 6.064830549087754842e-05
5.000000000000000000e-01 2.609740010014213141e+01 8.730783251821706652e-05
5.000000000000000000e-01 3.424893049193046579e+01 1.089914408289424284e-04
5.000000000000000000e-01 4.494659373500949329e+01 1.314082619851665384e-04
5.000000000000000000e-01 5.898567515432289099e+01 1.957314395282867456e-04
5.000000000000000000e-01 7.740986767371482813e+01 3.221967625660742676e-04
5.000000000000000000e-01 1.015888620005544283e+02 5.150758023833589038e-04
5.000000000000000000e-01 1.049776596324473132e+02 5.441743286712496380e-04
5.000000000000000000e-01 1.200513748617217971e+02 6.782500951492047379e-04
5.000000000000000000e-01 1.333201721267382425e+02 8.004963644037527658e-04
5.000000000000000000e-01 1.351250900909962809e+02 8.169497184482478079e-04
5.000000000000000000e-01 1.501988053202707647e+02 9.564298416768259601e-04
5.000000000000000000e-01 1.652725205495452485e+02 1.092493504243440125e-03
5.000000000000000000e-01 1.749627660540789407e+02 1.176182318866378189e-03
5.000000000000000000e-01 1.803462357788197323e+02 1.219858813360097036e-03
5.000000000000000000e-01 1.954199510080942446e+02 1.337005076908113826e-03
5.000000000000000000e-01 2.104936662373687000e+02 1.435826272219573345e-03
5.000000000000000000e-01 2.255673814666432122e+02 1.519586227685426573e-03
5.000000000000000000e-01 2.406410966959176960e+02 1.579131928465171610e-03
5.000000000000000000e-01 2.557148119251921798e+02 1.617212542169361089e-03
5.000000000000000000e-01 2.707885271544666921e+02 1.630641948063671137e-03
5.000000000000000000e-01 2.858622423837411475e+02 1.625886877917015125e-03
5.000000000000000000e-01 3.009359576130156029e+02 1.593303245349990448e-03
5.000000000000000000e-01 3.160096728422901151e+02 1.546707427782290957e-03
5.000000000000000000e-01 3.310833880715646274e+02 1.479626675495903949e-03
5.000000000000000000e-01 3.461571033008390827e+02 1.398248789432609282e-03
5.000000000000000000e-01 3.612308185301135381e+02 1.306378903286753304e-03
5.000000000000000000e-01 3.763045337593880504e+02 1.204363474202801119e-03
5.000000000000000000e-01 3.913782489886625626e+02 1.096912788117240540e-03
5.000000000000000000e-01 4.064519642179370749e+02 9.861378625594728435e-04
5.000000000000000000e-01 4.215256794472114734e+02 8.772074797577603935e-04
5.000000000000000000e-01 4.365993946764859857e+02 7.729152409130056857e-04
5.000000000000000000e-01 4.516731099057604979e+02 6.694860374021096823e-04
5.000000000000000000e-01 4.667468251350350101e+02 5.763896043289797218e-04
5.000000000000000000e-01 4.818205403643094087e+02 4.880566730360206369e-04
5.000000000000000000e-01 4.968942555935839209e+02 4.107450345378683455e-04
5.000000000000000000e-01 5.119679708228584332e+02 3.383070766918050182e-04
5.000000000000000000e-01 5.270416860521329454e+02 2.775845117731108049e-04
5.000000000000000000e-01 5.421154012814073440e+02 2.231013747699766799e-04
5.000000000000000000e-01 5.571891165106818562e+02 1.775879955508041677e-04
5.000000000000000000e-01 5.722628317399563684e+02 1.392483744704271797e-04
5.000000000000000000e-01 5.873365469692308807e+02 1.074625476062578198e-04
5.000000000000000000e-01 6.024102621985053929e+02 8.067985748006255905e-05
5.000000000000000000e-01 6.174839774277797915e+02 5.915858708775279375e-05
5.000000000000000000e-01 6.325576926570543037e+02 4.194270786086000109e-05
5.000000000000000000e-01 6.476314078863288159e+02 2.826752103446870213e-05
5.000000000000000000e-01 6.627051231156032145e+02 1.750579997717769098e-05
5.000000000000000000e-01 6.777788383448777267e+02 8.966735755583686435e-06
5.000000000000000000e-01 6.928525535741522390e+02 2.505961623248937516e-06
5.000000000000000000e-01 6.998510642163154216e+02 0.000000000000000000e+00
6.000000000000000888e-01 1.000000000000000000e+00 1.763512601409983010e-07
6.000000000000000888e-01 1.314561185746612848e+00 3.047595490972952228e-07
6.000000000000000888e-01 1.728071111071540544e+00 5.265841610501296339e-07
6.000000000000000888e-01 2.271655208824670868e+00 9.097861399020078929e-07
6.000000000000000888e-01 2.986229764920028451e+00 1.571345970087842178e-06
6.000000000000000888e-01 3.925581740685101018e+00 2.712366834707337135e-06
6.000000000000000888e-01 5.160417387780258380e+00 4.677123945877019196e-06
6.000000000000000888e-01 6.783684400227855349e+00 8.045586459580044564e-06
6.000000000000000888e-01 8.917568208894328663e+00 1.377057492557063711e-05
6.000000000000000888e-01 1.172268903866042677e+01 2.330031562545385355e-05
6.000000000000000888e-01 1.541019200280026702e+01 3.844889095805113967e-05
6.000000000000000888e-01 2.025764027178409421e+01 6.015769850080213436e-05
6.000000000000000888e-01 2.662990761610483048e+01 8.530842841782804555e-05
6.000000000000000888e-01 3.500664293214952494e+01 1.070462117319131485e-04
6.000000000000000888e-01 4.601837404189475222e+01 1.370815911698789976e-04
6.000000000000000888e-01 6.049396834664432987e+01 2.162460957107599990e-04
6.000000000000000888e-01 7.952302276028281369e+01 3.632854392940091303e-04
6.000000000000000888e-01 1.045378790939122808e+02 5.968223983458810196e-04
6.000000000000000888e-01 1.083893333249275770e+02 6.364018177946329912e-04
6.000000000000000888e-01 1.239529299049171840e+02 8.050543671880731672e-04
6.000000000000000888e-01 1.374214382971293276e+02 9.586889991531859353e-04
6.000000000000000888e-01 1.395165264849067910e+02 9.832821661935487595e-04
6.000000000000000888e-01 1.550801230648963838e+02 1.165414460293424720e-03
6.000000000000000888e-01 1.706437196448859765e+02 1.345727651846952621e-03
6.000000000000000888e-01 1.806488888748792760e+02 1.459238427783554311e-03
6.000000000000000888e-01 1.862073162248755693e+02 1.518434588554686470e-03
6.000000000000000888e-01 2.017709128048651905e+02 1.679537162600801574e-03
6.000000000000000888e-01 2.173345093848547833e+02 1.821142489470003144e-03
6.000000000000000888e-01 2.328981059648443761e+02 1.943292392378366670e-03
6.000000000000000888e-01 2.484617025448339973e+02 2.037802872523606767e-03
6.000000000000000888e-01 2.640252991248236185e+02 2.101627835928083707e-03
6.000000000000000888e-01 2.795888957048131829e+02 2.137355942739222695e-03
6.000000000000000888e-01 2.951524922848028041e+02 2.140944791113783083e-03
6.000000000000000888e-01 3.107160888647923684e+02 2.114983115724653785e-03
6.000000000000000888e-01 3.262796854447819896e+02 2.059680086796944996e-03
6.000000000000000888e-01 3.418432820247716108e+02 1.981390539230394252e-03
6.000000000000000888e-01 3.574068786047612321e+02 1.874045270215784174e-03
6.000000000000000888e-01 3.729704751847507964e+02 1.756864893618049692e-03
6.000000000000000888e-01 3.885340717647404176e+02 1.625413450863771913e-03
6.000000000000000888e-01 4.040976683447299820e+02 1.485836299685568823e-03
6.000000000000000888e-01 4.196612649247196032e+02 1.334642836480192871e-03
6.000000000000000888e-01 4.352248615047092244e+02 1.190723297851234864e-03
6.000000000000000888e-01 4.507884580846987888e+02 1.047173595284998796e-03
6.000000000000000888e-01 4.663520546646884100e+02 9.113301825927048625e-04
6.000000000000000888e-01 4.819156512446780312e+02 7.810723677327787492e-04
6.000000000000000888e-01 4.974792478246675955e+02 6.621669270512769469e-04
6.000000000000000888e-01 5.130428444046572167e+02 5.526935227860337984e-04
6.000000000000000888e-01 5.286064409846468379e+02 4.577175349127822631e-04
6.000000000000000888e-01 5.441700375646364591e+02 3.734030260589336729e-04
6.000000000000000888e-01 5.597336341446259667e+02 3.005995826860025024e-04
6.000000000000000888e-01 5.752972307246157015e+02 2.386308541537152702e-04
6.000000000000000888e-01 5.908608273046052091e+02 1.866361673587513216e-04
6.000000000000000888e-01 6.064244238845948303e+02 1.432228753102537814e-04
6.000000000000000888e-01 6.219880204645844515e+02 1.079621597898427555e-04
6.000000000000000888e-01 6.375516170445739590e+02 7.894780515634540604e-05
6.000000000000000888e-01 6.531152136245636939e+02 5.579579578179598583e-05
6.000000000000000888e-01 6.686788102045532014e+02 3.775845598406879500e-05
6.000000000000000888e-01 6.842424067845429363e+02 2.327667836681283223e-05
6.000000000000000888e-01 6.998060033645324438e+02 1.208521053859258408e-05
6.000000000000000888e-01 7.153695999445220650e+02 3.356276516155275429e-06
6.000000000000000888e-01 7.225955554995172179e+02 0.000000000000000000e+00
7.000000000000000666e-01 1.000000000000000000e+00 1.763315417695406256e-07
7.000000000000000666e-01 1.315589433341742609e+00 3.051281192224068563e-07
7.000000000000000666e-01 1.730775557120447727e+00 5.278243699731273976e-07
7.000000000000000666e-01 2.276990034433828747e+00 9.126046388721085590e-07
7.000000000000000666e-01 2.995584029125596182e+00 1.576270281876009871e-06
7.000000000000000666e-01 3.940958695404917389e+00 2.718036560864754697e-06
7.000000000000000666e-01 5.184683616910968240e+00 4.673139331697291754e-06
7.000000000000000666e-01 6.820914981628117602e+00 7.987300109788267528e-06
7.000000000000000666e-01 8.973523675552339540e+00 1.351799017728168784e-05
7.000000000000000666e-01 1.180547292739861476e+01 2.245047875634742585e-05
7.000000000000000666e-01 1.553115543888763028e+01 3.603995427125738994e-05
7.000000000000000666e-01 2.043262398298870508e+01 5.448733141387273997e-05
7.000000000000000666e-01 2.688094420746499935e+01 7.539045403767640169e-05
7.000000000000000666e-01 3.536428615758988059e+01 9.727288812434182325e-05
7.000000000000000666e-01 4.652488118659891114e+01 1.374872323689932353e-04
7.000000000000000666e-01 6.120764207656957012e+01 2.280813626002796499e-04
7.000000000000000666e-01 8.052412715569836621e+01 3.881939646630126121e-04
7.000000000000000666e-01 1.059366908151036597e+02 6.508524754466568120e-04
7.000000000000000666e-01 1.100115810390046676e+02 6.980256683650189415e-04
7.000000000000000666e-01 1.258081157522976383e+02 8.917781083412708223e-04
7.000000000000000666e-01 1.393691910395416471e+02 1.068360874441693937e-03
7.000000000000000666e-01 1.416046504655906233e+02 1.099560943057696898e-03
7.000000000000000666e-01 1.574011851788835941e+02 1.313126477913418222e-03
7.000000000000000666e-01 1.731977198921765648e+02 1.527771471203163978e-03
7.000000000000000666e-01 1.833526350650076893e+02 1.663846073669367773e-03
7.000000000000000666e-01 1.889942546054695640e+02 1.735941898816486043e-03
7.000000000000000666e-01 2.047907893187625064e+02 1.932122415494201420e-03
7.000000000000000666e-01 2.205873240320555055e+02 2.108095235339483946e-03
7.000000000000000666e-01 2.363838587453484763e+02 2.258987043178862023e-03
7.000000000000000666e-01 2.521803934586414471e+02 2.380154398722871770e-03
7.000000000000000666e-01 2.679769281719344463e+02 2.465753280631623190e-03
7.000000000000000666e-01 2.837734628852273886e+02 2.518273134592742893e-03
7.000000000000000666e-01 2.995699975985203878e+02 2.531971329828412894e-03
7.000000000000000666e-01 3.153665323118133301e+02 2.507757698033668842e-03
7.000000000000000666e-01 3.311630670251063293e+02 2.448499030444709502e-03
7.000000000000000666e-01 3.469596017383993285e+02 2.360094579075112161e-03
7.000000000000000666e-01 3.627561364516922708e+02 2.245758396097788292e-03
7.000000000000000666e-01 3.785526711649852700e+02 2.107471544734584781e-03
7.000000000000000666e-01 3.943492058782782692e+02 1.951647830084860154e-03
7.000000000000000666e-01 4.101457405915712116e+02 1.786212906335767417e-03
7.000000000000000666e-01 4.259422753048642107e+02 1.612431589790991326e-03
7.000000000000000666e-01 4.417388100181571531e+02 1.438154389067095897e-03
7.000000000000000666e-01 4.575353447314501523e+02 1.264505437860869710e-03
7.000000000000000666e-01 4.733318794447431515e+02 1.101677882133294487e-03
7.000000000000000666e-01 4.891284141580360938e+02 9.473486259751191622e-04
7.000000000000000666e-01 5.049249488713290930e+02 8.029277774417083874e-04
7.000000000000000666e-01 5.207214835846219785e+02 6.732221339373850675e-04
7.000000000000000666e-01 5.365180182979149777e+02 5.568781604548018061e-04
7.000000000000000666e-01 5.523145530112079769e+02 4.536564379594676638e-04
7.000000000000000666e-01 5.681110877245009760e+02 3.650205919472070430e-04
7.000000000000000666e-01 5.839076224377939752e+02 2.906666451120379249e-04
7.000000000000000666e-01 5.997041571510868607e+02 2.269562517505831624e-04
7.000000000000000666e-01 6.155006918643798599e+02 1.737188052955150651e-04
7.000000000000000666e-01 6.312972265776728591e+02 1.305469820671399238e-04
7.000000000000000666e-01 6.470937612909658583e+02 9.576429818347221711e-05
7.000000000000000666e-01 6.628902960042588575e+02 6.788007629504136408e-05
7.000000000000000666e-01 6.786868307175518567e+02 4.557609024630439245e-05
7.000000000000000666e-01 6.944833654308447421e+02 2.812538766133885397e-05
7.000000000000000666e-01 7.102799001441377413e+02 1.448800361661364871e-05
7.000000000000000666e-01 7.260764348574307405e+02 4.004030489651906277e-06
7.000000000000000666e-01 7.334105402600310981e+02 0.000000000000000000e+00
8.000000000000000444e-01 1.000000000000000000e+00 1.762794884071640359e-07
8.000000000000000444e-01 1.316047165321246215e+00 3.051530898921415659e-07
8.000000000000000444e-01 1.731980141350087488e+00 5.279272227629954446e-07
8.000000000000000444e-01 2.279367555416473845e+00 9.123514981718788352e-07
8.000000000000000444e-01 2.999755210031068930e+00 1.573898898475308837e-06
8.000000000000000444e-01 3.947819340819027190e+00 2.706668556103016285e-06
8.000000000000000444e-01 5.195516452685271069e+00 4.628120286967029456e-06
8.000000000000000444e-01 6.837544699936347392e+00 7.837919717826824655e-06
8.000000000000000444e-01 8.998531320108542175e+00 1.305713253271595264e-05
8.000000000000000444e-01 1.184249163588329701e+01 2.115630037001237310e-05
8.000000000000000444e-01 1.558527754774477714e+01 3.277933327054662288e-05
8.000000000000000444e-01 2.051096033745438163e+01 4.764952347676561456e-05
8.000000000000000444e-01 2.699339121012334530e+01 6.486194158767008523e-05
8.000000000000000444e-01 3.552457598449028353e+01 8.841700177089072978e-05
8.000000000000000444e-01 4.675201752362764296e+01 1.372092980023930059e-04
8.000000000000000444e-01 6.152786013501940232e+01 2.342371947701715220e-04
8.000000000000000444e-01 8.097356591897437283e+01 4.018792069080461492e-04
8.000000000000000444e-01 1.065650318936193202e+02 6.830336033758233625e-04
8.000000000000000444e-01 1.107411114012523399e+02 7.352131853478859882e-04
8.000000000000000444e-01 1.266423991922013954e+02 9.450292187249988412e-04
8.000000000000000444e-01 1.402446081459658558e+02 1.135622594346506233e-03
8.000000000000000444e-01 1.425436869831504509e+02 1.170276995843361157e-03
8.000000000000000444e-01 1.584449747740995065e+02 1.403883040498478570e-03
8.000000000000000444e-01 1.743462625650485620e+02 1.639597975311180142e-03
8.000000000000000444e-01 1.845685190020872710e+02 1.790255669526586877e-03
8.000000000000000444e-01 1.902475503559976175e+02 1.867961307694531977e-03
8.000000000000000444e-01 2.061488381469466731e+02 2.086399613399252031e-03
8.000000000000000444e-01 2.220501259378957286e+02 2.283480662195678558e-03
8.000000000000000444e-01 2.379514137288447841e+02 2.449525071303785065e-03
8.000000000000000444e-01 2.538527015197938397e+02 2.587492603317408015e-03
8.000000000000000444e-01 2.697539893107428952e+02 2.686971877744133257e-03
8.000000000000000444e-01 2.856552771016919223e+02 2.746419340382998640e-03
8.000000000000000444e-01 3.015565648926410063e+02 2.768440958808688745e-03
8.000000000000000444e-01 3.174578526835900902e+02 2.743089506569876095e-03
8.000000000000000444e-01 3.333591404745391173e+02 2.682757439998577527e-03
8.000000000000000444e-01 3.492604282654881445e+02 2.588894618698995686e-03
8.000000000000000444e-01 3.651617160564372284e+02 2.464530060486570546e-03
8.000000000000000444e-01 3.810630038473862555e+02 2.316575535409356578e-03
8.000000000000000444e-01 3.969642916383353395e+02 2.149385557025826256e-03
8.000000000000000444e-01 4.128655794292844234e+02 1.964857706684665188e-03
8.000000000000000444e-01 4.287668672202334506e+02 1.778154556847237697e-03
8.000000000000000444e-01 4.446681550111824777e+02 1.583718534596718040e-03
8.000000000000000444e-01 4.605694428021315616e+02 1.397478177537873900e-03
8.000000000000000444e-01 4.764707305930806456e+02 1.216227098698842782e-03
8.000000000000000444e-01 4.923720183840296727e+02 1.043713453287301073e-03
8.000000000000000444e-01 5.082733061749786998e+02 8.874708807716744649e-04
8.000000000000000444e-01 5.241745939659277838e+02 7.426104841202894229e-04
8.000000000000000444e-01 5.400758817568769246e+02 6.139194865482652070e-04
8.000000000000000444e-01 5.559771695478259517e+02 5.014029253012962720e-04
8.000000000000000444e-01 5.718784573387749788e+02 4.035135252862247657e-04
8.000000000000000444e-01 5.877797451297240059e+02 3.196972343260328872e-04
8.000000000000000444e-01 6.036810329206730330e+02 2.498778352043836467e-04
8.000000000000000444e-01 6.195823207116220601e+02 1.914398288343932433e-04
8.000000000000000444e-01 6.354836085025710872e+02 1.435975052224660502e-04
8.000000000000000444e-01 6.513848962935201143e+02 1.048886395355624771e-04
8.000000000000000444e-01 6.672861840844693688e+02 7.401173648683947092e-05
8.000000000000000444e-01 6.831874718754183959e+02 4.953034242425290845e-05
8.000000000000000444e-01 6.990887596663674231e+02 3.034833238435234981e-05
8.000000000000000444e-01 7.149900474573164502e+02 1.567678467913544352e-05
8.000000000000000444e-01 7.308913352482654773e+02 4.290848284263033258e-06
8.000000000000000444e-01 7.382740760083489704e+02 0.000000000000000000e+00
9.000000000000000222e-01 1.000000000000000000e+00 1.762291040783383610e-07
9.000000000000000222e-01 1.316246771460149123e+00 3.050646475636667856e-07
9.000000000000000222e-01 1.732505563379265867e+00 5.276706460191813525e-07
9.000000000000000222e-01 2.280404854334705078e+00 9.114042464578794542e-07
9.000000000000000222e-01 3.001575527140107447e+00 1.570165786114110582e-06
9.000000000000000222e-01 3.950814096891961391e+00 2.693180166108697355e-06
9.000000000000000222e-01 5.200246299673288775e+00 4.584759917352608696e-06
9.000000000000000222e-01 6.844807402742553393e+00 7.702542740644568333e-06
9.000000000000000222e-01 9.009455645126413614e+00 1.266096852496665364e-05
9.000000000000000222e-01 1.185866690551105762e+01 2.009496328312828969e-05
9.000000000000000222e-01 1.560893202820024506e+01 3.025634553935612359e-05
9.000000000000000222e-01 2.054520638805948707e+01 4.274910003364573469e-05
9.000000000000000222e-01 2.704256157726572951e+01 5.813223550349184179e-05
9.000000000000000222e-01 3.559468436808828784e+01 8.397551399868447063e-05
9.000000000000000222e-01 4.685138838063926414e+01 1.370962369025297012e-04
9.000000000000000222e-01 6.166798869444196640e+01 2.374432839741527830e-04
9.000000000000000222e-01 8.117029102150020492e+01 4.089769936493159539e-04
9.000000000000000222e-01 1.068401334955303525e+02 7.002020030971625297e-04
9.000000000000000222e-01 1.110606754039138195e+02 7.548556292064119303e-04
9.000000000000000222e-01 1.270078493080655448e+02 9.737867865277650406e-04
9.000000000000000222e-01 1.406279807758632217e+02 1.172477353530139519e-03
9.000000000000000222e-01 1.429550232122172702e+02 1.207927603349674174e-03
9.000000000000000222e-01 1.589021971163689955e+02 1.452151083724096499e-03
9.000000000000000222e-01 1.748493710205207208e+02 1.698239166437159452e-03
9.000000000000000222e-01 1.851011256731897561e+02 1.855089421146756444e-03
9.000000000000000222e-01 1.907965449246724461e+02 1.939037516408704869e-03
9.000000000000000222e-01 2.067437188288241714e+02 2.166407516592162678e-03
9.000000000000000222e-01 2.226908927329758967e+02 2.371625660463948758e-03
9.000000000000000222e-01 2.386380666371276220e+02 2.548268748035352645e-03
9.000000000000000222e-01 2.545852405412793757e+02 2.690948755396853440e-03
9.000000000000000222e-01 2.705324144454310726e+02 2.796126397567460630e-03
9.000000000000000222e-01 2.864795883495828548e+02 2.859470329577077242e-03
9.000000000000000222e-01 3.024267622537345233e+02 2.880408838307272658e-03
9.000000000000000222e-01 3.183739361578863054e+02 2.856178755913752615e-03
9.000000000000000222e-01 3.343211100620379739e+02 2.797017439509377843e-03
9.000000000000000222e-01 3.502682839661897560e+02 2.700402468745202993e-03
9.000000000000000222e-01 3.662154578703414245e+02 2.571109278727542156e-03
9.000000000000000222e-01 3.821626317744932066e+02 2.413257478594628587e-03
9.000000000000000222e-01 3.981098056786449320e+02 2.238374879175603852e-03
9.000000000000000222e-01 4.140569795827966573e+02 2.050379646830692484e-03
9.000000000000000222e-01 4.300041534869483826e+02 1.851531464242810437e-03
9.000000000000000222e-01 4.459513273911001079e+02 1.652276469577384187e-03
9.000000000000000222e-01 4.618985012952518332e+02 1.457207694203900171e-03
9.000000000000000222e-01 4.778456751994035585e+02 1.266338104369210855e-03
9.000000000000000222e-01 4.937928491035552838e+02 1.087906355042626188e-03
9.000000000000000222e-01 5.097400230077070091e+02 9.240239472368004438e-04
9.000000000000000222e-01 5.256871969118587913e+02 7.745019082977150663e-04
9.000000000000000222e-01 5.416343708160104597e+02 6.404723794291215886e-04
9.000000000000000222e-01 5.575815447201621282e+02 5.212961657418276832e-04
9.000000000000000222e-01 5.735287186243139104e+02 4.199237163778105856e-04
9.000000000000000222e-01 5.894758925284656925e+02 3.326463554476348397e-04
9.000000000000000222e-01 6.054230664326173610e+02 2.592916741869474612e-04
9.000000000000000222e-01 6.213702403367690295e+02 1.983990618342178496e-04
9.000000000000000222e-01 6.373174142409208116e+02 1.484459284974906776e-04
9.000000000000000222e-01 6.532645881450725938e+02 1.083302660055533739e-04
9.000000000000000222e-01 6.692117620492242622e+02 7.620386674846660747e-05
9.000000000000000222e-01 6.851589359533760444e+02 5.082462390151987045e-05
9.000000000000000222e-01 7.011061098575277128e+02 3.120272978911889020e-05
9.000000000000000222e-01 7.170532837616794950e+02 1.601897109976452744e-05
9.000000000000000222e-01 7.330004576658311635e+02 4.448543031127251221e-06
9.000000000000000222e-01 7.404045026927587969e+02 0.000000000000000000e+00
1.000000000000000000e+00 1.000000000000000000e+00 1.762086723584466493e-07
1.000000000000000000e+00 1.316303980118774808e+00 3.050302544637749377e-07
1.000000000000000000e+00 1.732656168076528225e+00 5.275331887390100249e-07
1.000000000000000000e+00 2.280702210216479120e+00 9.108615481502869337e-07
1.000000000000000000e+00 3.002097396773638405e+00 1.568450873191872321e-06
1.000000000000000000e+00 3.951672752077352690e+00 2.687580236476513411e-06
1.000000000000000000e+00 5.201602571686333221e+00 4.566744347991836487e-06
1.000000000000000000e+00 6.846890168106773977e+00 7.649345892799612446e-06
1.000000000000000000e+00 9.012588779715056120e+00 1.251176522122565820e-05
1.000000000000000000e+00 1.186330648191273873e+01 1.969601976538178103e-05
1.000000000000000000e+00 1.561571753951059982e+01 2.934367235308683774e-05
1.000000000000000000e+00 2.055503114966836620e+01 4.102746595960913916e-05
1.000000000000000000e+00 2.705666931377387030e+01 5.596387208742397611e-05
1.000000000000000000e+00 3.561480150647807363e+01 8.268744424424452958e-05
1.000000000000000000e+00 4.687990497411720980e+01 1.365939299850715209e-04
1.000000000000000000e+00 6.170820550502043744e+01 2.384713861440939688e-04
1.000000000000000000e+00 8.122675651224571425e+01 4.112151934514345444e-04
1.000000000000000000e+00 1.069191028892076076e+02 6.999718753870636965e-04
1.000000000000000000e+00 1.111524258637167719e+02 7.607455124752094669e-04
1.000000000000000000e+00 1.271127741928658423e+02 9.820617546945726792e-04
1.000000000000000000e+00 1.407380406837927751e+02 1.183911959652061106e-03
1.000000000000000000e+00 1.430731225220149270e+02 1.219530629634199732e-03
1.000000000000000000e+00 1.590334708511639974e+02 1.466637497488421787e-03
1.000000000000000000e+00 1.749938191803130678e+02 1.716515908275894871e-03
1.000000000000000000e+00 1.852540431061945299e+02 1.874865536340157048e-03
1.000000000000000000e+00 1.909541675094621382e+02 1.960295735486892663e-03
1.000000000000000000e+00 2.069145158386112371e+02 2.189055856266660955e-03
1.000000000000000000e+00 2.228748641677602791e+02 2.399838501828671124e-03
1.000000000000000000e+00 2.388352124969093779e+02 2.576799812498844957e-03
1.000000000000000000e+00 2.547955608260584199e+02 2.721186510170665700e-03
1.000000000000000000e+00 2.707559091552075188e+02 2.828899532671922800e-03
1.000000000000000000e+00 2.867162574843565608e+02 2.891552175868082174e-03
1.000000000000000000e+00 3.026766058135056596e+02 2.915635686648378969e-03
1.000000000000000000e+00 3.186369541426547585e+02 2.890494450542674745e-03
1.000000000000000000e+00 3.345973024718038005e+02 2.828142143696075941e-03
1.000000000000000000e+00 3.505576508009528993e+02 2.730337183712055766e-03
1.000000000000000000e+00 3.665179991301019413e+02 2.598955733582472994e-03
1.000000000000000000e+00 3.824783474592510402e+02 2.442679334794985689e-03
1.000000000000000000e+00 3.984386957884000822e+02 2.263517800815830362e-03
1.000000000000000000e+00 4.143990441175491810e+02 2.072649581789864307e-03
1.000000000000000000e+00 4.303593924466982230e+02 1.871760697750303156e-03
1.000000000000000000e+00 4.463197407758473219e+02 1.671920956325855445e-03
1.000000000000000000e+00 4.622800891049963639e+02 1.472594453288572506e-03
1.000000000000000000e+00 4.782404374341454627e+02 1.281357147341932604e-03
1.000000000000000000e+00 4.942007857632945615e+02 1.102625074322105634e-03
1.000000000000000000e+00 5.101611340924436035e+02 9.332167690332073993e-04
1.000000000000000000e+00 5.261214824215927592e+02 7.817714370217552708e-04
1.000000000000000000e+00 5.420818307507418012e+02 6.461366439360090698e-04
1.000000000000000000e+00 5.580421790798908432e+02 5.255718413224755130e-04
1.000000000000000000e+00 5.740025274090398852e+02 4.225139099435481485e-04
1.000000000000000000e+00 5.899628757381890409e+02 3.373716599705373054e-04
1.000000000000000000e+00 6.059232240673380829e+02 2.621048239418871401e-04
1.000000000000000000e+00 6.218835723964871249e+02 1.982126116342695639e-04
1.000000000000000000e+00 6.378439207256361669e+02 1.482133014265463330e-04
1.000000000000000000e+00 6.538042690547853226e+02 1.097755676308305754e-04
1.000000000000000000e+00 6.697646173839343646e+02 7.602135589574795388e-05
1.000000000000000000e+00 6.857249657130834066e+02 5.256621549906403945e-05
1.000000000000000000e+00 7.016853140422324486e+02 3.287212166347700855e-05
1.000000000000000000e+00 7.176456623713816043e+02 1.621106885936645219e-05
1.000000000000000000e+00 7.336060107005306463e+02 4.165015695905414491e-06
1.000000000000000000e+00 7.410161724247784605e+02 0.000000000000000000e+00
