# mx [GeV]: 30.0
# sigma_p [cm^2]: 1.89287203344e-30
# depth [m]: 0.3
# loc: MPI
# Columns: gamma/pi, v [km/s], f(v, gamma) [s/km]
0.000000000000000000e+00 1.000000000000000000e+00 3.203076656298168168e-03
0.000000000000000000e+00 1.225005233339572008e+00 2.642088509658394816e-03
0.000000000000000000e+00 1.500637821709339237e+00 2.166936419465471855e-03
0.000000000000000000e+00 1.838289184941236387e+00 1.858055558605444619e-03
0.000000000000000000e+00 2.251913871944550838e+00 1.759686525423792905e-03
0.000000000000000000e+00 2.758606278162053282e+00 1.533480342102851298e-03
0.000000000000000000e+00 3.379307127471915084e+00 1.210817214169795496e-03
0.000000000000000000e+00 4.139668916214811922e+00 1.187759542201166380e-03
0.000000000000000000e+00 5.071116086656298982e+00 1.114898804744084756e-03
0.000000000000000000e+00 6.212143745026456720e+00 1.007985195465691246e-03
0.000000000000000000e+00 7.609908597915096884e+00 9.266310927902672492e-04
0.000000000000000000e+00 9.322177857681797519e+00 7.882906534847719136e-04
0.000000000000000000e+00 1.141971666178248590e+01 7.817275084414761687e-04
0.000000000000000000e+00 1.398921267393864731e+01 7.333753693001604165e-04
0.000000000000000000e+00 1.713685873587511566e+01 6.802805989149870612e-04
0.000000000000000000e+00 2.099274163444797381e+01 6.624338894962676898e-04
0.000000000000000000e+00 2.571621836434429298e+01 6.157686038342894720e-04
0.000000000000000000e+00 2.836430765805679499e+01 6.089981339361429102e-04
0.000000000000000000e+00 3.150250207802497471e+01 5.977217067171575107e-04
0.000000000000000000e+00 3.243713132177776970e+01 5.669187359723180508e-04
0.000000000000000000e+00 3.650995498549874441e+01 5.650083024716924225e-04
0.000000000000000000e+00 3.859072990887132448e+01 5.608431909477844908e-04
0.000000000000000000e+00 4.058277864921971911e+01 5.538025207746754934e-04
0.000000000000000000e+00 4.465560231294070093e+01 5.423752919961315894e-04
0.000000000000000000e+00 4.727384609676133209e+01 5.125665582468397034e-04
0.000000000000000000e+00 4.872842597666166853e+01 5.074093122729958797e-04
0.000000000000000000e+00 5.280124964038265034e+01 4.941730611111993122e-04
0.000000000000000000e+00 5.687407330410362505e+01 4.773889211422611858e-04
0.000000000000000000e+00 6.094689696782459976e+01 4.422748154435889967e-04
0.000000000000000000e+00 6.501972063154556736e+01 4.260065044426299065e-04
0.000000000000000000e+00 6.909254429526654917e+01 4.069497904180143888e-04
0.000000000000000000e+00 7.316536795898753098e+01 3.754192508401940935e-04
0.000000000000000000e+00 7.723819162270851280e+01 3.569883625016943840e-04
0.000000000000000000e+00 8.131101528642948040e+01 3.380841936061137771e-04
0.000000000000000000e+00 8.538383895015044800e+01 3.146850606490539078e-04
0.000000000000000000e+00 8.945666261387142981e+01 2.890767278134788996e-04
0.000000000000000000e+00 9.352948627759241162e+01 2.715427237967722425e-04
0.000000000000000000e+00 9.760230994131339344e+01 2.487204778080812041e-04
0.000000000000000000e+00 1.016751336050343468e+02 2.321953417283518692e-04
0.000000000000000000e+00 1.057479572687553286e+02 2.148179259920807160e-04
0.000000000000000000e+00 1.098207809324763105e+02 1.933661604200611782e-04
0.000000000000000000e+00 1.138936045961972923e+02 1.780696578184099788e-04
0.000000000000000000e+00 1.179664282599182457e+02 1.581110594855336367e-04
0.000000000000000000e+00 1.220392519236392275e+02 1.451717927473946486e-04
0.000000000000000000e+00 1.261120755873602093e+02 1.282407779312499951e-04
0.000000000000000000e+00 1.301848992510811911e+02 1.172575712346568045e-04
0.000000000000000000e+00 1.342577229148021729e+02 1.043262150772073904e-04
0.000000000000000000e+00 1.383305465785231263e+02 8.936525781741605273e-05
0.000000000000000000e+00 1.424033702422441081e+02 8.293088585248242664e-05
0.000000000000000000e+00 1.464761939059650899e+02 7.102005656444721220e-05
0.000000000000000000e+00 1.505490175696860717e+02 6.379498157174890935e-05
0.000000000000000000e+00 1.546218412334070251e+02 5.533075358054106801e-05
0.000000000000000000e+00 1.586946648971280069e+02 4.847143732381576872e-05
0.000000000000000000e+00 1.627674885608489888e+02 4.062100731613563562e-05
0.000000000000000000e+00 1.668403122245699706e+02 3.315504442133511702e-05
0.000000000000000000e+00 1.709131358882909240e+02 2.730474156730387919e-05
0.000000000000000000e+00 1.749859595520119058e+02 2.172782221097226384e-05
0.000000000000000000e+00 1.790587832157328876e+02 1.664985166055028598e-05
0.000000000000000000e+00 1.831316068794538694e+02 1.125476755827784932e-05
0.000000000000000000e+00 1.872044305431748512e+02 5.383056217493368810e-06
0.000000000000000000e+00 1.890953843870452999e+02 0.000000000000000000e+00
1.000000000000000056e-01 1.000000000000000000e+00 3.637860781241996147e-03
1.000000000000000056e-01 1.229278182170363110e+00 3.042099773252973736e-03
1.000000000000000056e-01 1.511124849160072170e+00 2.395332516445631936e-03
1.000000000000000056e-01 1.857592807607957530e+00 2.041233881916887979e-03
1.000000000000000056e-01 2.283498309749050659e+00 1.967134511940330129e-03
1.000000000000000056e-01 2.807054651197409711e+00 1.737360466880713853e-03
1.000000000000000056e-01 3.450651038876814347e+00 1.460309265145080934e-03
1.000000000000000056e-01 4.241810036374765502e+00 1.312533794723215247e-03
1.000000000000000056e-01 5.214364530626772520e+00 1.221503193555943927e-03
1.000000000000000056e-01 6.409904551382496152e+00 1.113504420475071397e-03
1.000000000000000056e-01 7.879555814809012126e+00 1.022984728127125003e-03
1.000000000000000056e-01 9.686166048338336054e+00 9.169819196029253654e-04
1.000000000000000056e-01 1.190699259210163774e+01 8.598434452006251724e-04
1.000000000000000056e-01 1.463700620873467706e+01 7.958004886601507998e-04
1.000000000000000056e-01 1.799295238468968705e+01 7.487906063072648569e-04
1.000000000000000056e-01 2.211834379932923511e+01 7.091302470630811297e-04
1.000000000000000056e-01 2.718959745825855734e+01 6.748152703137691400e-04
1.000000000000000056e-01 3.030432040813003169e+01 6.623716403222235528e-04
1.000000000000000056e-01 3.342357893743199782e+01 6.482841155624653609e-04
1.000000000000000056e-01 3.465571000519485523e+01 6.428597951121263867e-04
1.000000000000000056e-01 3.900709960225968587e+01 6.181697520103181763e-04
1.000000000000000056e-01 4.108687635783403636e+01 6.092014806703842161e-04
1.000000000000000056e-01 4.335848919932450940e+01 5.998839830963241309e-04
1.000000000000000056e-01 4.770987879638933293e+01 5.802299582843735426e-04
1.000000000000000056e-01 5.050720068021670528e+01 5.657176363433097290e-04
1.000000000000000056e-01 5.206126839345415647e+01 5.560080052422991959e-04
1.000000000000000056e-01 5.641265799051898000e+01 5.306897689708743766e-04
1.000000000000000056e-01 6.076404758758381064e+01 5.068076359229030554e-04
1.000000000000000056e-01 6.511543718464864128e+01 4.829852090155722227e-04
1.000000000000000056e-01 6.946682678171345060e+01 4.537071107121720941e-04
1.000000000000000056e-01 7.381821637877828834e+01 4.299175299534104032e-04
1.000000000000000056e-01 7.816960597584311188e+01 4.052838826617828454e-04
1.000000000000000056e-01 8.252099557290793541e+01 3.795668981158534065e-04
1.000000000000000056e-01 8.687238516997275894e+01 3.509441136393992751e-04
1.000000000000000056e-01 9.122377476703758248e+01 3.283422945516160842e-04
1.000000000000000056e-01 9.557516436410242022e+01 3.028612545975362222e-04
1.000000000000000056e-01 9.992655396116722955e+01 2.789359976992129711e-04
1.000000000000000056e-01 1.042779435582320673e+02 2.552906191709630669e-04
1.000000000000000056e-01 1.086293331552968766e+02 2.338685677476949718e-04
1.000000000000000056e-01 1.129807227523617144e+02 2.130382632639908505e-04
1.000000000000000056e-01 1.173321123494265237e+02 1.936803070865168079e-04
1.000000000000000056e-01 1.216835019464913614e+02 1.742453138143687877e-04
1.000000000000000056e-01 1.260348915435561992e+02 1.574244566896646034e-04
1.000000000000000056e-01 1.303862811406210085e+02 1.412374162866238277e-04
1.000000000000000056e-01 1.347376707376858462e+02 1.253596430183175103e-04
1.000000000000000056e-01 1.390890603347506556e+02 1.117453422392099483e-04
1.000000000000000056e-01 1.434404499318154933e+02 9.848556883399354274e-05
1.000000000000000056e-01 1.477918395288803026e+02 8.690874654263301214e-05
1.000000000000000056e-01 1.521432291259451404e+02 7.583859767637176079e-05
1.000000000000000056e-01 1.564946187230099781e+02 6.594554205062390221e-05
1.000000000000000056e-01 1.608460083200747874e+02 5.688245569991251277e-05
1.000000000000000056e-01 1.651973979171395968e+02 4.831909519405399044e-05
1.000000000000000056e-01 1.695487875142044345e+02 4.076615507118094194e-05
1.000000000000000056e-01 1.739001771112692722e+02 3.348259255533048899e-05
1.000000000000000056e-01 1.782515667083340816e+02 2.706773648600027492e-05
1.000000000000000056e-01 1.826029563053989193e+02 2.098387828001896586e-05
1.000000000000000056e-01 1.869543459024637286e+02 1.546513723939901906e-05
1.000000000000000056e-01 1.913057354995285664e+02 1.029749899728976208e-05
1.000000000000000056e-01 1.956571250965933757e+02 5.800813547461433609e-06
1.000000000000000056e-01 2.000085146936582134e+02 1.736405587963245287e-06
1.000000000000000056e-01 2.020288027208668780e+02 0.000000000000000000e+00
2.000000000000000111e-01 1.000000000000000000e+00 5.126311484624487824e-03
2.000000000000000111e-01 1.237297096695427978e+00 4.354101536336367657e-03
2.000000000000000111e-01 1.530904105490935363e+00 3.422756830803124536e-03
2.000000000000000111e-01 1.894183205043045826e+00 2.851455005519878527e-03
2.000000000000000111e-01 2.343667380209001116e+00 2.650807775861584864e-03
2.000000000000000111e-01 2.899812845152377250e+00 2.350293291026820091e-03
2.000000000000000111e-01 3.587930014267145307e+00 1.984323707197052731e-03
2.000000000000000111e-01 4.439335389799124343e+00 1.717612389710887347e-03
2.000000000000000111e-01 5.492776789055723086e+00 1.625506639738200218e-03
2.000000000000000111e-01 6.796196773894681797e+00 1.492246441044820697e-03
2.000000000000000111e-01 8.408914536910724991e+00 1.345079544511284912e-03
2.000000000000000111e-01 1.040432554287961686e+01 1.216013306295646345e-03
2.000000000000000111e-01 1.287324178727903679e+01 1.115754570857065663e-03
2.000000000000000111e-01 1.592802468845862052e+01 1.045889500372145994e-03
2.000000000000000111e-01 1.970769870312294714e+01 9.661715305981091132e-04
2.000000000000000111e-01 2.438427838792226865e+01 9.234010267063906974e-04
2.000000000000000111e-01 3.017059685438930217e+01 8.715400787099275397e-04
2.000000000000000111e-01 3.428918270862525475e+01 8.568531445682539376e-04
2.000000000000000111e-01 3.732999189350410774e+01 8.387487783149776260e-04
2.000000000000000111e-01 3.921275766165862819e+01 8.274115638007830884e-04
2.000000000000000111e-01 4.413633261469199454e+01 7.934931488006677922e-04
2.000000000000000111e-01 4.618829058949648925e+01 7.852715498474891918e-04
2.000000000000000111e-01 4.905990756772536798e+01 7.707358722194547962e-04
2.000000000000000111e-01 5.398348252075874143e+01 7.422050509514891347e-04
2.000000000000000111e-01 5.714863784770874844e+01 7.218493019266864451e-04
2.000000000000000111e-01 5.890705747379210777e+01 7.111131446689212448e-04
2.000000000000000111e-01 6.383063242682548122e+01 6.769973414115412194e-04
2.000000000000000111e-01 6.875420737985885467e+01 6.445323346040733592e-04
2.000000000000000111e-01 7.367778233289222101e+01 6.124371250198103319e-04
2.000000000000000111e-01 7.860135728592558735e+01 5.753366295400143791e-04
2.000000000000000111e-01 8.352493223895896790e+01 5.377408744840287943e-04
2.000000000000000111e-01 8.844850719199233424e+01 5.058391473704349807e-04
2.000000000000000111e-01 9.337208214502570058e+01 4.697460577286313352e-04
2.000000000000000111e-01 9.829565709805908114e+01 4.328063794341078206e-04
2.000000000000000111e-01 1.032192320510924333e+02 4.000842061895043132e-04
2.000000000000000111e-01 1.081428070041258138e+02 3.683229005371805535e-04
2.000000000000000111e-01 1.130663819571591944e+02 3.359179829992148801e-04
2.000000000000000111e-01 1.179899569101925465e+02 3.051849964587991112e-04
2.000000000000000111e-01 1.229135318632259271e+02 2.761280262207557604e-04
2.000000000000000111e-01 1.278371068162593076e+02 2.493967524408957593e-04
2.000000000000000111e-01 1.327606817692926597e+02 2.241064562579060887e-04
2.000000000000000111e-01 1.376842567223260403e+02 2.002825595499539832e-04
2.000000000000000111e-01 1.426078316753594208e+02 1.779887929072248947e-04
2.000000000000000111e-01 1.475314066283927730e+02 1.577199483117223467e-04
2.000000000000000111e-01 1.524549815814261535e+02 1.389651588475796840e-04
2.000000000000000111e-01 1.573785565344595341e+02 1.213132013300552973e-04
2.000000000000000111e-01 1.623021314874928862e+02 1.059136414089898863e-04
2.000000000000000111e-01 1.672257064405262668e+02 9.107894495380353063e-05
2.000000000000000111e-01 1.721492813935596189e+02 7.869740149794071096e-05
2.000000000000000111e-01 1.770728563465929994e+02 6.685029466376470042e-05
2.000000000000000111e-01 1.819964312996263800e+02 5.650946242447419787e-05
2.000000000000000111e-01 1.869200062526597321e+02 4.692922923455293413e-05
2.000000000000000111e-01 1.918435812056931127e+02 3.845971209505980384e-05
2.000000000000000111e-01 1.967671561587264932e+02 3.103031958133523088e-05
2.000000000000000111e-01 2.016907311117598454e+02 2.428243291177168965e-05
2.000000000000000111e-01 2.066143060647932259e+02 1.851968774512231984e-05
2.000000000000000111e-01 2.115378810178266065e+02 1.328683158454975043e-05
2.000000000000000111e-01 2.164614559708599586e+02 8.838407848301141004e-06
2.000000000000000111e-01 2.213850309238933391e+02 4.849745826088236613e-06
2.000000000000000111e-01 2.263086058769266913e+02 1.385966509858591034e-06
2.000000000000000111e-01 2.285945513908350506e+02 0.000000000000000000e+00
3.000000000000000444e-01 1.000000000000000000e+00 7.719065973927800167e-03
3.000000000000000444e-01 1.246814506681313439e+00 6.770605009773607123e-03
3.000000000000000444e-01 1.554546414070967053e+00 5.336663253129198328e-03
3.000000000000000444e-01 1.938231020373097691e+00 4.208100988176166103e-03
3.000000000000000444e-01 2.416614553500902485e+00 3.836156409056031089e-03
3.000000000000000444e-01 3.013070082362110824e+00 3.524006089309512577e-03
3.000000000000000444e-01 3.756739488336539701e+00 2.926566896349334403e-03
3.000000000000000444e-01 4.683957291880532559e+00 2.522908886448693450e-03
3.000000000000000444e-01 5.840025900192367558e+00 2.350974429063482692e-03
3.000000000000000444e-01 7.281429011754440239e+00 2.162892998742295923e-03
3.000000000000000444e-01 9.078591321225616184e+00 1.946651649711905784e-03
3.000000000000000444e-01 1.131931935953517332e+01 1.745855543939949656e-03
3.000000000000000444e-01 1.411309158322708512e+01 1.604469050671690879e-03
3.000000000000000444e-01 1.759640732008947239e+01 1.495171174905598251e-03
3.000000000000000444e-01 2.193945591216081326e+01 1.387430048336155434e-03
3.000000000000000444e-01 2.735443189997721802e+01 1.321528025259992864e-03
3.000000000000000444e-01 3.410590251491767333e+01 1.258181213817973886e-03
3.000000000000000444e-01 3.966307093934055672e+01 1.227438663128892042e-03
3.000000000000000444e-01 4.252373401905803263e+01 1.210031426196215339e-03
3.000000000000000444e-01 4.535828112550228042e+01 1.191379529847771783e-03
3.000000000000000444e-01 5.105349131166399701e+01 1.149168181101932603e-03
3.000000000000000444e-01 5.301920845321924247e+01 1.139110441940021723e-03
3.000000000000000444e-01 5.674870149782572071e+01 1.115746298872544043e-03
3.000000000000000444e-01 6.244391168398743730e+01 1.075664658728930608e-03
3.000000000000000444e-01 6.610511823223426120e+01 1.044337912615589219e-03
3.000000000000000444e-01 6.813912187014915389e+01 1.027777110845695370e-03
3.000000000000000444e-01 7.383433205631088470e+01 9.837027955564665513e-04
3.000000000000000444e-01 7.952954224247260129e+01 9.351635613171491515e-04
3.000000000000000444e-01 8.522475242863433209e+01 8.857957645807307441e-04
3.000000000000000444e-01 9.091996261479604868e+01 8.269500802855428781e-04
3.000000000000000444e-01 9.661517280095776528e+01 7.799228339819446517e-04
3.000000000000000444e-01 1.023103829871194819e+02 7.230935190905724572e-04
3.000000000000000444e-01 1.080055931732812127e+02 6.719530108125103740e-04
3.000000000000000444e-01 1.137008033594429293e+02 6.177695897001190314e-04
3.000000000000000444e-01 1.193960135456046459e+02 5.666606830963276300e-04
3.000000000000000444e-01 1.250912237317663767e+02 5.173712804254788217e-04
3.000000000000000444e-01 1.307864339179280933e+02 4.685375669384540722e-04
3.000000000000000444e-01 1.364816441040898098e+02 4.232042178881060450e-04
3.000000000000000444e-01 1.421768542902515264e+02 3.796118701605282896e-04
3.000000000000000444e-01 1.478720644764132430e+02 3.395723416982435465e-04
3.000000000000000444e-01 1.535672746625749596e+02 3.018291560658207888e-04
3.000000000000000444e-01 1.592624848487367046e+02 2.664925245348246014e-04
3.000000000000000444e-01 1.649576950348984212e+02 2.342694945790710869e-04
3.000000000000000444e-01 1.706529052210601662e+02 2.051328050405443052e-04
3.000000000000000444e-01 1.763481154072218828e+02 1.780210858379012353e-04
3.000000000000000444e-01 1.820433255933835994e+02 1.534671788366033897e-04
3.000000000000000444e-01 1.877385357795453160e+02 1.320138837466813017e-04
3.000000000000000444e-01 1.934337459657070326e+02 1.121841376407237649e-04
3.000000000000000444e-01 1.991289561518687492e+02 9.513376279560814368e-05
3.000000000000000444e-01 2.048241663380304658e+02 7.980103986000675151e-05
3.000000000000000444e-01 2.105193765241921824e+02 6.612550217348868637e-05
3.000000000000000444e-01 2.162145867103538990e+02 5.428112939634690632e-05
3.000000000000000444e-01 2.219097968965156156e+02 4.361252933767534491e-05
3.000000000000000444e-01 2.276050070826773322e+02 3.473932263916072288e-05
3.000000000000000444e-01 2.333002172688390488e+02 2.687288579380080978e-05
3.000000000000000444e-01 2.389954274550007653e+02 2.014919233091419509e-05
3.000000000000000444e-01 2.446906376411625388e+02 1.430089597844981110e-05
3.000000000000000444e-01 2.503858478273242554e+02 9.356277598658044594e-06
3.000000000000000444e-01 2.560810580134859720e+02 5.028694632647432843e-06
3.000000000000000444e-01 2.617762681996476886e+02 1.523772281474170587e-06
3.000000000000000444e-01 2.644204729289370448e+02 0.000000000000000000e+00
4.000000000000000222e-01 1.000000000000000000e+00 1.084481972531014735e-02
4.000000000000000222e-01 1.256478648511341945e+00 9.783420564611440204e-03
4.000000000000000222e-01 1.578738594164888598e+00 7.807316206477754941e-03
4.000000000000000222e-01 1.983651335148995276e+00 5.895159139066786375e-03
4.000000000000000222e-01 2.492415548705728678e+00 5.371057244330200431e-03
4.000000000000000222e-01 3.131666920166429335e+00 5.002173433428788903e-03
4.000000000000000222e-01 3.934872619438392061e+00 4.092242985226168285e-03
4.000000000000000222e-01 4.944083430936235146e+00 3.518862997718217277e-03
4.000000000000000222e-01 6.212135267430079821e+00 3.276515062189200647e-03
4.000000000000000222e-01 7.805415325190191211e+00 3.033312983295830424e-03
4.000000000000000222e-01 9.807337698864689202e+00 2.715208638786828759e-03
4.000000000000000222e-01 1.232271041736383843e+01 2.439497985159460626e-03
4.000000000000000222e-01 1.548322253120595171e+01 2.257907848085946492e-03
4.000000000000000222e-01 1.945433852061001545e+01 2.104371712520708947e-03
4.000000000000000222e-01 2.444396097205821405e+01 1.970143659329426714e-03
4.000000000000000222e-01 3.071331504643569232e+01 1.888203214298814778e-03
4.000000000000000222e-01 3.859062458084859060e+01 1.828568387923923053e-03
4.000000000000000222e-01 4.593020638442036585e+01 1.790774893752721105e-03
4.000000000000000222e-01 4.848829581855321180e+01 1.775556815741367866e-03
4.000000000000000222e-01 5.252531294218329094e+01 1.752657264345800804e-03
4.000000000000000222e-01 5.912041949994621604e+01 1.709931211173589720e-03
4.000000000000000222e-01 6.092450839871388979e+01 1.700635191695942577e-03
4.000000000000000222e-01 6.571552605770914113e+01 1.665970263525404747e-03
4.000000000000000222e-01 7.231063261547205911e+01 1.621541132264510974e-03
4.000000000000000222e-01 7.655034397403393598e+01 1.580010825276573173e-03
4.000000000000000222e-01 7.890573917323499131e+01 1.563051037361903482e-03
4.000000000000000222e-01 8.550084573099790930e+01 1.501909239503625756e-03
4.000000000000000222e-01 9.209595228876082729e+01 1.434823537223470571e-03
4.000000000000000222e-01 9.869105884652375948e+01 1.356897471549811272e-03
4.000000000000000222e-01 1.052861654042866917e+02 1.279851408567281388e-03
4.000000000000000222e-01 1.118812719620495955e+02 1.196732302726972010e-03
4.000000000000000222e-01 1.184763785198125277e+02 1.116908072345766103e-03
4.000000000000000222e-01 1.250714850775754599e+02 1.033916655639134088e-03
4.000000000000000222e-01 1.316665916353383921e+02 9.497476972296048066e-04
4.000000000000000222e-01 1.382616981931012958e+02 8.681681388054633252e-04
4.000000000000000222e-01 1.448568047508642280e+02 7.868840464031510258e-04
4.000000000000000222e-01 1.514519113086271602e+02 7.127738550604241453e-04
4.000000000000000222e-01 1.580470178663900640e+02 6.386200344703827194e-04
4.000000000000000222e-01 1.646421244241529962e+02 5.687516079650992065e-04
4.000000000000000222e-01 1.712372309819159284e+02 5.046671089793954793e-04
4.000000000000000222e-01 1.778323375396788322e+02 4.443592841487860627e-04
4.000000000000000222e-01 1.844274440974417644e+02 3.876004355107069677e-04
4.000000000000000222e-01 1.910225506552046966e+02 3.379210533384886610e-04
4.000000000000000222e-01 1.976176572129676288e+02 2.914415212552198451e-04
4.000000000000000222e-01 2.042127637707305325e+02 2.500620524913051449e-04
4.000000000000000222e-01 2.108078703284934647e+02 2.137249641889920368e-04
4.000000000000000222e-01 2.174029768862563969e+02 1.803838459916362797e-04
4.000000000000000222e-01 2.239980834440193007e+02 1.519170595553915183e-04
4.000000000000000222e-01 2.305931900017822329e+02 1.262395678893342942e-04
4.000000000000000222e-01 2.371882965595451651e+02 1.043494337605323615e-04
4.000000000000000222e-01 2.437834031173080973e+02 8.519142056656772808e-05
4.000000000000000222e-01 2.503785096750710011e+02 6.878173303838586898e-05
4.000000000000000222e-01 2.569736162328339333e+02 5.479949401560290219e-05
4.000000000000000222e-01 2.635687227905968939e+02 4.275889291518763017e-05
4.000000000000000222e-01 2.701638293483597977e+02 3.246476799186428960e-05
4.000000000000000222e-01 2.767589359061227015e+02 2.402846728397513271e-05
4.000000000000000222e-01 2.833540424638856621e+02 1.694555554611293862e-05
4.000000000000000222e-01 2.899491490216485658e+02 1.084956507418314335e-05
4.000000000000000222e-01 2.965442555794114696e+02 5.884652753694675215e-06
4.000000000000000222e-01 3.031393621371744302e+02 1.608429328374913519e-06
4.000000000000000222e-01 3.062013758961358008e+02 0.000000000000000000e+00
5.000000000000000000e-01 1.000000000000000000e+00 1.289351074378237635e-02
5.000000000000000000e-01 1.265325784773146278e+00 1.178083913125128890e-02
5.000000000000000000e-01 1.601049341611778365e+00 9.437121756796023123e-03
5.000000000000000000e-01 2.025849014635452416e+00 7.006798809948571599e-03
5.000000000000000000e-01 2.563358994275509062e+00 6.454416226636491838e-03
5.000000000000000000e-01 3.243484231086961156e+00 5.998265887374575750e-03
5.000000000000000000e-01 4.104064230099433885e+00 4.856510757944946903e-03
5.000000000000000000e-01 5.192978292709963917e+00 4.213154170715879138e-03
5.000000000000000000e-01 6.570809333533148333e+00 3.957787300903852119e-03
5.000000000000000000e-01 8.314214476547546084e+00 3.672341697326916236e-03
5.000000000000000000e-01 1.052018995730977480e+01 3.274844675960904283e-03
5.000000000000000000e-01 1.331146761369555875e+01 2.984558844970662452e-03
5.000000000000000000e-01 1.684334320478166092e+01 2.791869735730208302e-03
5.000000000000000000e-01 2.131231645879378789e+01 2.623447737606773942e-03
5.000000000000000000e-01 2.696702354855688810e+01 2.498742106453528261e-03
5.000000000000000000e-01 3.412207023457366972e+01 2.444292846458095275e-03
5.000000000000000000e-01 4.317553529764633424e+01 2.427818219156989855e-03
5.000000000000000000e-01 5.248026938345703485e+01 2.417645628076630585e-03
5.000000000000000000e-01 5.463111808349501786e+01 2.419552349112290019e-03
5.000000000000000000e-01 6.001589780774830274e+01 2.410182030245815264e-03
5.000000000000000000e-01 6.755152623203956352e+01 2.392783322775916127e-03
5.000000000000000000e-01 6.912616236203277253e+01 2.393479632929768931e-03
5.000000000000000000e-01 7.508715465633083852e+01 2.369390560390029384e-03
5.000000000000000000e-01 8.262278308062209931e+01 2.330485095430698261e-03
5.000000000000000000e-01 8.746711563909502729e+01 2.301994918549761342e-03
5.000000000000000000e-01 9.015841150491337430e+01 2.271997915933628414e-03
5.000000000000000000e-01 9.769403992920463509e+01 2.215452540734541911e-03
5.000000000000000000e-01 1.052296683534958959e+02 2.127794754786099200e-03
5.000000000000000000e-01 1.127652967777871709e+02 2.038876560584261966e-03
5.000000000000000000e-01 1.203009252020784459e+02 1.933934645835056225e-03
5.000000000000000000e-01 1.278365536263696924e+02 1.829544840900729696e-03
5.000000000000000000e-01 1.353721820506609674e+02 1.701960520853209062e-03
5.000000000000000000e-01 1.429078104749522424e+02 1.584515691560010745e-03
5.000000000000000000e-01 1.504434388992435174e+02 1.456608882292266451e-03
5.000000000000000000e-01 1.579790673235347640e+02 1.330765261614106059e-03
5.000000000000000000e-01 1.655146957478260390e+02 1.207039676632319430e-03
5.000000000000000000e-01 1.730503241721173140e+02 1.086490577587478131e-03
5.000000000000000000e-01 1.805859525964085606e+02 9.712906157764252717e-04
5.000000000000000000e-01 1.881215810206998356e+02 8.616981131540457466e-04
5.000000000000000000e-01 1.956572094449911106e+02 7.568795561201580773e-04
5.000000000000000000e-01 2.031928378692823571e+02 6.642942762701953665e-04
5.000000000000000000e-01 2.107284662935736321e+02 5.770722214606986093e-04
5.000000000000000000e-01 2.182640947178649071e+02 4.953589602648270692e-04
5.000000000000000000e-01 2.257997231421561821e+02 4.243042299546872045e-04
5.000000000000000000e-01 2.333353515664474287e+02 3.597110370796308414e-04
5.000000000000000000e-01 2.408709799907387037e+02 3.026472035682234939e-04
5.000000000000000000e-01 2.484066084150299787e+02 2.540009381025923460e-04
5.000000000000000000e-01 2.559422368393212253e+02 2.094395836231123336e-04
5.000000000000000000e-01 2.634778652636125003e+02 1.720195278791735404e-04
5.000000000000000000e-01 2.710134936879038037e+02 1.405666944791867051e-04
5.000000000000000000e-01 2.785491221121950502e+02 1.125031873210223174e-04
5.000000000000000000e-01 2.860847505364862968e+02 8.979080748160724686e-05
5.000000000000000000e-01 2.936203789607776002e+02 6.997516214678969491e-05
5.000000000000000000e-01 3.011560073850688468e+02 5.402984469519530784e-05
5.000000000000000000e-01 3.086916358093600934e+02 4.019913001632376294e-05
5.000000000000000000e-01 3.162272642336513968e+02 2.939719600670457012e-05
5.000000000000000000e-01 3.237628926579426434e+02 2.028722334688921192e-05
5.000000000000000000e-01 3.312985210822338900e+02 1.280687742823682703e-05
5.000000000000000000e-01 3.388341495065251934e+02 6.744813462533715581e-06
5.000000000000000000e-01 3.463697779308164399e+02 1.956531925308291093e-06
5.000000000000000000e-01 3.498684625563802228e+02 0.000000000000000000e+00
6.000000000000000888e-01 1.000000000000000000e+00 1.240152179549334870e-02
6.000000000000000888e-01 1.272776455147779373e+00 1.127951623800653100e-02
6.000000000000000888e-01 1.619959904778547122e+00 8.885488018459930179e-03
6.000000000000000888e-01 2.061846825085573265e+00 6.708721498211684536e-03
6.000000000000000888e-01 2.624270093090119715e+00 6.284157048524528430e-03
6.000000000000000888e-01 3.340109186433575683e+00 5.729768228962587272e-03
6.000000000000000888e-01 4.251212330115458293e+00 4.643559973876543005e-03
6.000000000000000888e-01 5.410842959604885039e+00 4.101762299705565169e-03
6.000000000000000888e-01 6.886793521487224901e+00 3.916307771391223415e-03
6.000000000000000888e-01 8.765348645613203260e+00 3.614202499896277537e-03
6.000000000000000888e-01 1.115632937729796126e+01 3.243640829906735239e-03
6.000000000000000888e-01 1.419951335729832920e+01 3.020202433420458420e-03
6.000000000000000888e-01 1.807280627572570708e+01 2.858679333375463340e-03
6.000000000000000888e-01 2.300264230619071171e+01 2.736282800790411016e-03
6.000000000000000888e-01 2.927722153350574885e+01 2.676965214946227384e-03
6.000000000000000888e-01 3.726335823999168895e+01 2.699277418475881912e-03
6.000000000000000888e-01 4.742792500759841090e+01 2.780400003438321388e-03
6.000000000000000888e-01 5.867346995838806123e+01 2.863373485380220178e-03
6.000000000000000888e-01 6.036514626618581048e+01 2.887429206292655218e-03
6.000000000000000888e-01 6.709837846523352312e+01 2.937852781005554411e-03
6.000000000000000888e-01 7.552328697207899211e+01 2.987091406595693624e-03
6.000000000000000888e-01 7.683133687915321275e+01 2.992684806715194875e-03
6.000000000000000888e-01 8.394819547892446110e+01 3.019316699032872572e-03
6.000000000000000888e-01 9.237310398576991588e+01 3.036301350488402988e-03
6.000000000000000888e-01 9.778911659731345196e+01 3.032393787236850775e-03
6.000000000000000888e-01 1.007980124926153849e+02 3.016184073567406820e-03
6.000000000000000888e-01 1.092229209994608539e+02 2.967256808127331693e-03
6.000000000000000888e-01 1.176478295063063229e+02 2.894347613252300309e-03
6.000000000000000888e-01 1.260727380131517918e+02 2.818890785869891842e-03
6.000000000000000888e-01 1.344976465199972608e+02 2.696455089573858259e-03
6.000000000000000888e-01 1.429225550268427298e+02 2.564276300108849112e-03
6.000000000000000888e-01 1.513474635336881704e+02 2.419494644554645666e-03
6.000000000000000888e-01 1.597723720405336394e+02 2.259312616093701528e-03
6.000000000000000888e-01 1.681972805473791084e+02 2.089401867946722585e-03
6.000000000000000888e-01 1.766221890542245774e+02 1.915311712697737034e-03
6.000000000000000888e-01 1.850470975610700464e+02 1.743158985561043444e-03
6.000000000000000888e-01 1.934720060679155154e+02 1.571484204778781334e-03
6.000000000000000888e-01 2.018969145747609844e+02 1.401284579656674910e-03
6.000000000000000888e-01 2.103218230816064533e+02 1.241284940797985790e-03
6.000000000000000888e-01 2.187467315884519223e+02 1.090897426995543918e-03
6.000000000000000888e-01 2.271716400952973913e+02 9.484151711528864383e-04
6.000000000000000888e-01 2.355965486021428319e+02 8.174254508199123130e-04
6.000000000000000888e-01 2.440214571089883009e+02 7.001223408974040175e-04
6.000000000000000888e-01 2.524463656158337699e+02 5.946828938910855237e-04
6.000000000000000888e-01 2.608712741226792104e+02 4.989952464920299280e-04
6.000000000000000888e-01 2.692961826295247079e+02 4.173717961725329981e-04
6.000000000000000888e-01 2.777210911363701484e+02 3.450926950673346570e-04
6.000000000000000888e-01 2.861459996432156458e+02 2.829988013095149609e-04
6.000000000000000888e-01 2.945709081500610864e+02 2.294422723679149817e-04
6.000000000000000888e-01 3.029958166569065270e+02 1.845126614953673913e-04
6.000000000000000888e-01 3.114207251637520244e+02 1.462798993808416383e-04
6.000000000000000888e-01 3.198456336705975218e+02 1.148189913830427813e-04
6.000000000000000888e-01 3.282705421774429624e+02 8.835222348820436671e-05
6.000000000000000888e-01 3.366954506842884030e+02 6.720024127105067146e-05
6.000000000000000888e-01 3.451203591911339004e+02 4.963138018237124778e-05
6.000000000000000888e-01 3.535452676979793409e+02 3.548315120451227516e-05
6.000000000000000888e-01 3.619701762048248384e+02 2.418542730226689655e-05
6.000000000000000888e-01 3.703950847116702789e+02 1.506283994834893742e-05
6.000000000000000888e-01 3.788199932185157763e+02 7.943807548524278592e-06
6.000000000000000888e-01 3.872449017253612169e+02 2.232448768558679943e-06
6.000000000000000888e-01 3.911564663892537510e+02 0.000000000000000000e+00
7.000000000000000666e-01 1.000000000000000000e+00 9.865271564792136780e-03
7.000000000000000666e-01 1.278556829458550315e+00 8.737784247644634142e-03
7.000000000000000666e-01 1.634707566155100489e+00 6.707811455696439072e-03
7.000000000000000666e-01 2.090066522875168697e+00 5.349795339639666289e-03
7.000000000000000666e-01 2.672268826844732104e+00 5.095798600130053632e-03
7.000000000000000666e-01 3.416647558711520372e+00 4.446937118266904715e-03
7.000000000000000666e-01 4.368378070043497985e+00 3.690739791137564486e-03
7.000000000000000666e-01 5.585219615111074454e+00 3.393237335544950235e-03
7.000000000000000666e-01 7.141020682926121133e+00 3.214529669863597575e-03
7.000000000000000666e-01 9.130200763459953350e+00 2.948541701203431526e-03
7.000000000000000666e-01 1.167348054044939154e+01 2.693053364204249164e-03
7.000000000000000666e-01 1.492520826854306115e+01 2.549977531646465279e-03
7.000000000000000666e-01 1.908272696283695780e+01 2.463746507658278427e-03
7.000000000000000666e-01 2.439835088302801225e+01 2.414083034156244267e-03
7.000000000000000666e-01 3.119467814902150238e+01 2.452025940107818887e-03
7.000000000000000666e-01 3.988416879019285233e+01 2.572039949660025453e-03
7.000000000000000666e-01 5.099417639397864832e+01 2.751202245296171731e-03
7.000000000000000666e-01 6.394873256558761199e+01 2.984600818141144255e-03
7.000000000000000666e-01 6.519895249113538682e+01 3.003459683954456429e-03
7.000000000000000666e-01 7.313111467756942830e+01 3.151041271611424582e-03
7.000000000000000666e-01 8.231349678955123750e+01 3.289681447717351069e-03
7.000000000000000666e-01 8.336056598108471860e+01 3.300772924965578517e-03
7.000000000000000666e-01 9.149587890153304670e+01 3.397261986412847181e-03
7.000000000000000666e-01 1.006782610135148559e+02 3.488347477802267518e-03
7.000000000000000666e-01 1.065812209426459845e+02 3.523138577578342669e-03
7.000000000000000666e-01 1.098606431254966651e+02 3.542649441897081138e-03
7.000000000000000666e-01 1.190430252374784885e+02 3.561010595829300698e-03
7.000000000000000666e-01 1.282254073494603119e+02 3.540071417474900239e-03
7.000000000000000666e-01 1.374077894614421211e+02 3.467487870163992510e-03
7.000000000000000666e-01 1.465901715734239303e+02 3.377650635927215671e-03
7.000000000000000666e-01 1.557725536854057395e+02 3.250508897178989564e-03
7.000000000000000666e-01 1.649549357973875487e+02 3.091494062927552244e-03
7.000000000000000666e-01 1.741373179093693579e+02 2.912952376270617431e-03
7.000000000000000666e-01 1.833197000213511672e+02 2.718005345386955048e-03
7.000000000000000666e-01 1.925020821333330048e+02 2.503048773475439418e-03
7.000000000000000666e-01 2.016844642453148140e+02 2.283466701959735619e-03
7.000000000000000666e-01 2.108668463572966232e+02 2.068408415424594343e-03
7.000000000000000666e-01 2.200492284692784324e+02 1.844432357236679707e-03
7.000000000000000666e-01 2.292316105812602416e+02 1.641730750243700380e-03
7.000000000000000666e-01 2.384139926932420508e+02 1.439394692951610679e-03
7.000000000000000666e-01 2.475963748052238600e+02 1.250823945809323738e-03
7.000000000000000666e-01 2.567787569172056692e+02 1.077068990675691474e-03
7.000000000000000666e-01 2.659611390291875068e+02 9.194336484438425574e-04
7.000000000000000666e-01 2.751435211411692876e+02 7.754366133924585781e-04
7.000000000000000666e-01 2.843259032531511252e+02 6.491121273910282563e-04
7.000000000000000666e-01 2.935082853651329060e+02 5.376594695609243331e-04
7.000000000000000666e-01 3.026906674771147436e+02 4.424133293159257735e-04
7.000000000000000666e-01 3.118730495890965244e+02 3.593116458874935702e-04
7.000000000000000666e-01 3.210554317010783620e+02 2.890730119284512707e-04
7.000000000000000666e-01 3.302378138130601428e+02 2.301130168696710490e-04
7.000000000000000666e-01 3.394201959250419804e+02 1.804402225378788042e-04
7.000000000000000666e-01 3.486025780370237612e+02 1.400298772874941525e-04
7.000000000000000666e-01 3.577849601490055989e+02 1.074109347626074775e-04
7.000000000000000666e-01 3.669673422609874365e+02 8.025882149177323676e-05
7.000000000000000666e-01 3.761497243729692173e+02 5.867831802442115198e-05
7.000000000000000666e-01 3.853321064849510549e+02 4.153332720738579662e-05
7.000000000000000666e-01 3.945144885969328357e+02 2.792889643350638556e-05
7.000000000000000666e-01 4.036968707089146733e+02 1.722886800670360454e-05
7.000000000000000666e-01 4.128792528208964541e+02 9.004625366355776758e-06
7.000000000000000666e-01 4.220616349328782917e+02 2.517585323266361006e-06
7.000000000000000666e-01 4.263248837705841083e+02 0.000000000000000000e+00
8.000000000000000444e-01 1.000000000000000000e+00 7.065509195647369164e-03
8.000000000000000444e-01 1.282609999966303427e+00 6.013022799843728387e-03
8.000000000000000444e-01 1.645088412013560930e+00 4.561896861763851431e-03
8.000000000000000444e-01 2.110006848077279340e+00 3.901192576484775656e-03
8.000000000000000444e-01 2.706315883341299244e+00 3.686159887121776696e-03
8.000000000000000444e-01 3.471147815041190299e+00 3.105937605650562709e-03
8.000000000000000444e-01 4.452128898933015222e+00 2.689296399779762120e-03
8.000000000000000444e-01 5.710345046910453526e+00 2.537246679975631736e-03
8.000000000000000444e-01 7.324145660425396720e+00 2.380568568827870230e-03
8.000000000000000444e-01 9.394022465271419264e+00 2.180859893347897663e-03
8.000000000000000444e-01 1.204886715386522944e+01 2.041775207770062453e-03
8.000000000000000444e-01 1.545399749981307203e+01 1.974234479689600599e-03
8.000000000000000444e-01 1.982145173271450389e+01 1.935345276567324154e-03
8.000000000000000444e-01 2.542319220622903941e+01 1.960568256535889960e-03
8.000000000000000444e-01 3.260804055477474606e+01 2.053084507918118314e-03
8.000000000000000444e-01 4.182339889486084417e+01 2.240998762740397006e-03
8.000000000000000444e-01 5.364310965512817830e+01 2.504232055667505660e-03
8.000000000000000444e-01 6.791239723468849832e+01 2.862638700273055069e-03
8.000000000000000444e-01 6.880318887295638319e+01 2.871302764621021068e-03
8.000000000000000444e-01 7.766392094018223702e+01 3.085992952928127107e-03
8.000000000000000444e-01 8.741544464567596151e+01 3.317344154393713374e-03
8.000000000000000444e-01 8.824765807802413065e+01 3.325501073332702128e-03
8.000000000000000444e-01 9.716696835116970021e+01 3.506274157706909360e-03
8.000000000000000444e-01 1.069184920566634389e+02 3.672704237012099776e-03
8.000000000000000444e-01 1.131873287244808495e+02 3.757519930405222013e-03
8.000000000000000444e-01 1.166700157621571634e+02 3.786289469691074203e-03
8.000000000000000444e-01 1.264215394676509021e+02 3.871011646638456913e-03
8.000000000000000444e-01 1.361730631731446124e+02 3.908380128321177829e-03
8.000000000000000444e-01 1.459245868786383653e+02 3.890773463254217687e-03
8.000000000000000444e-01 1.556761105841321182e+02 3.823165270242837987e-03
8.000000000000000444e-01 1.654276342896258143e+02 3.720992864575951419e-03
8.000000000000000444e-01 1.751791579951195672e+02 3.577734291998928024e-03
8.000000000000000444e-01 1.849306817006133201e+02 3.399174709362961632e-03
8.000000000000000444e-01 1.946822054061070162e+02 3.187425166408678311e-03
8.000000000000000444e-01 2.044337291116007691e+02 2.961142921753578787e-03
8.000000000000000444e-01 2.141852528170945220e+02 2.716024965694194791e-03
8.000000000000000444e-01 2.239367765225882181e+02 2.469702492089153982e-03
8.000000000000000444e-01 2.336883002280819710e+02 2.215563972463368333e-03
8.000000000000000444e-01 2.434398239335757239e+02 1.973721751769581378e-03
8.000000000000000444e-01 2.531913476390694200e+02 1.729222577203009441e-03
8.000000000000000444e-01 2.629428713445631729e+02 1.503917024342448644e-03
8.000000000000000444e-01 2.726943950500569258e+02 1.299523328262211811e-03
8.000000000000000444e-01 2.824459187555506219e+02 1.105024962602590543e-03
8.000000000000000444e-01 2.921974424610443748e+02 9.331676528122277150e-04
8.000000000000000444e-01 3.019489661665381277e+02 7.769591683483215291e-04
8.000000000000000444e-01 3.117004898720318238e+02 6.432826446671898683e-04
8.000000000000000444e-01 3.214520135775255767e+02 5.264722520414676088e-04
8.000000000000000444e-01 3.312035372830193296e+02 4.245246053224568353e-04
8.000000000000000444e-01 3.409550609885130257e+02 3.405441160170058143e-04
8.000000000000000444e-01 3.507065846940067786e+02 2.691313647538242943e-04
8.000000000000000444e-01 3.604581083995005315e+02 2.105847151722660144e-04
8.000000000000000444e-01 3.702096321049942276e+02 1.617748349708327362e-04
8.000000000000000444e-01 3.799611558104879805e+02 1.228062140766587331e-04
8.000000000000000444e-01 3.897126795159817334e+02 9.155092214966456022e-05
8.000000000000000444e-01 3.994642032214754295e+02 6.644034765901523135e-05
8.000000000000000444e-01 4.092157269269691824e+02 4.632924954335110789e-05
8.000000000000000444e-01 4.189672506324629353e+02 3.106354607476867312e-05
8.000000000000000444e-01 4.287187743379566314e+02 1.895487657301961985e-05
8.000000000000000444e-01 4.384702980434503843e+02 9.809601458469557010e-06
8.000000000000000444e-01 4.482218217489440804e+02 2.723029717914066848e-06
8.000000000000000444e-01 4.527493148979233411e+02 0.000000000000000000e+00
9.000000000000000222e-01 1.000000000000000000e+00 5.149219539097627668e-03
9.000000000000000222e-01 1.284986228742697634e+00 4.255164492005316344e-03
9.000000000000000222e-01 1.651189608058380331e+00 3.279136425148049781e-03
9.000000000000000222e-01 2.121755907398070740e+00 2.970936314122594232e-03
9.000000000000000222e-01 2.726427121759987582e+00 2.723494384089596848e-03
9.000000000000000222e-01 3.503421305132173647e+00 2.272494466207706024e-03
9.000000000000000222e-01 4.501848130578611773e+00 2.050263694088386244e-03
9.000000000000000222e-01 5.784812851684573154e+00 1.948710733728934797e-03
9.000000000000000222e-01 7.433404850268449771e+00 1.814069809522738958e-03
9.000000000000000222e-01 9.551822865264131934e+00 1.667654455266744627e-03
9.000000000000000222e-01 1.227396084125402353e+01 1.589877768277605120e-03
9.000000000000000222e-01 1.577187065313855641e+01 1.559644950832240421e-03
9.000000000000000222e-01 2.026663659079413904e+01 1.561017448814030258e-03
9.000000000000000222e-01 2.604234892210332220e+01 1.621399435044939890e-03
9.000000000000000222e-01 3.346405972901500547e+01 1.758265742061903203e-03
9.000000000000000222e-01 4.300085590960736681e+01 1.962622132333054041e-03
9.000000000000000222e-01 5.525550766799450741e+01 2.265331898394627990e-03
9.000000000000000222e-01 7.034321988650803803e+01 2.680439554534505726e-03
9.000000000000000222e-01 7.100256641555947112e+01 2.699149448313154908e-03
9.000000000000000222e-01 8.044378479328867115e+01 2.954181526942189270e-03
9.000000000000000222e-01 9.054434970006931849e+01 3.235004672328600870e-03
9.000000000000000222e-01 9.123732004938267437e+01 3.245405422202112932e-03
9.000000000000000222e-01 1.006449146068499658e+02 3.474173841742715565e-03
9.000000000000000222e-01 1.107454795136305989e+02 3.682620453955704354e-03
9.000000000000000222e-01 1.172386998108467537e+02 3.799328292386553590e-03
9.000000000000000222e-01 1.208460444204112321e+02 3.853239551903327349e-03
9.000000000000000222e-01 1.309466093271918794e+02 3.981196473815702165e-03
9.000000000000000222e-01 1.410471742339724983e+02 4.063468149946273048e-03
9.000000000000000222e-01 1.511477391407531741e+02 4.080612554003639793e-03
9.000000000000000222e-01 1.612483040475337930e+02 4.057454706255529155e-03
9.000000000000000222e-01 1.713488689543144403e+02 3.966373605591874858e-03
9.000000000000000222e-01 1.814494338610950877e+02 3.846262001524409103e-03
9.000000000000000222e-01 1.915499987678757066e+02 3.669146467987010989e-03
9.000000000000000222e-01 2.016505636746563823e+02 3.463511878624545796e-03
9.000000000000000222e-01 2.117511285814370012e+02 3.231882703544688810e-03
9.000000000000000222e-01 2.218516934882176201e+02 2.981692024596993909e-03
9.000000000000000222e-01 2.319522583949982959e+02 2.714579805823669461e-03
9.000000000000000222e-01 2.420528233017789148e+02 2.447569068492550307e-03
9.000000000000000222e-01 2.521533882085595906e+02 2.180433685418623618e-03
9.000000000000000222e-01 2.622539531153402095e+02 1.919147777804968390e-03
9.000000000000000222e-01 2.723545180221208284e+02 1.672354108164671909e-03
9.000000000000000222e-01 2.824550829289015041e+02 1.440031901961122580e-03
9.000000000000000222e-01 2.925556478356821231e+02 1.226246772068640637e-03
9.000000000000000222e-01 3.026562127424627420e+02 1.033552897397993454e-03
9.000000000000000222e-01 3.127567776492434177e+02 8.624491128506278723e-04
9.000000000000000222e-01 3.228573425560240366e+02 7.107945522403395560e-04
9.000000000000000222e-01 3.329579074628047124e+02 5.822309032938927965e-04
9.000000000000000222e-01 3.430584723695853313e+02 4.688881876996816309e-04
9.000000000000000222e-01 3.531590372763659502e+02 3.755450666336920232e-04
9.000000000000000222e-01 3.632596021831466260e+02 2.954089855252369813e-04
9.000000000000000222e-01 3.733601670899272449e+02 2.301715564915187079e-04
9.000000000000000222e-01 3.834607319967079206e+02 1.767953460747702583e-04
9.000000000000000222e-01 3.935612969034885396e+02 1.337981436291541654e-04
9.000000000000000222e-01 4.036618618102691585e+02 9.901480798310737929e-05
9.000000000000000222e-01 4.137624267170498342e+02 7.157946419045527978e-05
9.000000000000000222e-01 4.238629916238304531e+02 5.015512742669717464e-05
9.000000000000000222e-01 4.339635565306111289e+02 3.326987946473372766e-05
9.000000000000000222e-01 4.440641214373917478e+02 2.055224644279163534e-05
9.000000000000000222e-01 4.541646863441723667e+02 1.031983346956143634e-05
9.000000000000000222e-01 4.642652512509530425e+02 2.912516886282032024e-06
9.000000000000000222e-01 4.689547992433869013e+02 0.000000000000000000e+00
1.000000000000000000e+00 1.000000000000000000e+00 4.582935833980167697e-03
1.000000000000000000e+00 1.285765807713190378e+00 3.691531642186674997e-03
1.000000000000000000e+00 1.653193712284352745e+00 2.968645422021378138e-03
1.000000000000000000e+00 2.125619948781658053e+00 2.693263101046268135e-03
1.000000000000000000e+00 2.733049450336519026e+00 2.404084837362736350e-03
1.000000000000000000e+00 3.514061534032025147e+00 2.082178143180290174e-03
1.000000000000000000e+00 4.518260166658539134e+00 1.858853956323387171e-03
1.000000000000000000e+00 5.809424432642050107e+00 1.767601059688412137e-03
1.000000000000000000e+00 7.469559297984748270e+00 1.631454504723793856e-03
1.000000000000000000e+00 9.604103944034930507e+00 1.519472742490053391e-03
1.000000000000000000e+00 1.234862846496350919e+01 1.455111097210479284e-03
1.000000000000000000e+00 1.587744425240389567e+01 1.432108784568700017e-03
1.000000000000000000e+00 2.041467493361325225e+01 1.438160147687057204e-03
1.000000000000000000e+00 2.624849100521946710e+01 1.472375220656959227e-03
1.000000000000000000e+00 3.374941223857840811e+01 1.647720433996417667e-03
1.000000000000000000e+00 4.339384028678118455e+01 1.853055267332389885e-03
1.000000000000000000e+00 5.579431610611040782e+01 2.188392196343276214e-03
1.000000000000000000e+00 7.115850680626681424e+01 2.619908280072792868e-03
1.000000000000000000e+00 7.173842391397812435e+01 2.635217797071774930e-03
1.000000000000000000e+00 8.137613855280768860e+01 2.899355059734722104e-03
1.000000000000000000e+00 9.159377029934856296e+01 3.191467016525421137e-03
1.000000000000000000e+00 9.223881256782730986e+01 3.207123436455830770e-03
1.000000000000000000e+00 1.018114020458894515e+02 3.444374890413205454e-03
1.000000000000000000e+00 1.120290337924303117e+02 3.680591460797237157e-03
1.000000000000000000e+00 1.185975113437780237e+02 3.805129437622002415e-03
1.000000000000000000e+00 1.222466655389712002e+02 3.856317141772048693e-03
1.000000000000000000e+00 1.324642972855120888e+02 4.002787438491131264e-03
1.000000000000000000e+00 1.426819290320529490e+02 4.101913081499804735e-03
1.000000000000000000e+00 1.528995607785938091e+02 4.132010199765509019e-03
1.000000000000000000e+00 1.631171925251346977e+02 4.121024403366107917e-03
1.000000000000000000e+00 1.733348242716755863e+02 4.041360128497629989e-03
1.000000000000000000e+00 1.835524560182164464e+02 3.929768315588234515e-03
1.000000000000000000e+00 1.937700877647573350e+02 3.750097024452379770e-03
1.000000000000000000e+00 2.039877195112981951e+02 3.551092158434710280e-03
1.000000000000000000e+00 2.142053512578390837e+02 3.319251500030202199e-03
1.000000000000000000e+00 2.244229830043799438e+02 3.067005416596819793e-03
1.000000000000000000e+00 2.346406147509208324e+02 2.792260299546189470e-03
1.000000000000000000e+00 2.448582464974617210e+02 2.525932220993921343e-03
1.000000000000000000e+00 2.550758782440025811e+02 2.249161995277495357e-03
1.000000000000000000e+00 2.652935099905434981e+02 1.982428771694211191e-03
1.000000000000000000e+00 2.755111417370843583e+02 1.732376353845322715e-03
1.000000000000000000e+00 2.857287734836252184e+02 1.487460181559576745e-03
1.000000000000000000e+00 2.959464052301660786e+02 1.267892522458234075e-03
1.000000000000000000e+00 3.061640369767069387e+02 1.070722677237061866e-03
1.000000000000000000e+00 3.163816687232478557e+02 8.880339683530330541e-04
1.000000000000000000e+00 3.265993004697887159e+02 7.388879533648447804e-04
1.000000000000000000e+00 3.368169322163295760e+02 6.023202533376118949e-04
1.000000000000000000e+00 3.470345639628704930e+02 4.875460225960499198e-04
1.000000000000000000e+00 3.572521957094113532e+02 3.868203372639224236e-04
1.000000000000000000e+00 3.674698274559522133e+02 3.070925174694395516e-04
1.000000000000000000e+00 3.776874592024930735e+02 2.394542968405361210e-04
1.000000000000000000e+00 3.879050909490339905e+02 1.806324495561324609e-04
1.000000000000000000e+00 3.981227226955748506e+02 1.355643367584207827e-04
1.000000000000000000e+00 4.083403544421157108e+02 1.011387439352635909e-04
1.000000000000000000e+00 4.185579861886566277e+02 7.571471173936563260e-05
1.000000000000000000e+00 4.287756179351974879e+02 5.189448982232943379e-05
1.000000000000000000e+00 4.389932496817383480e+02 3.286156933253003669e-05
1.000000000000000000e+00 4.492108814282792082e+02 1.969638712629479891e-05
1.000000000000000000e+00 4.594285131748201252e+02 1.077527789866355975e-05
1.000000000000000000e+00 4.696461449213609853e+02 2.920879911877047489e-06
1.000000000000000000e+00 4.743900453751120949e+02 0.000000000000000000e+00
