# mx [GeV]: 10000.0
# sigma_p [cm^2]: 5.12861383991e-28
# depth [m]: 0.3
# loc: MPI
# Columns: gamma/pi, v [km/s], f(v, gamma) [s/km]
0.000000000000000000e+00 6.855762594241626706e-01 8.972988478176615809e-03
0.000000000000000000e+00 7.840179787260936894e-01 8.077463327366371862e-03
0.000000000000000000e+00 8.824596980280248193e-01 7.391512514628416526e-03
0.000000000000000000e+00 9.809014173299558381e-01 6.387465944507277234e-03
0.000000000000000000e+00 1.000000000000000000e+00 6.285980805222221406e-03
0.000000000000000000e+00 1.007042052298694701e+00 6.248380262148803092e-03
0.000000000000000000e+00 1.014133695097966914e+00 6.210303819429332031e-03
0.000000000000000000e+00 1.021275277616715327e+00 6.171913735055303309e-03
0.000000000000000000e+00 1.028467151533056123e+00 6.132972954160756038e-03
0.000000000000000000e+00 1.035709671001641352e+00 6.093921735814859970e-03
0.000000000000000000e+00 1.043003192671098756e+00 5.844877149544901694e-03
0.000000000000000000e+00 1.050348075701594164e+00 5.812026604005546618e-03
0.000000000000000000e+00 1.057744681782518237e+00 5.778824394232875625e-03
0.000000000000000000e+00 1.065193375150296884e+00 5.745106631812358332e-03
0.000000000000000000e+00 1.072694522606328249e+00 5.711003979285475714e-03
0.000000000000000000e+00 1.079343136631886857e+00 5.680600334671870137e-03
0.000000000000000000e+00 1.080248493535045373e+00 5.676425564419664352e-03
0.000000000000000000e+00 1.087855659922105200e+00 5.641536248936378402e-03
0.000000000000000000e+00 1.095516396372707701e+00 5.606237910603295051e-03
0.000000000000000000e+00 1.103231080130041786e+00 5.570502454142362350e-03
0.000000000000000000e+00 1.111000091093863107e+00 5.534538687624300686e-03
0.000000000000000000e+00 1.118823811839200655e+00 5.498089360618379183e-03
0.000000000000000000e+00 1.126702627635197240e+00 5.461253454526400139e-03
0.000000000000000000e+00 1.134636926464080986e+00 5.424282734686634334e-03
0.000000000000000000e+00 1.142627099040271155e+00 5.386902887937278228e-03
0.000000000000000000e+00 1.177784855933817987e+00 5.222249513698851674e-03
0.000000000000000000e+00 1.276226575235749117e+00 4.499580661988934575e-03
0.000000000000000000e+00 1.374668294537680024e+00 4.157157015978137082e-03
0.000000000000000000e+00 1.473110013839610932e+00 3.715839642806857950e-03
0.000000000000000000e+00 1.571551733141542062e+00 3.198202087570038276e-03
0.000000000000000000e+00 1.669993452443473192e+00 3.002341957559292659e-03
0.000000000000000000e+00 1.768435171745404322e+00 2.756287449676019137e-03
0.000000000000000000e+00 1.866876891047335452e+00 2.378279015121396826e-03
0.000000000000000000e+00 1.965318610349266137e+00 2.186665258763443795e-03
0.000000000000000000e+00 2.063760329651197267e+00 1.940792769698687593e-03
0.000000000000000000e+00 2.162202048953128397e+00 1.776403859583748981e-03
0.000000000000000000e+00 2.260643768255059527e+00 1.515719249571661088e-03
0.000000000000000000e+00 2.359085487556990657e+00 1.388072346260169803e-03
0.000000000000000000e+00 2.457527206858921343e+00 1.194655125282125582e-03
0.000000000000000000e+00 2.555968926160852472e+00 1.091912791582079620e-03
0.000000000000000000e+00 2.654410645462783602e+00 9.556950747662148159e-04
0.000000000000000000e+00 2.752852364764714732e+00 8.700368390319309850e-04
0.000000000000000000e+00 2.851294084066645862e+00 7.218619751705069188e-04
0.000000000000000000e+00 2.949735803368576992e+00 6.571122157091478701e-04
0.000000000000000000e+00 3.048177522670508122e+00 5.664079412636922059e-04
0.000000000000000000e+00 3.146619241972438807e+00 5.138360014930085616e-04
0.000000000000000000e+00 3.245060961274369937e+00 4.175449983358839041e-04
0.000000000000000000e+00 3.343502680576301067e+00 3.403629525304747755e-04
0.000000000000000000e+00 3.441944399878232197e+00 3.090340923427989037e-04
0.000000000000000000e+00 3.540386119180163327e+00 2.589750603383344195e-04
0.000000000000000000e+00 3.638827838482094013e+00 2.344213895701542226e-04
0.000000000000000000e+00 3.737269557784025142e+00 1.780167365991041652e-04
0.000000000000000000e+00 3.835711277085956272e+00 1.455401840508249202e-04
0.000000000000000000e+00 3.934152996387887402e+00 1.316307013100742889e-04
0.000000000000000000e+00 4.032594715689818088e+00 9.388063245750440707e-05
0.000000000000000000e+00 4.131036434991749218e+00 7.710643239885770308e-05
0.000000000000000000e+00 4.229478154293680348e+00 5.239528021523625056e-05
0.000000000000000000e+00 4.327919873595611477e+00 3.160289844664061179e-05
0.000000000000000000e+00 4.426361592897542607e+00 2.227051344184084072e-05
0.000000000000000000e+00 4.524803312199473737e+00 6.671706986909053271e-06
0.000000000000000000e+00 4.570508396161084619e+00 0.000000000000000000e+00
1.000000000000000056e-01 7.031338091967314075e-01 9.901641913376762333e-03
1.000000000000000056e-01 8.040966125685697907e-01 9.213237459946094221e-03
1.000000000000000056e-01 9.050594159404081740e-01 7.909140483319884382e-03
1.000000000000000056e-01 1.000000000000000000e+00 7.132970745667851012e-03
1.000000000000000056e-01 1.006022219312246335e+00 7.076380541140554412e-03
1.000000000000000056e-01 1.008383236732988131e+00 7.054045635218164634e-03
1.000000000000000056e-01 1.016836752124097520e+00 6.979279599875971504e-03
1.000000000000000056e-01 1.025361135335956630e+00 6.728572182207724107e-03
1.000000000000000056e-01 1.033956980470283282e+00 6.675620096143536006e-03
1.000000000000000056e-01 1.042624886609291313e+00 6.622902532408103671e-03
1.000000000000000056e-01 1.051365457857441843e+00 6.570009915754799167e-03
1.000000000000000056e-01 1.060179303383547156e+00 6.517129948059806853e-03
1.000000000000000056e-01 1.069067037463225844e+00 6.464061433793293933e-03
1.000000000000000056e-01 1.078029279521714345e+00 6.410651764152256946e-03
1.000000000000000056e-01 1.087066654177037517e+00 6.356985225869286708e-03
1.000000000000000056e-01 1.096179791283540927e+00 6.302969116517617015e-03
1.000000000000000056e-01 1.105369325975788408e+00 6.248815685102399736e-03
1.000000000000000056e-01 1.106985022684084718e+00 6.239257856715287910e-03
1.000000000000000056e-01 1.114635898712826867e+00 6.194109765476157013e-03
1.000000000000000056e-01 1.123980155322823471e+00 6.139079804284081586e-03
1.000000000000000056e-01 1.133402747048075421e+00 6.083765730797778722e-03
1.000000000000000056e-01 1.142904330590398310e+00 6.028118335949734889e-03
1.000000000000000056e-01 1.152485568156895068e+00 5.972051910134280363e-03
1.000000000000000056e-01 1.162147127506106603e+00 5.905380638942952370e-03
1.000000000000000056e-01 1.171889681994552346e+00 5.749148542539939989e-03
1.000000000000000056e-01 1.207947826055923102e+00 5.538164897345563241e-03
1.000000000000000056e-01 1.308910629427761485e+00 5.007298756520120291e-03
1.000000000000000056e-01 1.409873432799599868e+00 4.420624207247433358e-03
1.000000000000000056e-01 1.510836236171438252e+00 4.004751049403861181e-03
1.000000000000000056e-01 1.611799039543276635e+00 3.596186803588943999e-03
1.000000000000000056e-01 1.712761842915115018e+00 3.240197161516535605e-03
1.000000000000000056e-01 1.813724646286953401e+00 2.888482261081156636e-03
1.000000000000000056e-01 1.914687449658791563e+00 2.604578335165988901e-03
1.000000000000000056e-01 2.015650253030630168e+00 2.305149832758289236e-03
1.000000000000000056e-01 2.116613056402468551e+00 2.076907650933971453e-03
1.000000000000000056e-01 2.217575859774306934e+00 1.847908438314922654e-03
1.000000000000000056e-01 2.318538663146145318e+00 1.660042786246051149e-03
1.000000000000000056e-01 2.419501466517983701e+00 1.448393500788707671e-03
1.000000000000000056e-01 2.520464269889822084e+00 1.301582956564382087e-03
1.000000000000000056e-01 2.621427073261660468e+00 1.165056230374266139e-03
1.000000000000000056e-01 2.722389876633498851e+00 1.014972680450610407e-03
1.000000000000000056e-01 2.823352680005337234e+00 9.010042452612179731e-04
1.000000000000000056e-01 2.924315483377175617e+00 7.901545023407182278e-04
1.000000000000000056e-01 3.025278286749014001e+00 6.962538193841694319e-04
1.000000000000000056e-01 3.126241090120851496e+00 5.971659319164990265e-04
1.000000000000000056e-01 3.227203893492689879e+00 5.281199377475149104e-04
1.000000000000000056e-01 3.328166696864528262e+00 4.512961228815285308e-04
1.000000000000000056e-01 3.429129500236366646e+00 3.880205301143004808e-04
1.000000000000000056e-01 3.530092303608205029e+00 3.316798280440246037e-04
1.000000000000000056e-01 3.631055106980043412e+00 2.741331929606084556e-04
1.000000000000000056e-01 3.732017910351881795e+00 2.364834627264538120e-04
1.000000000000000056e-01 3.832980713723720179e+00 1.965295749950876506e-04
1.000000000000000056e-01 3.933943517095558562e+00 1.605512823988976571e-04
1.000000000000000056e-01 4.034906320467396945e+00 1.301561028241189622e-04
1.000000000000000056e-01 4.135869123839235328e+00 1.025677300437341196e-04
1.000000000000000056e-01 4.236831927211073712e+00 7.599233731318935691e-05
1.000000000000000056e-01 4.337794730582912095e+00 5.607012881229937902e-05
1.000000000000000056e-01 4.438757533954750478e+00 3.777777231994238204e-05
1.000000000000000056e-01 4.539720337326588862e+00 2.114898615402229797e-05
1.000000000000000056e-01 4.640683140698427245e+00 6.709067172538352741e-06
1.000000000000000056e-01 4.687558727978209383e+00 0.000000000000000000e+00
2.000000000000000111e-01 7.575649737287357688e-01 1.352925152264387691e-02
2.000000000000000111e-01 8.663435340590157629e-01 1.157885758369425061e-02
2.000000000000000111e-01 9.751220943892957571e-01 9.822421787955865069e-03
2.000000000000000111e-01 1.000000000000000000e+00 9.591847837308192098e-03
2.000000000000000111e-01 1.012348230826995321e+00 9.479178325274147457e-03
2.000000000000000111e-01 1.024848940458547464e+00 9.365559321783498148e-03
2.000000000000000111e-01 1.037504011738131338e+00 9.251475978270803230e-03
2.000000000000000111e-01 1.050315350759007282e+00 9.136345463473987197e-03
2.000000000000000111e-01 1.063284887151316305e+00 9.020654713832542901e-03
2.000000000000000111e-01 1.076414574372716482e+00 8.904379644946598324e-03
2.000000000000000111e-01 1.083900654719575751e+00 8.838204724147197613e-03
2.000000000000000111e-01 1.089706390002612713e+00 8.787008736241278678e-03
2.000000000000000111e-01 1.103162336040016678e+00 8.669249539487283371e-03
2.000000000000000111e-01 1.116784439205086299e+00 8.550935796824046808e-03
2.000000000000000111e-01 1.130574751244387333e+00 8.405138036728567602e-03
2.000000000000000111e-01 1.144535349239925726e+00 8.275031847302294699e-03
2.000000000000000111e-01 1.158668335921996251e+00 8.145842795921329205e-03
2.000000000000000111e-01 1.172975839985891611e+00 8.019579747242693707e-03
2.000000000000000111e-01 1.187460016412526187e+00 7.894033115135493106e-03
2.000000000000000111e-01 1.192679215049855745e+00 7.696245756801951832e-03
2.000000000000000111e-01 1.202123046793015737e+00 7.630871260291836704e-03
2.000000000000000111e-01 1.216967139657266772e+00 7.528578568856638190e-03
2.000000000000000111e-01 1.231994530806623134e+00 7.425817800437722535e-03
2.000000000000000111e-01 1.247207483650619064e+00 7.322555199955367924e-03
2.000000000000000111e-01 1.262608289547892948e+00 7.218696957626240598e-03
2.000000000000000111e-01 1.301457775380135740e+00 6.948431760323993574e-03
2.000000000000000111e-01 1.410236335710415956e+00 6.200808028020849023e-03
2.000000000000000111e-01 1.519014896040695950e+00 5.563240694557438151e-03
2.000000000000000111e-01 1.627793456370975944e+00 4.930605553978872554e-03
2.000000000000000111e-01 1.736572016701255938e+00 4.441479444753769316e-03
2.000000000000000111e-01 1.845350577031535932e+00 3.971934806734433478e-03
2.000000000000000111e-01 1.954129137361815927e+00 3.570096509348363867e-03
2.000000000000000111e-01 2.062907697692096143e+00 3.171529101797332904e-03
2.000000000000000111e-01 2.171686258022376137e+00 2.845947288456880057e-03
2.000000000000000111e-01 2.280464818352656131e+00 2.537402619896661146e-03
2.000000000000000111e-01 2.389243378682936125e+00 2.246673529265624629e-03
2.000000000000000111e-01 2.498021939013216119e+00 2.005853972548759558e-03
2.000000000000000111e-01 2.606800499343496114e+00 1.780074597054153709e-03
2.000000000000000111e-01 2.715579059673776108e+00 1.574085416742620688e-03
2.000000000000000111e-01 2.824357620004056102e+00 1.376023844431634082e-03
2.000000000000000111e-01 2.933136180334336096e+00 1.220514249162881100e-03
2.000000000000000111e-01 3.041914740664616090e+00 1.062819733231328088e-03
2.000000000000000111e-01 3.150693300994896084e+00 9.350110490918573389e-04
2.000000000000000111e-01 3.259471861325176079e+00 8.177410016943806141e-04
2.000000000000000111e-01 3.368250421655456517e+00 7.105033676333304864e-04
2.000000000000000111e-01 3.477028981985736511e+00 6.041999720766043575e-04
2.000000000000000111e-01 3.585807542316016505e+00 5.279740177896053571e-04
2.000000000000000111e-01 3.694586102646296499e+00 4.490557836663367549e-04
2.000000000000000111e-01 3.803364662976576493e+00 3.862217893157301411e-04
2.000000000000000111e-01 3.912143223306856488e+00 3.205032472767312406e-04
2.000000000000000111e-01 4.020921783637136926e+00 2.730237953146719804e-04
2.000000000000000111e-01 4.129700343967416032e+00 2.229252483585119357e-04
2.000000000000000111e-01 4.238478904297696914e+00 1.826290240620666186e-04
2.000000000000000111e-01 4.347257464627976020e+00 1.486950599164550831e-04
2.000000000000000111e-01 4.456036024958256903e+00 1.161649295680100037e-04
2.000000000000000111e-01 4.564814585288536009e+00 8.781035251229864951e-05
2.000000000000000111e-01 4.673593145618816891e+00 6.182825473811153698e-05
2.000000000000000111e-01 4.782371705949095997e+00 4.257017574329596777e-05
2.000000000000000111e-01 4.891150266279376879e+00 2.501301208239373950e-05
2.000000000000000111e-01 4.999928826609655985e+00 8.102794694547829754e-06
2.000000000000000111e-01 5.050433158191571792e+00 0.000000000000000000e+00
3.000000000000000444e-01 8.539015544989364548e-01 1.940466605170874242e-02
3.000000000000000444e-01 9.765130597603222107e-01 1.653395796668060205e-02
3.000000000000000444e-01 1.000000000000000000e+00 1.611746114573417085e-02
3.000000000000000444e-01 1.018746511070303784e+00 1.579287477229700948e-02
3.000000000000000444e-01 1.037844453817916790e+00 1.546855844204388618e-02
3.000000000000000444e-01 1.057300416360667628e+00 1.514453816432817686e-02
3.000000000000000444e-01 1.077121110320609754e+00 1.482128211536482519e-02
3.000000000000000444e-01 1.097313373139293002e+00 1.449850574154092422e-02
3.000000000000000444e-01 1.099124565021707856e+00 1.446968825428574315e-02
3.000000000000000444e-01 1.117884170436441282e+00 1.417668104091542210e-02
3.000000000000000444e-01 1.138840598412845351e+00 1.348642760081337003e-02
3.000000000000000444e-01 1.160189886298303330e+00 1.322844499521568830e-02
3.000000000000000444e-01 1.181939398845448963e+00 1.297021912434014046e-02
3.000000000000000444e-01 1.204096638870333358e+00 1.271106520297175975e-02
3.000000000000000444e-01 1.221736070283093722e+00 1.250665219651097247e-02
3.000000000000000444e-01 1.226669249840631748e+00 1.245001358080423393e-02
3.000000000000000444e-01 1.249665018512370551e+00 1.218777215698844604e-02
3.000000000000000444e-01 1.273091877616084000e+00 1.192467325462541299e-02
3.000000000000000444e-01 1.296957908593327824e+00 1.165826855424517867e-02
3.000000000000000444e-01 1.321271344384490787e+00 1.138377338667869929e-02
3.000000000000000444e-01 1.344347575544479589e+00 1.113276288144087432e-02
3.000000000000000444e-01 1.346040572268869973e+00 1.111451131776238291e-02
3.000000000000000444e-01 1.371274136757986373e+00 1.084438707426286716e-02
3.000000000000000444e-01 1.396980742543141307e+00 1.057649853373244554e-02
3.000000000000000444e-01 1.423169257498227536e+00 1.018072286590591610e-02
3.000000000000000444e-01 1.466959080805865234e+00 9.790895161160615215e-03
3.000000000000000444e-01 1.589570586067250879e+00 8.764889936448418475e-03
3.000000000000000444e-01 1.712182091328636746e+00 7.798146387947972949e-03
3.000000000000000444e-01 1.834793596590022613e+00 6.962593353058583664e-03
3.000000000000000444e-01 1.957405101851408258e+00 6.169993984224087132e-03
3.000000000000000444e-01 2.080016607112793903e+00 5.538711897207714355e-03
3.000000000000000444e-01 2.202628112374179992e+00 4.916865648713074875e-03
3.000000000000000444e-01 2.325239617635565637e+00 4.398916346839054983e-03
3.000000000000000444e-01 2.447851122896951281e+00 3.883090539947003407e-03
3.000000000000000444e-01 2.570462628158336926e+00 3.459214263558880835e-03
3.000000000000000444e-01 2.693074133419723015e+00 3.027819362425630476e-03
3.000000000000000444e-01 2.815685638681108660e+00 2.694433997731976883e-03
3.000000000000000444e-01 2.938297143942494305e+00 2.385527970174958733e-03
3.000000000000000444e-01 3.060908649203879950e+00 2.095551963585899190e-03
3.000000000000000444e-01 3.183520154465266039e+00 1.845371741445836749e-03
3.000000000000000444e-01 3.306131659726651684e+00 1.595249552940735923e-03
3.000000000000000444e-01 3.428743164988037329e+00 1.405707971381396941e-03
3.000000000000000444e-01 3.551354670249423418e+00 1.204862292219266483e-03
3.000000000000000444e-01 3.673966175510809062e+00 1.054613756642659803e-03
3.000000000000000444e-01 3.796577680772194707e+00 9.072793494998710861e-04
3.000000000000000444e-01 3.919189186033580352e+00 7.845295497104476899e-04
3.000000000000000444e-01 4.041800691294965553e+00 6.578064334493764721e-04
3.000000000000000444e-01 4.164412196556352086e+00 5.670200137599956409e-04
3.000000000000000444e-01 4.287023701817737731e+00 4.794571366790038630e-04
3.000000000000000444e-01 4.409635207079123376e+00 4.044654331093920033e-04
3.000000000000000444e-01 4.532246712340509021e+00 3.303558721567808275e-04
3.000000000000000444e-01 4.654858217601894665e+00 2.765214528683785440e-04
3.000000000000000444e-01 4.777469722863280310e+00 2.217892109789887964e-04
3.000000000000000444e-01 4.900081228124665955e+00 1.794802978724136476e-04
3.000000000000000444e-01 5.022692733386051600e+00 1.408304921324311256e-04
3.000000000000000444e-01 5.145304238647437245e+00 1.052728358399605086e-04
3.000000000000000444e-01 5.267915743908822890e+00 7.599444461204546788e-05
3.000000000000000444e-01 5.390527249170209423e+00 4.948417769516455451e-05
3.000000000000000444e-01 5.513138754431595068e+00 2.921460320059029170e-05
3.000000000000000444e-01 5.635750259692980713e+00 8.565492262194296307e-06
3.000000000000000444e-01 5.692677029992910143e+00 0.000000000000000000e+00
4.000000000000000222e-01 9.977340576787780968e-01 3.016053275929573771e-02
4.000000000000000222e-01 1.000000000000000000e+00 3.008754633196805001e-02
4.000000000000000222e-01 1.027127594964185153e+00 2.921632526526049545e-02
4.000000000000000222e-01 1.054991096336911127e+00 2.835756946874229412e-02
4.000000000000000222e-01 1.083610467489160678e+00 2.714651941040771566e-02
4.000000000000000222e-01 1.113006213350157925e+00 2.640050611378168613e-02
4.000000000000000222e-01 1.140998435191628246e+00 2.570430016849204607e-02
4.000000000000000222e-01 1.143199395098542404e+00 2.565101558406406024e-02
4.000000000000000222e-01 1.174211645252077219e+00 2.490072962656591712e-02
4.000000000000000222e-01 1.206065183166705079e+00 2.412090949126302966e-02
4.000000000000000222e-01 1.238782830956057346e+00 2.336572573875092540e-02
4.000000000000000222e-01 1.272388029842819845e+00 2.262054599203309688e-02
4.000000000000000222e-01 1.284262812704478396e+00 2.236387905435551285e-02
4.000000000000000222e-01 1.306904856953673422e+00 2.188416048666688707e-02
4.000000000000000222e-01 1.342358042569839149e+00 2.082717020548263340e-02
4.000000000000000222e-01 1.378772987845590103e+00 2.021854837248741529e-02
4.000000000000000222e-01 1.416175783007424638e+00 1.960436423385622864e-02
4.000000000000000222e-01 1.427527190217328767e+00 1.942165535355761322e-02
4.000000000000000222e-01 1.454593226046937859e+00 1.898949057104484459e-02
4.000000000000000222e-01 1.494052841920786578e+00 1.837402576549247019e-02
4.000000000000000222e-01 1.534582902271503624e+00 1.775859844175999361e-02
4.000000000000000222e-01 1.570791567730178917e+00 1.720297702607300958e-02
4.000000000000000222e-01 1.576212445683288665e+00 1.712357510322205442e-02
4.000000000000000222e-01 1.618971298487292598e+00 1.650600026116001359e-02
4.000000000000000222e-01 1.662890096131296902e+00 1.575201370536612536e-02
4.000000000000000222e-01 1.714055945243029067e+00 1.513609365722818657e-02
4.000000000000000222e-01 1.857320322755879438e+00 1.347546478360476564e-02
4.000000000000000222e-01 2.000584700268729588e+00 1.196253146489015609e-02
4.000000000000000222e-01 2.143849077781579737e+00 1.063559887524649465e-02
4.000000000000000222e-01 2.287113455294429887e+00 9.393990138333746867e-03
4.000000000000000222e-01 2.430377832807280036e+00 8.370837683792658676e-03
4.000000000000000222e-01 2.573642210320130630e+00 7.404981123384452545e-03
4.000000000000000222e-01 2.716906587832980335e+00 6.567536095895524714e-03
4.000000000000000222e-01 2.860170965345830929e+00 5.778114492818031168e-03
4.000000000000000222e-01 3.003435342858681079e+00 5.114606718712420147e-03
4.000000000000000222e-01 3.146699720371531228e+00 4.489681742464798550e-03
4.000000000000000222e-01 3.289964097884381378e+00 3.921599225625800600e-03
4.000000000000000222e-01 3.433228475397231527e+00 3.445622546484210930e-03
4.000000000000000222e-01 3.576492852910081677e+00 2.998134191614166329e-03
4.000000000000000222e-01 3.719757230422931826e+00 2.615788478092053327e-03
4.000000000000000222e-01 3.863021607935781976e+00 2.241494526787649218e-03
4.000000000000000222e-01 4.006285985448633014e+00 1.952254472010563503e-03
4.000000000000000222e-01 4.149550362961482719e+00 1.687550512414927447e-03
4.000000000000000222e-01 4.292814740474332424e+00 1.441362315065472695e-03
4.000000000000000222e-01 4.436079117987183018e+00 1.234890937828233030e-03
4.000000000000000222e-01 4.579343495500033612e+00 1.049481383407404244e-03
4.000000000000000222e-01 4.722607873012883317e+00 8.924954955250750596e-04
4.000000000000000222e-01 4.865872250525733023e+00 7.410763288566629475e-04
4.000000000000000222e-01 5.009136628038584504e+00 6.267629759996441686e-04
4.000000000000000222e-01 5.152401005551434210e+00 5.197812900532321678e-04
4.000000000000000222e-01 5.295665383064283915e+00 4.299580253480567485e-04
4.000000000000000222e-01 5.438929760577133621e+00 3.473379721506344867e-04
4.000000000000000222e-01 5.582194138089985103e+00 2.865588326717127929e-04
4.000000000000000222e-01 5.725458515602834808e+00 2.212109528783993452e-04
4.000000000000000222e-01 5.868722893115684514e+00 1.724729279033830479e-04
4.000000000000000222e-01 6.011987270628535995e+00 1.294033120019149664e-04
4.000000000000000222e-01 6.155251648141385701e+00 9.258033253358802510e-05
4.000000000000000222e-01 6.298516025654235406e+00 6.169933401138080276e-05
4.000000000000000222e-01 6.441780403167085112e+00 3.459300830133636966e-05
4.000000000000000222e-01 6.585044780679935705e+00 1.214299920055462626e-05
4.000000000000000222e-01 6.651560384525187608e+00 0.000000000000000000e+00
5.000000000000000000e-01 1.000000000000000000e+00 5.639591746230277619e-02
5.000000000000000000e-01 1.036745501862288865e+00 5.457956126635276489e-02
5.000000000000000000e-01 1.074841235631689429e+00 5.272867398639780045e-02
5.000000000000000000e-01 1.114336816257258445e+00 5.083976020660298245e-02
5.000000000000000000e-01 1.155283681814256669e+00 4.896426476917482146e-02
5.000000000000000000e-01 1.191028862208929784e+00 4.739316260186186847e-02
5.000000000000000000e-01 1.197735160495834394e+00 4.710645306546860228e-02
5.000000000000000000e-01 1.241746540066363202e+00 4.492500451990184829e-02
5.000000000000000000e-01 1.287375139866862472e+00 4.326592611255890980e-02
5.000000000000000000e-01 1.334680385466304742e+00 4.159255338955399756e-02
5.000000000000000000e-01 1.362048391141494008e+00 4.066803098548434081e-02
5.000000000000000000e-01 1.383723886056017260e+00 3.995585840431321173e-02
5.000000000000000000e-01 1.434569514687982439e+00 3.834400380151591070e-02
5.000000000000000000e-01 1.487283491461532492e+00 3.676013191958970444e-02
5.000000000000000000e-01 1.533067920074058454e+00 3.509329262817571793e-02
5.000000000000000000e-01 1.541934469766783833e+00 3.487729989210502923e-02
5.000000000000000000e-01 1.598593625697126708e+00 3.351536408064791778e-02
5.000000000000000000e-01 1.657334750747223584e+00 3.214731450631705401e-02
5.000000000000000000e-01 1.704087449006622679e+00 3.107726616600738068e-02
5.000000000000000000e-01 1.718234347917241944e+00 3.075654015827571780e-02
5.000000000000000000e-01 1.781371731348483811e+00 2.938969990107612520e-02
5.000000000000000000e-01 1.846829129620178200e+00 2.803222057966158268e-02
5.000000000000000000e-01 1.875106977939187125e+00 2.746679282835942648e-02
5.000000000000000000e-01 1.914691792841966000e+00 2.655295108025066547e-02
5.000000000000000000e-01 1.985048103681549714e+00 2.530955809278481738e-02
5.000000000000000000e-01 2.046126506871751349e+00 2.426296188646085913e-02
5.000000000000000000e-01 2.217146035804315574e+00 2.149039313698000372e-02
5.000000000000000000e-01 2.388165564736880242e+00 1.908942963034097884e-02
5.000000000000000000e-01 2.559185093669444022e+00 1.680807034752142270e-02
5.000000000000000000e-01 2.730204622602008691e+00 1.493612494278478975e-02
5.000000000000000000e-01 2.901224151534572915e+00 1.320312200683024066e-02
5.000000000000000000e-01 3.072243680467137139e+00 1.163310208765752987e-02
5.000000000000000000e-01 3.243263209399701363e+00 1.022054605852587041e-02
5.000000000000000000e-01 3.414282738332265588e+00 8.955705131792862650e-03
5.000000000000000000e-01 3.585302267264830256e+00 7.833982706288045161e-03
5.000000000000000000e-01 3.756321796197394480e+00 6.787255843326214268e-03
5.000000000000000000e-01 3.927341325129958705e+00 5.921799504931983538e-03
5.000000000000000000e-01 4.098360854062523373e+00 5.130243108049772731e-03
5.000000000000000000e-01 4.269380382995087153e+00 4.426023879607334302e-03
5.000000000000000000e-01 4.440399911927651821e+00 3.805954945854007811e-03
5.000000000000000000e-01 4.611419440860215602e+00 3.244286353569764050e-03
5.000000000000000000e-01 4.782438969792780270e+00 2.781284628850116698e-03
5.000000000000000000e-01 4.953458498725344938e+00 2.348492196268158611e-03
5.000000000000000000e-01 5.124478027657908719e+00 1.998322843551354495e-03
5.000000000000000000e-01 5.295497556590472499e+00 1.690146895781731353e-03
5.000000000000000000e-01 5.466517085523037167e+00 1.420376368847748238e-03
5.000000000000000000e-01 5.637536614455601836e+00 1.185399179699983367e-03
5.000000000000000000e-01 5.808556143388166504e+00 9.788170866016443570e-04
5.000000000000000000e-01 5.979575672320731172e+00 8.144221067711869197e-04
5.000000000000000000e-01 6.150595201253294064e+00 6.659804233444316032e-04
5.000000000000000000e-01 6.321614730185858733e+00 5.439652423236960351e-04
5.000000000000000000e-01 6.492634259118423401e+00 4.326046329532287366e-04
5.000000000000000000e-01 6.663653788050988069e+00 3.523718312005679333e-04
5.000000000000000000e-01 6.834673316983552738e+00 2.704526093300453691e-04
5.000000000000000000e-01 7.005692845916115630e+00 2.056169661140535762e-04
5.000000000000000000e-01 7.176712374848680298e+00 1.536873813367699759e-04
5.000000000000000000e-01 7.347731903781244966e+00 1.083436244531059666e-04
5.000000000000000000e-01 7.518751432713809635e+00 7.161057352398858219e-05
5.000000000000000000e-01 7.689770961646374303e+00 3.958808803708977890e-05
5.000000000000000000e-01 7.860790490578937195e+00 1.255812301005684642e-05
5.000000000000000000e-01 7.940192414726198855e+00 0.000000000000000000e+00
6.000000000000000888e-01 1.000000000000000000e+00 1.003420789569378496e-01
6.000000000000000888e-01 1.046666152326873434e+00 9.336881524312606873e-02
6.000000000000000888e-01 1.095510034426741885e+00 9.007714957998354255e-02
6.000000000000000888e-01 1.146633272568918782e+00 8.668557589427257348e-02
6.000000000000000888e-01 1.200142235529681356e+00 8.324937833553883171e-02
6.000000000000000888e-01 1.256148255906823774e+00 7.979730711792781817e-02
6.000000000000000888e-01 1.314767861762108137e+00 7.640363067430042121e-02
6.000000000000000888e-01 1.376123019073576481e+00 7.278878318604078967e-02
6.000000000000000888e-01 1.427271747769115473e+00 7.034707616404431429e-02
6.000000000000000888e-01 1.440341385502180938e+00 6.974026586703085950e-02
6.000000000000000888e-01 1.507556576000725679e+00 6.667551435771051915e-02
6.000000000000000888e-01 1.577908440817755276e+00 6.369334196054805830e-02
6.000000000000000888e-01 1.632213332064167854e+00 6.152123203077975583e-02
6.000000000000000888e-01 1.651543356474816315e+00 6.027906687151704523e-02
6.000000000000000888e-01 1.728614530322506004e+00 5.768519945112739883e-02
6.000000000000000888e-01 1.809282319308982867e+00 5.506099341389224938e-02
6.000000000000000888e-01 1.837154916359220458e+00 5.418221695540639121e-02
6.000000000000000888e-01 1.893714563624174563e+00 5.243445390775323955e-02
6.000000000000000888e-01 1.982086935913879078e+00 4.979130734290187349e-02
6.000000000000000888e-01 2.042096500654273061e+00 4.808242039423021863e-02
6.000000000000000888e-01 2.074583306790342085e+00 4.718344116109891850e-02
6.000000000000000888e-01 2.171396127399809473e+00 4.453622232841466383e-02
6.000000000000000888e-01 2.247038084949325665e+00 4.269922863188655576e-02
6.000000000000000888e-01 2.272726829843032093e+00 4.207454905151101349e-02
6.000000000000000888e-01 2.378786246281859196e+00 3.960934269232418981e-02
6.000000000000000888e-01 2.451979669244377824e+00 3.793669079262085297e-02
6.000000000000000888e-01 2.656921253539430428e+00 3.375960815670230042e-02
6.000000000000000888e-01 2.861862837834483031e+00 2.985972186312920232e-02
6.000000000000000888e-01 3.066804422129535190e+00 2.648627581243326312e-02
6.000000000000000888e-01 3.271746006424588238e+00 2.335185747209365947e-02
6.000000000000000888e-01 3.476687590719640397e+00 2.056197764525016444e-02
6.000000000000000888e-01 3.681629175014692557e+00 1.795430406888979397e-02
6.000000000000000888e-01 3.886570759309745604e+00 1.572760015408282419e-02
6.000000000000000888e-01 4.091512343604797763e+00 1.366930847135140736e-02
6.000000000000000888e-01 4.296453927899849923e+00 1.180424430044096917e-02
6.000000000000000888e-01 4.501395512194902970e+00 1.020020715935553331e-02
6.000000000000000888e-01 4.706337096489955130e+00 8.746970616417999722e-03
6.000000000000000888e-01 4.911278680785008177e+00 7.490796381288767139e-03
6.000000000000000888e-01 5.116220265080060337e+00 6.379343452176354512e-03
6.000000000000000888e-01 5.321161849375112496e+00 5.393925956275812811e-03
6.000000000000000888e-01 5.526103433670165543e+00 4.568068306009817094e-03
6.000000000000000888e-01 5.731045017965217703e+00 3.824969190083988158e-03
6.000000000000000888e-01 5.935986602260269862e+00 3.213425530892207588e-03
6.000000000000000888e-01 6.140928186555322910e+00 2.684181405922655625e-03
6.000000000000000888e-01 6.345869770850375069e+00 2.229310163750471922e-03
6.000000000000000888e-01 6.550811355145427228e+00 1.845600494903370864e-03
6.000000000000000888e-01 6.755752939440480276e+00 1.507256994090411554e-03
6.000000000000000888e-01 6.960694523735532435e+00 1.240329033956011698e-03
6.000000000000000888e-01 7.165636108030584595e+00 1.006621931409431648e-03
6.000000000000000888e-01 7.370577692325637642e+00 8.151136129849350688e-04
6.000000000000000888e-01 7.575519276620689801e+00 6.487700173588833302e-04
6.000000000000000888e-01 7.780460860915742849e+00 5.171597683282741584e-04
6.000000000000000888e-01 7.985402445210795008e+00 4.018906270944103240e-04
6.000000000000000888e-01 8.190344029505848056e+00 3.137656939506432347e-04
6.000000000000000888e-01 8.395285613800901103e+00 2.361705560553929034e-04
6.000000000000000888e-01 8.600227198095952375e+00 1.692347970137861996e-04
6.000000000000000888e-01 8.805168782391005422e+00 1.187374567125746449e-04
6.000000000000000888e-01 9.010110366686058470e+00 7.799811806348708155e-05
6.000000000000000888e-01 9.215051950981109741e+00 4.214283185803792176e-05
6.000000000000000888e-01 9.419993535276162788e+00 1.352653622787466678e-05
6.000000000000000888e-01 9.515144985127436783e+00 0.000000000000000000e+00
7.000000000000000666e-01 1.000000000000000000e+00 1.448570341909148074e-01
7.000000000000000666e-01 1.055878323773638883e+00 1.391593511810875761e-01
7.000000000000000666e-01 1.114879034615029685e+00 1.305449829141610008e-01
7.000000000000000666e-01 1.177176606279690230e+00 1.258721993677865136e-01
7.000000000000000666e-01 1.242955261824140401e+00 1.210329863394761507e-01
7.000000000000000666e-01 1.312409518380497797e+00 1.161717929946607664e-01
7.000000000000000666e-01 1.385744762372168815e+00 1.109014928043124126e-01
7.000000000000000666e-01 1.463177856871625382e+00 1.065375959689570107e-01
7.000000000000000666e-01 1.544937782896317113e+00 1.022084158909447871e-01
7.000000000000000666e-01 1.631266316539125683e+00 9.792941031026300425e-02
7.000000000000000666e-01 1.685834207974791665e+00 9.536918417779273460e-02
7.000000000000000666e-01 1.722418743935730356e+00 9.310084125128631483e-02
7.000000000000000666e-01 1.818664616183155669e+00 8.928207469349436209e-02
7.000000000000000666e-01 1.920288546441898836e+00 8.539082868567431095e-02
7.000000000000000666e-01 1.927902709632710598e+00 8.510702691542640363e-02
7.000000000000000666e-01 2.027591051578789827e+00 8.143562728085389224e-02
7.000000000000000666e-01 2.140889440839442326e+00 7.746658849110753253e-02
7.000000000000000666e-01 2.169971211290629309e+00 7.647995902625451259e-02
7.000000000000000666e-01 2.260518754178233891e+00 7.335581383815543977e-02
7.000000000000000666e-01 2.386832753020588171e+00 6.948849028966645747e-02
7.000000000000000666e-01 2.412039712948548242e+00 6.873542018773656781e-02
7.000000000000000666e-01 2.520204966387398660e+00 6.557216847250794955e-02
7.000000000000000666e-01 2.654108214606467175e+00 6.177123968638340012e-02
7.000000000000000666e-01 2.661029795475126747e+00 6.158379933034006243e-02
7.000000000000000666e-01 2.809723679957985887e+00 5.762653579130839337e-02
7.000000000000000666e-01 2.896176716264386108e+00 5.540576353266405546e-02
7.000000000000000666e-01 3.138245217922304597e+00 4.945730037415348862e-02
7.000000000000000666e-01 3.380313719580223530e+00 4.407790631462586706e-02
7.000000000000000666e-01 3.622382221238142463e+00 3.900166453006403966e-02
7.000000000000000666e-01 3.864450722896060952e+00 3.437878569250011479e-02
7.000000000000000666e-01 4.106519224553980330e+00 3.011088242663997883e-02
7.000000000000000666e-01 4.348587726211898818e+00 2.625637022929472666e-02
7.000000000000000666e-01 4.590656227869818196e+00 2.270837225230139603e-02
7.000000000000000666e-01 4.832724729527736685e+00 1.959554405344178171e-02
7.000000000000000666e-01 5.074793231185655173e+00 1.681025339881820485e-02
7.000000000000000666e-01 5.316861732843574551e+00 1.432838000370435967e-02
7.000000000000000666e-01 5.558930234501493040e+00 1.216219577540893042e-02
7.000000000000000666e-01 5.800998736159412417e+00 1.023079441558381875e-02
7.000000000000000666e-01 6.043067237817330906e+00 8.616688155879504568e-03
7.000000000000000666e-01 6.285135739475250283e+00 7.225584290387596087e-03
7.000000000000000666e-01 6.527204241133168772e+00 5.978568666685997283e-03
7.000000000000000666e-01 6.769272742791088149e+00 4.957859677785194513e-03
7.000000000000000666e-01 7.011341244449006638e+00 4.085583694375272829e-03
7.000000000000000666e-01 7.253409746106925127e+00 3.353923092120484391e-03
7.000000000000000666e-01 7.495478247764844504e+00 2.728154208535963233e-03
7.000000000000000666e-01 7.737546749422762993e+00 2.230527592856206345e-03
7.000000000000000666e-01 7.979615251080682370e+00 1.799768539030212810e-03
7.000000000000000666e-01 8.221683752738600859e+00 1.455325698830632619e-03
7.000000000000000666e-01 8.463752254396519348e+00 1.154393859134871620e-03
7.000000000000000666e-01 8.705820756054437837e+00 9.256128187716338536e-04
7.000000000000000666e-01 8.947889257712356326e+00 7.227497931187947759e-04
7.000000000000000666e-01 9.189957759370276591e+00 5.717071311122417978e-04
7.000000000000000666e-01 9.432026261028195080e+00 4.403891742587443849e-04
7.000000000000000666e-01 9.674094762686113569e+00 3.379413940258830704e-04
7.000000000000000666e-01 9.916163264344032058e+00 2.484449468189656326e-04
7.000000000000000666e-01 1.015823176600195055e+01 1.796730654002489768e-04
7.000000000000000666e-01 1.040030026765986904e+01 1.266357771316876382e-04
7.000000000000000666e-01 1.064236876931778930e+01 7.980187782675130187e-05
7.000000000000000666e-01 1.088443727097570779e+01 4.275543752863371149e-05
7.000000000000000666e-01 1.112650577263362628e+01 1.279543095253294548e-05
7.000000000000000666e-01 1.123889471983194532e+01 0.000000000000000000e+00
8.000000000000000444e-01 1.000000000000000000e+00 1.713968778682030958e-01
8.000000000000000444e-01 1.063392293222013452e+00 1.616218350271022841e-01
8.000000000000000444e-01 1.130803169283972620e+00 1.570414653949354644e-01
8.000000000000000444e-01 1.202487375367604416e+00 1.519547954514794685e-01
8.000000000000000444e-01 1.278715807662677006e+00 1.468929838054225112e-01
8.000000000000000444e-01 1.359776535089653349e+00 1.412569509966358217e-01
8.000000000000000444e-01 1.445975887918470093e+00 1.367498953611234469e-01
8.000000000000000444e-01 1.537639615397359050e+00 1.321212473280369559e-01
8.000000000000000444e-01 1.635114116766412495e+00 1.275937185895020809e-01
8.000000000000000444e-01 1.738767750307922411e+00 1.225850159222171970e-01
8.000000000000000444e-01 1.848992225380422960e+00 1.184991532757531385e-01
8.000000000000000444e-01 1.928980831236934090e+00 1.155872924932058038e-01
8.000000000000000444e-01 1.966204082696962008e+00 1.142522901440047589e-01
8.000000000000000444e-01 2.090846268441608036e+00 1.097842239386975921e-01
8.000000000000000444e-01 2.205962694183775774e+00 1.056618644266245494e-01
8.000000000000000444e-01 2.223389808172810955e+00 1.051138712250050122e-01
8.000000000000000444e-01 2.364335586839338088e+00 1.007011313462607832e-01
8.000000000000000444e-01 2.482944557130617902e+00 9.704312229706367476e-02
8.000000000000000444e-01 2.514216241635498950e+00 9.609123231509682228e-02
8.000000000000000444e-01 2.673598174848804909e+00 9.124943017936724965e-02
8.000000000000000444e-01 2.759926420077459586e+00 8.872335173425845156e-02
8.000000000000000444e-01 2.843083694306660636e+00 8.631639864825371711e-02
8.000000000000000444e-01 3.023313289510873858e+00 8.102741663876379674e-02
8.000000000000000444e-01 3.036908283024301269e+00 8.066085823912851061e-02
8.000000000000000444e-01 3.214968052061557113e+00 7.580227669557934589e-02
8.000000000000000444e-01 3.313890145971143397e+00 7.313534080057533526e-02
8.000000000000000444e-01 3.590872008917985081e+00 6.578378997561938613e-02
8.000000000000000444e-01 3.867853871864826765e+00 5.881323070815291237e-02
8.000000000000000444e-01 4.144835734811668893e+00 5.212009986620130125e-02
8.000000000000000444e-01 4.421817597758510132e+00 4.591595637806734215e-02
8.000000000000000444e-01 4.698799460705352260e+00 4.004138173368473191e-02
8.000000000000000444e-01 4.975781323652194388e+00 3.477467181538108909e-02
8.000000000000000444e-01 5.252763186599036516e+00 2.994349974422806648e-02
8.000000000000000444e-01 5.529745049545878643e+00 2.560872482172815712e-02
8.000000000000000444e-01 5.806726912492719883e+00 2.172301216767650797e-02
8.000000000000000444e-01 6.083708775439561123e+00 1.831103776659901219e-02
8.000000000000000444e-01 6.360690638386403251e+00 1.536705495461710910e-02
8.000000000000000444e-01 6.637672501333245378e+00 1.278450378834841174e-02
8.000000000000000444e-01 6.914654364280087506e+00 1.060683294254812815e-02
8.000000000000000444e-01 7.191636227226929634e+00 8.754969044321648380e-03
8.000000000000000444e-01 7.468618090173771762e+00 7.177848206401099898e-03
8.000000000000000444e-01 7.745599953120612113e+00 5.862342159531576738e-03
8.000000000000000444e-01 8.022581816067454241e+00 4.758081584797799538e-03
8.000000000000000444e-01 8.299563679014296369e+00 3.861133942556912828e-03
8.000000000000000444e-01 8.576545541961138497e+00 3.104867992362231321e-03
8.000000000000000444e-01 8.853527404907980625e+00 2.496873133858557199e-03
8.000000000000000444e-01 9.130509267854822752e+00 1.984834868599434990e-03
8.000000000000000444e-01 9.407491130801664880e+00 1.584654583744312664e-03
8.000000000000000444e-01 9.684472993748505232e+00 1.242984698510485059e-03
8.000000000000000444e-01 9.961454856695347360e+00 9.862865325758376610e-04
8.000000000000000444e-01 1.023843671964218949e+01 7.672176685819457167e-04
8.000000000000000444e-01 1.051541858258903162e+01 5.973176717579744286e-04
8.000000000000000444e-01 1.079240044553587374e+01 4.530900552243410104e-04
8.000000000000000444e-01 1.106938230848271587e+01 3.436317762009128470e-04
8.000000000000000444e-01 1.134636417142955800e+01 2.542612196706507937e-04
8.000000000000000444e-01 1.162334603437640013e+01 1.774465172363823002e-04
8.000000000000000444e-01 1.190032789732324048e+01 1.253348031731625026e-04
8.000000000000000444e-01 1.217730976027008261e+01 7.891008991432677249e-05
8.000000000000000444e-01 1.245429162321692473e+01 4.373045950332780615e-05
8.000000000000000444e-01 1.273127348616376686e+01 1.345130682906859057e-05
8.000000000000000444e-01 1.285987220824622845e+01 0.000000000000000000e+00
9.000000000000000222e-01 1.000000000000000000e+00 1.723961406713339084e-01
9.000000000000000222e-01 1.068329749098326564e+00 1.687804243297996998e-01
9.000000000000000222e-01 1.141328452808493266e+00 1.645031887632084355e-01
9.000000000000000222e-01 1.219315139627678901e+00 1.601527383393921700e-01
9.000000000000000222e-01 1.302630637190229201e+00 1.552411611138384551e-01
9.000000000000000222e-01 1.391639061797230736e+00 1.512255487692164280e-01
9.000000000000000222e-01 1.486729409725266127e+00 1.473467319267481035e-01
9.000000000000000222e-01 1.588317257268896610e+00 1.435310414454593342e-01
9.000000000000000222e-01 1.696846576946622553e+00 1.394044532063089814e-01
9.000000000000000222e-01 1.812791677807739532e+00 1.358786436611912063e-01
9.000000000000000222e-01 1.936659278319876831e+00 1.322547855399286709e-01
9.000000000000000222e-01 2.068990720896420221e+00 1.280563023549374235e-01
9.000000000000000222e-01 2.106455893492449327e+00 1.271023611244289642e-01
9.000000000000000222e-01 2.210364337742038554e+00 1.244172501518012591e-01
9.000000000000000222e-01 2.361397978355840532e+00 1.203387152963888290e-01
9.000000000000000222e-01 2.408921355122134234e+00 1.189081880509525180e-01
9.000000000000000222e-01 2.522751709738190407e+00 1.159700048872740474e-01
9.000000000000000222e-01 2.695130701101975390e+00 1.114669995435740857e-01
9.000000000000000222e-01 2.711386816751819140e+00 1.110367911020135046e-01
9.000000000000000222e-01 2.879288305695470562e+00 1.063059717269197874e-01
9.000000000000000222e-01 3.013852278381504490e+00 1.028533579700220690e-01
9.000000000000000222e-01 3.076029353205387729e+00 1.012300666142698230e-01
9.000000000000000222e-01 3.286213667128999205e+00 9.552963796401754692e-02
9.000000000000000222e-01 3.316317740011189397e+00 9.471123620103745477e-02
9.000000000000000222e-01 3.510759822487415693e+00 8.940942231035131638e-02
9.000000000000000222e-01 3.618783201640874303e+00 8.649306601115715198e-02
9.000000000000000222e-01 3.921248663270559653e+00 7.811920208360044471e-02
9.000000000000000222e-01 4.223714124900244116e+00 7.010258456439269481e-02
9.000000000000000222e-01 4.526179586529929466e+00 6.216404240586249214e-02
9.000000000000000222e-01 4.828645048159614817e+00 5.473047861852712442e-02
9.000000000000000222e-01 5.131110509789299279e+00 4.768666290057119866e-02
9.000000000000000222e-01 5.433575971418984629e+00 4.121834613721971768e-02
9.000000000000000222e-01 5.736041433048669091e+00 3.529272779266390270e-02
9.000000000000000222e-01 6.038506894678354442e+00 2.997265552074872275e-02
9.000000000000000222e-01 6.340972356308039792e+00 2.529497815936364649e-02
9.000000000000000222e-01 6.643437817937724255e+00 2.112849660638511234e-02
9.000000000000000222e-01 6.945903279567409605e+00 1.758418982064514566e-02
9.000000000000000222e-01 7.248368741197094955e+00 1.451500924481665365e-02
9.000000000000000222e-01 7.550834202826779418e+00 1.193527125177899773e-02
9.000000000000000222e-01 7.853299664456464768e+00 9.710476846755642169e-03
9.000000000000000222e-01 8.155765126086148342e+00 7.909987559780534694e-03
9.000000000000000222e-01 8.458230587715835469e+00 6.395969020933274692e-03
9.000000000000000222e-01 8.760696049345519043e+00 5.154265846759918147e-03
9.000000000000000222e-01 9.063161510975204394e+00 4.129454902915931543e-03
9.000000000000000222e-01 9.365626972604889744e+00 3.298503679789324163e-03
9.000000000000000222e-01 9.668092434234575094e+00 2.626723512860475087e-03
9.000000000000000222e-01 9.970557895864260445e+00 2.071316927131827169e-03
9.000000000000000222e-01 1.027302335749394402e+01 1.640245847328878097e-03
9.000000000000000222e-01 1.057548881912363115e+01 1.290541802712696093e-03
9.000000000000000222e-01 1.087795428075331472e+01 1.004289948312498846e-03
9.000000000000000222e-01 1.118041974238299829e+01 7.739641152926996816e-04
9.000000000000000222e-01 1.148288520401268542e+01 6.016750561146920777e-04
9.000000000000000222e-01 1.178535066564236899e+01 4.574021489824372090e-04
9.000000000000000222e-01 1.208781612727205612e+01 3.337169571009594281e-04
9.000000000000000222e-01 1.239028158890173970e+01 2.497271490945501718e-04
9.000000000000000222e-01 1.269274705053142327e+01 1.796657535433999011e-04
9.000000000000000222e-01 1.299521251216111040e+01 1.223047224446464779e-04
9.000000000000000222e-01 1.329767797379079397e+01 7.535839512874734070e-05
9.000000000000000222e-01 1.360014343542048110e+01 4.041854984772545435e-05
9.000000000000000222e-01 1.390260889705016645e+01 1.220200916134764594e-05
9.000000000000000222e-01 1.404303928994966277e+01 0.000000000000000000e+00
1.000000000000000000e+00 1.000000000000000000e+00 1.718194201655199593e-01
1.000000000000000000e+00 1.070049842438124399e+00 1.683929020635822338e-01
1.000000000000000000e+00 1.145006665301854687e+00 1.623832339805534319e-01
1.000000000000000000e+00 1.225214201796851698e+00 1.594920713670527068e-01
1.000000000000000000e+00 1.311040263585673493e+00 1.562648927772695706e-01
1.000000000000000000e+00 1.402878427479886891e+00 1.529107627917493661e-01
1.000000000000000000e+00 1.501149840284696557e+00 1.477101846800913942e-01
1.000000000000000000e+00 1.606305150072655064e+00 1.453104804114153381e-01
1.000000000000000000e+00 1.718826572742792047e+00 1.425089365110045747e-01
1.000000000000000000e+00 1.839230103341885858e+00 1.394457647371968589e-01
1.000000000000000000e+00 1.968067882288440096e+00 1.354856573138408793e-01
1.000000000000000000e+00 2.105930727350278087e+00 1.324868496841718202e-01
1.000000000000000000e+00 2.171837816715128433e+00 1.304001382545924292e-01
1.000000000000000000e+00 2.253450842986770120e+00 1.287031855635125677e-01
1.000000000000000000e+00 2.411304719480051428e+00 1.252290421206278259e-01
1.000000000000000000e+00 2.483691451935762462e+00 1.235672802284330518e-01
1.000000000000000000e+00 2.580216235149934700e+00 1.213115491062406182e-01
1.000000000000000000e+00 2.760959975878477746e+00 1.164286522066214219e-01
1.000000000000000000e+00 2.795545087156396047e+00 1.156424842411365728e-01
1.000000000000000000e+00 2.954364787166732675e+00 1.118999704931650935e-01
1.000000000000000000e+00 3.107398722377030076e+00 1.077858356297715509e-01
1.000000000000000000e+00 3.161317575012505099e+00 1.064682788844461547e-01
1.000000000000000000e+00 3.382767373039003989e+00 1.008580126686869222e-01
1.000000000000000000e+00 3.419252357597663661e+00 9.990232514133673414e-02
1.000000000000000000e+00 3.619729694525213759e+00 9.425185380445130767e-02
1.000000000000000000e+00 3.731105992818297690e+00 9.133177143965173772e-02
1.000000000000000000e+00 4.042959628038931719e+00 8.296804629380344354e-02
1.000000000000000000e+00 4.354813263259565304e+00 7.423619582711481202e-02
1.000000000000000000e+00 4.666666898480199777e+00 6.610243440333644915e-02
1.000000000000000000e+00 4.978520533700833361e+00 5.808991339819995908e-02
1.000000000000000000e+00 5.290374168921466946e+00 5.067118313073255137e-02
1.000000000000000000e+00 5.602227804142101419e+00 4.355550092977929222e-02
1.000000000000000000e+00 5.914081439362735004e+00 3.732744975365558104e-02
1.000000000000000000e+00 6.225935074583368589e+00 3.153212637556767478e-02
1.000000000000000000e+00 6.537788709804002174e+00 2.659185592505568241e-02
1.000000000000000000e+00 6.849642345024636647e+00 2.216108816013245136e-02
1.000000000000000000e+00 7.161495980245270232e+00 1.842330589300902877e-02
1.000000000000000000e+00 7.473349615465903817e+00 1.504865187042398085e-02
1.000000000000000000e+00 7.785203250686538290e+00 1.238151090566021011e-02
1.000000000000000000e+00 8.097056885907171875e+00 1.004785656967097790e-02
1.000000000000000000e+00 8.408910521127804572e+00 8.188304890026960534e-03
1.000000000000000000e+00 8.720764156348440821e+00 6.507037023991675204e-03
1.000000000000000000e+00 9.032617791569073518e+00 5.270517988585091129e-03
1.000000000000000000e+00 9.344471426789706214e+00 4.148477554518872033e-03
1.000000000000000000e+00 9.656325062010342464e+00 3.345553983061923340e-03
1.000000000000000000e+00 9.968178697230975160e+00 2.631942696850344751e-03
1.000000000000000000e+00 1.028003233245160786e+01 2.115451476290547764e-03
1.000000000000000000e+00 1.059188596767224411e+01 1.596289814791829360e-03
1.000000000000000000e+00 1.090373960289287680e+01 1.283297885344577465e-03
1.000000000000000000e+00 1.121559323811350950e+01 9.868920270244866625e-04
1.000000000000000000e+00 1.152744687333414575e+01 7.928760554821073824e-04
1.000000000000000000e+00 1.183930050855477845e+01 5.656292205224287698e-04
1.000000000000000000e+00 1.215115414377541114e+01 4.553959145681371373e-04
1.000000000000000000e+00 1.246300777899604739e+01 3.466882917912945754e-04
1.000000000000000000e+00 1.277486141421668009e+01 2.331412791185290398e-04
1.000000000000000000e+00 1.308671504943731279e+01 1.884836544934861047e-04
1.000000000000000000e+00 1.339856868465794903e+01 1.129194593319482308e-04
1.000000000000000000e+00 1.371042231987858173e+01 7.476594810517276052e-05
1.000000000000000000e+00 1.402227595509921443e+01 3.432515035992653001e-05
1.000000000000000000e+00 1.433412959031984890e+01 5.284987844557572738e-06
1.000000000000000000e+00 1.447891877810085681e+01 0.000000000000000000e+00
