# mx [GeV]: 100000.0
# sigma_p [cm^2]: 3.98107170553e-29
# depth [m]: 0.3
# loc: MPI
# Columns: gamma/pi, v [km/s], f(v, gamma) [s/km]
0.000000000000000000e+00 1.000000000000000000e+00 1.697492328509342440e-04
0.000000000000000000e+00 1.275584879480850864e+00 1.372096550840778647e-04
0.000000000000000000e+00 1.627116784760176627e+00 1.124520443802073271e-04
0.000000000000000000e+00 2.075525567789579195e+00 9.824013621374459682e-05
0.000000000000000000e+00 2.647509031248294953e+00 8.581819122253349179e-05
0.000000000000000000e+00 3.377122488549320511e+00 7.660878755228488397e-05
0.000000000000000000e+00 4.307806382548255542e+00 6.778078206928447348e-05
0.000000000000000000e+00 5.494972685309657656e+00 6.116275582106730829e-05
0.000000000000000000e+00 7.009304070541285903e+00 5.774481887408451555e-05
0.000000000000000000e+00 8.940962288066042873e+00 5.444732754148176639e-05
0.000000000000000000e+00 1.140495630266555516e+01 5.467372958135780127e-05
0.000000000000000000e+00 1.454798981082001497e+01 5.628273623153871348e-05
0.000000000000000000e+00 1.855719582952348645e+01 6.191630741554243896e-05
0.000000000000000000e+00 2.367127840570526942e+01 7.148814810953345788e-05
0.000000000000000000e+00 3.019472481229922778e+01 8.644517991463579150e-05
0.000000000000000000e+00 3.851593441065415391e+01 1.093275990390265727e-04
0.000000000000000000e+00 4.913034355330663772e+01 1.421716747090197384e-04
0.000000000000000000e+00 6.118277051950432366e+01 1.807697148231750749e-04
0.000000000000000000e+00 6.266992336029745303e+01 1.855977995702053930e-04
0.000000000000000000e+00 6.996798885051006778e+01 2.088040868839571298e-04
0.000000000000000000e+00 7.875320718151581900e+01 2.351957007002757971e-04
0.000000000000000000e+00 7.994080663661915764e+01 2.386940457085591862e-04
0.000000000000000000e+00 8.753842551252157023e+01 2.597587351792621561e-04
0.000000000000000000e+00 9.632364384352732145e+01 2.815740317175259967e-04
0.000000000000000000e+00 1.019712841991738514e+02 2.936332824675091935e-04
0.000000000000000000e+00 1.051088621745330727e+02 3.002831439034617765e-04
0.000000000000000000e+00 1.138940805055388239e+02 3.157235803454415293e-04
0.000000000000000000e+00 1.226792988365445751e+02 3.277895251215949589e-04
0.000000000000000000e+00 1.314645171675503263e+02 3.360832572581687479e-04
0.000000000000000000e+00 1.402497354985560776e+02 3.414219012562144705e-04
0.000000000000000000e+00 1.490349538295618288e+02 3.431626000210506863e-04
0.000000000000000000e+00 1.578201721605675800e+02 3.417153221139378216e-04
0.000000000000000000e+00 1.666053904915733028e+02 3.372770019774820106e-04
0.000000000000000000e+00 1.753906088225790540e+02 3.307723350294998672e-04
0.000000000000000000e+00 1.841758271535848053e+02 3.216808479933772015e-04
0.000000000000000000e+00 1.929610454845905565e+02 3.107313512280312682e-04
0.000000000000000000e+00 2.017462638155963077e+02 2.985940916512745767e-04
0.000000000000000000e+00 2.105314821466020589e+02 2.844622927316683612e-04
0.000000000000000000e+00 2.193167004776078102e+02 2.698390404043354385e-04
0.000000000000000000e+00 2.281019188086135614e+02 2.545436410184580734e-04
0.000000000000000000e+00 2.368871371396193126e+02 2.385644843196198109e-04
0.000000000000000000e+00 2.456723554706250638e+02 2.227424069005046398e-04
0.000000000000000000e+00 2.544575738016308151e+02 2.067256757973234805e-04
0.000000000000000000e+00 2.632427921326365663e+02 1.901416314635156807e-04
0.000000000000000000e+00 2.720280104636423175e+02 1.754031457007208577e-04
0.000000000000000000e+00 2.808132287946480687e+02 1.602726634627217323e-04
0.000000000000000000e+00 2.895984471256538200e+02 1.459535258174381915e-04
0.000000000000000000e+00 2.983836654566595712e+02 1.324791442788296502e-04
0.000000000000000000e+00 3.071688837876653224e+02 1.189558608939862412e-04
0.000000000000000000e+00 3.159541021186710736e+02 1.043581040391925910e-04
0.000000000000000000e+00 3.247393204496768249e+02 9.165518758252667625e-05
0.000000000000000000e+00 3.335245387806825761e+02 7.947097982477838423e-05
0.000000000000000000e+00 3.423097571116883273e+02 6.813151944543668524e-05
0.000000000000000000e+00 3.510949754426940785e+02 5.707846020543384466e-05
0.000000000000000000e+00 3.598801937736998298e+02 4.889305854276582375e-05
0.000000000000000000e+00 3.686654121047055810e+02 3.925693767752044621e-05
0.000000000000000000e+00 3.774506304357113322e+02 3.139521024016651694e-05
0.000000000000000000e+00 3.862358487667170834e+02 2.427352561069406740e-05
0.000000000000000000e+00 3.950210670977228347e+02 1.709681477093910241e-05
0.000000000000000000e+00 4.038062854287285859e+02 8.942031637863588620e-06
0.000000000000000000e+00 4.078851367966955195e+02 0.000000000000000000e+00
1.000000000000000056e-01 1.000000000000000000e+00 2.055780359953877305e-04
1.000000000000000056e-01 1.285825441494881316e+00 1.559898666678257622e-04
1.000000000000000056e-01 1.653347065995506515e+00 1.251039912979508143e-04
1.000000000000000056e-01 2.125915721077939136e+00 1.071562638136082493e-04
1.000000000000000056e-01 2.733556520635950005e+00 9.495115852358360260e-05
1.000000000000000056e-01 3.514876519997932380e+00 8.343703990772342806e-05
1.000000000000000056e-01 4.519517653126333023e+00 7.370085811137773392e-05
1.000000000000000056e-01 5.811310781675078196e+00 6.684715499379470050e-05
1.000000000000000056e-01 7.472331251511320716e+00 6.243581683609879533e-05
1.000000000000000056e-01 9.608113630470542788e+00 6.019365658095344974e-05
1.000000000000000056e-01 1.235435695083277530e+01 5.969296348561339887e-05
1.000000000000000056e-01 1.588554648068991249e+01 6.266897263097992400e-05
1.000000000000000056e-01 2.042603981692055726e+01 6.921732446253634516e-05
1.000000000000000056e-01 2.626432166558390691e+01 8.125932936379448687e-05
1.000000000000000056e-01 3.377133300121300863e+01 1.003931199860151819e-04
1.000000000000000056e-01 4.342403916615536019e+01 1.292850683490471045e-04
1.000000000000000056e-01 5.583573433231274663e+01 1.700292641652354300e-04
1.000000000000000056e-01 7.122123924899696590e+01 2.214551387940547403e-04
1.000000000000000056e-01 7.179500774903695515e+01 2.233631925289165248e-04
1.000000000000000056e-01 8.144787873090422181e+01 2.538572856950312910e-04
1.000000000000000056e-01 9.167451821281147772e+01 2.835800650460905490e-04
1.000000000000000056e-01 9.231584753603384286e+01 2.853276942560169747e-04
1.000000000000000056e-01 1.019011576947187336e+02 3.097646314559421386e-04
1.000000000000000056e-01 1.121277971766259896e+02 3.316676073541842060e-04
1.000000000000000056e-01 1.187020654149948911e+02 3.429592476340980085e-04
1.000000000000000056e-01 1.223544366585332455e+02 3.489851033639121631e-04
1.000000000000000056e-01 1.325810761404405014e+02 3.616231811340826579e-04
1.000000000000000056e-01 1.428077156223477573e+02 3.695440580777547613e-04
1.000000000000000056e-01 1.530343551042550132e+02 3.727360000335412887e-04
1.000000000000000056e-01 1.632609945861622691e+02 3.724663142777613211e-04
1.000000000000000056e-01 1.734876340680695250e+02 3.673435957816336187e-04
1.000000000000000056e-01 1.837142735499767809e+02 3.592373734737843859e-04
1.000000000000000056e-01 1.939409130318840369e+02 3.479263328229657230e-04
1.000000000000000056e-01 2.041675525137912928e+02 3.340916523732692395e-04
1.000000000000000056e-01 2.143941919956985487e+02 3.184049244008287744e-04
1.000000000000000056e-01 2.246208314776058046e+02 3.011572019869631018e-04
1.000000000000000056e-01 2.348474709595130605e+02 2.829835633545043196e-04
1.000000000000000056e-01 2.450741104414203164e+02 2.641148138807981774e-04
1.000000000000000056e-01 2.553007499233275723e+02 2.440926758445113572e-04
1.000000000000000056e-01 2.655273894052348282e+02 2.247701162053075880e-04
1.000000000000000056e-01 2.757540288871421126e+02 2.053048680952378495e-04
1.000000000000000056e-01 2.859806683690493401e+02 1.868742124773979402e-04
1.000000000000000056e-01 2.962073078509565676e+02 1.687197267704425286e-04
1.000000000000000056e-01 3.064339473328638519e+02 1.515396324017587409e-04
1.000000000000000056e-01 3.166605868147711362e+02 1.330233215159495419e-04
1.000000000000000056e-01 3.268872262966783637e+02 1.155972544687825778e-04
1.000000000000000056e-01 3.371138657785855912e+02 9.971235655377948585e-05
1.000000000000000056e-01 3.473405052604929324e+02 8.485347186337605899e-05
1.000000000000000056e-01 3.575671447424001599e+02 7.031852269893178555e-05
1.000000000000000056e-01 3.677937842243073874e+02 5.836741782617255127e-05
1.000000000000000056e-01 3.780204237062146149e+02 4.806542996595509397e-05
1.000000000000000056e-01 3.882470631881219560e+02 3.926387142872538331e-05
1.000000000000000056e-01 3.984737026700291835e+02 3.141766040258109176e-05
1.000000000000000056e-01 4.087003421519364110e+02 2.472734028210057139e-05
1.000000000000000056e-01 4.189269816338436385e+02 1.900723233473028097e-05
1.000000000000000056e-01 4.291536211157509797e+02 1.420106980463998042e-05
1.000000000000000056e-01 4.393802605976582072e+02 9.994508942792479174e-06
1.000000000000000056e-01 4.496069000795654347e+02 6.454865781339554423e-06
1.000000000000000056e-01 4.598335395614726622e+02 3.444990243465976880e-06
1.000000000000000056e-01 4.700601790433800033e+02 8.820183235285848335e-07
1.000000000000000056e-01 4.748082616599797916e+02 0.000000000000000000e+00
2.000000000000000111e-01 1.000000000000000000e+00 2.806384730271763942e-04
2.000000000000000111e-01 1.295557801159126221e+00 2.144428015212380436e-04
2.000000000000000111e-01 1.678470016144270049e+00 1.677391100291459789e-04
2.000000000000000111e-01 2.174554923427393760e+00 1.416723245953836069e-04
2.000000000000000111e-01 2.817261595095346127e+00 1.248075690580208923e-04
2.000000000000000111e-01 3.649925237431779212e+00 1.096085069274666630e-04
2.000000000000000111e-01 4.728689115002318921e+00 9.593603505982034672e-05
2.000000000000000111e-01 6.126290072197498660e+00 8.597172664855428292e-05
2.000000000000000111e-01 7.936962895199175527e+00 7.987913216826729608e-05
2.000000000000000111e-01 1.028279419638581516e+01 7.622725910213510637e-05
2.000000000000000111e-01 1.332195423884143004e+01 7.534413106255343124e-05
2.000000000000000111e-01 1.725936174081590480e+01 7.798749410937782719e-05
2.000000000000000111e-01 2.236050074634141183e+01 8.616907561490639341e-05
2.000000000000000111e-01 2.896932117974708021e+01 1.010749362407217919e-04
2.000000000000000111e-01 3.753143004870563004e+01 1.254910729686391690e-04
2.000000000000000111e-01 4.862413698825861985e+01 1.628513217918023956e-04
2.000000000000000111e-01 6.299537999976847402e+01 2.163026364503525475e-04
2.000000000000000111e-01 8.161415599568363177e+01 2.870363158553408591e-04
2.000000000000000111e-01 8.219214823900564681e+01 2.891346532730497778e-04
2.000000000000000111e-01 9.399409772973466204e+01 3.311410201476400325e-04
2.000000000000000111e-01 1.057358564852258098e+02 3.691285966144762271e-04
2.000000000000000111e-01 1.057960472204636773e+02 3.691901973617981087e-04
2.000000000000000111e-01 1.175979967111927067e+02 4.022176393371413488e-04
2.000000000000000111e-01 1.293999462019217219e+02 4.297635331249834482e-04
2.000000000000000111e-01 1.369869137316760828e+02 4.438337938664091648e-04
2.000000000000000111e-01 1.412018956926507371e+02 4.507125764873447086e-04
2.000000000000000111e-01 1.530038451833797524e+02 4.653727257290427542e-04
2.000000000000000111e-01 1.648057946741087676e+02 4.738074323787241590e-04
2.000000000000000111e-01 1.766077441648377828e+02 4.765201810136547741e-04
2.000000000000000111e-01 1.884096936555667980e+02 4.729713164745083650e-04
2.000000000000000111e-01 2.002116431462958133e+02 4.647217194302763910e-04
2.000000000000000111e-01 2.120135926370248285e+02 4.520117011148151232e-04
2.000000000000000111e-01 2.238155421277538721e+02 4.357321627016203327e-04
2.000000000000000111e-01 2.356174916184828589e+02 4.160058259669277190e-04
2.000000000000000111e-01 2.474194411092119026e+02 3.929178239350898660e-04
2.000000000000000111e-01 2.592213905999408894e+02 3.690105639098903738e-04
2.000000000000000111e-01 2.710233400906699330e+02 3.436208509948786706e-04
2.000000000000000111e-01 2.828252895813989198e+02 3.179639447885842184e-04
2.000000000000000111e-01 2.946272390721279635e+02 2.922693185748060241e-04
2.000000000000000111e-01 3.064291885628569503e+02 2.654405175261285933e-04
2.000000000000000111e-01 3.182311380535859939e+02 2.362071895488275855e-04
2.000000000000000111e-01 3.300330875443149807e+02 2.093398167118796398e-04
2.000000000000000111e-01 3.418350370350440244e+02 1.849097510501469344e-04
2.000000000000000111e-01 3.536369865257730112e+02 1.623998716175115121e-04
2.000000000000000111e-01 3.654389360165020548e+02 1.415149750992444053e-04
2.000000000000000111e-01 3.772408855072310416e+02 1.224846179548938409e-04
2.000000000000000111e-01 3.890428349979600853e+02 1.050062838782903042e-04
2.000000000000000111e-01 4.008447844886890721e+02 8.921658676964741813e-05
2.000000000000000111e-01 4.126467339794181157e+02 7.529034931585493412e-05
2.000000000000000111e-01 4.244486834701471025e+02 6.302108942512020041e-05
2.000000000000000111e-01 4.362506329608761462e+02 5.182966253130330558e-05
2.000000000000000111e-01 4.480525824516051330e+02 4.207605376486184734e-05
2.000000000000000111e-01 4.598545319423341766e+02 3.367339980472975605e-05
2.000000000000000111e-01 4.716564814330632203e+02 2.635591026498822350e-05
2.000000000000000111e-01 4.834584309237922071e+02 2.024531939221356071e-05
2.000000000000000111e-01 4.952603804145212507e+02 1.484970512630640364e-05
2.000000000000000111e-01 5.070623299052502375e+02 1.035394268033590352e-05
2.000000000000000111e-01 5.188642793959793380e+02 6.614473445535593404e-06
2.000000000000000111e-01 5.306662288867082680e+02 3.560189899641378975e-06
2.000000000000000111e-01 5.424681783774373116e+02 9.797012918737672551e-07
2.000000000000000111e-01 5.479476549267043310e+02 0.000000000000000000e+00
3.000000000000000444e-01 1.000000000000000000e+00 4.073562225666352548e-04
3.000000000000000444e-01 1.303736080247175355e+00 3.109298189456765628e-04
3.000000000000000444e-01 1.699727766938269324e+00 2.421400839354927615e-04
3.000000000000000444e-01 2.215996416355383580e+00 1.998678506331057311e-04
3.000000000000000444e-01 2.889074481700955488e+00 1.740436290024924531e-04
3.000000000000000444e-01 3.766590640314943617e+00 1.531724025148256728e-04
3.000000000000000444e-01 4.910640117299903018e+00 1.332869325432409354e-04
3.000000000000000444e-01 6.402178698033104354e+00 1.179274277492912802e-04
3.000000000000000444e-01 8.346751360815643395e+00 1.082363598268372022e-04
3.000000000000000444e-01 1.088196090194756671e+01 1.022804773037372817e-04
3.000000000000000444e-01 1.418720505170813695e+01 9.963120798357851568e-05
3.000000000000000444e-01 1.849637110377689098e+01 1.020795698508262313e-04
3.000000000000000444e-01 2.411438636163520144e+01 1.111058134572637349e-04
3.000000000000000444e-01 3.143879555268422266e+01 1.292697918224571560e-04
3.000000000000000444e-01 4.098789208154885699e+01 1.602960239539175016e-04
3.000000000000000444e-01 5.343739375999273733e+01 2.092457654310938533e-04
3.000000000000000444e-01 6.966825827927779358e+01 2.817927942511361619e-04
3.000000000000000444e-01 9.082902196667345152e+01 3.817392260692890199e-04
3.000000000000000444e-01 9.263076640836054310e+01 3.900388867015180320e-04
3.000000000000000444e-01 1.059315944054584691e+02 4.509220521305458960e-04
3.000000000000000444e-01 1.184170730715154889e+02 5.037761360256278777e-04
3.000000000000000444e-01 1.192324224025563950e+02 5.070477959185280782e-04
3.000000000000000444e-01 1.325332503996543210e+02 5.577627163292313414e-04
3.000000000000000444e-01 1.458340783967522611e+02 6.007767669618265362e-04
3.000000000000000444e-01 1.543846106806008720e+02 6.247011149730845141e-04
3.000000000000000444e-01 1.591349063938501729e+02 6.360218727258429424e-04
3.000000000000000444e-01 1.724357343909480846e+02 6.624939630306767979e-04
3.000000000000000444e-01 1.857365623880460248e+02 6.804596540261086731e-04
3.000000000000000444e-01 1.990373903851439650e+02 6.889260158857388747e-04
3.000000000000000444e-01 2.123382183822418767e+02 6.891651474368621364e-04
3.000000000000000444e-01 2.256390463793397885e+02 6.819392957819736794e-04
3.000000000000000444e-01 2.389398743764377286e+02 6.673506874475962835e-04
3.000000000000000444e-01 2.522407023735356688e+02 6.455856219087347490e-04
3.000000000000000444e-01 2.655415303706336090e+02 6.184485407209026897e-04
3.000000000000000444e-01 2.788423583677314923e+02 5.871882769454046412e-04
3.000000000000000444e-01 2.921431863648294325e+02 5.521805576206894120e-04
3.000000000000000444e-01 3.054440143619273726e+02 5.130471580546270942e-04
3.000000000000000444e-01 3.187448423590253128e+02 4.728616686198303305e-04
3.000000000000000444e-01 3.320456703561231961e+02 4.316535903423907982e-04
3.000000000000000444e-01 3.453464983532211363e+02 3.912240778909610627e-04
3.000000000000000444e-01 3.586473263503190765e+02 3.530055100536398801e-04
3.000000000000000444e-01 3.719481543474170167e+02 3.139513285583055385e-04
3.000000000000000444e-01 3.852489823445149000e+02 2.766199582142292923e-04
3.000000000000000444e-01 3.985498103416128401e+02 2.428151717375697069e-04
3.000000000000000444e-01 4.118506383387107803e+02 2.104897228189153008e-04
3.000000000000000444e-01 4.251514663358087205e+02 1.808258620048255557e-04
3.000000000000000444e-01 4.384522943329066607e+02 1.542720611477573249e-04
3.000000000000000444e-01 4.517531223300045440e+02 1.301791547811461400e-04
3.000000000000000444e-01 4.650539503271024842e+02 1.081941530035495421e-04
3.000000000000000444e-01 4.783547783242004243e+02 8.955310991002903671e-05
3.000000000000000444e-01 4.916556063212983076e+02 7.285809698500197865e-05
3.000000000000000444e-01 5.049564343183962478e+02 5.862557886033844206e-05
3.000000000000000444e-01 5.182572623154941311e+02 4.600879418525782437e-05
3.000000000000000444e-01 5.315580903125920713e+02 3.554273058806325198e-05
3.000000000000000444e-01 5.448589183096900115e+02 2.673924422687303502e-05
3.000000000000000444e-01 5.581597463067879517e+02 1.938698910655121445e-05
3.000000000000000444e-01 5.714605743038858918e+02 1.337203093798361694e-05
3.000000000000000444e-01 5.847614023009838320e+02 8.375002540896814523e-06
3.000000000000000444e-01 5.980622302980816585e+02 4.391763095939152535e-06
3.000000000000000444e-01 6.113630582951795986e+02 1.239653380626454389e-06
3.000000000000000444e-01 6.175384427224036017e+02 0.000000000000000000e+00
4.000000000000000222e-01 1.000000000000000000e+00 5.432055045848723125e-04
4.000000000000000222e-01 1.309778560647397505e+00 4.176945992482989614e-04
4.000000000000000222e-01 1.715519877931568349e+00 3.237613335658982025e-04
4.000000000000000222e-01 2.246951156479208400e+00 2.632306459626324361e-04
4.000000000000000222e-01 2.943008451578343010e+00 2.274319647951900537e-04
4.000000000000000222e-01 3.854689373681407183e+00 1.997620400739431358e-04
4.000000000000000222e-01 5.048789499603252295e+00 1.735962124102653303e-04
4.000000000000000222e-01 6.612796243802042895e+00 1.525442940338559740e-04
4.000000000000000222e-01 8.661298746061556031e+00 1.384683905937865521e-04
4.000000000000000222e-01 1.134438340495361075e+01 1.297999178355754412e-04
4.000000000000000222e-01 1.485863016757236110e+01 1.253554115938233229e-04
4.000000000000000222e-01 1.946151523407493400e+01 1.270577092834950287e-04
4.000000000000000222e-01 2.549027541130406149e+01 1.371371974548379468e-04
4.000000000000000222e-01 3.338661623872357609e+01 1.586783674785715670e-04
4.000000000000000222e-01 4.372907416204240860e+01 1.971688124972979371e-04
4.000000000000000222e-01 5.727540381440319806e+01 2.602076423822205888e-04
4.000000000000000222e-01 7.501809596852746154e+01 3.579292507387803733e-04
4.000000000000000222e-01 9.825709376016622798e+01 4.997201621818953476e-04
4.000000000000000222e-01 1.011371984960106118e+02 5.179265987045588446e-04
4.000000000000000222e-01 1.156594628954377839e+02 6.086411545871554026e-04
4.000000000000000222e-01 1.286950348385868779e+02 6.874512222222407733e-04
4.000000000000000222e-01 1.301817272948649418e+02 6.961913652453373142e-04
4.000000000000000222e-01 1.447039916942921138e+02 7.786508450086612222e-04
4.000000000000000222e-01 1.592262560937192859e+02 8.524995360100153961e-04
4.000000000000000222e-01 1.685619974933510719e+02 8.951624719639642404e-04
4.000000000000000222e-01 1.737485204931464295e+02 9.162676591128793074e-04
4.000000000000000222e-01 1.882707848925736016e+02 9.694293421734361286e-04
4.000000000000000222e-01 2.027930492920007737e+02 1.009386524609061407e-03
4.000000000000000222e-01 2.173153136914279457e+02 1.036032675140114269e-03
4.000000000000000222e-01 2.318375780908551178e+02 1.050587061068979696e-03
4.000000000000000222e-01 2.463598424902822899e+02 1.049942242322206894e-03
4.000000000000000222e-01 2.608821068897094619e+02 1.037293671953275469e-03
4.000000000000000222e-01 2.754043712891366340e+02 1.012780295224113402e-03
4.000000000000000222e-01 2.899266356885638061e+02 9.800377445220638008e-04
4.000000000000000222e-01 3.044489000879909213e+02 9.347218269515508672e-04
4.000000000000000222e-01 3.189711644874180934e+02 8.851090109678615191e-04
4.000000000000000222e-01 3.334934288868452654e+02 8.290102799467503848e-04
4.000000000000000222e-01 3.480156932862724375e+02 7.650066061428074287e-04
4.000000000000000222e-01 3.625379576856996096e+02 7.005720753545878043e-04
4.000000000000000222e-01 3.770602220851267816e+02 6.361160166608776940e-04
4.000000000000000222e-01 3.915824864845539537e+02 5.733099160198738137e-04
4.000000000000000222e-01 4.061047508839811258e+02 5.103365384567637832e-04
4.000000000000000222e-01 4.206270152834082978e+02 4.499195566032121560e-04
4.000000000000000222e-01 4.351492796828354699e+02 4.335454767046086999e-04
4.000000000000000222e-01 4.496715440822626420e+02 3.377010832223981411e-04
4.000000000000000222e-01 4.641938084816898140e+02 2.887861168336957360e-04
4.000000000000000222e-01 4.787160728811169861e+02 2.435236829613265637e-04
4.000000000000000222e-01 4.932383372805441013e+02 2.032885081713974680e-04
4.000000000000000222e-01 5.077606016799712734e+02 1.668645438606703325e-04
4.000000000000000222e-01 5.222828660793984454e+02 1.369463566345384290e-04
4.000000000000000222e-01 5.368051304788256175e+02 1.102174753645904562e-04
4.000000000000000222e-01 5.513273948782527896e+02 8.717700621046185500e-05
4.000000000000000222e-01 5.658496592776799616e+02 6.778378568972783489e-05
4.000000000000000222e-01 5.803719236771071337e+02 5.182739040040733162e-05
4.000000000000000222e-01 5.948941880765343058e+02 3.835997735850202854e-05
4.000000000000000222e-01 6.094164524759614778e+02 2.766115351374471030e-05
4.000000000000000222e-01 6.239387168753885362e+02 1.871956721883874365e-05
4.000000000000000222e-01 6.384609812748157083e+02 1.150217527544143456e-05
4.000000000000000222e-01 6.529832456742428803e+02 6.007336445798608100e-06
4.000000000000000222e-01 6.675055100736700524e+02 1.691733578342197371e-06
4.000000000000000222e-01 6.742479899734040600e+02 0.000000000000000000e+00
5.000000000000000000e-01 1.000000000000000000e+00 6.061860098669001433e-04
5.000000000000000000e-01 1.313558601046304286e+00 4.669169029594938511e-04
5.000000000000000000e-01 1.725436198382723996e+00 3.612819596052287466e-04
5.000000000000000000e-01 2.266461558942264531e+00 2.923157230406557994e-04
5.000000000000000000e-01 2.977130074689426920e+00 2.517551699306738527e-04
5.000000000000000000e-01 3.910634816041922424e+00 2.206702185892755997e-04
5.000000000000000000e-01 5.136847998162999751e+00 1.916898919284637721e-04
5.000000000000000000e-01 6.747550870254499955e+00 1.680485876285508140e-04
5.000000000000000000e-01 8.863303481620272706e+00 1.521538643334118955e-04
5.000000000000000000e-01 1.164246852196596116e+01 1.423295967133405898e-04
5.000000000000000000e-01 1.529306466443924073e+01 1.373997799136986359e-04
5.000000000000000000e-01 2.008833662633148620e+01 1.393105484141968057e-04
5.000000000000000000e-01 2.638720735623121882e+01 1.508260313241044251e-04
5.000000000000000000e-01 3.466114318036982667e+01 1.759142528683870334e-04
5.000000000000000000e-01 4.552944274667225244e+01 2.216872242830157506e-04
5.000000000000000000e-01 5.980559112073660799e+01 2.988627063935873950e-04
5.000000000000000000e-01 7.855814860730204430e+01 4.234375007345981862e-04
5.000000000000000000e-01 1.031907317853953856e+02 6.140113430051089352e-04
5.000000000000000000e-01 1.068294143760743253e+02 6.437488891705641942e-04
5.000000000000000000e-01 1.221690225941773065e+02 7.721271290273095094e-04
5.000000000000000000e-01 1.355470732849682918e+02 8.844167076637114407e-04
5.000000000000000000e-01 1.375086308122802734e+02 9.010841915774734159e-04
5.000000000000000000e-01 1.528482390303832688e+02 1.026411753501609925e-03
5.000000000000000000e-01 1.681878472484862641e+02 1.144323733213098351e-03
5.000000000000000000e-01 1.780490239601238898e+02 1.214674741909138947e-03
5.000000000000000000e-01 1.835274554665892310e+02 1.251525541090712894e-03
5.000000000000000000e-01 1.988670636846921980e+02 1.344059516306499386e-03
5.000000000000000000e-01 2.142066719027951933e+02 1.419882729343856925e-03
5.000000000000000000e-01 2.295462801208981887e+02 1.476742405963244863e-03
5.000000000000000000e-01 2.448858883390011556e+02 1.516794369140152601e-03
5.000000000000000000e-01 2.602254965571041225e+02 1.537424797807037356e-03
5.000000000000000000e-01 2.755651047752071463e+02 1.535190203068028184e-03
5.000000000000000000e-01 2.909047129933101132e+02 1.513685176655179057e-03
5.000000000000000000e-01 3.062443212114130802e+02 1.475212247614933383e-03
5.000000000000000000e-01 3.215839294295160471e+02 1.418560333235692646e-03
5.000000000000000000e-01 3.369235376476190709e+02 1.348475302481951183e-03
5.000000000000000000e-01 3.522631458657220378e+02 1.272316920662749061e-03
5.000000000000000000e-01 3.676027540838250047e+02 1.183510381071004643e-03
5.000000000000000000e-01 3.829423623019279717e+02 1.088171332169513440e-03
5.000000000000000000e-01 3.982819705200309954e+02 9.899585345418647486e-04
5.000000000000000000e-01 4.136215787381339624e+02 8.897079319626160186e-04
5.000000000000000000e-01 4.289611869562369293e+02 7.931928143506867829e-04
5.000000000000000000e-01 4.443007951743399531e+02 6.969455289402624962e-04
5.000000000000000000e-01 4.596404033924429200e+02 6.062554411183115714e-04
5.000000000000000000e-01 4.749800116105458869e+02 5.222425503422510650e-04
5.000000000000000000e-01 4.903196198286488539e+02 4.438297080345984216e-04
5.000000000000000000e-01 5.056592280467518208e+02 3.731810984965192534e-04
5.000000000000000000e-01 5.209988362648548446e+02 3.105406741979410646e-04
5.000000000000000000e-01 5.363384444829578115e+02 2.541100205022623140e-04
5.000000000000000000e-01 5.516780527010607784e+02 2.057747980319502403e-04
5.000000000000000000e-01 5.670176609191637453e+02 1.639246269019306742e-04
5.000000000000000000e-01 5.823572691372667123e+02 1.289956745890519848e-04
5.000000000000000000e-01 5.976968773553696792e+02 9.942259903245704526e-05
5.000000000000000000e-01 6.130364855734726461e+02 7.518346108840872103e-05
5.000000000000000000e-01 6.283760937915756131e+02 5.538485540066137916e-05
5.000000000000000000e-01 6.437157020096785800e+02 3.945878823248197823e-05
5.000000000000000000e-01 6.590553102277815469e+02 2.655767751504525668e-05
5.000000000000000000e-01 6.743949184458846275e+02 1.656245954824012075e-05
5.000000000000000000e-01 6.897345266639875945e+02 8.619048937201948687e-06
5.000000000000000000e-01 7.050741348820905614e+02 2.310604344308215847e-06
5.000000000000000000e-01 7.121960958404955591e+02 0.000000000000000000e+00
6.000000000000000888e-01 1.000000000000000000e+00 5.464143539246789014e-04
6.000000000000000888e-01 1.315443008408804682e+00 4.186794822577541105e-04
6.000000000000000888e-01 1.730390308371606345e+00 3.234987108844950671e-04
6.000000000000000888e-01 2.276229832965785072e+00 2.629310045579915647e-04
6.000000000000000888e-01 2.994250619306383143e+00 2.272446047082779801e-04
6.000000000000000888e-01 3.938766042590314598e+00 1.991713201218352030e-04
6.000000000000000888e-01 5.181222252483445700e+00 1.727617921305964492e-04
6.000000000000000888e-01 6.815602587041466265e+00 1.520483485135149004e-04
6.000000000000000888e-01 8.965536771216658707e+00 1.385093152806057793e-04
6.000000000000000888e-01 1.179365266232900211e+01 1.303602712681421370e-04
6.000000000000000888e-01 1.551387793826256889e+01 1.269776624411591789e-04
6.000000000000000888e-01 2.040762226719509798e+01 1.307039974647233654e-04
6.000000000000000888e-01 2.684506402962962923e+01 1.444299000741234781e-04
6.000000000000000888e-01 3.531315178806298860e+01 1.728995412337617328e-04
6.000000000000000888e-01 4.645243862448633365e+01 2.247025511805973296e-04
6.000000000000000888e-01 6.110553561211965246e+01 3.134892744454120003e-04
6.000000000000000888e-01 8.038084959603801849e+01 4.605317662459777728e-04
6.000000000000000888e-01 1.057364266110678983e+02 6.948940907418026808e-04
6.000000000000000888e-01 1.097791727097824719e+02 7.354708043414783002e-04
6.000000000000000888e-01 1.255423359706743156e+02 8.993154653847304589e-04
6.000000000000000888e-01 1.390902431196599593e+02 1.045445171166833193e-03
6.000000000000000888e-01 1.413054992315661593e+02 1.068761178871593638e-03
6.000000000000000888e-01 1.570686624924580030e+02 1.238108453934202860e-03
6.000000000000000888e-01 1.728318257533498468e+02 1.401694006556730840e-03
6.000000000000000888e-01 1.829652878496375195e+02 1.501855415643695967e-03
6.000000000000000888e-01 1.885949890142416905e+02 1.555709980988780831e-03
6.000000000000000888e-01 2.043581522751335342e+02 1.694017599977800867e-03
6.000000000000000888e-01 2.201213155360253779e+02 1.813682459814321872e-03
6.000000000000000888e-01 2.358844787969172216e+02 1.908955214336348306e-03
6.000000000000000888e-01 2.516476420578090654e+02 1.977988912766595782e-03
6.000000000000000888e-01 2.674108053187009091e+02 2.022508614822957421e-03
6.000000000000000888e-01 2.831739685795927244e+02 2.039228741298906942e-03
6.000000000000000888e-01 2.989371318404845965e+02 2.026549602606360096e-03
6.000000000000000888e-01 3.147002951013764687e+02 2.015704287924767902e-03
6.000000000000000888e-01 3.304634583622682840e+02 1.928263533007698247e-03
6.000000000000000888e-01 3.462266216231600993e+02 1.844494117564705058e-03
6.000000000000000888e-01 3.619897848840519714e+02 1.748850454080144506e-03
6.000000000000000888e-01 3.777529481449437867e+02 1.635990626831290142e-03
6.000000000000000888e-01 3.935161114058356588e+02 1.509098342379845562e-03
6.000000000000000888e-01 4.092792746667275310e+02 1.376411277665881300e-03
6.000000000000000888e-01 4.250424379276193463e+02 1.241124464167980661e-03
6.000000000000000888e-01 4.408056011885111616e+02 1.108005730457657699e-03
6.000000000000000888e-01 4.565687644494030337e+02 9.752608157989429765e-04
6.000000000000000888e-01 4.723319277102949059e+02 8.483193929539752879e-04
6.000000000000000888e-01 4.880950909711867212e+02 7.315583066739084813e-04
6.000000000000000888e-01 5.038582542320785365e+02 6.209433610799146601e-04
6.000000000000000888e-01 5.196214174929704086e+02 5.205732759069135046e-04
6.000000000000000888e-01 5.353845807538623376e+02 4.321926736349202772e-04
6.000000000000000888e-01 5.511477440147541529e+02 3.535001690200261382e-04
6.000000000000000888e-01 5.669109072756459682e+02 2.858933167284803656e-04
6.000000000000000888e-01 5.826740705365377835e+02 2.268566167568194147e-04
6.000000000000000888e-01 5.984372337974295988e+02 1.783330972260723283e-04
6.000000000000000888e-01 6.142003970583214141e+02 1.376784256447259732e-04
6.000000000000000888e-01 6.299635603192132294e+02 1.040938428935480166e-04
6.000000000000000888e-01 6.457267235801050447e+02 7.672251675558884219e-05
6.000000000000000888e-01 6.614898868409970873e+02 5.448598202196684118e-05
6.000000000000000888e-01 6.772530501018889026e+02 3.685129147722689320e-05
6.000000000000000888e-01 6.930162133627807179e+02 2.291614794361282391e-05
6.000000000000000888e-01 7.087793766236725332e+02 1.182526411394776617e-05
6.000000000000000888e-01 7.245425398845643485e+02 3.255026626288615030e-06
6.000000000000000888e-01 7.318611513985498505e+02 0.000000000000000000e+00
7.000000000000000666e-01 1.000000000000000000e+00 4.117779868141660245e-04
7.000000000000000666e-01 1.316216331116037530e+00 3.116633793221116450e-04
7.000000000000000666e-01 1.732425430296562263e+00 2.412101647061769499e-04
7.000000000000000666e-01 2.280246643797063655e+00 1.991119731236193086e-04
7.000000000000000666e-01 3.001297871538229245e+00 1.732931212282709478e-04
7.000000000000000666e-01 3.950357273062420571e+00 1.516961065627017702e-04
7.000000000000000666e-01 5.199524756547773130e+00 1.315550485708801432e-04
7.000000000000000666e-01 6.843699398610318063e+00 1.170329952548853280e-04
7.000000000000000666e-01 9.007788913699904754e+00 1.082104055147517648e-04
7.000000000000000666e-01 1.185619887545780315e+01 1.032757809234232743e-04
7.000000000000000666e-01 1.560532258483716461e+01 1.027265331830222884e-04
7.000000000000000666e-01 2.053998043849660604e+01 1.090066891118807239e-04
7.000000000000000666e-01 2.703505769395317770e+01 1.251077544722768698e-04
7.000000000000000666e-01 3.558398444944545957e+01 1.564002827736920556e-04
7.000000000000000666e-01 4.683622145853922802e+01 2.123558289754479199e-04
7.000000000000000666e-01 6.164659957149674341e+01 3.088913665847147264e-04
7.000000000000000666e-01 8.114026111377491191e+01 4.716183875930337146e-04
7.000000000000000666e-01 1.067981367889701403e+02 7.372602114560452722e-04
7.000000000000000666e-01 1.110118848489015875e+02 7.858609123601974699e-04
7.000000000000000666e-01 1.269520529297695077e+02 9.768592464114941344e-04
7.000000000000000666e-01 1.405694517744068719e+02 1.148038174352758022e-03
7.000000000000000666e-01 1.428922210106374280e+02 1.177341119944030337e-03
7.000000000000000666e-01 1.588323890915053482e+02 1.381417183221863914e-03
7.000000000000000666e-01 1.747725571723732685e+02 1.582043853695638260e-03
7.000000000000000666e-01 1.850198080815026458e+02 1.706290459580450582e-03
7.000000000000000666e-01 1.907127252532411887e+02 1.773207175203998396e-03
7.000000000000000666e-01 2.066528933341091090e+02 1.948790752459717305e-03
7.000000000000000666e-01 2.225930614149770292e+02 2.102716332026517525e-03
7.000000000000000666e-01 2.385332294958449495e+02 2.233191333512423663e-03
7.000000000000000666e-01 2.544733975767128697e+02 2.334087585284880337e-03
7.000000000000000666e-01 2.704135656575807616e+02 2.398393129878881053e-03
7.000000000000000666e-01 2.863537337384486818e+02 2.434876943641385398e-03
7.000000000000000666e-01 3.022939018193166021e+02 2.433696431796088851e-03
7.000000000000000666e-01 3.182340699001845223e+02 2.402296406470301807e-03
7.000000000000000666e-01 3.341742379810524426e+02 2.337738045446896475e-03
7.000000000000000666e-01 3.501144060619203628e+02 2.245772315521852615e-03
7.000000000000000666e-01 3.660545741427882831e+02 2.131590430596182889e-03
7.000000000000000666e-01 3.819947422236562034e+02 2.001466804061966236e-03
7.000000000000000666e-01 3.979349103045241236e+02 1.850595142225306853e-03
7.000000000000000666e-01 4.138750783853920439e+02 1.693739956849333152e-03
7.000000000000000666e-01 4.298152464662599641e+02 1.528965019688353997e-03
7.000000000000000666e-01 4.457554145471278844e+02 1.369836765584421523e-03
7.000000000000000666e-01 4.616955826279958046e+02 1.205704336002329843e-03
7.000000000000000666e-01 4.776357507088637249e+02 1.050331610688603036e-03
7.000000000000000666e-01 4.935759187897316451e+02 9.034695071416463377e-04
7.000000000000000666e-01 5.095160868705995654e+02 7.685142379338958741e-04
7.000000000000000666e-01 5.254562549514674856e+02 6.457070544863287818e-04
7.000000000000000666e-01 5.413964230323354059e+02 5.353817982293604611e-04
7.000000000000000666e-01 5.573365911132033261e+02 4.378628348648079451e-04
7.000000000000000666e-01 5.732767591940712464e+02 3.545293066582793566e-04
7.000000000000000666e-01 5.892169272749391666e+02 2.823313897845207724e-04
7.000000000000000666e-01 6.051570953558070869e+02 2.208203412058815996e-04
7.000000000000000666e-01 6.210972634366750071e+02 1.700236818153992731e-04
7.000000000000000666e-01 6.370374315175429274e+02 1.287455654997689616e-04
7.000000000000000666e-01 6.529775995984108476e+02 9.432547412135406371e-05
7.000000000000000666e-01 6.689177676792787679e+02 6.717201509351163199e-05
7.000000000000000666e-01 6.848579357601466882e+02 4.521026336444470954e-05
7.000000000000000666e-01 7.007981038410146084e+02 2.801359744875557269e-05
7.000000000000000666e-01 7.167382719218825287e+02 1.456726097522010390e-05
7.000000000000000666e-01 7.326784400027504489e+02 4.101037374456962037e-06
7.000000000000000666e-01 7.400792323260105832e+02 0.000000000000000000e+00
8.000000000000000444e-01 1.000000000000000000e+00 2.846672320454150589e-04
8.000000000000000444e-01 1.316534367684294216e+00 2.142108523923922628e-04
8.000000000000000444e-01 1.733262741293884579e+00 1.661897881773222543e-04
8.000000000000000444e-01 2.281899967140090801e+00 1.405230029509989113e-04
8.000000000000000444e-01 3.004199730357592024e+00 1.231235625733849784e-04
8.000000000000000444e-01 3.955132192403659985e+00 1.070548973053663168e-04
8.000000000000000444e-01 5.207067460033948159e+00 9.354286583861279542e-05
8.000000000000000444e-01 6.855283265985258723e+00 8.479485777561422515e-05
8.000000000000000444e-01 9.025216019880627272e+00 7.965488028778399808e-05
8.000000000000000444e-01 1.188200706594770395e+01 7.768529847531880056e-05
8.000000000000000444e-01 1.564307065938778152e+01 7.967914830379328490e-05
8.000000000000000444e-01 2.059464013919782488e+01 8.812497763165394731e-05
8.000000000000000444e-01 2.711355153334439194e+01 1.060107990272075135e-04
8.000000000000000444e-01 3.569592242362710266e+01 1.390418479620130106e-04
8.000000000000000444e-01 4.699490865689751473e+01 1.975877444141051643e-04
8.000000000000000444e-01 6.187041235298976005e+01 2.988287255171091241e-04
8.000000000000000444e-01 8.145452420550991235e+01 4.711919754648091156e-04
8.000000000000000444e-01 1.072376805199260730e+02 7.573604182783264709e-04
8.000000000000000444e-01 1.115226456647789064e+02 8.100527228004020123e-04
8.000000000000000444e-01 1.275361537602343418e+02 1.018659999127420222e-03
8.000000000000000444e-01 1.411820919152311546e+02 1.205814060421926725e-03
8.000000000000000444e-01 1.435496618556897772e+02 1.239178322450129816e-03
8.000000000000000444e-01 1.595631699511451984e+02 1.465526810738151074e-03
8.000000000000000444e-01 1.755766780466006480e+02 1.689932508067465379e-03
8.000000000000000444e-01 1.858710761079648250e+02 1.829381766477338345e-03
8.000000000000000444e-01 1.915901861420560692e+02 1.905929426786933919e-03
8.000000000000000444e-01 2.076036942375114904e+02 2.104707930538843395e-03
8.000000000000000444e-01 2.236172023329669400e+02 2.284532009920439179e-03
8.000000000000000444e-01 2.396307104284223612e+02 2.434483561780534291e-03
8.000000000000000444e-01 2.556442185238777824e+02 2.551166732972619342e-03
8.000000000000000444e-01 2.716577266193332321e+02 2.634540874648576541e-03
8.000000000000000444e-01 2.876712347147886248e+02 2.679732380894398695e-03
8.000000000000000444e-01 3.036847428102440745e+02 2.687422925457983326e-03
8.000000000000000444e-01 3.196982509056995241e+02 2.654132047951781020e-03
8.000000000000000444e-01 3.357117590011549737e+02 2.588492634610828260e-03
8.000000000000000444e-01 3.517252670966104233e+02 2.494554922891848835e-03
8.000000000000000444e-01 3.677387751920658161e+02 2.372267340917039776e-03
8.000000000000000444e-01 3.837522832875212657e+02 2.226040805673879484e-03
8.000000000000000444e-01 3.997657913829766585e+02 2.064877565845340320e-03
8.000000000000000444e-01 4.157792994784321081e+02 1.886652623705858609e-03
8.000000000000000444e-01 4.317928075738875577e+02 1.706616147078138289e-03
8.000000000000000444e-01 4.478063156693429505e+02 1.524751213703227394e-03
8.000000000000000444e-01 4.638198237647984001e+02 1.345970913232143271e-03
8.000000000000000444e-01 4.798333318602538498e+02 1.173797017877840996e-03
8.000000000000000444e-01 4.958468399557092425e+02 1.008148720553106057e-03
8.000000000000000444e-01 5.118603480511646922e+02 8.570537626979414601e-04
8.000000000000000444e-01 5.278738561466201418e+02 7.206656562609445663e-04
8.000000000000000444e-01 5.438873642420755914e+02 5.966978599180628460e-04
8.000000000000000444e-01 5.599008723375309273e+02 4.880671185297976995e-04
8.000000000000000444e-01 5.759143804329864906e+02 3.939853906236206516e-04
8.000000000000000444e-01 5.919278885284418266e+02 3.132880152179566145e-04
8.000000000000000444e-01 6.079413966238972762e+02 2.446989398047417943e-04
8.000000000000000444e-01 6.239549047193527258e+02 1.882841461196242553e-04
8.000000000000000444e-01 6.399684128148081754e+02 1.417872526698791766e-04
8.000000000000000444e-01 6.559819209102636250e+02 1.037038650713954915e-04
8.000000000000000444e-01 6.719954290057190747e+02 7.321026167965408627e-05
8.000000000000000444e-01 6.880089371011744106e+02 4.920472124416799164e-05
8.000000000000000444e-01 7.040224451966298602e+02 3.028767515065228016e-05
8.000000000000000444e-01 7.200359532920853098e+02 1.556687267434164371e-05
8.000000000000000444e-01 7.360494613875407595e+02 4.328804666443545146e-06
8.000000000000000444e-01 7.434843044318594139e+02 0.000000000000000000e+00
9.000000000000000222e-01 1.000000000000000000e+00 2.088315487745586797e-04
9.000000000000000222e-01 1.316669737498857184e+00 1.548025174394618828e-04
9.000000000000000222e-01 1.733619197645309473e+00 1.225362749236535249e-04
9.000000000000000222e-01 2.282603933886629299e+00 1.054484961005569673e-04
9.000000000000000222e-01 3.005435522444366736e+00 9.189215965747547993e-05
9.000000000000000222e-01 3.957166000406564965e+00 8.019853190068890604e-05
9.000000000000000222e-01 5.210280718994716231e+00 7.102175418814248974e-05
9.000000000000000222e-01 6.860218946574129006e+00 6.515689595998165932e-05
9.000000000000000222e-01 9.032642679570445310e+00 6.235963166690373710e-05
9.000000000000000222e-01 1.189300726583099355e+01 6.168780807789722004e-05
9.000000000000000222e-01 1.565916275477369091e+01 6.562654968459494525e-05
9.000000000000000222e-01 2.061794571377976126e+01 7.509230988017848889e-05
9.000000000000000222e-01 2.714702517072809229e+01 9.399043079119603656e-05
9.000000000000000222e-01 3.574366650541741564e+01 1.279215000030179631e-04
9.000000000000000222e-01 4.706260399493465485e+01 1.878245313732151869e-04
9.000000000000000222e-01 6.196590644802326153e+01 2.914793943849347904e-04
9.000000000000000222e-01 8.158863377679753626e+01 4.690078698166234763e-04
9.000000000000000222e-01 1.074252850177863792e+02 7.651716164673187442e-04
9.000000000000000222e-01 1.117407218516120935e+02 8.209893724256459285e-04
9.000000000000000222e-01 1.277855434508179258e+02 1.038937318949541017e-03
9.000000000000000222e-01 1.414436218251088064e+02 1.234933398860473203e-03
9.000000000000000222e-01 1.438303650500237723e+02 1.270102931871730772e-03
9.000000000000000222e-01 1.598751866492296188e+02 1.507483906118972606e-03
9.000000000000000222e-01 1.759200082484354652e+02 1.745959952058752634e-03
9.000000000000000222e-01 1.862345364193535886e+02 1.894291898420943964e-03
9.000000000000000222e-01 1.919648298476412833e+02 1.974032918097854382e-03
9.000000000000000222e-01 2.080096514468471298e+02 2.185519087666097822e-03
9.000000000000000222e-01 2.240544730460529763e+02 2.376914472165658505e-03
9.000000000000000222e-01 2.400992946452587944e+02 2.535963492770109025e-03
9.000000000000000222e-01 2.561441162444646693e+02 2.664732590346361157e-03
9.000000000000000222e-01 2.721889378436704874e+02 2.751962008109260817e-03
9.000000000000000222e-01 2.882337594428763055e+02 2.803042312764945834e-03
9.000000000000000222e-01 3.042785810420821804e+02 2.810427359337451178e-03
9.000000000000000222e-01 3.203234026412879984e+02 2.783211871271303647e-03
9.000000000000000222e-01 3.363682242404938165e+02 2.716222927438330034e-03
9.000000000000000222e-01 3.524130458396996914e+02 2.617111966116511101e-03
9.000000000000000222e-01 3.684578674389055095e+02 2.486162196629896487e-03
9.000000000000000222e-01 3.845026890381113276e+02 2.335336959666914434e-03
9.000000000000000222e-01 4.005475106373172025e+02 2.164025194908917107e-03
9.000000000000000222e-01 4.165923322365230206e+02 1.982305236725516104e-03
9.000000000000000222e-01 4.326371538357288955e+02 1.791951772406343490e-03
9.000000000000000222e-01 4.486819754349347136e+02 1.599401849425904692e-03
9.000000000000000222e-01 4.647267970341405317e+02 1.409682305215169754e-03
9.000000000000000222e-01 4.807716186333464066e+02 1.227712145828799067e-03
9.000000000000000222e-01 4.968164402325522246e+02 1.057274273727324635e-03
9.000000000000000222e-01 5.128612618317580427e+02 8.973980893309818369e-04
9.000000000000000222e-01 5.289060834309639176e+02 7.528194478141234059e-04
9.000000000000000222e-01 5.449509050301697926e+02 6.233654226825809585e-04
9.000000000000000222e-01 5.609957266293755538e+02 5.090408607107348811e-04
9.000000000000000222e-01 5.770405482285814287e+02 4.100879426264873425e-04
9.000000000000000222e-01 5.930853698277873036e+02 3.255467405411673586e-04
9.000000000000000222e-01 6.091301914269931785e+02 2.540622953245963694e-04
9.000000000000000222e-01 6.251750130261989398e+02 1.946566345110301716e-04
9.000000000000000222e-01 6.412198346254048147e+02 1.459298691347429811e-04
9.000000000000000222e-01 6.572646562246105759e+02 1.067324188677536134e-04
9.000000000000000222e-01 6.733094778238164508e+02 7.517616239543390571e-05
9.000000000000000222e-01 6.893542994230223258e+02 5.033303788226941141e-05
9.000000000000000222e-01 7.053991210222280870e+02 3.088428259845106013e-05
9.000000000000000222e-01 7.214439426214339619e+02 1.582214291906933223e-05
9.000000000000000222e-01 7.374887642206398368e+02 4.407963627221433326e-06
9.000000000000000222e-01 7.449381456774140133e+02 0.000000000000000000e+00
1.000000000000000000e+00 1.000000000000000000e+00 1.723479849717838718e-04
1.000000000000000000e+00 1.316707331550553750e+00 1.354847886897239141e-04
1.000000000000000000e+00 1.733718196958979663e+00 1.098981661486011271e-04
1.000000000000000000e+00 2.282799460778495160e+00 9.176098874846263728e-05
1.000000000000000000e+00 3.005778786466695163e+00 8.278161285968976065e-05
1.000000000000000000e+00 3.957730965159823810e+00 7.212436667336638227e-05
1.000000000000000000e+00 5.211173378130588674e+00 6.355197076509479020e-05
1.000000000000000000e+00 6.861590192965612012e+00 5.946186920206603441e-05
1.000000000000000000e+00 9.034706113173198716e+00 5.606012107928588843e-05
1.000000000000000000e+00 1.189606377761975509e+01 5.699448402652217447e-05
1.000000000000000000e+00 1.566363439258491042e+01 6.085756214761474337e-05
1.000000000000000000e+00 2.062442224344395925e+01 7.112443145653666839e-05
1.000000000000000000e+00 2.715632797693697142e+01 8.980428509285994659e-05
1.000000000000000000e+00 3.575693614522431574e+01 1.244573101494844821e-04
1.000000000000000000e+00 4.708141997620186459e+01 1.847025556904949154e-04
1.000000000000000000e+00 6.199245086247569958e+01 2.888904621682830622e-04
1.000000000000000000e+00 8.162591455140918129e+01 4.681502606578168049e-04
1.000000000000000000e+00 1.074774401343594548e+02 7.679270513571422345e-04
1.000000000000000000e+00 1.118013562341050289e+02 8.240729042110401560e-04
1.000000000000000000e+00 1.278548843087457527e+02 1.045335670094371368e-03
1.000000000000000000e+00 1.415163334011967891e+02 1.244003134093788843e-03
1.000000000000000000e+00 1.439084123833864624e+02 1.280215105067801593e-03
1.000000000000000000e+00 1.599619404580271862e+02 1.520309671972870647e-03
1.000000000000000000e+00 1.760154685326679100e+02 1.762239239987005825e-03
1.000000000000000000e+00 1.863355937235084525e+02 1.912290318111315585e-03
1.000000000000000000e+00 1.920689966073086339e+02 1.994630003769133283e-03
1.000000000000000000e+00 2.081225246819493577e+02 2.211737396928270712e-03
1.000000000000000000e+00 2.241760527565900816e+02 2.405486003934943166e-03
1.000000000000000000e+00 2.402295808312308054e+02 2.568197361946819232e-03
1.000000000000000000e+00 2.562831089058715293e+02 2.696638793101562188e-03
1.000000000000000000e+00 2.723366369805122531e+02 2.787917202099168563e-03
1.000000000000000000e+00 2.883901650551529769e+02 2.837570349341552410e-03
1.000000000000000000e+00 3.044436931297937008e+02 2.849228638450107109e-03
1.000000000000000000e+00 3.204972212044344246e+02 2.818728001404059540e-03
1.000000000000000000e+00 3.365507492790751485e+02 2.753305789109156652e-03
1.000000000000000000e+00 3.526042773537158723e+02 2.650757291886097870e-03
1.000000000000000000e+00 3.686578054283565962e+02 2.518795647733773624e-03
1.000000000000000000e+00 3.847113335029973200e+02 2.364809763290646669e-03
1.000000000000000000e+00 4.007648615776380439e+02 2.194070384053589933e-03
1.000000000000000000e+00 4.168183896522787677e+02 2.007712693632267981e-03
1.000000000000000000e+00 4.328719177269194915e+02 1.815467302769900810e-03
1.000000000000000000e+00 4.489254458015602154e+02 1.620766287512090788e-03
1.000000000000000000e+00 4.649789738762009392e+02 1.428596146904975673e-03
1.000000000000000000e+00 4.810325019508416631e+02 1.243935917935163693e-03
1.000000000000000000e+00 4.970860300254823869e+02 1.070566238274809397e-03
1.000000000000000000e+00 5.131395581001231676e+02 9.071454103146995782e-04
1.000000000000000000e+00 5.291930861747638346e+02 7.608440494835223096e-04
1.000000000000000000e+00 5.452466142494046153e+02 6.294324370285865784e-04
1.000000000000000000e+00 5.613001423240452823e+02 5.162291811725397460e-04
1.000000000000000000e+00 5.773536703986860630e+02 4.144817527802703745e-04
1.000000000000000000e+00 5.934071984733267300e+02 3.302695144194386923e-04
1.000000000000000000e+00 6.094607265479675107e+02 2.562778191845180298e-04
1.000000000000000000e+00 6.255142546226081777e+02 1.963207456265838224e-04
1.000000000000000000e+00 6.415677826972489584e+02 1.454836684667106580e-04
1.000000000000000000e+00 6.576213107718896254e+02 1.078455712583662623e-04
1.000000000000000000e+00 6.736748388465302924e+02 7.466139587410412304e-05
1.000000000000000000e+00 6.897283669211710730e+02 5.181225329021829228e-05
1.000000000000000000e+00 7.057818949958118537e+02 3.237444416979403582e-05
1.000000000000000000e+00 7.218354230704525207e+02 1.596639398355094921e-05
1.000000000000000000e+00 7.378889511450931877e+02 4.111893159738809910e-06
1.000000000000000000e+00 7.453423748940335827e+02 0.000000000000000000e+00
