# mx [GeV]: 1000.0
# sigma_p [cm^2]: 6.3095734448e-30
# depth [m]: 0.3
# loc: MPI
# Columns: gamma/pi, v [km/s], f(v, gamma) [s/km]
0.000000000000000000e+00 1.000000000000000000e+00 2.277629546170990144e-03
0.000000000000000000e+00 1.234903774767443618e+00 2.186407230552659450e-03
0.000000000000000000e+00 1.524987332934881312e+00 2.017521600193584053e-03
0.000000000000000000e+00 1.883212613913821221e+00 1.759907979519945848e-03
0.000000000000000000e+00 2.325586365611842510e+00 1.495953155971304835e-03
0.000000000000000000e+00 2.871875381441764574e+00 1.260743541758708574e-03
0.000000000000000000e+00 3.546489749204127406e+00 1.076734040316179846e-03
0.000000000000000000e+00 4.379573578466221306e+00 1.018574549278096269e-03
0.000000000000000000e+00 5.408351943919698535e+00 9.117142973671860974e-04
0.000000000000000000e+00 6.678794230817277189e+00 7.759536768445389823e-04
0.000000000000000000e+00 8.247668206531281854e+00 7.571146355817787513e-04
0.000000000000000000e+00 1.018507660127490944e+01 6.915613790895585060e-04
0.000000000000000000e+00 1.257758954120995476e+01 6.655086972586642027e-04
0.000000000000000000e+00 1.553211280191569621e+01 6.294065132571580179e-04
0.000000000000000000e+00 1.918066472919942456e+01 5.915631189267343739e-04
0.000000000000000000e+00 2.368627527663713295e+01 5.749159814747319521e-04
0.000000000000000000e+00 2.925027074929997895e+01 5.482743206396623525e-04
0.000000000000000000e+00 3.305068730128573407e+01 5.425591106548529772e-04
0.000000000000000000e+00 3.612126976128029554e+01 5.406810585622716728e-04
0.000000000000000000e+00 3.779642701634215030e+01 5.344667530012237001e-04
0.000000000000000000e+00 4.254216673139855942e+01 5.110695170631218741e-04
0.000000000000000000e+00 4.460629237759814458e+01 5.069243096846339077e-04
0.000000000000000000e+00 4.728790644645496855e+01 5.009240798580354712e-04
0.000000000000000000e+00 5.203364616151138478e+01 4.867215240849804008e-04
0.000000000000000000e+00 5.508447883547621871e+01 4.651626430876108081e-04
0.000000000000000000e+00 5.677938587656780101e+01 4.596578485291828785e-04
0.000000000000000000e+00 6.152512559162421013e+01 4.453949600771018561e-04
0.000000000000000000e+00 6.627086530668061926e+01 4.281531330452960989e-04
0.000000000000000000e+00 7.101660502173703549e+01 4.084617019550020912e-04
0.000000000000000000e+00 7.576234473679345172e+01 3.808653092208327839e-04
0.000000000000000000e+00 8.050808445184986795e+01 3.619220129660449402e-04
0.000000000000000000e+00 8.525382416690626997e+01 3.411460526273100242e-04
0.000000000000000000e+00 8.999956388196268620e+01 3.210293894236019999e-04
0.000000000000000000e+00 9.474530359701910243e+01 2.936664636572748361e-04
0.000000000000000000e+00 9.949104331207550445e+01 2.768404345255238920e-04
0.000000000000000000e+00 1.042367830271319207e+02 2.567737513291245828e-04
0.000000000000000000e+00 1.089825227421883369e+02 2.400182447152596579e-04
0.000000000000000000e+00 1.137282624572447531e+02 2.167517579428941286e-04
0.000000000000000000e+00 1.184740021723011694e+02 2.004622986586337052e-04
0.000000000000000000e+00 1.232197418873575714e+02 1.850261708102982788e-04
0.000000000000000000e+00 1.279654816024139876e+02 1.708954808452213157e-04
0.000000000000000000e+00 1.327112213174704038e+02 1.552714889344011156e-04
0.000000000000000000e+00 1.374569610325268059e+02 1.402555851407333298e-04
0.000000000000000000e+00 1.422027007475832079e+02 1.287199093912545593e-04
0.000000000000000000e+00 1.469484404626396383e+02 1.161270841133367737e-04
0.000000000000000000e+00 1.516941801776960688e+02 1.060890859162409391e-04
0.000000000000000000e+00 1.564399198927524708e+02 9.411389622691525715e-05
0.000000000000000000e+00 1.611856596078088728e+02 8.585930233584236182e-05
0.000000000000000000e+00 1.659313993228652748e+02 7.818737710707853057e-05
0.000000000000000000e+00 1.706771390379217053e+02 6.838770454032762976e-05
0.000000000000000000e+00 1.754228787529781073e+02 5.962829728688134304e-05
0.000000000000000000e+00 1.801686184680345377e+02 5.425297155619532600e-05
0.000000000000000000e+00 1.849143581830909397e+02 4.777760712351554435e-05
0.000000000000000000e+00 1.896600978981473418e+02 4.037518696074871385e-05
0.000000000000000000e+00 1.944058376132037722e+02 3.755719326414696136e-05
0.000000000000000000e+00 1.991515773282601742e+02 3.169416937021404628e-05
0.000000000000000000e+00 2.038973170433166047e+02 2.719023969035449761e-05
0.000000000000000000e+00 2.086430567583730067e+02 2.172110980290510135e-05
0.000000000000000000e+00 2.133887964734294087e+02 1.750885502046976879e-05
0.000000000000000000e+00 2.181345361884858391e+02 1.109359600339162397e-05
0.000000000000000000e+00 2.203379153419049032e+02 0.000000000000000000e+00
1.000000000000000056e-01 1.000000000000000000e+00 2.503892283663566778e-03
1.000000000000000056e-01 1.243155776108005650e+00 2.428846207228708282e-03
1.000000000000000056e-01 1.545436283670697630e+00 2.224874540208120373e-03
1.000000000000000056e-01 1.921218042652117930e+00 1.961654670686614060e-03
1.000000000000000056e-01 2.388373306885897218e+00 1.672288280351905609e-03
1.000000000000000056e-01 2.969120071957381146e+00 1.368281914794905680e-03
1.000000000000000056e-01 3.691078767412035333e+00 1.181513813431550337e-03
1.000000000000000056e-01 4.588585889777889726e+00 1.117818758142991552e-03
1.000000000000000056e-01 5.704327053045075147e+00 9.883413372343647849e-04
1.000000000000000056e-01 7.091367124802141930e+00 8.852131229866559443e-04
1.000000000000000056e-01 8.815674001700203988e+00 8.233818620214859675e-04
1.000000000000000056e-01 1.095925605549878412e+01 7.723413232248191535e-04
1.000000000000000056e-01 1.362406246723994840e+01 7.229266430049636561e-04
1.000000000000000056e-01 1.693683195020562593e+01 6.756812721755718187e-04
1.000000000000000056e-01 2.105512046786875047e+01 6.424090313389640115e-04
1.000000000000000056e-01 2.617479462628092790e+01 6.195684296955094542e-04
1.000000000000000056e-01 3.253934712810191598e+01 5.948232601821620228e-04
1.000000000000000056e-01 3.750910847917786839e+01 5.816532960247878083e-04
1.000000000000000056e-01 4.045147733308333216e+01 5.739837914048208237e-04
1.000000000000000056e-01 4.289503174798289820e+01 5.675586051043258204e-04
1.000000000000000056e-01 4.828095501678792090e+01 5.468396052880192780e-04
1.000000000000000056e-01 5.028748769872460400e+01 5.402484475784388382e-04
1.000000000000000056e-01 5.366687828559295070e+01 5.300804002370864678e-04
1.000000000000000056e-01 5.905280155439797340e+01 5.089590553988844988e-04
1.000000000000000056e-01 6.251518079862979249e+01 4.958100534755917506e-04
1.000000000000000056e-01 6.443872482320300321e+01 4.853145120843762412e-04
1.000000000000000056e-01 6.982464809200803302e+01 4.593020390678800358e-04
1.000000000000000056e-01 7.521057136081304861e+01 4.358326745303736519e-04
1.000000000000000056e-01 8.059649462961809263e+01 4.087351575858917327e-04
1.000000000000000056e-01 8.598241789842310823e+01 3.840069831770597810e-04
1.000000000000000056e-01 9.136834116722813803e+01 3.579142684141424502e-04
1.000000000000000056e-01 9.675426443603316784e+01 3.312299161224799564e-04
1.000000000000000056e-01 1.021401877048381976e+02 3.067556323369111039e-04
1.000000000000000056e-01 1.075261109736432275e+02 2.831718836372381721e-04
1.000000000000000056e-01 1.129120342424482430e+02 2.601683792664152232e-04
1.000000000000000056e-01 1.182979575112532729e+02 2.363508642759512069e-04
1.000000000000000056e-01 1.236838807800583027e+02 2.163760389407884768e-04
1.000000000000000056e-01 1.290698040488633183e+02 1.971071213231144459e-04
1.000000000000000056e-01 1.344557273176683623e+02 1.789310300469957736e-04
1.000000000000000056e-01 1.398416505864733779e+02 1.620279132045605538e-04
1.000000000000000056e-01 1.452275738552784219e+02 1.451868092264219307e-04
1.000000000000000056e-01 1.506134971240834375e+02 1.310888408770074446e-04
1.000000000000000056e-01 1.559994203928884531e+02 1.178749126672688573e-04
1.000000000000000056e-01 1.613853436616934971e+02 1.048482410380273703e-04
1.000000000000000056e-01 1.667712669304985411e+02 9.349882245662842831e-05
1.000000000000000056e-01 1.721571901993035567e+02 8.310730219195588226e-05
1.000000000000000056e-01 1.775431134681085723e+02 7.344367769233799191e-05
1.000000000000000056e-01 1.829290367369135879e+02 6.481747840983496760e-05
1.000000000000000056e-01 1.883149600057186035e+02 5.663184331431223565e-05
1.000000000000000056e-01 1.937008832745236759e+02 4.927371715417855190e-05
1.000000000000000056e-01 1.990868065433286915e+02 4.255934070842135226e-05
1.000000000000000056e-01 2.044727298121337071e+02 3.607266089411955790e-05
1.000000000000000056e-01 2.098586530809387227e+02 3.010637945982644453e-05
1.000000000000000056e-01 2.152445763497437383e+02 2.426238765998245256e-05
1.000000000000000056e-01 2.206304996185488108e+02 1.915432090280409891e-05
1.000000000000000056e-01 2.260164228873538264e+02 1.455562946988490304e-05
1.000000000000000056e-01 2.314023461561588419e+02 1.053846961168619745e-05
1.000000000000000056e-01 2.367882694249638575e+02 6.931314285334478983e-06
1.000000000000000056e-01 2.421741926937688731e+02 3.833247124839605573e-06
1.000000000000000056e-01 2.475601159625739456e+02 1.142475509598207131e-06
1.000000000000000056e-01 2.500607231945191415e+02 0.000000000000000000e+00
2.000000000000000111e-01 1.000000000000000000e+00 3.853280283060426387e-03
2.000000000000000111e-01 1.254889406835884680e+00 3.193515451001049509e-03
2.000000000000000111e-01 1.574747423388918488e+00 2.995116879512155304e-03
2.000000000000000111e-01 1.976133860052857516e+00 2.702835417092650135e-03
2.000000000000000111e-01 2.479829447470037529e+00 2.280849857113642371e-03
2.000000000000000111e-01 3.111911704389835442e+00 1.860166920213317341e-03
2.000000000000000111e-01 3.905105032847406843e+00 1.614589842974416874e-03
2.000000000000000111e-01 4.900474938301710992e+00 1.467217995035747635e-03
2.000000000000000111e-01 6.149554088539552765e+00 1.299746968968897368e-03
2.000000000000000111e-01 7.717010282472588578e+00 1.156701340903036699e-03
2.000000000000000111e-01 9.683994455918449873e+00 1.063483988610666254e-03
2.000000000000000111e-01 1.215234205858950034e+01 9.993644299178263638e-04
2.000000000000000111e-01 1.524984531757014850e+01 9.234189194216916273e-04
2.000000000000000111e-01 1.913686934490460345e+01 8.681604619293778686e-04
2.000000000000000111e-01 2.401465462092315661e+01 8.173125403226188385e-04
2.000000000000000111e-01 3.013573569261890484e+01 7.899068874404247985e-04
2.000000000000000111e-01 3.781701548787352607e+01 7.573700554412228416e-04
2.000000000000000111e-01 4.483889087503811766e+01 7.354830181021454255e-04
2.000000000000000111e-01 4.745617213388106137e+01 7.259952268565333456e-04
2.000000000000000111e-01 5.127729571863333291e+01 7.118873955405796965e-04
2.000000000000000111e-01 5.771570056222854816e+01 6.824621702740306601e-04
2.000000000000000111e-01 5.955224769978766375e+01 6.749666436508224617e-04
2.000000000000000111e-01 6.415410540582377052e+01 6.562309489971257254e-04
2.000000000000000111e-01 7.059251024941897867e+01 6.246412346976227712e-04
2.000000000000000111e-01 7.473148479173021030e+01 6.034926721656349614e-04
2.000000000000000111e-01 7.703091509301420103e+01 5.889000301708589239e-04
2.000000000000000111e-01 8.346931993660942339e+01 5.534711864209815573e-04
2.000000000000000111e-01 8.990772478020463154e+01 5.184324370744492101e-04
2.000000000000000111e-01 9.634612962379983969e+01 4.835175898118323893e-04
2.000000000000000111e-01 1.027845344673950621e+02 4.453785489660346485e-04
2.000000000000000111e-01 1.092229393109902844e+02 4.105288106993365571e-04
2.000000000000000111e-01 1.156613441545854926e+02 3.769887657177697655e-04
2.000000000000000111e-01 1.220997489981807149e+02 3.437780168223848894e-04
2.000000000000000111e-01 1.285381538417759089e+02 3.130283608437459683e-04
2.000000000000000111e-01 1.349765586853711454e+02 2.843255226665613298e-04
2.000000000000000111e-01 1.414149635289663536e+02 2.555111453774604365e-04
2.000000000000000111e-01 1.478533683725615901e+02 2.289797971312527742e-04
2.000000000000000111e-01 1.542917732161567983e+02 2.056693673513100551e-04
2.000000000000000111e-01 1.607301780597520064e+02 1.844476212625085511e-04
2.000000000000000111e-01 1.671685829033472146e+02 1.638306589862763090e-04
2.000000000000000111e-01 1.736069877469424512e+02 1.453406236406014958e-04
2.000000000000000111e-01 1.800453925905376593e+02 1.282782560700005520e-04
2.000000000000000111e-01 1.864837974341328675e+02 1.132018282887537630e-04
2.000000000000000111e-01 1.929222022777280756e+02 9.983696074097646387e-05
2.000000000000000111e-01 1.993606071213233122e+02 8.705925399544322965e-05
2.000000000000000111e-01 2.057990119649185203e+02 7.550430368740917802e-05
2.000000000000000111e-01 2.122374168085137285e+02 6.537130463539654731e-05
2.000000000000000111e-01 2.186758216521089651e+02 5.614342103386529809e-05
2.000000000000000111e-01 2.251142264957041732e+02 4.790793120172001613e-05
2.000000000000000111e-01 2.315526313392993814e+02 4.054200426112042018e-05
2.000000000000000111e-01 2.379910361828945895e+02 3.384875530201483248e-05
2.000000000000000111e-01 2.444294410264898261e+02 2.834122501133647622e-05
2.000000000000000111e-01 2.508678458700850342e+02 2.318158338374101457e-05
2.000000000000000111e-01 2.573062507136802424e+02 1.866657194987404221e-05
2.000000000000000111e-01 2.637446555572754505e+02 1.467536137965258966e-05
2.000000000000000111e-01 2.701830604008706587e+02 1.117742071354142090e-05
2.000000000000000111e-01 2.766214652444658668e+02 8.103936249641921507e-06
2.000000000000000111e-01 2.830598700880610750e+02 5.382918478146122567e-06
2.000000000000000111e-01 2.894982749316563400e+02 2.985443412843746214e-06
2.000000000000000111e-01 2.959366797752515481e+02 9.179011366207241918e-07
2.000000000000000111e-01 2.989259391669207844e+02 0.000000000000000000e+00
3.000000000000000444e-01 1.000000000000000000e+00 6.024497970749310115e-03
3.000000000000000444e-01 1.267622430656828225e+00 4.804323339439603262e-03
3.000000000000000444e-01 1.606866626704325451e+00 4.328528118498746295e-03
3.000000000000000444e-01 2.036900179084275564e+00 3.988673688847583880e-03
3.000000000000000444e-01 2.582020356016138329e+00 3.405829919999545704e-03
3.000000000000000444e-01 3.273026919698586834e+00 2.727397788851871306e-03
3.000000000000000444e-01 4.148962339553553313e+00 2.324905568002893792e-03
3.000000000000000444e-01 5.259317725568516622e+00 2.100792659305975463e-03
3.000000000000000444e-01 6.666829118881705263e+00 1.854606849017473909e-03
3.000000000000000444e-01 8.451022132450550117e+00 1.632885836709315700e-03
3.000000000000000444e-01 1.071270521707161905e+01 1.499014997092204060e-03
3.000000000000000444e-01 1.357966542617440808e+01 1.401970975452032078e-03
3.000000000000000444e-01 1.721388849503369656e+01 1.294759613745031287e-03
3.000000000000000444e-01 2.182071117513023140e+01 1.213072614886890254e-03
3.000000000000000444e-01 2.766042293847919709e+01 1.149407574411401116e-03
3.000000000000000444e-01 3.506297255827089998e+01 1.105654609447185611e-03
3.000000000000000444e-01 4.444661050036901884e+01 1.064122063113815200e-03
3.000000000000000444e-01 5.431998533273441865e+01 1.027593376827246096e-03
3.000000000000000444e-01 5.634152043693507750e+01 1.018501390100094803e-03
3.000000000000000444e-01 6.211977809846038667e+01 9.939606032358066882e-04
3.000000000000000444e-01 6.991957086418635470e+01 9.521466145422605729e-04
3.000000000000000444e-01 7.141977508316902856e+01 9.435875324840408730e-04
3.000000000000000444e-01 7.771936362991232272e+01 9.051427416361470819e-04
3.000000000000000444e-01 8.551915639563829075e+01 8.652747310923549189e-04
3.000000000000000444e-01 9.053330888789069775e+01 8.320078859333867151e-04
3.000000000000000444e-01 9.331894916136425877e+01 8.125947481029833488e-04
3.000000000000000444e-01 1.011187419270902268e+02 7.607016140973981702e-04
3.000000000000000444e-01 1.089185346928161948e+02 7.039508004108780467e-04
3.000000000000000444e-01 1.167183274585421628e+02 6.515524471468009350e-04
3.000000000000000444e-01 1.245181202242681309e+02 5.937233971871178247e-04
3.000000000000000444e-01 1.323179129899941131e+02 5.440361399988558446e-04
3.000000000000000444e-01 1.401177057557200669e+02 4.929167717041594860e-04
3.000000000000000444e-01 1.479174985214460207e+02 4.460071434038634917e-04
3.000000000000000444e-01 1.557172912871720030e+02 4.034009734104778669e-04
3.000000000000000444e-01 1.635170840528979852e+02 3.592546234124645407e-04
3.000000000000000444e-01 1.713168768186239390e+02 3.215966404777247318e-04
3.000000000000000444e-01 1.791166695843498928e+02 2.865014399913853264e-04
3.000000000000000444e-01 1.869164623500758466e+02 2.538318696713768945e-04
3.000000000000000444e-01 1.947162551158018573e+02 2.251325712164316435e-04
3.000000000000000444e-01 2.025160478815278111e+02 1.976245451876464424e-04
3.000000000000000444e-01 2.103158406472537649e+02 1.733456528582100805e-04
3.000000000000000444e-01 2.181156334129797187e+02 1.518220444644238125e-04
3.000000000000000444e-01 2.259154261787057294e+02 1.315176253925223770e-04
3.000000000000000444e-01 2.337152189444316832e+02 1.150445696963956946e-04
3.000000000000000444e-01 2.415150117101576370e+02 9.976202783136677997e-05
3.000000000000000444e-01 2.493148044758835908e+02 8.576902349151468063e-05
3.000000000000000444e-01 2.571145972416096015e+02 7.367871347045771690e-05
3.000000000000000444e-01 2.649143900073355553e+02 6.244638502335542033e-05
3.000000000000000444e-01 2.727141827730615091e+02 5.309818217887085791e-05
3.000000000000000444e-01 2.805139755387874629e+02 4.450868608410830961e-05
3.000000000000000444e-01 2.883137683045134736e+02 3.731315892734739047e-05
3.000000000000000444e-01 2.961135610702394274e+02 3.070207066083882543e-05
3.000000000000000444e-01 3.039133538359653812e+02 2.508083263950878388e-05
3.000000000000000444e-01 3.117131466016913350e+02 2.002890283476256990e-05
3.000000000000000444e-01 3.195129393674172888e+02 1.568816019218498650e-05
3.000000000000000444e-01 3.273127321331432995e+02 1.182354493096334804e-05
3.000000000000000444e-01 3.351125248988692533e+02 8.567642895043844326e-06
3.000000000000000444e-01 3.429123176645952071e+02 5.582873958445429349e-06
3.000000000000000444e-01 3.507121104303212178e+02 3.039573183016495019e-06
3.000000000000000444e-01 3.585119031960471716e+02 9.208798088715503851e-07
3.000000000000000444e-01 3.621332355515627910e+02 0.000000000000000000e+00
4.000000000000000222e-01 1.000000000000000000e+00 8.794479797867208945e-03
4.000000000000000222e-01 1.279234676448383512e+00 6.711809314204169631e-03
4.000000000000000222e-01 1.636441357428000787e+00 5.933546795011992482e-03
4.000000000000000222e-01 2.093392530396162243e+00 5.543121533421647811e-03
4.000000000000000222e-01 2.677940316300797541e+00 4.796816038831697160e-03
4.000000000000000222e-01 3.425714114071132688e+00 3.781945511965266286e-03
4.000000000000000222e-01 4.382292286318446806e+00 3.185483369015948245e-03
4.000000000000000222e-01 5.605980254990825529e+00 2.896139185214156777e-03
4.000000000000000222e-01 7.171364337669215772e+00 2.532530938900517080e-03
4.000000000000000222e-01 9.173857938191757100e+00 2.226831275240051967e-03
4.000000000000000222e-01 1.173551719134616711e+01 2.051965276187436415e-03
4.000000000000000222e-01 1.501248053722615872e+01 1.921342430520155261e-03
4.000000000000000222e-01 1.920448568272616185e+01 1.772806417426057947e-03
4.000000000000000222e-01 2.456704402869982218e+01 1.670159786003481322e-03
4.000000000000000222e-01 3.142701461934699836e+01 1.595232023216575611e-03
4.000000000000000222e-01 4.020252687831898442e+01 1.550995417156862547e-03
4.000000000000000222e-01 5.142846646359383556e+01 1.513596389195802621e-03
4.000000000000000222e-01 6.459598052677007729e+01 1.475811034136307546e-03
4.000000000000000222e-01 6.578907765679201702e+01 1.468453961525014980e-03
4.000000000000000222e-01 7.387130080753706807e+01 1.438720687602136790e-03
4.000000000000000222e-01 8.314662108830404463e+01 1.386917661852578483e-03
4.000000000000000222e-01 8.415966947012391586e+01 1.381045267456537402e-03
4.000000000000000222e-01 9.242194136907103541e+01 1.328637009060928574e-03
4.000000000000000222e-01 1.016972616498380262e+02 1.267219699994089803e-03
4.000000000000000222e-01 1.076599675446168334e+02 1.218451216842000038e-03
4.000000000000000222e-01 1.109725819306050028e+02 1.194361339635096643e-03
4.000000000000000222e-01 1.202479022113719935e+02 1.109476676644657487e-03
4.000000000000000222e-01 1.295232224921389843e+02 1.039152759631691535e-03
4.000000000000000222e-01 1.387985427729059609e+02 9.546326858281530209e-04
4.000000000000000222e-01 1.480738630536729374e+02 8.717068431653117455e-04
4.000000000000000222e-01 1.573491833344399424e+02 7.945946217178757789e-04
4.000000000000000222e-01 1.666245036152069190e+02 7.197153920666664621e-04
4.000000000000000222e-01 1.758998238959738956e+02 6.464076838025332528e-04
4.000000000000000222e-01 1.851751441767409005e+02 5.857096279653420650e-04
4.000000000000000222e-01 1.944504644575078487e+02 5.196560097837047299e-04
4.000000000000000222e-01 2.037257847382748537e+02 4.625092563642855398e-04
4.000000000000000222e-01 2.130011050190418587e+02 4.082728792914650483e-04
4.000000000000000222e-01 2.222764252998088068e+02 3.637510015601630171e-04
4.000000000000000222e-01 2.315517455805758118e+02 3.171030030303102179e-04
4.000000000000000222e-01 2.408270658613428168e+02 2.800128224104216665e-04
4.000000000000000222e-01 2.501023861421097649e+02 2.434155996374441633e-04
4.000000000000000222e-01 2.593777064228767699e+02 2.123744303911333600e-04
4.000000000000000222e-01 2.686530267036437749e+02 1.835411142711545877e-04
4.000000000000000222e-01 2.779283469844107231e+02 1.578356252505224409e-04
4.000000000000000222e-01 2.872036672651777280e+02 1.364456515216676291e-04
4.000000000000000222e-01 2.964789875459447330e+02 1.167502566942388005e-04
4.000000000000000222e-01 3.057543078267116812e+02 9.929021691168799933e-05
4.000000000000000222e-01 3.150296281074786862e+02 8.394891781015700709e-05
4.000000000000000222e-01 3.243049483882456343e+02 7.073193412854956140e-05
4.000000000000000222e-01 3.335802686690126393e+02 5.886347240749519765e-05
4.000000000000000222e-01 3.428555889497796443e+02 4.897423250437657352e-05
4.000000000000000222e-01 3.521309092305465924e+02 3.999987921378706933e-05
4.000000000000000222e-01 3.614062295113135974e+02 3.262917527752584660e-05
4.000000000000000222e-01 3.706815497920806024e+02 2.556420739862515088e-05
4.000000000000000222e-01 3.799568700728475505e+02 1.994577849499033464e-05
4.000000000000000222e-01 3.892321903536145555e+02 1.498533444241383289e-05
4.000000000000000222e-01 3.985075106343815605e+02 1.057014588747510156e-05
4.000000000000000222e-01 4.077828309151485087e+02 6.971614721221230417e-06
4.000000000000000222e-01 4.170581511959155137e+02 3.783957075764193483e-06
4.000000000000000222e-01 4.263334714766825186e+02 1.133431782218410950e-06
4.000000000000000222e-01 4.306398701784672198e+02 0.000000000000000000e+00
5.000000000000000000e-01 1.000000000000000000e+00 1.061240350190799375e-02
5.000000000000000000e-01 1.288553725713272202e+00 7.938442029887389853e-03
5.000000000000000000e-01 1.660370704049554558e+00 6.971783463449271641e-03
5.000000000000000000e-01 2.139476856768222301e+00 6.558389781367713993e-03
5.000000000000000000e-01 2.756830874866013747e+00 5.688241457043439683e-03
5.000000000000000000e-01 3.552324694969981156e+00 4.438044637890309514e-03
5.000000000000000000e-01 4.577361220646833040e+00 3.766198745119176978e-03
5.000000000000000000e-01 5.898175854799927897e+00 3.440570811755683071e-03
5.000000000000000000e-01 7.600116472614510066e+00 2.982824189888759036e-03
5.000000000000000000e-01 9.793158396642239083e+00 2.648267531150699100e-03
5.000000000000000000e-01 1.261901073849356969e+01 2.468876781676720370e-03
5.000000000000000000e-01 1.626027330190168385e+01 2.312154338021309152e-03
5.000000000000000000e-01 2.095223574428146662e+01 2.152764152921848081e-03
5.000000000000000000e-01 2.699808143031667029e+01 2.055403420760235599e-03
5.000000000000000000e-01 3.478847841414486197e+01 1.998175591580342043e-03
5.000000000000000000e-01 4.482682347244208643e+01 1.986167225446758972e-03
5.000000000000000000e-01 5.776177039730642093e+01 1.995959681619773919e-03
5.000000000000000000e-01 7.414798258259814645e+01 2.000992087344891784e-03
5.000000000000000000e-01 7.442914444924379325e+01 2.004763593310392254e-03
5.000000000000000000e-01 8.479487238933018034e+01 1.983029823784970662e-03
5.000000000000000000e-01 9.544176219606222844e+01 1.947255631467091673e-03
5.000000000000000000e-01 9.590595138172437828e+01 1.951999832390765525e-03
5.000000000000000000e-01 1.060886520027942765e+02 1.885163126586877512e-03
5.000000000000000000e-01 1.167355418095263104e+02 1.815670524839003552e-03
5.000000000000000000e-01 1.235799709709969108e+02 1.756267906060383346e-03
5.000000000000000000e-01 1.273824316162583443e+02 1.727866059429529000e-03
5.000000000000000000e-01 1.380293214229903924e+02 1.626512483538908880e-03
5.000000000000000000e-01 1.486762112297224121e+02 1.527080035406368479e-03
5.000000000000000000e-01 1.593231010364544886e+02 1.408100566005689169e-03
5.000000000000000000e-01 1.699699908431865083e+02 1.304598340131029157e-03
5.000000000000000000e-01 1.806168806499185564e+02 1.189390281173511796e-03
5.000000000000000000e-01 1.912637704566506045e+02 1.084064641654908711e-03
5.000000000000000000e-01 2.019106602633826242e+02 9.770505227331173492e-04
5.000000000000000000e-01 2.125575500701147007e+02 8.828505626019252442e-04
5.000000000000000000e-01 2.232044398768467204e+02 7.859578796990889611e-04
5.000000000000000000e-01 2.338513296835787401e+02 7.026027066931678309e-04
5.000000000000000000e-01 2.444982194903108166e+02 6.210647681976855326e-04
5.000000000000000000e-01 2.551451092970428363e+02 5.492561845092082872e-04
5.000000000000000000e-01 2.657919991037749128e+02 4.829203037748576086e-04
5.000000000000000000e-01 2.764388889105069325e+02 4.243285572275157778e-04
5.000000000000000000e-01 2.870857787172389521e+02 3.695080586747609050e-04
5.000000000000000000e-01 2.977326685239710287e+02 3.189165016915109603e-04
5.000000000000000000e-01 3.083795583307030483e+02 2.775975479724426278e-04
5.000000000000000000e-01 3.190264481374350680e+02 2.373666554746278398e-04
5.000000000000000000e-01 3.296733379441671445e+02 2.046359467946781078e-04
5.000000000000000000e-01 3.403202277508991642e+02 1.736714489219456762e-04
5.000000000000000000e-01 3.509671175576312407e+02 1.465970180804794076e-04
5.000000000000000000e-01 3.616140073643632604e+02 1.239798734935566740e-04
5.000000000000000000e-01 3.722608971710952801e+02 1.032844905935643173e-04
5.000000000000000000e-01 3.829077869778273566e+02 8.538573712005785967e-05
5.000000000000000000e-01 3.935546767845593763e+02 6.980307966468359113e-05
5.000000000000000000e-01 4.042015665912914528e+02 5.662455632845942040e-05
5.000000000000000000e-01 4.148484563980234725e+02 4.509376044700864346e-05
5.000000000000000000e-01 4.254953462047554922e+02 3.560756376573293589e-05
5.000000000000000000e-01 4.361422360114875687e+02 2.705061741608534990e-05
5.000000000000000000e-01 4.467891258182195884e+02 2.025361359176163954e-05
5.000000000000000000e-01 4.574360156249516649e+02 1.409456736191768332e-05
5.000000000000000000e-01 4.680829054316836846e+02 9.127200267975802978e-06
5.000000000000000000e-01 4.787297952384157043e+02 4.893063321776628454e-06
5.000000000000000000e-01 4.893766850451477808e+02 1.473953064900519039e-06
5.000000000000000000e-01 4.943198838839876430e+02 0.000000000000000000e+00
6.000000000000000888e-01 1.000000000000000000e+00 9.991950978961088720e-03
6.000000000000000888e-01 1.295384050617104377e+00 7.537639176290124483e-03
6.000000000000000888e-01 1.678019838593177049e+00 6.695382920403052975e-03
6.000000000000000888e-01 2.173680135532689572e+00 6.281730585007689986e-03
6.000000000000000888e-01 2.815750578712271857e+00 5.371247158376364975e-03
6.000000000000000888e-01 3.647478390179758279e+00 4.184981159561374474e-03
6.000000000000000888e-01 4.724885331609410599e+00 3.644515535474489049e-03
6.000000000000000888e-01 6.120541099561539689e+00 3.323854220459171969e-03
6.000000000000000888e-01 7.928451321518492634e+00 2.876264912860346246e-03
6.000000000000000888e-01 1.027038938798915702e+01 2.607075425304107401e-03
6.000000000000000888e-01 1.330409860682832246e+01 2.461460188518027094e-03
6.000000000000000888e-01 1.723391714312265321e+01 2.317013391454028626e-03
6.000000000000000888e-01 2.232454139685777150e+01 2.197903399335023999e-03
6.000000000000000888e-01 2.891885486283084461e+01 2.142748689997882056e-03
6.000000000000000888e-01 3.746102335142197859e+01 2.146609650627982757e-03
6.000000000000000888e-01 4.852641216922695122e+01 2.204422097206628749e-03
6.000000000000000888e-01 6.286034035768833661e+01 2.311674821232935061e-03
6.000000000000000888e-01 8.142828231571213848e+01 2.424794470799195283e-03
6.000000000000000888e-01 8.198296388899859721e+01 2.424433577925597712e-03
6.000000000000000888e-01 9.375487665254711089e+01 2.463101357247531563e-03
6.000000000000000888e-01 1.054808981809203061e+02 2.472623638008279636e-03
6.000000000000000888e-01 1.055267894160956246e+02 2.470513485723850600e-03
6.000000000000000888e-01 1.172987021796441525e+02 2.446519213807772999e-03
6.000000000000000888e-01 1.290706149431926519e+02 2.388962649110881482e-03
6.000000000000000888e-01 1.366382731483309954e+02 2.344531377033570556e-03
6.000000000000000888e-01 1.408425277067411798e+02 2.304128759329390069e-03
6.000000000000000888e-01 1.526144404702897077e+02 2.215399950450561411e-03
6.000000000000000888e-01 1.643863532338382356e+02 2.109487557386791404e-03
6.000000000000000888e-01 1.761582659973867351e+02 1.962868608232120910e-03
6.000000000000000888e-01 1.879301787609352345e+02 1.838539073012535833e-03
6.000000000000000888e-01 1.997020915244837624e+02 1.690446042314144772e-03
6.000000000000000888e-01 2.114740042880322903e+02 1.547753869126760815e-03
6.000000000000000888e-01 2.232459170515808182e+02 1.408451762987516934e-03
6.000000000000000888e-01 2.350178298151293177e+02 1.279038903898069811e-03
6.000000000000000888e-01 2.467897425786778456e+02 1.156364436259948308e-03
6.000000000000000888e-01 2.585616553422263451e+02 1.030701840481534166e-03
6.000000000000000888e-01 2.703335681057748729e+02 9.162117513755260343e-04
6.000000000000000888e-01 2.821054808693234008e+02 8.156996881344365019e-04
6.000000000000000888e-01 2.938773936328718719e+02 7.175988226870223027e-04
6.000000000000000888e-01 3.056493063964204566e+02 6.285147875604283783e-04
6.000000000000000888e-01 3.174212191599689277e+02 5.492843149175588623e-04
6.000000000000000888e-01 3.291931319235174556e+02 4.768361015729477657e-04
6.000000000000000888e-01 3.409650446870659835e+02 4.102850679412876119e-04
6.000000000000000888e-01 3.527369574506145113e+02 3.524597308018467259e-04
6.000000000000000888e-01 3.645088702141630392e+02 3.002992338693613963e-04
6.000000000000000888e-01 3.762807829777115103e+02 2.551122116413027832e-04
6.000000000000000888e-01 3.880526957412600382e+02 2.146748202342078232e-04
6.000000000000000888e-01 3.998246085048085661e+02 1.785362355566234144e-04
6.000000000000000888e-01 4.115965212683570940e+02 1.477225226740810243e-04
6.000000000000000888e-01 4.233684340319056219e+02 1.222221273230245835e-04
6.000000000000000888e-01 4.351403467954540929e+02 9.909452742077302727e-05
6.000000000000000888e-01 4.469122595590026208e+02 7.933199267466131915e-05
6.000000000000000888e-01 4.586841723225511487e+02 6.267705783054140453e-05
6.000000000000000888e-01 4.704560850860996766e+02 4.872974074731572055e-05
6.000000000000000888e-01 4.822279978496482045e+02 3.688944323111572184e-05
6.000000000000000888e-01 4.939999106131966755e+02 2.722555788609438464e-05
6.000000000000000888e-01 5.057718233767452034e+02 1.861327307130806460e-05
6.000000000000000888e-01 5.175437361402937313e+02 1.206690761617134304e-05
6.000000000000000888e-01 5.293156489038422023e+02 6.408622178847429062e-06
6.000000000000000888e-01 5.410875616673907871e+02 1.800477947759305219e-06
6.000000000000000888e-01 5.465530925933239814e+02 0.000000000000000000e+00
7.000000000000000666e-01 1.000000000000000000e+00 7.566248055068928828e-03
7.000000000000000666e-01 1.300021550764548284e+00 5.917968270727076187e-03
7.000000000000000666e-01 1.690056032452260659e+00 5.371464170541813583e-03
7.000000000000000666e-01 2.197109264187567579e+00 4.961608860375412572e-03
7.000000000000000666e-01 2.856289392828276874e+00 4.119162339347256889e-03
7.000000000000000666e-01 3.713237765896946208e+00 3.275165095934872914e-03
7.000000000000000666e-01 4.827289118778835153e+00 2.938103879225044401e-03
7.000000000000000666e-01 6.275579886183691336e+00 2.653924495333726073e-03
7.000000000000000666e-01 8.158389095583327588e+00 2.324813247918160620e-03
7.000000000000000666e-01 1.060608164378081675e+01 2.158678344920777082e-03
7.000000000000000666e-01 1.378813470608334413e+01 2.062434605151363624e-03
7.000000000000000666e-01 1.792487226275296308e+01 1.960984502363248474e-03
7.000000000000000666e-01 2.330272023628053901e+01 1.909786197764170180e-03
7.000000000000000666e-01 3.029403849860184295e+01 1.916667817263884542e-03
7.000000000000000666e-01 3.938290290787330861e+01 1.994114022626276676e-03
7.000000000000000666e-01 5.119862251190308911e+01 2.139618008086388579e-03
7.000000000000000666e-01 6.655931263493295091e+01 2.355514461509306424e-03
7.000000000000000666e-01 8.652854082948790904e+01 2.602792473376672969e-03
7.000000000000000666e-01 8.774284944490069904e+01 2.607283366822168730e-03
7.000000000000000666e-01 1.003418226985274657e+02 2.707987369115661888e-03
7.000000000000000666e-01 1.124889678345443826e+02 2.798746445936372857e-03
7.000000000000000666e-01 1.129407959521542324e+02 2.796814380438097155e-03
7.000000000000000666e-01 1.255397692057809991e+02 2.841220633118484926e-03
7.000000000000000666e-01 1.381387424594077515e+02 2.828482133561551360e-03
7.000000000000000666e-01 1.462380824081678270e+02 2.804361561824676198e-03
7.000000000000000666e-01 1.507377157130345324e+02 2.788265082605110093e-03
7.000000000000000666e-01 1.633366889666612849e+02 2.699127418530918639e-03
7.000000000000000666e-01 1.759356622202880658e+02 2.605619583723663146e-03
7.000000000000000666e-01 1.885346354739148182e+02 2.476597973758495799e-03
7.000000000000000666e-01 2.011336087275415707e+02 2.329536916523317850e-03
7.000000000000000666e-01 2.137325819811683516e+02 2.175489211810406522e-03
7.000000000000000666e-01 2.263315552347951325e+02 2.017279581984657375e-03
7.000000000000000666e-01 2.389305284884218850e+02 1.862445395477477054e-03
7.000000000000000666e-01 2.515295017420486374e+02 1.697429287806104335e-03
7.000000000000000666e-01 2.641284749956753899e+02 1.539749238156890455e-03
7.000000000000000666e-01 2.767274482493021992e+02 1.383198534383047991e-03
7.000000000000000666e-01 2.893264215029289517e+02 1.242826996110529174e-03
7.000000000000000666e-01 3.019253947565557041e+02 1.102110248724449352e-03
7.000000000000000666e-01 3.145243680101824566e+02 9.770713998965292312e-04
7.000000000000000666e-01 3.271233412638092091e+02 8.613140399396572271e-04
7.000000000000000666e-01 3.397223145174360184e+02 7.526942893587943448e-04
7.000000000000000666e-01 3.523212877710627708e+02 6.539020201513130607e-04
7.000000000000000666e-01 3.649202610246895233e+02 5.640287188710085657e-04
7.000000000000000666e-01 3.775192342783162758e+02 4.826200569963126825e-04
7.000000000000000666e-01 3.901182075319430282e+02 4.093285514155190212e-04
7.000000000000000666e-01 4.027171807855697807e+02 3.465547624811601900e-04
7.000000000000000666e-01 4.153161540391965900e+02 2.903786909740213172e-04
7.000000000000000666e-01 4.279151272928233425e+02 2.426378596851500545e-04
7.000000000000000666e-01 4.405141005464500950e+02 1.989160223432841961e-04
7.000000000000000666e-01 4.531130738000768474e+02 1.621601984667595529e-04
7.000000000000000666e-01 4.657120470537036567e+02 1.304623988608513284e-04
7.000000000000000666e-01 4.783110203073304092e+02 1.040303413790557527e-04
7.000000000000000666e-01 4.909099935609571617e+02 8.157012960792753297e-05
7.000000000000000666e-01 5.035089668145839141e+02 6.283056436643962874e-05
7.000000000000000666e-01 5.161079400682107234e+02 4.710757498983026597e-05
7.000000000000000666e-01 5.287069133218375327e+02 3.414080065196202875e-05
7.000000000000000666e-01 5.413058865754642284e+02 2.335997086386090802e-05
7.000000000000000666e-01 5.539048598290910377e+02 1.493156573687909623e-05
7.000000000000000666e-01 5.665038330827177333e+02 7.897168488916316432e-06
7.000000000000000666e-01 5.791028063363445426e+02 2.212309875330944572e-06
7.000000000000000666e-01 5.849523296326713080e+02 0.000000000000000000e+00
8.000000000000000444e-01 1.000000000000000000e+00 5.107262180505839876e-03
8.000000000000000444e-01 1.302906460319625870e+00 4.159679911231957405e-03
8.000000000000000444e-01 1.697565244342616575e+00 3.923566892303987502e-03
8.000000000000000444e-01 2.211768723668059433e+00 3.500416502900518655e-03
8.000000000000000444e-01 2.881727758800007866e+00 2.834893187210269210e-03
8.000000000000000444e-01 3.754621713822926754e+00 2.356189134919288702e-03
8.000000000000000444e-01 4.891920886996236284e+00 2.148943910668139803e-03
8.000000000000000444e-01 6.373715327039911394e+00 1.920517245963830307e-03
8.000000000000000444e-01 8.304354875838516392e+00 1.730105737942935285e-03
8.000000000000000444e-01 1.081979761651678551e+01 1.640586808853508778e-03
8.000000000000000444e-01 1.409718421391061227e+01 1.577676208890220087e-03
8.000000000000000444e-01 1.836731238461998572e+01 1.528401560503096605e-03
8.000000000000000444e-01 2.393088996463004037e+01 1.527852355071891060e-03
8.000000000000000444e-01 3.117971113611458733e+01 1.589569384447448363e-03
8.000000000000000444e-01 4.062424707014348257e+01 1.712882015994072809e-03
8.000000000000000444e-01 5.292959395331055816e+01 1.922956419181591102e-03
8.000000000000000444e-01 6.896230990386293058e+01 2.224612981444240491e-03
8.000000000000000444e-01 8.985143909230714598e+01 2.573039464747613279e-03
8.000000000000000444e-01 9.151720809436083925e+01 2.604063319222364465e-03
8.000000000000000444e-01 1.046581405386793193e+02 2.774086585472011843e-03
8.000000000000000444e-01 1.170680204623823215e+02 2.918743777129624226e-03
8.000000000000000444e-01 1.177990729829977994e+02 2.916601521725847423e-03
8.000000000000000444e-01 1.309400054273162652e+02 3.023576977038918562e-03
8.000000000000000444e-01 1.440809378716347453e+02 3.067073964764221658e-03
8.000000000000000444e-01 1.525286801572680986e+02 3.064324557820265454e-03
8.000000000000000444e-01 1.572218703159532254e+02 3.059051896391944744e-03
8.000000000000000444e-01 1.703628027602717054e+02 3.017752316211927584e-03
8.000000000000000444e-01 1.835037352045901855e+02 2.938736203587556054e-03
8.000000000000000444e-01 1.966446676489086656e+02 2.827149738794413822e-03
8.000000000000000444e-01 2.097856000932271456e+02 2.693188588455348257e-03
8.000000000000000444e-01 2.229265325375455973e+02 2.545142233074288406e-03
8.000000000000000444e-01 2.360674649818640773e+02 2.377030254599760140e-03
8.000000000000000444e-01 2.492083974261825574e+02 2.210660196286423455e-03
8.000000000000000444e-01 2.623493298705010375e+02 2.031359040773039401e-03
8.000000000000000444e-01 2.754902623148195175e+02 1.855563736265242094e-03
8.000000000000000444e-01 2.886311947591379976e+02 1.681517143673945782e-03
8.000000000000000444e-01 3.017721272034564777e+02 1.512648708594655509e-03
8.000000000000000444e-01 3.149130596477749577e+02 1.354713923157957424e-03
8.000000000000000444e-01 3.280539920920934378e+02 1.201260672741515925e-03
8.000000000000000444e-01 3.411949245364119179e+02 1.061955382271247052e-03
8.000000000000000444e-01 3.543358569807303979e+02 9.291050906454138662e-04
8.000000000000000444e-01 3.674767894250488780e+02 8.073943707937042413e-04
8.000000000000000444e-01 3.806177218693673581e+02 6.987583589009678173e-04
8.000000000000000444e-01 3.937586543136858381e+02 5.977056094062827311e-04
8.000000000000000444e-01 4.068995867580043182e+02 5.078287127966752985e-04
8.000000000000000444e-01 4.200405192023227983e+02 4.284499763928843134e-04
8.000000000000000444e-01 4.331814516466412783e+02 3.577923550086583269e-04
8.000000000000000444e-01 4.463223840909597584e+02 2.974263473552042191e-04
8.000000000000000444e-01 4.594633165352782385e+02 2.439566125282291540e-04
8.000000000000000444e-01 4.726042489795967185e+02 1.981841583574885926e-04
8.000000000000000444e-01 4.857451814239151986e+02 1.588184421793387949e-04
8.000000000000000444e-01 4.988861138682336787e+02 1.260381715316462564e-04
8.000000000000000444e-01 5.120270463125521019e+02 9.814000591023107757e-05
8.000000000000000444e-01 5.251679787568706388e+02 7.497834983542733627e-05
8.000000000000000444e-01 5.383089112011890620e+02 5.589606672677702550e-05
8.000000000000000444e-01 5.514498436455075989e+02 4.038681882358568636e-05
8.000000000000000444e-01 5.645907760898260221e+02 2.762360682353479031e-05
8.000000000000000444e-01 5.777317085341445591e+02 1.740728698684582189e-05
8.000000000000000444e-01 5.908726409784629823e+02 9.152041479195585001e-06
8.000000000000000444e-01 6.040135734227815192e+02 2.594708377595741261e-06
8.000000000000000444e-01 6.101147206290722806e+02 0.000000000000000000e+00
9.000000000000000222e-01 1.000000000000000000e+00 3.680158856465857650e-03
9.000000000000000222e-01 1.304450581647396357e+00 3.228046000744396338e-03
9.000000000000000222e-01 1.701591319960230608e+00 2.960829834946372783e-03
9.000000000000000222e-01 2.219641787048284076e+00 2.555639833178152947e-03
9.000000000000000222e-01 2.895413020164000262e+00 2.067209790005097771e-03
9.000000000000000222e-01 3.776923198262374548e+00 1.769327131834836676e-03
9.000000000000000222e-01 4.926809662810899937e+00 1.639783847208062294e-03
9.000000000000000222e-01 6.426779730319690742e+00 1.448495808170309701e-03
9.000000000000000222e-01 8.383416557335216623e+00 1.322398073685044414e-03
9.000000000000000222e-01 1.093575260440833574e+01 1.291134036276097566e-03
9.000000000000000222e-01 1.426514884557248308e+01 1.244917890653002854e-03
9.000000000000000222e-01 1.860818170889371004e+01 1.228138979076373941e-03
9.000000000000000222e-01 2.427345345356685158e+01 1.256891340178471544e-03
9.000000000000000222e-01 3.166352047609628073e+01 1.342485774542657041e-03
9.000000000000000222e-01 4.130349770204803406e+01 1.492595377613996485e-03
9.000000000000000222e-01 5.387837160150845506e+01 1.735901476381431462e-03
9.000000000000000222e-01 7.028167317380226109e+01 2.075970702616026890e-03
9.000000000000000222e-01 9.167896945071856862e+01 2.495866098221545711e-03
9.000000000000000222e-01 9.360008318414507755e+01 2.523111979626377604e-03
9.000000000000000222e-01 1.070400951285351425e+02 2.753648037416374719e-03
9.000000000000000222e-01 1.195906850248237134e+02 2.917371832457170671e-03
9.000000000000000222e-01 1.204801070729251933e+02 2.934391167689745505e-03
9.000000000000000222e-01 1.339201190173152440e+02 3.063325065170968003e-03
9.000000000000000222e-01 1.473601309617053232e+02 3.147136828778680697e-03
9.000000000000000222e-01 1.560001386402418575e+02 3.171901938387442811e-03
9.000000000000000222e-01 1.608001429060954024e+02 3.184860261609029439e-03
9.000000000000000222e-01 1.742401548504854532e+02 3.164713758233191499e-03
9.000000000000000222e-01 1.876801667948755039e+02 3.109241315781766189e-03
9.000000000000000222e-01 2.011201787392655547e+02 3.017097494303963481e-03
9.000000000000000222e-01 2.145601906836556338e+02 2.898619158106765809e-03
9.000000000000000222e-01 2.280002026280457130e+02 2.750399828575491798e-03
9.000000000000000222e-01 2.414402145724357638e+02 2.590473538330547061e-03
9.000000000000000222e-01 2.548802265168258145e+02 2.415220196185346654e-03
9.000000000000000222e-01 2.683202384612158653e+02 2.236359363830647297e-03
9.000000000000000222e-01 2.817602504056059161e+02 2.047960606341869220e-03
9.000000000000000222e-01 2.952002623499960237e+02 1.863384035609316758e-03
9.000000000000000222e-01 3.086402742943860744e+02 1.686996377393750433e-03
9.000000000000000222e-01 3.220802862387761252e+02 1.513136415459717839e-03
9.000000000000000222e-01 3.355202981831661759e+02 1.344370456613250145e-03
9.000000000000000222e-01 3.489603101275562267e+02 1.188956268034076832e-03
9.000000000000000222e-01 3.624003220719463343e+02 1.046424756672702152e-03
9.000000000000000222e-01 3.758403340163363850e+02 9.083699319816925747e-04
9.000000000000000222e-01 3.892803459607264358e+02 7.882978853481714893e-04
9.000000000000000222e-01 4.027203579051164866e+02 6.759739434033025952e-04
9.000000000000000222e-01 4.161603698495065373e+02 5.732978637048854543e-04
9.000000000000000222e-01 4.296003817938966449e+02 4.830411087917168720e-04
9.000000000000000222e-01 4.430403937382866957e+02 4.039221192804516992e-04
9.000000000000000222e-01 4.564804056826767464e+02 3.344567796256460077e-04
9.000000000000000222e-01 4.699204176270667972e+02 2.740700983843323210e-04
9.000000000000000222e-01 4.833604295714568480e+02 2.219758446204063722e-04
9.000000000000000222e-01 4.968004415158469556e+02 1.776094453509345021e-04
9.000000000000000222e-01 5.102404534602370063e+02 1.405489564194708531e-04
9.000000000000000222e-01 5.236804654046270571e+02 1.093079971259799721e-04
9.000000000000000222e-01 5.371204773490170510e+02 8.306859623286587965e-05
9.000000000000000222e-01 5.505604892934071586e+02 6.176756034789101927e-05
9.000000000000000222e-01 5.640005012377972662e+02 4.414992570798739724e-05
9.000000000000000222e-01 5.774405131821872601e+02 3.029144952713219810e-05
9.000000000000000222e-01 5.908805251265773677e+02 1.882611353136798765e-05
9.000000000000000222e-01 6.043205370709673616e+02 1.001296112059185420e-05
9.000000000000000222e-01 6.177605490153574692e+02 2.820903671851426338e-06
9.000000000000000222e-01 6.240005545609672026e+02 0.000000000000000000e+00
1.000000000000000000e+00 1.000000000000000000e+00 2.993365831058204894e-03
1.000000000000000000e+00 1.304931740899698545e+00 2.914052316808960885e-03
1.000000000000000000e+00 1.702846848407517877e+00 2.556081683351349443e-03
1.000000000000000000e+00 2.222098902377987351e+00 2.252441785762279020e-03
1.000000000000000000e+00 2.899687389131416548e+00 1.828458833344934111e-03
1.000000000000000000e+00 3.783894112764161211e+00 1.561724345981032030e-03
1.000000000000000000e+00 4.937723531949456124e+00 1.468547787696038338e-03
1.000000000000000000e+00 6.443392164628211738e+00 1.341188223877698383e-03
1.000000000000000000e+00 8.408186954687769443e+00 1.209235250239596316e-03
1.000000000000000000e+00 1.097211004059084694e+01 1.179572954478082551e-03
1.000000000000000000e+00 1.431785465661127787e+01 1.137476474491306384e-03
1.000000000000000000e+00 1.868382300300060450e+01 1.134432818014504112e-03
1.000000000000000000e+00 2.438111367796741291e+01 1.168993365590088483e-03
1.000000000000000000e+00 3.181568911686347434e+01 1.246461189764571384e-03
1.000000000000000000e+00 4.151730258719222633e+01 1.418736698098271984e-03
1.000000000000000000e+00 5.417724594256431914e+01 1.662010319661433181e-03
1.000000000000000000e+00 7.069760786498159177e+01 1.999990438794750636e-03
1.000000000000000000e+00 9.225555250869466306e+01 2.451075929110692071e-03
1.000000000000000000e+00 9.425824610251493141e+01 2.493290733886138061e-03
1.000000000000000000e+00 1.077927634915940018e+02 2.724587351495172480e-03
1.000000000000000000e+00 1.203871987428344994e+02 2.910998962856079734e-03
1.000000000000000000e+00 1.213272808806730723e+02 2.925451217867878172e-03
1.000000000000000000e+00 1.348617982697521427e+02 3.068848535077388535e-03
1.000000000000000000e+00 1.483963156588312131e+02 3.166266835606550579e-03
1.000000000000000000e+00 1.570970768375249520e+02 3.198838430868552931e-03
1.000000000000000000e+00 1.619308330479102551e+02 3.213023413470161935e-03
1.000000000000000000e+00 1.754653504369893540e+02 3.207656512362575679e-03
1.000000000000000000e+00 1.889998678260683960e+02 3.165336606811842458e-03
1.000000000000000000e+00 2.025343852151474948e+02 3.075098400512175575e-03
1.000000000000000000e+00 2.160689026042265368e+02 2.958665548085164573e-03
1.000000000000000000e+00 2.296034199933056072e+02 2.817292972623209723e-03
1.000000000000000000e+00 2.431379373823846777e+02 2.657393847394118064e-03
1.000000000000000000e+00 2.566724547714637765e+02 2.485982627181062589e-03
1.000000000000000000e+00 2.702069721605428185e+02 2.295926865909029158e-03
1.000000000000000000e+00 2.837414895496218605e+02 2.115439050857304253e-03
1.000000000000000000e+00 2.972760069387009594e+02 1.924758696667773755e-03
1.000000000000000000e+00 3.108105243277800582e+02 1.743595449675115630e-03
1.000000000000000000e+00 3.243450417168591002e+02 1.564153644850433452e-03
1.000000000000000000e+00 3.378795591059381422e+02 1.395517463271681632e-03
1.000000000000000000e+00 3.514140764950172411e+02 1.236516362300868347e-03
1.000000000000000000e+00 3.649485938840962831e+02 1.084118691868900079e-03
1.000000000000000000e+00 3.784831112731753819e+02 9.410328625550706209e-04
1.000000000000000000e+00 3.920176286622544239e+02 8.167577049605451124e-04
1.000000000000000000e+00 4.055521460513335228e+02 6.991259210807590670e-04
1.000000000000000000e+00 4.190866634404125648e+02 5.962905781591888981e-04
1.000000000000000000e+00 4.326211808294916636e+02 5.003977871522312815e-04
1.000000000000000000e+00 4.461556982185707056e+02 4.177788230089224571e-04
1.000000000000000000e+00 4.596902156076498045e+02 3.463715488941263260e-04
1.000000000000000000e+00 4.732247329967288465e+02 2.833831000282662762e-04
1.000000000000000000e+00 4.867592503858079453e+02 2.289146100218356278e-04
1.000000000000000000e+00 5.002937677748869874e+02 1.848234698101842749e-04
1.000000000000000000e+00 5.138282851639660294e+02 1.457586129598232346e-04
1.000000000000000000e+00 5.273628025530451850e+02 1.122116290551817105e-04
1.000000000000000000e+00 5.408973199421241134e+02 8.581832141261573090e-05
1.000000000000000000e+00 5.544318373312032691e+02 6.262692279234060775e-05
1.000000000000000000e+00 5.679663547202823111e+02 4.502423539617131333e-05
1.000000000000000000e+00 5.815008721093613531e+02 3.044025871487212684e-05
1.000000000000000000e+00 5.950353894984405088e+02 1.893052475381313613e-05
1.000000000000000000e+00 6.085699068875195508e+02 1.018477474177423983e-05
1.000000000000000000e+00 6.221044242765985928e+02 2.714518739368272894e-06
1.000000000000000000e+00 6.283883073500995806e+02 0.000000000000000000e+00
