# mx [GeV]: 100000.0
# sigma_p [cm^2]: 5.49540873858e-27
# depth [m]: 0.3
# loc: MPI
# Columns: gamma/pi, v [km/s], f(v, gamma) [s/km]
0.000000000000000000e+00 4.735199228716899800e-01 8.071716222857036258e-03
0.000000000000000000e+00 5.415125271814711372e-01 8.182319578832511833e-03
0.000000000000000000e+00 6.095051314912522944e-01 8.254676274634553668e-03
0.000000000000000000e+00 6.774977358010333406e-01 8.060045506088159284e-03
0.000000000000000000e+00 7.454903401108144978e-01 7.417328564758288688e-03
0.000000000000000000e+00 7.891998714528166703e-01 7.138779766333481526e-03
0.000000000000000000e+00 7.990946371541843840e-01 7.063602821932548487e-03
0.000000000000000000e+00 8.091134606409452479e-01 6.986552956977586624e-03
0.000000000000000000e+00 8.134829444205956550e-01 6.952696367292387006e-03
0.000000000000000000e+00 8.192578973146701360e-01 6.907704045395354764e-03
0.000000000000000000e+00 8.295295220781169210e-01 6.827161807615723423e-03
0.000000000000000000e+00 8.399299295797307829e-01 6.745009147537181851e-03
0.000000000000000000e+00 8.504607344612095110e-01 6.661320954159425170e-03
0.000000000000000000e+00 8.611235716081740987e-01 6.576221834789827692e-03
0.000000000000000000e+00 8.719200964039808266e-01 6.246831348379284186e-03
0.000000000000000000e+00 8.814755487303767012e-01 6.182232580769790944e-03
0.000000000000000000e+00 8.828519849867162428e-01 6.172894492619603914e-03
0.000000000000000000e+00 8.939209345094142334e-01 6.097393867711932251e-03
0.000000000000000000e+00 9.051286634035351497e-01 6.020437027263510037e-03
0.000000000000000000e+00 9.164769116457494036e-01 5.942045383724670927e-03
0.000000000000000000e+00 9.279674410280642771e-01 5.862350069048156628e-03
0.000000000000000000e+00 9.396020354313395773e-01 5.781276859129427445e-03
0.000000000000000000e+00 9.494681530401578584e-01 5.712580780355364617e-03
0.000000000000000000e+00 9.513825011022303269e-01 5.699186444405120525e-03
0.000000000000000000e+00 9.633106669336036765e-01 5.615928241707846512e-03
0.000000000000000000e+00 9.753883847484704495e-01 5.114534202082600227e-03
0.000000000000000000e+00 9.876175295874767279e-01 5.053136410050466411e-03
0.000000000000000000e+00 1.000000000000000000e+00 5.080517304642244263e-03
0.000000000000000000e+00 1.017460757349939016e+00 4.983393147725547964e-03
0.000000000000000000e+00 1.085453361659720173e+00 4.600914239726978071e-03
0.000000000000000000e+00 1.153445965969501330e+00 3.937367032964145079e-03
0.000000000000000000e+00 1.221438570279282487e+00 3.643302764399160894e-03
0.000000000000000000e+00 1.289431174589063644e+00 3.234539667231930548e-03
0.000000000000000000e+00 1.357423778898844802e+00 2.977219469983036562e-03
0.000000000000000000e+00 1.425416383208625737e+00 2.531197633304091248e-03
0.000000000000000000e+00 1.493408987518406894e+00 2.332081207237827331e-03
0.000000000000000000e+00 1.561401591828188051e+00 2.006589577495196224e-03
0.000000000000000000e+00 1.629394196137969208e+00 1.844799376809713688e-03
0.000000000000000000e+00 1.697386800447750366e+00 1.618391288593168950e-03
0.000000000000000000e+00 1.765379404757531523e+00 1.481264774854142152e-03
0.000000000000000000e+00 1.833372009067312680e+00 1.350314439470323008e-03
0.000000000000000000e+00 1.901364613377093615e+00 1.124494678799314255e-03
0.000000000000000000e+00 1.969357217686874773e+00 1.025314209666236022e-03
0.000000000000000000e+00 2.037349821996655930e+00 8.861770627058084644e-04
0.000000000000000000e+00 2.105342426306437087e+00 8.052083569250036241e-04
0.000000000000000000e+00 2.173335030616218244e+00 6.568361300215576999e-04
0.000000000000000000e+00 2.241327634925999401e+00 5.371811824505872638e-04
0.000000000000000000e+00 2.309320239235780559e+00 4.886958064423894662e-04
0.000000000000000000e+00 2.377312843545561272e+00 4.107023983235220466e-04
0.000000000000000000e+00 2.445305447855342429e+00 3.724277241917470877e-04
0.000000000000000000e+00 2.513298052165123586e+00 2.839255995803133801e-04
0.000000000000000000e+00 2.581290656474904743e+00 2.573543234034055124e-04
0.000000000000000000e+00 2.649283260784685901e+00 2.109287057871126836e-04
0.000000000000000000e+00 2.717275865094467058e+00 1.509867452019519928e-04
0.000000000000000000e+00 2.785268469404248215e+00 1.367147633569907293e-04
0.000000000000000000e+00 2.853261073714029372e+00 9.677409358932719799e-05
0.000000000000000000e+00 2.921253678023810529e+00 7.672917341888692018e-05
0.000000000000000000e+00 2.989246282333591687e+00 4.646237944463322872e-05
0.000000000000000000e+00 3.057238886643372844e+00 3.279552410897120234e-05
0.000000000000000000e+00 3.125231490953154001e+00 9.862235474072418703e-06
0.000000000000000000e+00 3.156799485811266681e+00 0.000000000000000000e+00
1.000000000000000056e-01 4.853818437019188914e-01 9.238004196022284523e-03
1.000000000000000056e-01 5.550776981821944345e-01 9.206702569923943744e-03
1.000000000000000056e-01 6.247735526624700331e-01 9.034524894403865580e-03
1.000000000000000056e-01 6.944694071427455206e-01 9.072205728566717226e-03
1.000000000000000056e-01 7.641652616230210082e-01 8.692470553523720667e-03
1.000000000000000056e-01 8.089697395031981708e-01 8.104171528686997250e-03
1.000000000000000056e-01 8.180464159838676252e-01 7.991712366447467630e-03
1.000000000000000056e-01 8.272249331786104554e-01 7.879217784536226774e-03
1.000000000000000056e-01 8.338611161032966068e-01 7.455022178492161540e-03
1.000000000000000056e-01 8.365064337447709608e-01 7.433478515127990918e-03
1.000000000000000056e-01 8.458920731603597476e-01 7.356595654638921691e-03
1.000000000000000056e-01 8.553830198679022168e-01 7.278181580441289537e-03
1.000000000000000056e-01 8.649804554199007622e-01 7.179665797240638962e-03
1.000000000000000056e-01 8.746855746259295517e-01 7.087034188567212060e-03
1.000000000000000056e-01 8.844995857013792095e-01 6.997204355285667129e-03
1.000000000000000056e-01 8.944237104178710540e-01 6.907789618458547512e-03
1.000000000000000056e-01 9.035569705835722054e-01 6.826485017036994403e-03
1.000000000000000056e-01 9.044591842553579841e-01 6.818484921647969405e-03
1.000000000000000056e-01 9.146072565559333345e-01 6.728796148413841542e-03
1.000000000000000056e-01 9.248691906793642392e-01 6.638649387817763085e-03
1.000000000000000056e-01 9.352462641603704885e-01 6.548145540727551284e-03
1.000000000000000056e-01 9.457397688676685288e-01 6.456953848358158547e-03
1.000000000000000056e-01 9.563510111647989254e-01 6.365091882988230948e-03
1.000000000000000056e-01 9.670813120727597134e-01 6.233387084328780026e-03
1.000000000000000056e-01 9.732528250638476930e-01 6.066597851809125801e-03
1.000000000000000056e-01 9.779320074344631797e-01 6.029094919802479441e-03
1.000000000000000056e-01 9.889044480810383897e-01 5.942387451234142429e-03
1.000000000000000056e-01 1.000000000000000000e+00 5.854367280355603394e-03
1.000000000000000056e-01 1.042948679544123181e+00 5.522427670030197015e-03
1.000000000000000056e-01 1.112644534024398668e+00 4.881743292651198433e-03
1.000000000000000056e-01 1.182340388504674378e+00 4.424686394145504152e-03
1.000000000000000056e-01 1.252036242984949865e+00 3.983071613064909089e-03
1.000000000000000056e-01 1.321732097465225353e+00 3.535270059376646040e-03
1.000000000000000056e-01 1.391427951945500840e+00 3.182896875053398394e-03
1.000000000000000056e-01 1.461123806425776550e+00 2.837834249923780906e-03
1.000000000000000056e-01 1.530819660906052038e+00 2.549124328081076463e-03
1.000000000000000056e-01 1.600515515386327525e+00 2.234123137762789642e-03
1.000000000000000056e-01 1.670211369866603013e+00 2.009725626418735426e-03
1.000000000000000056e-01 1.739907224346878500e+00 1.765114235699018815e-03
1.000000000000000056e-01 1.809603078827154210e+00 1.576162007160126968e-03
1.000000000000000056e-01 1.879298933307429698e+00 1.386812804743589546e-03
1.000000000000000056e-01 1.948994787787705185e+00 1.232956247581252270e-03
1.000000000000000056e-01 2.018690642267980895e+00 1.062366899147647531e-03
1.000000000000000056e-01 2.088386496748256604e+00 9.403071353674461287e-04
1.000000000000000056e-01 2.158082351228531870e+00 8.169513699415998200e-04
1.000000000000000056e-01 2.227778205708807580e+00 7.168474645927032330e-04
1.000000000000000056e-01 2.297474060189082845e+00 6.050225745001644364e-04
1.000000000000000056e-01 2.367169914669358555e+00 5.304767211708824462e-04
1.000000000000000056e-01 2.436865769149634264e+00 4.496159719104160231e-04
1.000000000000000056e-01 2.506561623629909530e+00 3.840314653981937343e-04
1.000000000000000056e-01 2.576257478110185239e+00 3.225040363483517789e-04
1.000000000000000056e-01 2.645953332590460505e+00 2.751655735087664228e-04
1.000000000000000056e-01 2.715649187070736215e+00 2.182694508152844019e-04
1.000000000000000056e-01 2.785345041551011924e+00 1.776798045554837903e-04
1.000000000000000056e-01 2.855040896031287190e+00 1.439438315201166786e-04
1.000000000000000056e-01 2.924736750511562899e+00 1.090492020561944949e-04
1.000000000000000056e-01 2.994432604991838165e+00 7.636611900908445464e-05
1.000000000000000056e-01 3.064128459472113875e+00 5.488974923227511428e-05
1.000000000000000056e-01 3.133824313952389584e+00 3.147932495172344223e-05
1.000000000000000056e-01 3.203520168432664850e+00 1.116457328188713802e-05
1.000000000000000056e-01 3.235878958012792683e+00 0.000000000000000000e+00
2.000000000000000111e-01 5.221802633847887343e-01 1.276369419446362306e-02
2.000000000000000111e-01 5.971599935118353519e-01 1.256884030246799636e-02
2.000000000000000111e-01 6.721397236388819696e-01 1.261062530968914963e-02
2.000000000000000111e-01 7.471194537659284762e-01 1.215550207167024471e-02
2.000000000000000111e-01 8.220991838929750939e-01 1.073841263154893394e-02
2.000000000000000111e-01 8.703004389746479275e-01 1.004362411147721908e-02
2.000000000000000111e-01 8.766868810257937294e-01 9.954895941060281847e-03
2.000000000000000111e-01 8.831201880907278978e-01 9.866093210487512227e-03
2.000000000000000111e-01 8.896007040744762229e-01 9.777129268369318810e-03
2.000000000000000111e-01 8.961287754057095656e-01 9.687856268591367795e-03
2.000000000000000111e-01 8.970789140200217116e-01 9.675060835996797046e-03
2.000000000000000111e-01 9.027047510552628218e-01 9.598716531933915511e-03
2.000000000000000111e-01 9.093289825547902216e-01 9.509145832931373277e-03
2.000000000000000111e-01 9.160018240155569647e-01 9.419521154500081275e-03
2.000000000000000111e-01 9.227236321473687441e-01 9.329563305489186817e-03
2.000000000000000111e-01 9.294947662776407160e-01 9.239678287621852851e-03
2.000000000000000111e-01 9.363155883706058003e-01 9.125597310631011413e-03
2.000000000000000111e-01 9.431864630466640920e-01 9.025130968162447045e-03
2.000000000000000111e-01 9.501077576018747139e-01 8.930760778458210480e-03
2.000000000000000111e-01 9.570798420275901108e-01 8.837283203404672910e-03
2.000000000000000111e-01 9.641030890302347833e-01 8.445546366367516142e-03
2.000000000000000111e-01 9.711778740512285735e-01 8.373313571204786879e-03
2.000000000000000111e-01 9.720586441470682182e-01 8.364304818320199286e-03
2.000000000000000111e-01 9.783045752870576095e-01 8.300685759868416808e-03
2.000000000000000111e-01 9.854835737094904680e-01 8.227697508118478678e-03
2.000000000000000111e-01 9.927152530859443269e-01 8.154568652924467156e-03
2.000000000000000111e-01 1.000000000000000000e+00 8.080901308623756468e-03
2.000000000000000111e-01 1.047038374274114947e+00 7.612516441866896966e-03
2.000000000000000111e-01 1.122018104401161454e+00 6.752222646129117656e-03
2.000000000000000111e-01 1.196997834528207960e+00 6.109739576933104037e-03
2.000000000000000111e-01 1.271977564655254689e+00 5.363613955498671218e-03
2.000000000000000111e-01 1.346957294782301195e+00 4.878861333313166092e-03
2.000000000000000111e-01 1.421937024909347702e+00 4.369341567444311701e-03
2.000000000000000111e-01 1.496916755036394431e+00 3.858884033164963756e-03
2.000000000000000111e-01 1.571896485163440937e+00 3.462385031239865411e-03
2.000000000000000111e-01 1.646876215290487666e+00 3.071408788061693457e-03
2.000000000000000111e-01 1.721855945417534173e+00 2.751165488245351995e-03
2.000000000000000111e-01 1.796835675544580679e+00 2.392605803173157228e-03
2.000000000000000111e-01 1.871815405671627408e+00 2.140817205451762961e-03
2.000000000000000111e-01 1.946795135798673915e+00 1.902189227904348915e-03
2.000000000000000111e-01 2.021774865925720643e+00 1.663175971032330091e-03
2.000000000000000111e-01 2.096754596052766928e+00 1.468362532177741294e-03
2.000000000000000111e-01 2.171734326179813657e+00 1.283367016888998331e-03
2.000000000000000111e-01 2.246714056306860385e+00 1.123620862398924062e-03
2.000000000000000111e-01 2.321693786433907114e+00 9.625113803658917654e-04
2.000000000000000111e-01 2.396673516560953399e+00 8.423484403064335994e-04
2.000000000000000111e-01 2.471653246688000127e+00 7.272886457631161372e-04
2.000000000000000111e-01 2.546632976815046856e+00 6.237983587920607927e-04
2.000000000000000111e-01 2.621612706942093141e+00 5.230423879455153770e-04
2.000000000000000111e-01 2.696592437069139869e+00 4.497705371585973859e-04
2.000000000000000111e-01 2.771572167196186598e+00 3.702442160589548945e-04
2.000000000000000111e-01 2.846551897323232883e+00 3.129041704230376862e-04
2.000000000000000111e-01 2.921531627450279611e+00 2.564118670793856763e-04
2.000000000000000111e-01 2.996511357577326340e+00 1.997242205318697033e-04
2.000000000000000111e-01 3.071491087704372625e+00 1.649021692378732011e-04
2.000000000000000111e-01 3.146470817831419353e+00 1.249916261827541640e-04
2.000000000000000111e-01 3.221450547958466082e+00 8.959487827751477145e-05
2.000000000000000111e-01 3.296430278085512366e+00 5.879848969346986460e-05
2.000000000000000111e-01 3.371410008212559095e+00 3.742416175673389528e-05
2.000000000000000111e-01 3.446389738339605824e+00 1.371714893814454172e-05
2.000000000000000111e-01 3.481201755898591710e+00 0.000000000000000000e+00
3.000000000000000444e-01 5.870944870029889406e-01 2.121337147665144918e-02
3.000000000000000444e-01 6.713952338547001242e-01 2.036887890412860183e-02
3.000000000000000444e-01 7.556959807064114187e-01 2.032633279351226882e-02
3.000000000000000444e-01 8.399967275581226023e-01 1.729187856989801084e-02
3.000000000000000444e-01 9.242974744098337858e-01 1.549078372030991343e-02
3.000000000000000444e-01 9.784908116716481974e-01 1.414640235888864513e-02
3.000000000000000444e-01 9.796112521024635811e-01 1.412613339242593802e-02
3.000000000000000444e-01 9.807329755159539530e-01 1.410593511265470501e-02
3.000000000000000444e-01 9.818559833812242621e-01 1.408594263953953651e-02
3.000000000000000444e-01 9.829802771690615559e-01 1.406574901618039795e-02
3.000000000000000444e-01 9.841058583519372016e-01 1.404567367012639519e-02
3.000000000000000444e-01 9.852327284040086619e-01 1.402560614093183687e-02
3.000000000000000444e-01 9.863608888011211606e-01 1.400523044703438219e-02
3.000000000000000444e-01 9.874903410208101251e-01 1.398519715706826073e-02
3.000000000000000444e-01 9.886210865423027405e-01 1.396514820728649194e-02
3.000000000000000444e-01 9.897531268465200593e-01 1.394486433587608341e-02
3.000000000000000444e-01 9.908864634160788887e-01 1.392498877785145611e-02
3.000000000000000444e-01 9.920210977352937887e-01 1.390476182842475400e-02
3.000000000000000444e-01 9.931570312901787378e-01 1.388442669343750886e-02
3.000000000000000444e-01 9.942942655684496867e-01 1.386434943887455279e-02
3.000000000000000444e-01 9.954328020595256676e-01 1.384399195840166873e-02
3.000000000000000444e-01 9.965726422545316820e-01 1.382395373316696978e-02
3.000000000000000444e-01 9.977137876462996990e-01 1.380381497951687492e-02
3.000000000000000444e-01 9.988562397293715422e-01 1.378346245385982105e-02
3.000000000000000444e-01 1.000000000000000000e+00 1.376324227616589589e-02
3.000000000000000444e-01 1.008598221261545191e+00 1.361178647921417080e-02
3.000000000000000444e-01 1.092898968113256153e+00 1.217350518321859074e-02
3.000000000000000444e-01 1.177199714964967558e+00 1.061440483710747798e-02
3.000000000000000444e-01 1.261500461816678742e+00 9.552935059500871490e-03
3.000000000000000444e-01 1.345801208668389926e+00 8.488469188999571424e-03
3.000000000000000444e-01 1.430101955520101331e+00 7.596534309197755346e-03
3.000000000000000444e-01 1.514402702371812293e+00 6.712112593387873673e-03
3.000000000000000444e-01 1.598703449223523698e+00 6.009141247171757849e-03
3.000000000000000444e-01 1.683004196075234660e+00 5.357166827883419816e-03
3.000000000000000444e-01 1.767304942926946065e+00 4.706946893576743896e-03
3.000000000000000444e-01 1.851605689778657471e+00 4.198735658358399361e-03
3.000000000000000444e-01 1.935906436630368432e+00 3.696363300641125962e-03
3.000000000000000444e-01 2.020207183482079838e+00 3.278041285936937523e-03
3.000000000000000444e-01 2.104507930333790799e+00 2.842953602195706555e-03
3.000000000000000444e-01 2.188808677185502205e+00 2.518409006977677216e-03
3.000000000000000444e-01 2.273109424037213611e+00 2.217090652604076367e-03
3.000000000000000444e-01 2.357410170888924572e+00 1.917647071416638850e-03
3.000000000000000444e-01 2.441710917740635978e+00 1.680863927102916461e-03
3.000000000000000444e-01 2.526011664592346939e+00 1.453445690720958335e-03
3.000000000000000444e-01 2.610312411444058345e+00 1.265209953642618210e-03
3.000000000000000444e-01 2.694613158295769750e+00 1.066622719352262145e-03
3.000000000000000444e-01 2.778913905147480712e+00 9.254129235628998995e-04
3.000000000000000444e-01 2.863214651999192117e+00 7.842723253466823497e-04
3.000000000000000444e-01 2.947515398850903523e+00 6.710202601370596079e-04
3.000000000000000444e-01 3.031816145702614484e+00 5.508845178538500451e-04
3.000000000000000444e-01 3.116116892554325890e+00 4.673284236917714819e-04
3.000000000000000444e-01 3.200417639406036852e+00 3.790471966736368810e-04
3.000000000000000444e-01 3.284718386257748257e+00 3.143796683855826593e-04
3.000000000000000444e-01 3.369019133109459663e+00 2.510608288832849241e-04
3.000000000000000444e-01 3.453319879961170624e+00 1.913058265617360333e-04
3.000000000000000444e-01 3.537620626812882030e+00 1.509233209656968830e-04
3.000000000000000444e-01 3.621921373664592991e+00 1.095895266702214427e-04
3.000000000000000444e-01 3.706222120516304397e+00 7.302066715947174011e-05
3.000000000000000444e-01 3.790522867368015802e+00 4.238059767387731262e-05
3.000000000000000444e-01 3.874823614219726764e+00 1.561018860811809781e-05
3.000000000000000444e-01 3.913963246686592790e+00 0.000000000000000000e+00
4.000000000000000222e-01 6.836202024434648861e-01 3.974952120708244441e-02
4.000000000000000222e-01 7.817810520250906281e-01 3.585853609355338367e-02
4.000000000000000222e-01 8.799419016067163701e-01 3.166182836664049177e-02
4.000000000000000222e-01 9.781027511883420011e-01 2.699072512336262927e-02
4.000000000000000222e-01 1.000000000000000000e+00 2.630260585589876132e-02
4.000000000000000222e-01 1.006890623884015623e+00 2.608507764602113060e-02
4.000000000000000222e-01 1.013828728465542062e+00 2.586875922540695510e-02
4.000000000000000222e-01 1.020814640916207772e+00 2.565764716919615579e-02
4.000000000000000222e-01 1.027848690662057640e+00 2.544339894952288295e-02
4.000000000000000222e-01 1.034931209399087670e+00 2.522947449117364863e-02
4.000000000000000222e-01 1.042062531108886247e+00 2.501537904652046881e-02
4.000000000000000222e-01 1.049242992074382652e+00 2.480011911831410398e-02
4.000000000000000222e-01 1.056472930895706375e+00 2.458429832782025801e-02
4.000000000000000222e-01 1.063752688506152122e+00 2.436913453959022383e-02
4.000000000000000222e-01 1.071082608188258511e+00 2.415451505933835855e-02
4.000000000000000222e-01 1.076263600769967743e+00 2.400288095884809542e-02
4.000000000000000222e-01 1.078463035589994012e+00 2.393892318615237561e-02
4.000000000000000222e-01 1.085894318741058351e+00 2.372283575424581278e-02
4.000000000000000222e-01 1.093376808069292272e+00 2.350757642489737995e-02
4.000000000000000222e-01 1.100910856417203210e+00 2.329172950243543067e-02
4.000000000000000222e-01 1.108496819058603533e+00 2.307623411651995096e-02
4.000000000000000222e-01 1.116135053715364034e+00 2.286049309009784841e-02
4.000000000000000222e-01 1.123825920574281989e+00 2.264523496393065077e-02
4.000000000000000222e-01 1.131569782304066907e+00 2.216573734519125885e-02
4.000000000000000222e-01 1.139367004072441514e+00 2.196999844076042915e-02
4.000000000000000222e-01 1.174424450351593485e+00 2.107602128680136772e-02
4.000000000000000222e-01 1.272585299933219227e+00 1.873894081821253499e-02
4.000000000000000222e-01 1.370746149514844969e+00 1.637449596209252303e-02
4.000000000000000222e-01 1.468906999096470711e+00 1.466531457512088542e-02
4.000000000000000222e-01 1.567067848678096453e+00 1.295447673313794741e-02
4.000000000000000222e-01 1.665228698259722195e+00 1.155286004462520791e-02
4.000000000000000222e-01 1.763389547841347937e+00 1.012184421849171741e-02
4.000000000000000222e-01 1.861550397422973457e+00 9.042279920216675718e-03
4.000000000000000222e-01 1.959711247004599421e+00 8.013201195416002134e-03
4.000000000000000222e-01 2.057872096586224941e+00 6.995509808177556577e-03
4.000000000000000222e-01 2.156032946167850906e+00 6.195852095141208236e-03
4.000000000000000222e-01 2.254193795749476426e+00 5.420122213486703450e-03
4.000000000000000222e-01 2.352354645331102390e+00 4.775426386471685533e-03
4.000000000000000222e-01 2.450515494912727910e+00 4.166984162983338076e-03
4.000000000000000222e-01 2.548676344494353874e+00 3.610878045461069462e-03
4.000000000000000222e-01 2.646837194075979394e+00 3.144231576568106996e-03
4.000000000000000222e-01 2.744998043657605358e+00 2.695945952594474160e-03
4.000000000000000222e-01 2.843158893239230878e+00 2.342903933061941425e-03
4.000000000000000222e-01 2.941319742820856842e+00 2.004803068188880204e-03
4.000000000000000222e-01 3.039480592402482362e+00 1.725377467940846172e-03
4.000000000000000222e-01 3.137641441984108326e+00 1.470640625468049370e-03
4.000000000000000222e-01 3.235802291565733846e+00 1.239000228418948120e-03
4.000000000000000222e-01 3.333963141147359810e+00 1.049733190422146327e-03
4.000000000000000222e-01 3.432123990728985330e+00 8.792314510380836844e-04
4.000000000000000222e-01 3.530284840310611294e+00 7.347945965301233518e-04
4.000000000000000222e-01 3.628445689892236814e+00 5.981217619278817507e-04
4.000000000000000222e-01 3.726606539473862778e+00 5.051370848239618858e-04
4.000000000000000222e-01 3.824767389055488298e+00 3.937208252256737292e-04
4.000000000000000222e-01 3.922928238637113818e+00 3.116402910512632409e-04
4.000000000000000222e-01 4.021089088218739782e+00 2.473446061270819386e-04
4.000000000000000222e-01 4.119249937800365302e+00 1.813013969819420067e-04
4.000000000000000222e-01 4.217410787381990822e+00 1.315730341967165395e-04
4.000000000000000222e-01 4.315571636963616342e+00 8.427497927080759160e-05
4.000000000000000222e-01 4.413732486545242750e+00 5.117796947755049982e-05
4.000000000000000222e-01 4.511893336126868270e+00 1.550798515038136910e-05
4.000000000000000222e-01 4.557468016289766055e+00 0.000000000000000000e+00
5.000000000000000000e-01 8.127021517069997758e-01 7.068003709465807416e-02
5.000000000000000000e-01 9.293978452854407823e-01 5.784791494867146111e-02
5.000000000000000000e-01 1.000000000000000000e+00 5.337111369744390599e-02
5.000000000000000000e-01 1.016098471009074800e+00 5.238599761288326162e-02
5.000000000000000000e-01 1.032456102786979635e+00 5.140123204123656780e-02
5.000000000000000000e-01 1.046093538863881900e+00 5.059129785663747658e-02
5.000000000000000000e-01 1.049077067425838061e+00 5.041708138167013548e-02
5.000000000000000000e-01 1.065965604182077975e+00 4.943708433157233129e-02
5.000000000000000000e-01 1.083126020557674041e+00 4.845109995736814751e-02
5.000000000000000000e-01 1.100562693398796199e+00 4.745908801916408348e-02
5.000000000000000000e-01 1.118280070012146021e+00 4.564838439036374845e-02
5.000000000000000000e-01 1.136282669299262693e+00 4.482329060066789911e-02
5.000000000000000000e-01 1.154575082909090833e+00 4.399159150405371199e-02
5.000000000000000000e-01 1.162789232442322795e+00 4.362178703163811094e-02
5.000000000000000000e-01 1.173161976409103024e+00 4.315678681367617064e-02
5.000000000000000000e-01 1.192048090475273714e+00 4.231860536119987776e-02
5.000000000000000000e-01 1.211238242101212892e+00 4.147980494648002836e-02
5.000000000000000000e-01 1.230737325826761985e+00 4.064164901802973934e-02
5.000000000000000000e-01 1.250550314986370148e+00 3.980269611993202811e-02
5.000000000000000000e-01 1.270682262977567589e+00 3.896703607685100823e-02
5.000000000000000000e-01 1.279484926020763691e+00 3.859645482846103121e-02
5.000000000000000000e-01 1.291138304549857452e+00 3.779295263005454791e-02
5.000000000000000000e-01 1.311923657114359321e+00 3.700490621675931596e-02
5.000000000000000000e-01 1.333043622074534085e+00 3.622134492137604744e-02
5.000000000000000000e-01 1.354503586178332997e+00 3.543966921201322645e-02
5.000000000000000000e-01 1.396180619599204809e+00 3.396041135902930219e-02
5.000000000000000000e-01 1.512876313177645926e+00 3.007819297092326552e-02
5.000000000000000000e-01 1.629572006756086822e+00 2.647893103833416292e-02
5.000000000000000000e-01 1.746267700334527717e+00 2.351680633343424670e-02
5.000000000000000000e-01 1.862963393912968613e+00 2.077290446857808781e-02
5.000000000000000000e-01 1.979659087491409952e+00 1.838026616902819696e-02
5.000000000000000000e-01 2.096354781069850848e+00 1.615460689689341908e-02
5.000000000000000000e-01 2.213050474648291743e+00 1.426026068631565911e-02
5.000000000000000000e-01 2.329746168226732639e+00 1.239337812763784130e-02
5.000000000000000000e-01 2.446441861805173978e+00 1.091291916287375624e-02
5.000000000000000000e-01 2.563137555383614874e+00 9.550944728103400935e-03
5.000000000000000000e-01 2.679833248962055769e+00 8.303265255827274940e-03
5.000000000000000000e-01 2.796528942540496665e+00 7.208969625018765877e-03
5.000000000000000000e-01 2.913224636118937561e+00 6.182355036735432026e-03
5.000000000000000000e-01 3.029920329697378900e+00 5.348917706282685022e-03
5.000000000000000000e-01 3.146616023275819796e+00 4.606920667870119043e-03
5.000000000000000000e-01 3.263311716854260691e+00 3.917567070101698155e-03
5.000000000000000000e-01 3.380007410432702031e+00 3.351640288471945898e-03
5.000000000000000000e-01 3.496703104011142926e+00 2.835675826325918022e-03
5.000000000000000000e-01 3.613398797589583822e+00 2.405038556252494554e-03
5.000000000000000000e-01 3.730094491168024717e+00 1.996923348388478497e-03
5.000000000000000000e-01 3.846790184746465613e+00 1.682624244713863508e-03
5.000000000000000000e-01 3.963485878324906952e+00 1.407540858215954776e-03
5.000000000000000000e-01 4.080181571903348292e+00 1.164316385602764872e-03
5.000000000000000000e-01 4.196877265481789188e+00 9.566677659260439635e-04
5.000000000000000000e-01 4.313572959060230083e+00 7.731403755136185326e-04
5.000000000000000000e-01 4.430268652638670979e+00 6.102138070810282774e-04
5.000000000000000000e-01 4.546964346217111874e+00 4.959015767498553204e-04
5.000000000000000000e-01 4.663660039795552770e+00 3.870775815669494856e-04
5.000000000000000000e-01 4.780355733373993665e+00 3.005377057679076299e-04
5.000000000000000000e-01 4.897051426952434561e+00 2.197329600372795351e-04
5.000000000000000000e-01 5.013747120530875456e+00 1.578577440621921118e-04
5.000000000000000000e-01 5.130442814109317240e+00 9.914445626495170820e-05
5.000000000000000000e-01 5.247138507687758135e+00 5.921951226295623250e-05
5.000000000000000000e-01 5.363834201266199031e+00 2.342340204833893587e-05
5.000000000000000000e-01 5.418014344713331987e+00 0.000000000000000000e+00
6.000000000000000888e-01 9.693056762234611989e-01 1.010728000127829318e-01
6.000000000000000888e-01 1.000000000000000000e+00 9.829732633033766431e-02
6.000000000000000888e-01 1.025566103172093291e+00 9.599173410926697958e-02
6.000000000000000888e-01 1.051785831975592611e+00 9.365763658888157095e-02
6.000000000000000888e-01 1.078675897070826561e+00 9.129671726073379512e-02
6.000000000000000888e-01 1.106253436344589502e+00 8.891301374254770296e-02
6.000000000000000888e-01 1.108488029732471070e+00 8.872106770499142703e-02
6.000000000000000888e-01 1.134536025832658002e+00 8.653482300644500802e-02
6.000000000000000888e-01 1.163541690921552352e+00 8.417180696230405768e-02
6.000000000000000888e-01 1.193288917836684560e+00 8.181495109680957112e-02
6.000000000000000888e-01 1.223796665424212726e+00 7.949828001087591578e-02
6.000000000000000888e-01 1.247670383241480829e+00 7.690667106020808441e-02
6.000000000000000888e-01 1.255084377234111814e+00 7.641628303529668376e-02
6.000000000000000888e-01 1.287171993912161527e+00 7.435257701625098969e-02
6.000000000000000888e-01 1.320079965908748765e+00 7.228606286394771707e-02
6.000000000000000888e-01 1.353829266512585283e+00 7.021588481535265269e-02
6.000000000000000888e-01 1.386852736750490589e+00 6.824181084348267257e-02
6.000000000000000888e-01 1.388441405217645253e+00 6.814831644043906067e-02
6.000000000000000888e-01 1.423938441431845892e+00 6.608765570326852190e-02
6.000000000000000888e-01 1.460342998536201975e+00 6.376420658479531323e-02
6.000000000000000888e-01 1.497678278303422594e+00 6.178134609297240842e-02
6.000000000000000888e-01 1.526035090259500571e+00 6.032422998492046468e-02
6.000000000000000888e-01 1.535968075685130829e+00 5.981917279497675488e-02
6.000000000000000888e-01 1.575236793977138339e+00 5.786792215544597079e-02
6.000000000000000888e-01 1.615509460372435369e+00 5.592570753939718475e-02
6.000000000000000888e-01 1.665217443768510108e+00 5.360618920269768356e-02
6.000000000000000888e-01 1.804399797277520090e+00 4.739899351564696300e-02
6.000000000000000888e-01 1.943582150786530072e+00 4.214310611872897766e-02
6.000000000000000888e-01 2.082764504295539609e+00 3.728123387155299340e-02
6.000000000000000888e-01 2.221946857804549591e+00 3.296226476575332687e-02
6.000000000000000888e-01 2.361129211313559129e+00 2.898905172614904199e-02
6.000000000000000888e-01 2.500311564822569110e+00 2.548805807235215645e-02
6.000000000000000888e-01 2.639493918331579092e+00 2.217399277711502165e-02
6.000000000000000888e-01 2.778676271840588630e+00 1.939062032282209969e-02
6.000000000000000888e-01 2.917858625349598611e+00 1.686160570270413619e-02
6.000000000000000888e-01 3.057040978858608149e+00 1.457060666170324238e-02
6.000000000000000888e-01 3.196223332367618131e+00 1.255452647129825378e-02
6.000000000000000888e-01 3.335405685876628112e+00 1.070900143753032892e-02
6.000000000000000888e-01 3.474588039385637650e+00 9.174522309455123911e-03
6.000000000000000888e-01 3.613770392894647632e+00 7.816962309817990923e-03
6.000000000000000888e-01 3.752952746403657169e+00 6.593241056451966918e-03
6.000000000000000888e-01 3.892135099912667151e+00 5.580523512911753428e-03
6.000000000000000888e-01 4.031317453421677577e+00 4.670888552474221529e-03
6.000000000000000888e-01 4.170499806930687114e+00 3.915514996388823159e-03
6.000000000000000888e-01 4.309682160439696652e+00 3.223957548830276749e-03
6.000000000000000888e-01 4.448864513948707078e+00 2.691562972845437229e-03
6.000000000000000888e-01 4.588046867457716615e+00 2.218350896392834101e-03
6.000000000000000888e-01 4.727229220966726153e+00 1.818650732991147377e-03
6.000000000000000888e-01 4.866411574475736579e+00 1.481869631775196419e-03
6.000000000000000888e-01 5.005593927984746117e+00 1.187808329267672205e-03
6.000000000000000888e-01 5.144776281493755654e+00 9.619456509617384720e-04
6.000000000000000888e-01 5.283958635002766080e+00 7.542749068423870804e-04
6.000000000000000888e-01 5.423140988511775618e+00 5.986743177085378578e-04
6.000000000000000888e-01 5.562323342020785155e+00 4.625322863773130675e-04
6.000000000000000888e-01 5.701505695529795581e+00 3.386554575297360918e-04
6.000000000000000888e-01 5.840688049038805119e+00 2.557237446903961177e-04
6.000000000000000888e-01 5.979870402547814656e+00 1.815771438592497485e-04
6.000000000000000888e-01 6.119052756056825082e+00 1.143308624802198231e-04
6.000000000000000888e-01 6.258235109565834620e+00 6.257225119324563028e-05
6.000000000000000888e-01 6.397417463074844157e+00 1.968392877199757441e-05
6.000000000000000888e-01 6.462037841489741474e+00 0.000000000000000000e+00
7.000000000000000666e-01 1.000000000000000000e+00 1.540430284256420479e-01
7.000000000000000666e-01 1.034323105226646833e+00 1.503859483069941994e-01
7.000000000000000666e-01 1.069824286005693237e+00 1.465800692290223917e-01
7.000000000000000666e-01 1.106543977548289037e+00 1.425939364836761314e-01
7.000000000000000666e-01 1.139251344250723053e+00 1.391509459425784023e-01
7.000000000000000666e-01 1.144524002927591377e+00 1.386047517899258730e-01
7.000000000000000666e-01 1.183807620714498299e+00 1.346060255719368492e-01
7.000000000000000666e-01 1.224439574248388451e+00 1.306235809596170694e-01
7.000000000000000666e-01 1.266466142598986711e+00 1.267319153419777245e-01
7.000000000000000666e-01 1.302836152655955093e+00 1.223389651527471700e-01
7.000000000000000666e-01 1.309935193277397270e+00 1.217762906759731895e-01
7.000000000000000666e-01 1.354896236756345518e+00 1.182309426889859710e-01
7.000000000000000666e-01 1.401400482861721475e+00 1.146436963752696381e-01
7.000000000000000666e-01 1.449500899099658069e+00 1.110067674490664014e-01
7.000000000000000666e-01 1.466420961061187134e+00 1.097325212812327588e-01
7.000000000000000666e-01 1.499252270985574897e+00 1.073385399297751841e-01
7.000000000000000666e-01 1.550711264443902282e+00 1.034367361886791292e-01
7.000000000000000666e-01 1.603936490349556987e+00 9.993098945578422765e-02
7.000000000000000666e-01 1.630005769466419174e+00 9.825156718582699067e-02
7.000000000000000666e-01 1.658988571284683466e+00 9.640528010188431640e-02
7.000000000000000666e-01 1.715930210586692262e+00 9.283498922944949383e-02
7.000000000000000666e-01 1.774826263766241752e+00 8.924694983729508646e-02
7.000000000000000666e-01 1.793590577871651215e+00 8.813265455182944796e-02
7.000000000000000666e-01 1.835743812376507078e+00 8.529833096945127480e-02
7.000000000000000666e-01 1.898752240417871828e+00 8.192857881523371577e-02
7.000000000000000666e-01 1.957175386276883255e+00 7.885289529174660528e-02
7.000000000000000666e-01 2.120760194682115518e+00 7.059515932610264943e-02
7.000000000000000666e-01 2.284345003087347337e+00 6.286353240488092020e-02
7.000000000000000666e-01 2.447929811492579155e+00 5.563495746731140362e-02
7.000000000000000666e-01 2.611514619897811418e+00 4.928893022029073173e-02
7.000000000000000666e-01 2.775099428303043680e+00 4.336331363721199900e-02
7.000000000000000666e-01 2.938684236708275499e+00 3.785110662129624604e-02
7.000000000000000666e-01 3.102269045113507318e+00 3.298253618554821548e-02
7.000000000000000666e-01 3.265853853518739136e+00 2.850919549530240432e-02
7.000000000000000666e-01 3.429438661923971843e+00 2.456419896819113033e-02
7.000000000000000666e-01 3.593023470329203661e+00 2.102887667507719049e-02
7.000000000000000666e-01 3.756608278734435480e+00 1.787782469856851950e-02
7.000000000000000666e-01 3.920193087139667298e+00 1.516577932851821513e-02
7.000000000000000666e-01 4.083777895544900005e+00 1.274312257580927261e-02
7.000000000000000666e-01 4.247362703950131824e+00 1.070927295301882069e-02
7.000000000000000666e-01 4.410947512355363642e+00 8.923491133151061766e-03
7.000000000000000666e-01 4.574532320760595461e+00 7.430487907774590249e-03
7.000000000000000666e-01 4.738117129165828167e+00 6.136893992719651310e-03
7.000000000000000666e-01 4.901701937571059986e+00 5.031472018775952522e-03
7.000000000000000666e-01 5.065286745976291805e+00 4.131871157257461895e-03
7.000000000000000666e-01 5.228871554381523623e+00 3.364523245130585441e-03
7.000000000000000666e-01 5.392456362786755442e+00 2.731003457531258616e-03
7.000000000000000666e-01 5.556041171191988148e+00 2.181440805017244040e-03
7.000000000000000666e-01 5.719625979597219967e+00 1.761892539480026118e-03
7.000000000000000666e-01 5.883210788002451785e+00 1.386055851113896778e-03
7.000000000000000666e-01 6.046795596407684492e+00 1.105811620095653808e-03
7.000000000000000666e-01 6.210380404812916311e+00 8.665090921499788443e-04
7.000000000000000666e-01 6.373965213218148129e+00 6.713105756233710662e-04
7.000000000000000666e-01 6.537550021623379948e+00 5.011359637079991361e-04
7.000000000000000666e-01 6.701134830028611766e+00 3.839937520597489569e-04
7.000000000000000666e-01 6.864719638433844473e+00 2.760472262952051985e-04
7.000000000000000666e-01 7.028304446839076292e+00 1.854195619962287775e-04
7.000000000000000666e-01 7.191889255244308110e+00 1.210024869759391788e-04
7.000000000000000666e-01 7.355474063649540817e+00 6.583740342066257136e-05
7.000000000000000666e-01 7.519058872054772635e+00 2.241424560779278345e-05
7.000000000000000666e-01 7.595008961671487313e+00 0.000000000000000000e+00
8.000000000000000444e-01 1.000000000000000000e+00 1.988269566839403479e-01
8.000000000000000444e-01 1.041438285017426857e+00 1.946014675638518543e-01
8.000000000000000444e-01 1.084593701500039309e+00 1.900933687741726830e-01
8.000000000000000444e-01 1.129537404430903891e+00 1.854301581479134153e-01
8.000000000000000444e-01 1.176343497333556254e+00 1.807096116395230101e-01
8.000000000000000444e-01 1.225089154454460871e+00 1.759610793862208533e-01
8.000000000000000444e-01 1.275854748008503181e+00 1.712428438834317779e-01
8.000000000000000444e-01 1.297742393117250259e+00 1.679299176160380380e-01
8.000000000000000444e-01 1.328723980697317009e+00 1.654576659400759375e-01
8.000000000000000444e-01 1.383784023718942269e+00 1.611330875229326498e-01
8.000000000000000444e-01 1.441125660496369587e+00 1.567143777911670366e-01
8.000000000000000444e-01 1.484084890590496419e+00 1.534725487273491951e-01
8.000000000000000444e-01 1.500843436361945837e+00 1.521898451924962037e-01
8.000000000000000444e-01 1.563035814444446503e+00 1.473347320540191741e-01
8.000000000000000444e-01 1.627805338015841263e+00 1.428801318570408208e-01
8.000000000000000444e-01 1.670427388063742580e+00 1.399942398402114208e-01
8.000000000000000444e-01 1.695258799565430685e+00 1.383299862503522826e-01
8.000000000000000444e-01 1.765507416880123914e+00 1.336011109154056631e-01
8.000000000000000444e-01 1.838667016421183575e+00 1.283786055184981956e-01
8.000000000000000444e-01 1.856769885536988962e+00 1.272989250617949930e-01
8.000000000000000444e-01 1.914858224299786471e+00 1.238366964440223428e-01
8.000000000000000444e-01 1.994206665166284642e+00 1.191254209744883191e-01
8.000000000000000444e-01 2.043112383010234900e+00 1.161717396785440087e-01
8.000000000000000444e-01 2.076843169341097806e+00 1.141800350647132894e-01
8.000000000000000444e-01 2.162903988528750432e+00 1.089979103712206965e-01
8.000000000000000444e-01 2.229454880483481283e+00 1.052699986300662249e-01
8.000000000000000444e-01 2.415797377956727665e+00 9.499251868824901135e-02
8.000000000000000444e-01 2.602139875429973603e+00 8.514124041949078237e-02
8.000000000000000444e-01 2.788482372903219542e+00 7.582354230741439327e-02
8.000000000000000444e-01 2.974824870376465924e+00 6.696352486684936656e-02
8.000000000000000444e-01 3.161167367849712306e+00 5.886775728757345089e-02
8.000000000000000444e-01 3.347509865322958245e+00 5.129435890274400972e-02
8.000000000000000444e-01 3.533852362796204627e+00 4.445287017245172501e-02
8.000000000000000444e-01 3.720194860269450565e+00 3.818974479396140820e-02
8.000000000000000444e-01 3.906537357742696948e+00 3.258381869571538164e-02
8.000000000000000444e-01 4.092879855215942442e+00 2.765589768711878421e-02
8.000000000000000444e-01 4.279222352689188824e+00 2.327218673106357799e-02
8.000000000000000444e-01 4.465564850162435206e+00 1.950747020523807551e-02
8.000000000000000444e-01 4.651907347635681589e+00 1.622931228819355157e-02
8.000000000000000444e-01 4.838249845108927971e+00 1.345058611200383031e-02
8.000000000000000444e-01 5.024592342582174354e+00 1.106933915713683748e-02
8.000000000000000444e-01 5.210934840055420736e+00 9.055332746959215973e-03
8.000000000000000444e-01 5.397277337528666230e+00 7.399597517500580528e-03
8.000000000000000444e-01 5.583619835001912612e+00 5.992326037121323452e-03
8.000000000000000444e-01 5.769962332475158995e+00 4.843282891706809923e-03
8.000000000000000444e-01 5.956304829948405377e+00 3.868144226303299026e-03
8.000000000000000444e-01 6.142647327421650871e+00 3.110714473540824709e-03
8.000000000000000444e-01 6.328989824894897254e+00 2.450395328160302928e-03
8.000000000000000444e-01 6.515332322368143636e+00 1.951026123059746440e-03
8.000000000000000444e-01 6.701674819841390018e+00 1.529552219653503064e-03
8.000000000000000444e-01 6.888017317314635513e+00 1.200327612437735239e-03
8.000000000000000444e-01 7.074359814787881895e+00 9.101216042173372513e-04
8.000000000000000444e-01 7.260702312261128277e+00 7.116672670921678559e-04
8.000000000000000444e-01 7.447044809734374660e+00 5.291809400340550173e-04
8.000000000000000444e-01 7.633387307207621042e+00 3.946186474086886250e-04
8.000000000000000444e-01 7.819729804680866536e+00 2.828558835965132735e-04
8.000000000000000444e-01 8.006072302154112919e+00 1.923054057581576601e-04
8.000000000000000444e-01 8.192414799627359301e+00 1.205161961489074559e-04
8.000000000000000444e-01 8.378757297100605683e+00 6.161508279830976535e-05
8.000000000000000444e-01 8.565099794573852066e+00 2.356458846666022742e-05
8.000000000000000444e-01 8.651615954115001728e+00 0.000000000000000000e+00
9.000000000000000222e-01 1.000000000000000000e+00 2.195509387571453475e-01
9.000000000000000222e-01 1.046100505825168669e+00 2.155906793321392956e-01
9.000000000000000222e-01 1.094326268287673765e+00 2.112615061373443182e-01
9.000000000000000222e-01 1.144775262793504833e+00 2.067839719907011153e-01
9.000000000000000222e-01 1.197549981464425706e+00 2.023429151265174475e-01
9.000000000000000222e-01 1.252757641360856988e+00 1.966824064341533562e-01
9.000000000000000222e-01 1.310510402303937783e+00 1.927917359282489973e-01
9.000000000000000222e-01 1.370925594739294651e+00 1.887694257087411953e-01
9.000000000000000222e-01 1.412687427634612414e+00 1.860161413746318493e-01
9.000000000000000222e-01 1.434125958105446408e+00 1.839930538845969965e-01
9.000000000000000222e-01 1.500239890191112035e+00 1.798538254653946900e-01
9.000000000000000222e-01 1.569401707988017813e+00 1.755831662037836971e-01
9.000000000000000222e-01 1.615534853141120886e+00 1.727841173605229319e-01
9.000000000000000222e-01 1.641751920569149092e+00 1.712053129577119637e-01
9.000000000000000222e-01 1.717437514546829025e+00 1.666701648215351550e-01
9.000000000000000222e-01 1.796612252690558353e+00 1.614673409766942125e-01
9.000000000000000222e-01 1.818382278647629358e+00 1.602665973505859320e-01
9.000000000000000222e-01 1.879436986311288749e+00 1.568777254032281410e-01
9.000000000000000222e-01 1.966079982046769592e+00 1.520018710895456593e-01
9.000000000000000222e-01 2.021229704154137607e+00 1.487259101736498612e-01
9.000000000000000222e-01 2.056717263711864252e+00 1.466937264542944597e-01
9.000000000000000222e-01 2.151532969908338089e+00 1.411581559044109979e-01
9.000000000000000222e-01 2.224077129660646079e+00 1.370748958396209305e-01
9.000000000000000222e-01 2.250719728120639918e+00 1.355681634509935118e-01
9.000000000000000222e-01 2.354479046057687430e+00 1.295861268931924604e-01
9.000000000000000222e-01 2.426924555167154551e+00 1.252662521532310613e-01
9.000000000000000222e-01 2.629771980673663023e+00 1.139377777836257793e-01
9.000000000000000222e-01 2.832619406180171495e+00 1.024174545215191245e-01
9.000000000000000222e-01 3.035466831686679967e+00 9.165855396007940858e-02
9.000000000000000222e-01 3.238314257193188439e+00 8.102266602380085725e-02
9.000000000000000222e-01 3.441161682699696911e+00 7.125008797617310430e-02
9.000000000000000222e-01 3.644009108206205383e+00 6.186033458163497228e-02
9.000000000000000222e-01 3.846856533712713855e+00 5.333204766511800282e-02
9.000000000000000222e-01 4.049703959219222327e+00 4.565773323544660561e-02
9.000000000000000222e-01 4.252551384725730799e+00 3.869922555918327983e-02
9.000000000000000222e-01 4.455398810232239271e+00 3.260364949471203366e-02
9.000000000000000222e-01 4.658246235738747743e+00 2.726411085451859243e-02
9.000000000000000222e-01 4.861093661245256214e+00 2.265645145267722663e-02
9.000000000000000222e-01 5.063941086751764686e+00 1.866168920615966786e-02
9.000000000000000222e-01 5.266788512258273158e+00 1.531446709545325295e-02
9.000000000000000222e-01 5.469635937764781630e+00 1.251600096922911992e-02
9.000000000000000222e-01 5.672483363271290102e+00 1.013937059827764095e-02
9.000000000000000222e-01 5.875330788777798574e+00 8.192846281651660484e-03
9.000000000000000222e-01 6.078178214284307046e+00 6.561316640762993209e-03
9.000000000000000222e-01 6.281025639790815518e+00 5.273209075577385552e-03
9.000000000000000222e-01 6.483873065297323990e+00 4.162211109014887257e-03
9.000000000000000222e-01 6.686720490803832462e+00 3.315453986462215622e-03
9.000000000000000222e-01 6.889567916310340934e+00 2.605938768582127547e-03
9.000000000000000222e-01 7.092415341816849406e+00 2.060770846988740392e-03
9.000000000000000222e-01 7.295262767323357878e+00 1.574885487247718995e-03
9.000000000000000222e-01 7.498110192829866349e+00 1.235464740991072674e-03
9.000000000000000222e-01 7.700957618336374821e+00 9.481135223768208300e-04
9.000000000000000222e-01 7.903805043842883293e+00 7.235752345487174268e-04
9.000000000000000222e-01 8.106652469349391765e+00 5.325529690403597209e-04
9.000000000000000222e-01 8.309499894855900237e+00 3.941899299558212014e-04
9.000000000000000222e-01 8.512347320362408709e+00 2.784356111375812961e-04
9.000000000000000222e-01 8.715194745868917181e+00 1.938339381461613405e-04
9.000000000000000222e-01 8.918042171375425653e+00 1.138695676145629672e-04
9.000000000000000222e-01 9.120889596881934125e+00 6.503623394591654533e-05
9.000000000000000222e-01 9.323737022388442597e+00 2.297733581273850442e-05
9.000000000000000222e-01 9.417916184230749721e+00 0.000000000000000000e+00
1.000000000000000000e+00 1.000000000000000000e+00 2.237019228226561074e-01
1.000000000000000000e+00 1.047718025683969101e+00 2.199383500047223661e-01
1.000000000000000000e+00 1.097713061343114083e+00 2.116179549754919065e-01
1.000000000000000000e+00 1.150093761397913195e+00 2.091164679023740924e-01
1.000000000000000000e+00 1.204973965043271367e+00 2.061540830724680196e-01
1.000000000000000000e+00 1.262472943655720270e+00 2.028437551615457635e-01
1.000000000000000000e+00 1.322715660006400062e+00 1.978198786255461750e-01
1.000000000000000000e+00 1.385833039843173742e+00 1.946157942117118789e-01
1.000000000000000000e+00 1.451962256432103082e+00 1.911117635165048290e-01
1.000000000000000000e+00 1.454772732283427406e+00 1.909591997240437100e-01
1.000000000000000000e+00 1.521247028676683932e+00 1.873646998862596447e-01
1.000000000000000000e+00 1.593837933462739720e+00 1.812324446524327115e-01
1.000000000000000000e+00 1.663663175893355550e+00 1.781672587022843091e-01
1.000000000000000000e+00 1.669892732907799049e+00 1.778818184378528622e-01
1.000000000000000000e+00 1.749576717226166700e+00 1.740713935623912356e-01
1.000000000000000000e+00 1.833063063954839311e+00 1.698755993930143871e-01
1.000000000000000000e+00 1.872553619503283473e+00 1.678252126889938078e-01
1.000000000000000000e+00 1.920533214320971238e+00 1.646429535179990966e-01
1.000000000000000000e+00 2.012177267568854955e+00 1.599988879357354954e-01
1.000000000000000000e+00 2.081444063113211840e+00 1.563663808274381450e-01
1.000000000000000000e+00 2.108194394103404701e+00 1.549408936359593369e-01
1.000000000000000000e+00 2.208793268348030470e+00 1.484056901246399163e-01
1.000000000000000000e+00 2.290334506723139540e+00 1.444730592785833378e-01
1.000000000000000000e+00 2.314192522257640050e+00 1.432027239187664558e-01
1.000000000000000000e+00 2.424621220472379157e+00 1.372209086355961338e-01
1.000000000000000000e+00 2.499224950333067685e+00 1.330986055825674752e-01
1.000000000000000000e+00 2.708115393942995830e+00 1.207605108365426699e-01
1.000000000000000000e+00 2.917005837552923531e+00 1.093170337381066531e-01
1.000000000000000000e+00 3.125896281162852119e+00 9.764434786310961789e-02
1.000000000000000000e+00 3.334786724772779820e+00 8.662521239675957663e-02
1.000000000000000000e+00 3.543677168382707965e+00 7.568298867282009790e-02
1.000000000000000000e+00 3.752567611992636110e+00 6.594996743175096654e-02
1.000000000000000000e+00 3.961458055602564254e+00 5.659311288064872852e-02
1.000000000000000000e+00 4.170348499212492399e+00 4.846688936553002203e-02
1.000000000000000000e+00 4.379238942822420100e+00 4.097918013700908857e-02
1.000000000000000000e+00 4.588129386432347800e+00 3.452931695786588817e-02
1.000000000000000000e+00 4.797019830042276389e+00 2.856957639462046061e-02
1.000000000000000000e+00 5.005910273652204978e+00 2.376996793943048428e-02
1.000000000000000000e+00 5.214800717262132679e+00 1.949234666828919896e-02
1.000000000000000000e+00 5.423691160872060379e+00 1.602491556482191562e-02
1.000000000000000000e+00 5.632581604481988080e+00 1.284559368772057730e-02
1.000000000000000000e+00 5.841472048091917557e+00 1.047248586859509702e-02
1.000000000000000000e+00 6.050362491701845258e+00 8.673635322389117858e-03
1.000000000000000000e+00 6.259252935311772958e+00 6.716751446049219233e-03
1.000000000000000000e+00 6.468143378921700659e+00 5.415692395388567969e-03
1.000000000000000000e+00 6.677033822531628360e+00 4.269453358678797043e-03
1.000000000000000000e+00 6.885924266141557837e+00 3.424771910290213064e-03
1.000000000000000000e+00 7.094814709751485537e+00 2.597739570739080513e-03
1.000000000000000000e+00 7.303705153361413238e+00 2.080536108165397229e-03
1.000000000000000000e+00 7.512595596971340939e+00 1.601062563548553194e-03
1.000000000000000000e+00 7.721486040581268639e+00 1.279593132412101776e-03
1.000000000000000000e+00 7.930376484191198116e+00 9.174679851492881450e-04
1.000000000000000000e+00 8.139266927801125817e+00 7.342577992192401461e-04
1.000000000000000000e+00 8.348157371411053518e+00 5.100121120895127020e-04
1.000000000000000000e+00 8.557047815020981218e+00 3.761606848677671562e-04
1.000000000000000000e+00 8.765938258630908919e+00 3.018530342546537856e-04
1.000000000000000000e+00 8.974828702240838396e+00 1.814591815626670262e-04
1.000000000000000000e+00 9.183719145850766097e+00 1.198670497712631025e-04
1.000000000000000000e+00 9.392609589460693797e+00 5.507216723069252747e-05
1.000000000000000000e+00 9.601500033070621498e+00 8.479128734976237763e-06
1.000000000000000000e+00 9.698484881889516629e+00 0.000000000000000000e+00
