# mx [GeV]: 30.0
# sigma_p [cm^2]: 1.89287203344e-32
# depth [m]: 0.3
# loc: MPI
# Columns: gamma/pi, v [km/s], f(v, gamma) [s/km]
0.000000000000000000e+00 1.000000000000000000e+00 4.388846141322702215e-08
0.000000000000000000e+00 1.281237836930960494e+00 7.196021973111547346e-08
0.000000000000000000e+00 1.641570394783526732e+00 1.179466626805616533e-07
0.000000000000000000e+00 2.103242101782348605e+00 1.932378435251616573e-07
0.000000000000000000e+00 2.694753361029743388e+00 3.164044736321675032e-07
0.000000000000000000e+00 3.452619967348184549e+00 5.176852282275519334e-07
0.000000000000000000e+00 4.423627338709830603e+00 8.462515093451755796e-07
0.000000000000000000e+00 5.667718722837245870e+00 1.381494684022321663e-06
0.000000000000000000e+00 7.261695676781099174e+00 2.251504242297335133e-06
0.000000000000000000e+00 9.303959261369923794e+00 3.661468889180690468e-06
0.000000000000000000e+00 1.192058463893137876e+01 5.936741479204550476e-06
0.000000000000000000e+00 1.527310407773687295e+01 9.586986181304041230e-06
0.000000000000000000e+00 1.956847883178101810e+01 1.539722373429972140e-05
0.000000000000000000e+00 2.507187549046041042e+01 2.454182156234822657e-05
0.000000000000000000e+00 3.212303552119985994e+01 3.871077783438776773e-05
0.000000000000000000e+00 4.115724854683853096e+01 6.015203295871019280e-05
0.000000000000000000e+00 5.273222410218130562e+01 9.151914229988871244e-05
0.000000000000000000e+00 6.654518031139778600e+01 1.320973187797216334e-04
0.000000000000000000e+00 6.756252074523742124e+01 1.351421377679080178e-04
0.000000000000000000e+00 7.610038568944464998e+01 1.606482430474788145e-04
0.000000000000000000e+00 8.565559106749151397e+01 1.886693350858260627e-04
0.000000000000000000e+00 8.656365793723117008e+01 1.912665132771835272e-04
0.000000000000000000e+00 9.521079644553836374e+01 2.154239217590896431e-04
0.000000000000000000e+00 1.047660018235852419e+02 2.403202252143594531e-04
0.000000000000000000e+00 1.109086338523296291e+02 2.551027965179494144e-04
0.000000000000000000e+00 1.143212072016320917e+02 2.628347750428635852e-04
0.000000000000000000e+00 1.238764125796789557e+02 2.823744584127147470e-04
0.000000000000000000e+00 1.334316179577258197e+02 2.991659546355843950e-04
0.000000000000000000e+00 1.429868233357726695e+02 3.109335089608806016e-04
0.000000000000000000e+00 1.525420287138195476e+02 3.214628873649952377e-04
0.000000000000000000e+00 1.620972340918664258e+02 3.291140249073859752e-04
0.000000000000000000e+00 1.716524394699132756e+02 3.325276290309876130e-04
0.000000000000000000e+00 1.812076448479601254e+02 3.327814281212591852e-04
0.000000000000000000e+00 1.907628502260070036e+02 3.298026928762767232e-04
0.000000000000000000e+00 2.003180556040538534e+02 3.242117858488567758e-04
0.000000000000000000e+00 2.098732609821007316e+02 3.161703179638394520e-04
0.000000000000000000e+00 2.194284663601475813e+02 3.058313013576081994e-04
0.000000000000000000e+00 2.289836717381944311e+02 2.939302066058711643e-04
0.000000000000000000e+00 2.385388771162413093e+02 2.802739625683264694e-04
0.000000000000000000e+00 2.480940824942881591e+02 2.655620883490965962e-04
0.000000000000000000e+00 2.576492878723350373e+02 2.495796106626492353e-04
0.000000000000000000e+00 2.672044932503819155e+02 2.333304762647098434e-04
0.000000000000000000e+00 2.767596986284287368e+02 2.168499499859664892e-04
0.000000000000000000e+00 2.863149040064756150e+02 2.002592289936401797e-04
0.000000000000000000e+00 2.958701093845224932e+02 1.837451736135020436e-04
0.000000000000000000e+00 3.054253147625693146e+02 1.675760535930771158e-04
0.000000000000000000e+00 3.149805201406161927e+02 1.514174187374775168e-04
0.000000000000000000e+00 3.245357255186630709e+02 1.343887101175207633e-04
0.000000000000000000e+00 3.340909308967098923e+02 1.182537635815073982e-04
0.000000000000000000e+00 3.436461362747568273e+02 1.037324263401292996e-04
0.000000000000000000e+00 3.532013416528036487e+02 9.021871597262195151e-05
0.000000000000000000e+00 3.627565470308504700e+02 7.733662102435461460e-05
0.000000000000000000e+00 3.723117524088974051e+02 6.579735113191266982e-05
0.000000000000000000e+00 3.818669577869442264e+02 5.602620176954445396e-05
0.000000000000000000e+00 3.914221631649910478e+02 4.516080213549296418e-05
0.000000000000000000e+00 4.009773685430379828e+02 3.615277849053977535e-05
0.000000000000000000e+00 4.105325739210848042e+02 2.869421855630906415e-05
0.000000000000000000e+00 4.200877792991317392e+02 1.688122717565779843e-05
0.000000000000000000e+00 4.296429846771785606e+02 1.555260509063600274e-05
0.000000000000000000e+00 4.391981900552254388e+02 7.501232027425323715e-06
0.000000000000000000e+00 4.436345354093186302e+02 0.000000000000000000e+00
1.000000000000000056e-01 1.000000000000000000e+00 4.389751346330288900e-08
1.000000000000000056e-01 1.290898452712104127e+00 7.306491259912224364e-08
1.000000000000000056e-01 1.666418815214504301e+00 1.215717492966010945e-07
1.000000000000000056e-01 2.151177470130741565e+00 2.021958706116761321e-07
1.000000000000000056e-01 2.776951667700912729e+00 3.360793080935850244e-07
1.000000000000000056e-01 3.584762611091404594e+00 5.581783739621942897e-07
1.000000000000000056e-01 4.627564507998096488e+00 9.261451899792829904e-07
1.000000000000000056e-01 5.973715863200193432e+00 1.534551552563724889e-06
1.000000000000000056e-01 7.711460564746879243e+00 2.538126989475360674e-06
1.000000000000000056e-01 9.954712511182153278e+00 4.188048243628594324e-06
1.000000000000000056e-01 1.285052297787886388e+01 6.888571216712146529e-06
1.000000000000000056e-01 1.658872022868517249e+01 1.127908075640351570e-05
1.000000000000000056e-01 2.141435327568366986e+01 1.835759134379696890e-05
1.000000000000000056e-01 2.764375550941042192e+01 2.962326630225408335e-05
1.000000000000000056e-01 3.568528121424962762e+01 4.722640856055166703e-05
1.000000000000000056e-01 4.606607430407115089e+01 7.399663077057273765e-05
1.000000000000000056e-01 5.946662404164626281e+01 1.131181603651602077e-04
1.000000000000000056e-01 7.675395711787471953e+01 1.668383337804691291e-04
1.000000000000000056e-01 7.676537296337356509e+01 1.668935727234587354e-04
1.000000000000000056e-01 8.777503813992852599e+01 2.008305810489731912e-04
1.000000000000000056e-01 9.879611916198233246e+01 2.332175508995349474e-04
1.000000000000000056e-01 9.909630118028650259e+01 2.340727892450747221e-04
1.000000000000000056e-01 1.098172001840361389e+02 2.631233824972640406e-04
1.000000000000000056e-01 1.208382812060899454e+02 2.898816988647179662e-04
1.000000000000000056e-01 1.279232618631245515e+02 3.050697721000160184e-04
1.000000000000000056e-01 1.318593622281437661e+02 3.128430180383287920e-04
1.000000000000000056e-01 1.428804432501975725e+02 3.317346800499780600e-04
1.000000000000000056e-01 1.539015242722513790e+02 3.460932245228000455e-04
1.000000000000000056e-01 1.649226052943051855e+02 3.551024344398570707e-04
1.000000000000000056e-01 1.759436863163589919e+02 3.607695251235062441e-04
1.000000000000000056e-01 1.869647673384127984e+02 3.622380524341465668e-04
1.000000000000000056e-01 1.979858483604666048e+02 3.598372586642792359e-04
1.000000000000000056e-01 2.090069293825204113e+02 3.531287906340553205e-04
1.000000000000000056e-01 2.200280104045742178e+02 3.434617181670781986e-04
1.000000000000000056e-01 2.310490914266280242e+02 3.304007664424364350e-04
1.000000000000000056e-01 2.420701724486818307e+02 3.155131284289321614e-04
1.000000000000000056e-01 2.530912534707356372e+02 2.985400099478962102e-04
1.000000000000000056e-01 2.641123344927894436e+02 2.800947774031710717e-04
1.000000000000000056e-01 2.751334155148432501e+02 2.608296612407952656e-04
1.000000000000000056e-01 2.861544965368970566e+02 2.405700083711988441e-04
1.000000000000000056e-01 2.971755775589508630e+02 2.207516743001430805e-04
1.000000000000000056e-01 3.081966585810046695e+02 2.008025248778771434e-04
1.000000000000000056e-01 3.192177396030584760e+02 1.796499055988264656e-04
1.000000000000000056e-01 3.302388206251122824e+02 1.588022507681220220e-04
1.000000000000000056e-01 3.412599016471660889e+02 1.392067107027436263e-04
1.000000000000000056e-01 3.522809826692198953e+02 1.208935143888439478e-04
1.000000000000000056e-01 3.633020636912737018e+02 1.039773064964940756e-04
1.000000000000000056e-01 3.743231447133275083e+02 8.816480845326793176e-05
1.000000000000000056e-01 3.853442257353813147e+02 7.356329144312874523e-05
1.000000000000000056e-01 3.963653067574351212e+02 6.026080900541299663e-05
1.000000000000000056e-01 4.073863877794889277e+02 4.919369589921565469e-05
1.000000000000000056e-01 4.184074688015427341e+02 3.973941574852212313e-05
1.000000000000000056e-01 4.294285498235965406e+02 3.160784797045543368e-05
1.000000000000000056e-01 4.404496308456503471e+02 2.475941557702945189e-05
1.000000000000000056e-01 4.514707118677041535e+02 1.881764876069896386e-05
1.000000000000000056e-01 4.624917928897579600e+02 1.376977453020137489e-05
1.000000000000000056e-01 4.735128739118117664e+02 9.584050974947575435e-06
1.000000000000000056e-01 4.845339549338655729e+02 6.069842542079951703e-06
1.000000000000000056e-01 4.955550359559193794e+02 3.197255937610378304e-06
1.000000000000000056e-01 5.065761169779731858e+02 9.000898085963169654e-07
1.000000000000000056e-01 5.116930474524981491e+02 0.000000000000000000e+00
2.000000000000000111e-01 1.000000000000000000e+00 4.392377150668446148e-08
2.000000000000000111e-01 1.299865640837547742e+00 7.413824131098057550e-08
2.000000000000000111e-01 1.689650684230008748e+00 1.251002681549104887e-07
2.000000000000000111e-01 2.196318869448241173e+00 2.110121796999260334e-07
2.000000000000000111e-01 2.854919434718936611e+00 3.557143930554029967e-07
2.000000000000000111e-01 3.711011680550500458e+00 5.992334938508907239e-07
2.000000000000000111e-01 4.823816576294400527e+00 1.008526378619492934e-06
2.000000000000000111e-01 6.270313425227705295e+00 1.695165333457069159e-06
2.000000000000000111e-01 8.150564978735891586e+00 2.844611889351863074e-06
2.000000000000000111e-01 1.059463936927260441e+01 4.762702157641853020e-06
2.000000000000000111e-01 1.377160769318224887e+01 7.949459654968606153e-06
2.000000000000000111e-01 1.790123965946164120e+01 1.321256868494227147e-05
2.000000000000000111e-01 2.326920636173263190e+01 2.182823247941202165e-05
2.000000000000000111e-01 3.024684183917473490e+01 3.576336874462317716e-05
2.000000000000000111e-01 3.931683045059079973e+01 5.789270766769869935e-05
2.000000000000000111e-01 5.110659700935843119e+01 9.209526936402661300e-05
2.000000000000000111e-01 6.643170947259601178e+01 1.428309209966306713e-04
2.000000000000000111e-01 8.635229660552981557e+01 2.135404310005087933e-04
2.000000000000000111e-01 8.754313022661966670e+01 2.177545252324133778e-04
2.000000000000000111e-01 1.001134258489035176e+02 2.620515955899655998e-04
2.000000000000000111e-01 1.122463833649410248e+02 3.026656445989169171e-04
2.000000000000000111e-01 1.126837214711873685e+02 3.039971588765643805e-04
2.000000000000000111e-01 1.252540170934712194e+02 3.425692297862401991e-04
2.000000000000000111e-01 1.378243127157550703e+02 3.771172782747363172e-04
2.000000000000000111e-01 1.459052170443660543e+02 3.966850489578639411e-04
2.000000000000000111e-01 1.503946083380389211e+02 4.065838866843675512e-04
2.000000000000000111e-01 1.629649039603227720e+02 4.304542801986256770e-04
2.000000000000000111e-01 1.755351995826065945e+02 4.485855695645009659e-04
2.000000000000000111e-01 1.881054952048904738e+02 4.588958231138521595e-04
2.000000000000000111e-01 2.006757908271742963e+02 4.652595816514552840e-04
2.000000000000000111e-01 2.132460864494581756e+02 4.658403231449833996e-04
2.000000000000000111e-01 2.258163820717419981e+02 4.609295023534032919e-04
2.000000000000000111e-01 2.383866776940258490e+02 4.505648477868310037e-04
2.000000000000000111e-01 2.509569733163096998e+02 4.339831793512697114e-04
2.000000000000000111e-01 2.635272689385935792e+02 4.179517018482046728e-04
2.000000000000000111e-01 2.760975645608774016e+02 3.961519264291415944e-04
2.000000000000000111e-01 2.886678601831612241e+02 3.719564049072918870e-04
2.000000000000000111e-01 3.012381558054451034e+02 3.466277567901346964e-04
2.000000000000000111e-01 3.138084514277289827e+02 3.196351557010760811e-04
2.000000000000000111e-01 3.263787470500128052e+02 2.896789442299032777e-04
2.000000000000000111e-01 3.389490426722966276e+02 2.595225962322403779e-04
2.000000000000000111e-01 3.515193382945805070e+02 2.308952551878544403e-04
2.000000000000000111e-01 3.640896339168643294e+02 2.038724467432710273e-04
2.000000000000000111e-01 3.766599295391482087e+02 1.788088340313272640e-04
2.000000000000000111e-01 3.892302251614320312e+02 1.557660040360087225e-04
2.000000000000000111e-01 4.018005207837159105e+02 1.341676358440339238e-04
2.000000000000000111e-01 4.143708164059997330e+02 1.149381893350423170e-04
2.000000000000000111e-01 4.269411120282836123e+02 9.685690507240928026e-05
2.000000000000000111e-01 4.395114076505674348e+02 8.115276572779472767e-05
2.000000000000000111e-01 4.520817032728513141e+02 6.713134598832184627e-05
2.000000000000000111e-01 4.646519988951351365e+02 5.482489229968942737e-05
2.000000000000000111e-01 4.772222945174190158e+02 4.417332901025022222e-05
2.000000000000000111e-01 4.897925901397028383e+02 3.504939527286909224e-05
2.000000000000000111e-01 5.023628857619866608e+02 2.650370066363941967e-05
2.000000000000000111e-01 5.149331813842704832e+02 2.030910615491178371e-05
2.000000000000000111e-01 5.275034770065543626e+02 1.478576370844155745e-05
2.000000000000000111e-01 5.400737726288382419e+02 1.018294019679608060e-05
2.000000000000000111e-01 5.526440682511220075e+02 6.427409485323996102e-06
2.000000000000000111e-01 5.652143638734060005e+02 3.371308623858145449e-06
2.000000000000000111e-01 5.777846594956897661e+02 9.428913697065356295e-07
2.000000000000000111e-01 5.836208681774644447e+02 0.000000000000000000e+00
3.000000000000000444e-01 1.000000000000000000e+00 4.396463370474439794e-08
3.000000000000000444e-01 1.307234407014588706e+00 7.507130768430361079e-08
3.000000000000000444e-01 1.708861794882783336e+00 1.281590024512100143e-07
3.000000000000000444e-01 2.233882935103481238e+00 2.187187656117347739e-07
3.000000000000000444e-01 2.920208634010008186e+00 3.731078719687513073e-07
3.000000000000000444e-01 3.817397202038955495e+00 6.361380796923908803e-07
3.000000000000000444e-01 4.990232967746543125e+00 1.083800098258564684e-06
3.000000000000000444e-01 6.523404234456805284e+00 1.844631810919013671e-06
3.000000000000000444e-01 8.527618466146597243e+00 3.135529540529596649e-06
3.000000000000000444e-01 1.114759626883980559e+01 5.320131996097804057e-06
3.000000000000000444e-01 1.457252139813484426e+01 9.004675567458000392e-06
3.000000000000000444e-01 1.904970136859820684e+01 1.518939874424336982e-05
3.000000000000000444e-01 2.490242507238447445e+01 2.549610297249356347e-05
3.000000000000000444e-01 3.255330687272374490e+01 4.250750198397246086e-05
3.000000000000000444e-01 4.255480280612897559e+01 7.015696623650524591e-05
3.000000000000000444e-01 5.562910241189275951e+01 1.140821088491801133e-04
3.000000000000000444e-01 7.272027670416444778e+01 1.813707419969969731e-04
3.000000000000000444e-01 9.506244779530521782e+01 2.788281893173360669e-04
3.000000000000000444e-01 9.746915109926165144e+01 2.897954989431022468e-04
3.000000000000000444e-01 1.114647215135146041e+02 3.522959876920628221e-04
3.000000000000000444e-01 1.242689025730511645e+02 4.082391867996620211e-04
3.000000000000000444e-01 1.254602919277675710e+02 4.132418982792661929e-04
3.000000000000000444e-01 1.394558623420205095e+02 4.709717191409659482e-04
3.000000000000000444e-01 1.534514327562734763e+02 5.238829275783583438e-04
3.000000000000000444e-01 1.624485851654361568e+02 5.550931192044280052e-04
3.000000000000000444e-01 1.674470031705264432e+02 5.709502454437493909e-04
3.000000000000000444e-01 1.814425735847793817e+02 6.112838550613041051e-04
3.000000000000000444e-01 1.954381439990323486e+02 6.436734945109230839e-04
3.000000000000000444e-01 2.094337144132853155e+02 6.662279352285209585e-04
3.000000000000000444e-01 2.234292848275382539e+02 6.816228012338814346e-04
3.000000000000000444e-01 2.374248552417911924e+02 6.873091634460821780e-04
3.000000000000000444e-01 2.514204256560441877e+02 6.845068316493757576e-04
3.000000000000000444e-01 2.654159960702971262e+02 6.738804293911798042e-04
3.000000000000000444e-01 2.794115664845500646e+02 6.558373151407560905e-04
3.000000000000000444e-01 2.934071368988030599e+02 6.311333653914747571e-04
3.000000000000000444e-01 3.074027073130559984e+02 6.006079068879503335e-04
3.000000000000000444e-01 3.213982777273089368e+02 5.620778284374836715e-04
3.000000000000000444e-01 3.353938481415619322e+02 5.221704199103084252e-04
3.000000000000000444e-01 3.493894185558148706e+02 4.799512992536389584e-04
3.000000000000000444e-01 3.633849889700678091e+02 4.369181077772222666e-04
3.000000000000000444e-01 3.773805593843207475e+02 3.944192836898768937e-04
3.000000000000000444e-01 3.913761297985737428e+02 3.513217421061117299e-04
3.000000000000000444e-01 4.053717002128266813e+02 3.104681121805179635e-04
3.000000000000000444e-01 4.193672706270796198e+02 2.718191322464972486e-04
3.000000000000000444e-01 4.333628410413326151e+02 2.352977014284232725e-04
3.000000000000000444e-01 4.473584114555855535e+02 2.013513875010058420e-04
3.000000000000000444e-01 4.613539818698384920e+02 1.704936950487183367e-04
3.000000000000000444e-01 4.753495522840914305e+02 1.427793564163155112e-04
3.000000000000000444e-01 4.893451226983444258e+02 1.183514952830199112e-04
3.000000000000000444e-01 5.033406931125973642e+02 9.694014186102037085e-05
3.000000000000000444e-01 5.173362635268503027e+02 7.804931179387821633e-05
3.000000000000000444e-01 5.313318339411033548e+02 6.203352823952875902e-05
3.000000000000000444e-01 5.453274043553562933e+02 4.843306734064139302e-05
3.000000000000000444e-01 5.593229747696092318e+02 3.701430073758283517e-05
3.000000000000000444e-01 5.733185451838621702e+02 2.749980305166476317e-05
3.000000000000000444e-01 5.873141155981151087e+02 1.969819465512700530e-05
3.000000000000000444e-01 6.013096860123680472e+02 1.339239314673954892e-05
3.000000000000000444e-01 6.153052564266210993e+02 8.300347761274480920e-06
3.000000000000000444e-01 6.293008268408740378e+02 4.289392164014249548e-06
3.000000000000000444e-01 6.432963972551269762e+02 1.181051912824667524e-06
3.000000000000000444e-01 6.497943406617443998e+02 0.000000000000000000e+00
4.000000000000000222e-01 1.000000000000000000e+00 4.401606115708507062e-08
4.000000000000000222e-01 1.312461653610115242e+00 7.578793203161137043e-08
4.000000000000000222e-01 1.722555592196998386e+00 1.304804679357592922e-07
4.000000000000000222e-01 2.260788160970224059e+00 2.245973270633027205e-07
4.000000000000000222e-01 2.967197768209151931e+00 3.865134619872641680e-07
4.000000000000000222e-01 3.894333289452027280e+00 6.649658511347536136e-07
4.000000000000000222e-01 5.111163108783127740e+00 1.143537825088436201e-06
4.000000000000000222e-01 6.708205585624520850e+00 1.965349181795007389e-06
4.000000000000000222e-01 8.804262595665370839e+00 3.375465328527026999e-06
4.000000000000000222e-01 1.155525704512465879e+01 5.791019143653892282e-06
4.000000000000000222e-01 1.516583176933424504e+01 9.920505277547927520e-06
4.000000000000000222e-01 1.990457264235324786e+01 1.696022126866024134e-05
4.000000000000000222e-01 2.612398832458560705e+01 2.890865455908812266e-05
4.000000000000000222e-01 3.428673291537698020e+01 4.905389951973387886e-05
4.000000000000000222e-01 4.500002217900402002e+01 8.267411787414681915e-05
4.000000000000000222e-01 5.906080352154749136e+01 1.378884505596641411e-04
4.000000000000000222e-01 7.751503985343234149e+01 2.260938724734106483e-04
4.000000000000000222e-01 1.017355173856897750e+02 3.607889068125553459e-04
4.000000000000000222e-01 1.051470506386649078e+02 3.808597734778973931e-04
4.000000000000000222e-01 1.202450886790885818e+02 4.713050519652632435e-04
4.000000000000000222e-01 1.335239653789030569e+02 5.521761891839764612e-04
4.000000000000000222e-01 1.353431267195122700e+02 5.631104190634873830e-04
4.000000000000000222e-01 1.504411647599359299e+02 6.532223578503153130e-04
4.000000000000000222e-01 1.655392028003596181e+02 7.393031452149804138e-04
4.000000000000000222e-01 1.752450843977748889e+02 7.913459904188906114e-04
4.000000000000000222e-01 1.806372408407833063e+02 8.194149712029717486e-04
4.000000000000000222e-01 1.957352788812069662e+02 8.911657270390175006e-04
4.000000000000000222e-01 2.108333169216306828e+02 9.524528572176001878e-04
4.000000000000000222e-01 2.259313549620543426e+02 1.000006655940692069e-03
4.000000000000000222e-01 2.410293930024780025e+02 1.035768843922441540e-03
4.000000000000000222e-01 2.561274310429017191e+02 1.058558115248287718e-03
4.000000000000000222e-01 2.712254690833253790e+02 1.066242710128162017e-03
4.000000000000000222e-01 2.863235071237490388e+02 1.059210214371460136e-03
4.000000000000000222e-01 3.014215451641727554e+02 1.037968231086040935e-03
4.000000000000000222e-01 3.165195832045964153e+02 1.003440036165809904e-03
4.000000000000000222e-01 3.316176212450200751e+02 9.593717495877204402e-04
4.000000000000000222e-01 3.467156592854437918e+02 9.058201356252369501e-04
4.000000000000000222e-01 3.618136973258674516e+02 8.439082639325581935e-04
4.000000000000000222e-01 3.769117353662911114e+02 7.782158215366604933e-04
4.000000000000000222e-01 3.920097734067148281e+02 7.110294977946129968e-04
4.000000000000000222e-01 4.071078114471384879e+02 6.419716382272406662e-04
4.000000000000000222e-01 4.222058494875621477e+02 5.714954378715078132e-04
4.000000000000000222e-01 4.373038875279858644e+02 5.041625935030917809e-04
4.000000000000000222e-01 4.524019255684095242e+02 4.390594856089139191e-04
4.000000000000000222e-01 4.674999636088331840e+02 3.780652416126966666e-04
4.000000000000000222e-01 4.825980016492569007e+02 3.209228994471936608e-04
4.000000000000000222e-01 4.976960396896805605e+02 2.709773983398497030e-04
4.000000000000000222e-01 5.127940777301042772e+02 2.247847522354931961e-04
4.000000000000000222e-01 5.278921157705279938e+02 1.843916536897150730e-04
4.000000000000000222e-01 5.429901538109515968e+02 1.493198075424090527e-04
4.000000000000000222e-01 5.580881918513753135e+02 1.192402347486582869e-04
4.000000000000000222e-01 5.731862298917990302e+02 9.352118320097559058e-05
4.000000000000000222e-01 5.882842679322226331e+02 7.224657141781935148e-05
4.000000000000000222e-01 6.033823059726463498e+02 5.455273321469433822e-05
4.000000000000000222e-01 6.184803440130700665e+02 4.017633991682887908e-05
4.000000000000000222e-01 6.335783820534937831e+02 2.847828037007607403e-05
4.000000000000000222e-01 6.486764200939173861e+02 1.912910300130642405e-05
4.000000000000000222e-01 6.637744581343411028e+02 1.183126745461347506e-05
4.000000000000000222e-01 6.788724961747648194e+02 6.072362715778531741e-06
4.000000000000000222e-01 6.939705342151884224e+02 1.588715657139244669e-06
4.000000000000000222e-01 7.009803375910994419e+02 0.000000000000000000e+00
5.000000000000000000e-01 1.000000000000000000e+00 4.407298812567717332e-08
5.000000000000000000e-01 1.315430884880451901e+00 7.626044960302724976e-08
5.000000000000000000e-01 1.730358412897368803e+00 1.319581493142407604e-07
5.000000000000000000e-01 2.276166898237920400e+00 2.283318230402557728e-07
5.000000000000000000e-01 2.994140237084701450e+00 3.950837805358256461e-07
5.000000000000000000e-01 3.938584541524495108e+00 6.835966280937221349e-07
5.000000000000000000e-01 5.180935748634034610e+00 1.182791294270363918e-06
5.000000000000000000e-01 6.815162896334435949e+00 2.046315710573925198e-06
5.000000000000000000e-01 8.964875759329631322e+00 3.540121224203815303e-06
5.000000000000000000e-01 1.179267445293829120e+01 6.123247706175098788e-06
5.000000000000000000e-01 1.551244819073571790e+01 1.058784678569990954e-05
5.000000000000000000e-01 2.040555345020165134e+01 1.829819386377424980e-05
5.000000000000000000e-01 2.684209523147410792e+01 3.159247369929535690e-05
5.000000000000000000e-01 3.530892108238334970e+01 5.444757756856293153e-05
5.000000000000000000e-01 4.644644530357357581e+01 9.354262079894971513e-05
5.000000000000000000e-01 6.109708864523130245e+01 1.596968046195587762e-04
5.000000000000000000e-01 8.036899738021602957e+01 2.695745862826000685e-04
5.000000000000000000e-01 1.057198613408123151e+02 4.459981897713784292e-04
5.000000000000000000e-01 1.097599508888507813e+02 4.764837393502437189e-04
5.000000000000000000e-01 1.255203540934037107e+02 6.015317720323787656e-04
5.000000000000000000e-01 1.390671707529834293e+02 7.128171644835118014e-04
5.000000000000000000e-01 1.412807572979566544e+02 7.310208131577916211e-04
5.000000000000000000e-01 1.570411605025095696e+02 8.632548229577286956e-04
5.000000000000000000e-01 1.728015637070625132e+02 9.941502844421894886e-04
5.000000000000000000e-01 1.829332514814179262e+02 1.075527782856650549e-03
5.000000000000000000e-01 1.885619669116154569e+02 1.119224538268443533e-03
5.000000000000000000e-01 2.043223701161683721e+02 1.235818335667773380e-03
5.000000000000000000e-01 2.200827733207213441e+02 1.339256577039300063e-03
5.000000000000000000e-01 2.358431765252742593e+02 1.425387526549117640e-03
5.000000000000000000e-01 2.516035797298271746e+02 1.493641052841432381e-03
5.000000000000000000e-01 2.673639829343801466e+02 1.541477443465403153e-03
5.000000000000000000e-01 2.831243861389330618e+02 1.567169716413462609e-03
5.000000000000000000e-01 2.988847893434859770e+02 1.571826974725483179e-03
5.000000000000000000e-01 3.146451925480389491e+02 1.554114859360410409e-03
5.000000000000000000e-01 3.304055957525918643e+02 1.511819482651784174e-03
5.000000000000000000e-01 3.461659989571447795e+02 1.455922609797158851e-03
5.000000000000000000e-01 3.619264021616977516e+02 1.379800973574107654e-03
5.000000000000000000e-01 3.776868053662506668e+02 1.292226730642777885e-03
5.000000000000000000e-01 3.934472085708035820e+02 1.197360266279801988e-03
5.000000000000000000e-01 4.092076117753565541e+02 1.093886689122164357e-03
5.000000000000000000e-01 4.249680149799094693e+02 9.896529643530600166e-04
5.000000000000000000e-01 4.407284181844623845e+02 8.826069321844371438e-04
5.000000000000000000e-01 4.564888213890153565e+02 7.759808233468547863e-04
5.000000000000000000e-01 4.722492245935682718e+02 6.770315557760689688e-04
5.000000000000000000e-01 4.880096277981211870e+02 5.814595512529715376e-04
5.000000000000000000e-01 5.037700310026741590e+02 4.922697264906412311e-04
5.000000000000000000e-01 5.195304342072271311e+02 4.141017033866160402e-04
5.000000000000000000e-01 5.352908374117799895e+02 3.426714869322409064e-04
5.000000000000000000e-01 5.510512406163329615e+02 2.806035289121503341e-04
5.000000000000000000e-01 5.668116438208859336e+02 2.257537179586954572e-04
5.000000000000000000e-01 5.825720470254387919e+02 1.794998029161042736e-04
5.000000000000000000e-01 5.983324502299917640e+02 1.404653603436139338e-04
5.000000000000000000e-01 6.140928534345447360e+02 1.080617418380097031e-04
5.000000000000000000e-01 6.298532566390975944e+02 8.134982771061071403e-05
5.000000000000000000e-01 6.456136598436505665e+02 5.953551072784368201e-05
5.000000000000000000e-01 6.613740630482035385e+02 4.223683251063064376e-05
5.000000000000000000e-01 6.771344662527563969e+02 2.843595728354824238e-05
5.000000000000000000e-01 6.928948694573093690e+02 1.754955182489214785e-05
5.000000000000000000e-01 7.086552726618623410e+02 9.206523948873795711e-06
5.000000000000000000e-01 7.244156758664151994e+02 2.556969113389683348e-06
5.000000000000000000e-01 7.317330059256719323e+02 0.000000000000000000e+00
6.000000000000000888e-01 1.000000000000000000e+00 4.412983000906215818e-08
6.000000000000000888e-01 1.316608303102583699e+00 7.652633426064747016e-08
6.000000000000000888e-01 1.733457423798665076e+00 1.327272997160514191e-07
6.000000000000000888e-01 2.282284437248137010e+00 2.302359080792570134e-07
6.000000000000000888e-01 3.004874640122704665e+00 3.994632856836480836e-07
6.000000000000000888e-01 3.956242900967941178e+00 6.932575632377637391e-07
6.000000000000000888e-01 5.208822252505044936e+00 1.203565865128405489e-06
6.000000000000000888e-01 6.857978627033643804e+00 2.090368289092617955e-06
6.000000000000000888e-01 9.029271602852553258e+00 3.632844962017171069e-06
6.000000000000000888e-01 1.188801396328404891e+01 6.317100129747236358e-06
6.000000000000000888e-01 1.565185789145922968e+01 1.099360599479807149e-05
6.000000000000000888e-01 2.060736605887691653e+01 1.914890050422497691e-05
6.000000000000000888e-01 2.713182925819172553e+01 3.338073631212592416e-05
6.000000000000000888e-01 3.572199167969683486e+01 5.821560782662879558e-05
6.000000000000000888e-01 4.703187084885026081e+01 1.014785810041097657e-04
6.000000000000000888e-01 6.192255167004464056e+01 1.764024516845012801e-04
6.000000000000000888e-01 8.152774567807952621e+01 3.045181699262720421e-04
6.000000000000000888e-01 1.073401068929953226e+02 5.182001669556657829e-04
6.000000000000000888e-01 1.116417030990029673e+02 5.578300082109607103e-04
6.000000000000000888e-01 1.276723066209110868e+02 7.146684086856519525e-04
6.000000000000000888e-01 1.413248759912364960e+02 8.567602769348828251e-04
6.000000000000000888e-01 1.437029101428192064e+02 8.819315754956166256e-04
6.000000000000000888e-01 1.597335136647273259e+02 1.055890115297173368e-03
6.000000000000000888e-01 1.757641171866354455e+02 1.230964040065811969e-03
6.000000000000000888e-01 1.860695051650049265e+02 1.342751777782291581e-03
6.000000000000000888e-01 1.917947207085435650e+02 1.402047227693856623e-03
6.000000000000000888e-01 2.078253242304516846e+02 1.565018337083175009e-03
6.000000000000000888e-01 2.238559277523598041e+02 1.713354107072125303e-03
6.000000000000000888e-01 2.398865312742679237e+02 1.841331740240429804e-03
6.000000000000000888e-01 2.559171347961760432e+02 1.945509854119175557e-03
6.000000000000000888e-01 2.719477383180841343e+02 2.021596231923385081e-03
6.000000000000000888e-01 2.879783418399922539e+02 2.072687298526760310e-03
6.000000000000000888e-01 3.040089453619003734e+02 2.089988188665078440e-03
6.000000000000000888e-01 3.200395488838084930e+02 2.075321415213110619e-03
6.000000000000000888e-01 3.360701524057166125e+02 2.033996800864715845e-03
6.000000000000000888e-01 3.521007559276247321e+02 1.964872091546537598e-03
6.000000000000000888e-01 3.681313594495328516e+02 1.876539783924705300e-03
6.000000000000000888e-01 3.841619629714409712e+02 1.764877896638716599e-03
6.000000000000000888e-01 4.001925664933490907e+02 1.637769748625145672e-03
6.000000000000000888e-01 4.162231700152572103e+02 1.501309685199798310e-03
6.000000000000000888e-01 4.322537735371653298e+02 1.361360728440155678e-03
6.000000000000000888e-01 4.482843770590734493e+02 1.218372718455153344e-03
6.000000000000000888e-01 4.643149805809815689e+02 1.072251708465927177e-03
6.000000000000000888e-01 4.803455841028896884e+02 9.346812196322060087e-04
6.000000000000000888e-01 4.963761876247978080e+02 8.045106678080057600e-04
6.000000000000000888e-01 5.124067911467059275e+02 6.865590241573607880e-04
6.000000000000000888e-01 5.284373946686140471e+02 5.746992972702752575e-04
6.000000000000000888e-01 5.444679981905221666e+02 4.773163691456604185e-04
6.000000000000000888e-01 5.604986017124302862e+02 3.903548603005547362e-04
6.000000000000000888e-01 5.765292052343384057e+02 3.153823214639350173e-04
6.000000000000000888e-01 5.925598087562465253e+02 2.509374155520469963e-04
6.000000000000000888e-01 6.085904122781546448e+02 1.964725966795840498e-04
6.000000000000000888e-01 6.246210158000627644e+02 1.514200086319831867e-04
6.000000000000000888e-01 6.406516193219708839e+02 1.143578390216587525e-04
6.000000000000000888e-01 6.566822228438790034e+02 8.391065382376567815e-05
6.000000000000000888e-01 6.727128263657871230e+02 5.991416712509799051e-05
6.000000000000000888e-01 6.887434298876952425e+02 4.060609277981358707e-05
6.000000000000000888e-01 7.047740334096033621e+02 2.541158000191682986e-05
6.000000000000000888e-01 7.208046369315114816e+02 1.340259862328998935e-05
6.000000000000000888e-01 7.368352404534196012e+02 3.842222116238928939e-06
6.000000000000000888e-01 7.442780206600198198e+02 0.000000000000000000e+00
7.000000000000000666e-01 1.000000000000000000e+00 4.418103470824060471e-08
7.000000000000000666e-01 1.316972479301813381e+00 7.668549508225694156e-08
7.000000000000000666e-01 1.734416511238365599e+00 1.331408739958501544e-07
7.000000000000000666e-01 2.284178812947591730e+00 2.312262169516205503e-07
7.000000000000000666e-01 3.008200634456263511e+00 4.017368404467035453e-07
7.000000000000000666e-01 3.961717447797153735e+00 6.983449297746175377e-07
7.000000000000000666e-01 5.217472849518669520e+00 1.214791840496272413e-06
7.000000000000000666e-01 6.871268154320500088e+00 2.114866733276732220e-06
7.000000000000000666e-01 9.049271057143066344e+00 3.686176920438408678e-06
7.000000000000000666e-01 1.191764093999984375e+01 6.433322264551302582e-06
7.000000000000000666e-01 1.569520513618039459e+01 1.124637820247920374e-05
7.000000000000000666e-01 2.067015322134604816e+01 1.969814954753605727e-05
7.000000000000000666e-01 2.722202293546446583e+01 3.457454255933546298e-05
7.000000000000000666e-01 3.585065503692948141e+01 6.080602879135141721e-05
7.000000000000000666e-01 4.721432604857905346e+01 1.070760248995598202e-04
7.000000000000000666e-01 6.217996803476137302e+01 1.884805994753488759e-04
7.000000000000000666e-01 8.188930666564718308e+01 3.303703187910725023e-04
7.000000000000000666e-01 1.078459632277639173e+02 5.728766584326492727e-04
7.000000000000000666e-01 1.122298915755836219e+02 6.192570798739772345e-04
7.000000000000000666e-01 1.283449529300264089e+02 8.017871945678157293e-04
7.000000000000000666e-01 1.420301655747603604e+02 9.686168344937678672e-04
7.000000000000000666e-01 1.444600142844691675e+02 9.990885366673431332e-04
7.000000000000000666e-01 1.605750756389119545e+02 1.206635880607526091e-03
7.000000000000000666e-01 1.766901369933547130e+02 1.418006153468716118e-03
7.000000000000000666e-01 1.870498192926392846e+02 1.551204287827640882e-03
7.000000000000000666e-01 1.928051983477975000e+02 1.625853805384998730e-03
7.000000000000000666e-01 2.089202597022402870e+02 1.824240193108987978e-03
7.000000000000000666e-01 2.250353210566830739e+02 2.004579363864853869e-03
7.000000000000000666e-01 2.411503824111258325e+02 2.168977507024953590e-03
7.000000000000000666e-01 2.572654437655686479e+02 2.297501831847145824e-03
7.000000000000000666e-01 2.733805051200113780e+02 2.397013417595592576e-03
7.000000000000000666e-01 2.894955664744541650e+02 2.460052802554069107e-03
7.000000000000000666e-01 3.056106278288969520e+02 2.487420480559961785e-03
7.000000000000000666e-01 3.217256891833396821e+02 2.479753107190487294e-03
7.000000000000000666e-01 3.378407505377824691e+02 2.437405901330532473e-03
7.000000000000000666e-01 3.539558118922252561e+02 2.361192499694922831e-03
7.000000000000000666e-01 3.700708732466680431e+02 2.253699544815786302e-03
7.000000000000000666e-01 3.861859346011108300e+02 2.124120577287440248e-03
7.000000000000000666e-01 4.023009959555536170e+02 1.976241386229561896e-03
7.000000000000000666e-01 4.184160573099963472e+02 1.814421156685707900e-03
7.000000000000000666e-01 4.345311186644391341e+02 1.643530120526939375e-03
7.000000000000000666e-01 4.506461800188819211e+02 1.472116789244322984e-03
7.000000000000000666e-01 4.667612413733247081e+02 1.300087764686574379e-03
7.000000000000000666e-01 4.828763027277674951e+02 1.133875037755705363e-03
7.000000000000000666e-01 4.989913640822102820e+02 9.788597675523308308e-04
7.000000000000000666e-01 5.151064254366530122e+02 8.334177829148602546e-04
7.000000000000000666e-01 5.312214867910957992e+02 6.998939391860541656e-04
7.000000000000000666e-01 5.473365481455385861e+02 5.809985602415157187e-04
7.000000000000000666e-01 5.634516094999813731e+02 4.753098996308103706e-04
7.000000000000000666e-01 5.795666708544241601e+02 3.846224866865895122e-04
7.000000000000000666e-01 5.956817322088668334e+02 3.057348841370738260e-04
7.000000000000000666e-01 6.117967935633096204e+02 2.397847729315279923e-04
7.000000000000000666e-01 6.279118549177524073e+02 1.842643255206939060e-04
7.000000000000000666e-01 6.440269162721951943e+02 1.391680800110117386e-04
7.000000000000000666e-01 6.601419776266379813e+02 1.024229892704838391e-04
7.000000000000000666e-01 6.762570389810807683e+02 7.275163383661055255e-05
7.000000000000000666e-01 6.923721003355235553e+02 4.903735362750587050e-05
7.000000000000000666e-01 7.084871616899663422e+02 3.024830219437764779e-05
7.000000000000000666e-01 7.246022230444091292e+02 1.560940629263094675e-05
7.000000000000000666e-01 7.407172843988519162e+02 4.281539328356034146e-06
7.000000000000000666e-01 7.481992771705574796e+02 0.000000000000000000e+00
8.000000000000000444e-01 1.000000000000000000e+00 4.422162157385367681e-08
8.000000000000000444e-01 1.317104423857835993e+00 7.679338461275739318e-08
8.000000000000000444e-01 1.734764063345882068e+00 1.334062896025108802e-07
8.000000000000000444e-01 2.284865422182456474e+00 2.318496321120117065e-07
8.000000000000000444e-01 3.009406355476315742e+00 4.031587361242870360e-07
8.000000000000000444e-01 3.963702423983742396e+00 7.015491344811995371e-07
8.000000000000000444e-01 5.220609997485015974e+00 1.221948567517488423e-06
8.000000000000000444e-01 6.876088522923958557e+00 2.130932493372677372e-06
8.000000000000000444e-01 9.056526612381240682e+00 3.721517286699936031e-06
8.000000000000000444e-01 1.192839126595355026e+01 6.511254878532588729e-06
8.000000000000000444e-01 1.571093690589459513e+01 1.141867270981463948e-05
8.000000000000000444e-01 2.069294450170511723e+01 2.007771407404550354e-05
8.000000000000000444e-01 2.725476874584049369e+01 3.540448061391598343e-05
8.000000000000000444e-01 3.589737648636880607e+01 6.261553404002943889e-05
8.000000000000000444e-01 4.728059337508658899e+01 1.110013035315053805e-04
8.000000000000000444e-01 6.227347869695005045e+01 1.969971404375338872e-04
8.000000000000000444e-01 8.202067428076962585e+01 3.486961322475951009e-04
8.000000000000000444e-01 1.080297929430043098e+02 6.115351460552813324e-04
8.000000000000000444e-01 1.124437215409323443e+02 6.626421232695430810e-04
8.000000000000000444e-01 1.285894866852713392e+02 8.636803588163171784e-04
8.000000000000000444e-01 1.422865181936769545e+02 1.047095784290434737e-03
8.000000000000000444e-01 1.447352518296103483e+02 1.081114408568182314e-03
8.000000000000000444e-01 1.608810169739493574e+02 1.311349154133218840e-03
8.000000000000000444e-01 1.770267821182883665e+02 1.545950126299093508e-03
8.000000000000000444e-01 1.874062025682204933e+02 1.694874305219162738e-03
8.000000000000000444e-01 1.931725472626273756e+02 1.775951570314520441e-03
8.000000000000000444e-01 2.093183124069663563e+02 1.997593689379299937e-03
8.000000000000000444e-01 2.254640775513053654e+02 2.201788970918985063e-03
8.000000000000000444e-01 2.416098426956443745e+02 2.378023699330277657e-03
8.000000000000000444e-01 2.577556078399833837e+02 2.523967540851549101e-03
8.000000000000000444e-01 2.739013729843223928e+02 2.632784501259977095e-03
8.000000000000000444e-01 2.900471381286614019e+02 2.706476566691947902e-03
8.000000000000000444e-01 3.061929032730004110e+02 2.733456261239220787e-03
8.000000000000000444e-01 3.223386684173394201e+02 2.727386620217042701e-03
8.000000000000000444e-01 3.384844335616784292e+02 2.677613041547738468e-03
8.000000000000000444e-01 3.546301987060174383e+02 2.592870870831248415e-03
8.000000000000000444e-01 3.707759638503564474e+02 2.476440077141952006e-03
8.000000000000000444e-01 3.869217289946954565e+02 2.335037936294589046e-03
8.000000000000000444e-01 4.030674941390344657e+02 2.169542035524367734e-03
8.000000000000000444e-01 4.192132592833734748e+02 1.991151822623571290e-03
8.000000000000000444e-01 4.353590244277124839e+02 1.803857374103334105e-03
8.000000000000000444e-01 4.515047895720514930e+02 1.613312443643672572e-03
8.000000000000000444e-01 4.676505547163905021e+02 1.425617440344787877e-03
8.000000000000000444e-01 4.837963198607295112e+02 1.242486604902475443e-03
8.000000000000000444e-01 4.999420850050684635e+02 1.069838607615050110e-03
8.000000000000000444e-01 5.160878501494074726e+02 9.109522563290271520e-04
8.000000000000000444e-01 5.322336152937464249e+02 7.641041654533307654e-04
8.000000000000000444e-01 5.483793804380854908e+02 6.333040083780814384e-04
8.000000000000000444e-01 5.645251455824244431e+02 5.185877390136942478e-04
8.000000000000000444e-01 5.806709107267635090e+02 4.188651666802110105e-04
8.000000000000000444e-01 5.968166758711024613e+02 3.321854524658217323e-04
8.000000000000000444e-01 6.129624410154415273e+02 2.595910196447605788e-04
8.000000000000000444e-01 6.291082061597804795e+02 1.991751638595046084e-04
8.000000000000000444e-01 6.452539713041194318e+02 1.495899681226587209e-04
8.000000000000000444e-01 6.613997364484584978e+02 1.091864216946980624e-04
8.000000000000000444e-01 6.775455015927974500e+02 7.701822328160452303e-05
8.000000000000000444e-01 6.936912667371365160e+02 5.159275845773937978e-05
8.000000000000000444e-01 7.098370318814754683e+02 3.162276103069421566e-05
8.000000000000000444e-01 7.259827970258145342e+02 1.624291697116757763e-05
8.000000000000000444e-01 7.421285621701534865e+02 4.455713933938428649e-06
8.000000000000000444e-01 7.496248102728823142e+02 0.000000000000000000e+00
9.000000000000000222e-01 1.000000000000000000e+00 4.424765687314019321e-08
9.000000000000000222e-01 1.317157324813970964e+00 7.685997139936366204e-08
9.000000000000000222e-01 1.734903418311096512e+00 1.335629755227072130e-07
9.000000000000000222e-01 2.285140745273257501e+00 2.322169914122710404e-07
9.000000000000000222e-01 3.009889870867527684e+00 4.039900356259205295e-07
9.000000000000000222e-01 3.964498490296541888e+00 7.034334072625200384e-07
9.000000000000000222e-01 5.221868225708019118e+00 1.226185565712203569e-06
9.000000000000000222e-01 6.878021982704652260e+00 2.140257213090993974e-06
9.000000000000000222e-01 9.059437034750944306e+00 3.742427423687581963e-06
9.000000000000000222e-01 1.193270384901316561e+01 6.558302561224975162e-06
9.000000000000000222e-01 1.571724827956355952e+01 1.152229265350632508e-05
9.000000000000000222e-01 2.070208869734691959e+01 2.030678370498881216e-05
9.000000000000000222e-01 2.726790776665902172e+01 3.590778896339670979e-05
9.000000000000000222e-01 3.591612444720668407e+01 6.370817455777910015e-05
9.000000000000000222e-01 4.730718639456843277e+01 1.133699252647277423e-04
9.000000000000000222e-01 6.231100707594561783e+01 2.021047375407641271e-04
9.000000000000000222e-01 8.207339938661696976e+01 3.597549487122430408e-04
9.000000000000000222e-01 1.081035791744649828e+02 6.345836450937259203e-04
9.000000000000000222e-01 1.125295614248661451e+02 6.885402795210911328e-04
9.000000000000000222e-01 1.286876522961289879e+02 9.000524486459623216e-04
9.000000000000000222e-01 1.423894211482536321e+02 1.093435410728084813e-03
9.000000000000000222e-01 1.448457431673918165e+02 1.129370759416440740e-03
9.000000000000000222e-01 1.610038340386546452e+02 1.371962572030723361e-03
9.000000000000000222e-01 1.771619249099174738e+02 1.617409123766191731e-03
9.000000000000000222e-01 1.875492690414436652e+02 1.775336621451047495e-03
9.000000000000000222e-01 1.933200157811803024e+02 1.862159042484436275e-03
9.000000000000000222e-01 2.094781066524431594e+02 2.095590587306367207e-03
9.000000000000000222e-01 2.256361975237059596e+02 2.306919996272222863e-03
9.000000000000000222e-01 2.417942883949688166e+02 2.490749256049059560e-03
9.000000000000000222e-01 2.579523792662316168e+02 2.643179297339188702e-03
9.000000000000000222e-01 2.741104701374944739e+02 2.756851569296156490e-03
9.000000000000000222e-01 2.902685610087572741e+02 2.830937671370572801e-03
9.000000000000000222e-01 3.064266518800201311e+02 2.859428724746201217e-03
9.000000000000000222e-01 3.225847427512829881e+02 2.846762543058960725e-03
9.000000000000000222e-01 3.387428336225457883e+02 2.793379359489007920e-03
9.000000000000000222e-01 3.549009244938086454e+02 2.701005784466866712e-03
9.000000000000000222e-01 3.710590153650714456e+02 2.579188772396167478e-03
9.000000000000000222e-01 3.872171062363343026e+02 2.427743150224874209e-03
9.000000000000000222e-01 4.033751971075971028e+02 2.256465919569379877e-03
9.000000000000000222e-01 4.195332879788599598e+02 2.069044312590859799e-03
9.000000000000000222e-01 4.356913788501227600e+02 1.871878842943940557e-03
9.000000000000000222e-01 4.518494697213856170e+02 1.674766067511045207e-03
9.000000000000000222e-01 4.680075605926484172e+02 1.474650151968758417e-03
9.000000000000000222e-01 4.841656514639112743e+02 1.287111556778849442e-03
9.000000000000000222e-01 5.003237423351741313e+02 1.106176488171968942e-03
9.000000000000000222e-01 5.164818332064369315e+02 9.406926079220640597e-04
9.000000000000000222e-01 5.326399240776997885e+02 7.886926876577670092e-04
9.000000000000000222e-01 5.487980149489626456e+02 6.526625697976436722e-04
9.000000000000000222e-01 5.649561058202255026e+02 5.327453646677167550e-04
9.000000000000000222e-01 5.811141966914882460e+02 4.283635312125601237e-04
9.000000000000000222e-01 5.972722875627511030e+02 3.397888346892510326e-04
9.000000000000000222e-01 6.134303784340139600e+02 2.648375008694736892e-04
9.000000000000000222e-01 6.295884693052768171e+02 2.025703023603288115e-04
9.000000000000000222e-01 6.457465601765396741e+02 1.515827154777703864e-04
9.000000000000000222e-01 6.619046510478025311e+02 1.107127929180586111e-04
9.000000000000000222e-01 6.780627419190652745e+02 7.786311477917068845e-05
9.000000000000000222e-01 6.942208327903281315e+02 5.207622775917980984e-05
9.000000000000000222e-01 7.103789236615909886e+02 3.192179005609318740e-05
9.000000000000000222e-01 7.265370145328538456e+02 1.637883452929126074e-05
9.000000000000000222e-01 7.426951054041165889e+02 4.498591970218023630e-06
9.000000000000000222e-01 7.501970761657743196e+02 0.000000000000000000e+00
1.000000000000000000e+00 1.000000000000000000e+00 4.425662384361277324e-08
1.000000000000000000e+00 1.317172339948292858e+00 7.688162919971443814e-08
1.000000000000000000e+00 1.734942973124860899e+00 1.336160515846839172e-07
1.000000000000000000e+00 2.285218895587720844e+00 2.323349522693555311e-07
1.000000000000000000e+00 3.010027119995331901e+00 4.042713931208830666e-07
1.000000000000000000e+00 3.964724464952071870e+00 7.040672150929507881e-07
1.000000000000000000e+00 5.222225400751163704e+00 1.227605627978155432e-06
1.000000000000000000e+00 6.878570850844821116e+00 2.143454525931018378e-06
1.000000000000000000e+00 9.060263263107392717e+00 3.749695950153754048e-06
1.000000000000000000e+00 1.193392816281471447e+01 6.573976444654591052e-06
1.000000000000000000e+00 1.571904008298949229e+01 1.155740029914284872e-05
1.000000000000000000e+00 2.070468480785228138e+01 2.038353651802073989e-05
1.000000000000000000e+00 2.727163813625065103e+01 3.607595334194563848e-05
1.000000000000000000e+00 3.592144741814836095e+01 6.407956009170406213e-05
1.000000000000000000e+00 4.731473695009204761e+01 1.141685470312169909e-04
1.000000000000000000e+00 6.232166278259070680e+01 2.038158717173440193e-04
1.000000000000000000e+00 8.208837039681340286e+01 3.634170953638208917e-04
1.000000000000000000e+00 1.081245309181128533e+02 6.426769060967812757e-04
1.000000000000000000e+00 1.125539370832810988e+02 6.973709160797821266e-04
1.000000000000000000e+00 1.287155280490855489e+02 9.117456480075607434e-04
1.000000000000000000e+00 1.424186413952222097e+02 1.107030275359697667e-03
1.000000000000000000e+00 1.448771190148900132e+02 1.143635056054489009e-03
1.000000000000000000e+00 1.610387099806944775e+02 1.390696232831196240e-03
1.000000000000000000e+00 1.772003009464989418e+02 1.641695179582283812e-03
1.000000000000000000e+00 1.875898951388017508e+02 1.800846976055212392e-03
1.000000000000000000e+00 1.933618919123034061e+02 1.888818041883052372e-03
1.000000000000000000e+00 2.095234828781078704e+02 2.125563101761940472e-03
1.000000000000000000e+00 2.256850738439123347e+02 2.339930665038423684e-03
1.000000000000000000e+00 2.418466648097167990e+02 2.525961508516633060e-03
1.000000000000000000e+00 2.580082557755212633e+02 2.678993812960410534e-03
1.000000000000000000e+00 2.741698467413257276e+02 2.791998873422304930e-03
1.000000000000000000e+00 2.903314377071301919e+02 2.866249114489851594e-03
1.000000000000000000e+00 3.064930286729346562e+02 2.894492652376828151e-03
1.000000000000000000e+00 3.226546196387391205e+02 2.881074129850929883e-03
1.000000000000000000e+00 3.388162106045435849e+02 2.826053326519800592e-03
1.000000000000000000e+00 3.549778015703480492e+02 2.731982643400228915e-03
1.000000000000000000e+00 3.711393925361525135e+02 2.606279415117315930e-03
1.000000000000000000e+00 3.873009835019569778e+02 2.454035082988191650e-03
1.000000000000000000e+00 4.034625744677614421e+02 2.279148735136549662e-03
1.000000000000000000e+00 4.196241654335659064e+02 2.090397513786245234e-03
1.000000000000000000e+00 4.357857563993703707e+02 1.890235025094667539e-03
1.000000000000000000e+00 4.519473473651748350e+02 1.690282260218664524e-03
1.000000000000000000e+00 4.681089383309792993e+02 1.488701455924796658e-03
1.000000000000000000e+00 4.842705292967837636e+02 1.298617523322524161e-03
1.000000000000000000e+00 5.004321202625882279e+02 1.118418064842259746e-03
1.000000000000000000e+00 5.165937112283927490e+02 9.462505129274113077e-04
1.000000000000000000e+00 5.327553021941971565e+02 7.968075374766311978e-04
1.000000000000000000e+00 5.489168931600016776e+02 6.567642357011755933e-04
1.000000000000000000e+00 5.650784841258060851e+02 5.368779846520550444e-04
1.000000000000000000e+00 5.812400750916106063e+02 4.322834313091857895e-04
1.000000000000000000e+00 5.974016660574150137e+02 3.398604718696984143e-04
1.000000000000000000e+00 6.135632570232195349e+02 2.664296966314545550e-04
1.000000000000000000e+00 6.297248479890239423e+02 2.022076156468053016e-04
1.000000000000000000e+00 6.458864389548283498e+02 1.532216940824425509e-04
1.000000000000000000e+00 6.620480299206328709e+02 1.101617230353237292e-04
1.000000000000000000e+00 6.782096208864373921e+02 7.906993657476905836e-05
1.000000000000000000e+00 6.943712118522417995e+02 5.257496588598021490e-05
1.000000000000000000e+00 7.105328028180462070e+02 3.277246447153583518e-05
1.000000000000000000e+00 7.266943937838507281e+02 1.610777321541709522e-05
1.000000000000000000e+00 7.428559847496552493e+02 4.123135758779944416e-06
1.000000000000000000e+00 7.503595805552073443e+02 0.000000000000000000e+00
