# mx [GeV]: 30.0
# sigma_p [cm^2]: 1.20226443462e-29
# depth [m]: 0.3
# loc: MPI
# Columns: gamma/pi, v [km/s], f(v, gamma) [s/km]
0.000000000000000000e+00 1.000000000000000000e+00 6.829032949737851368e-03
0.000000000000000000e+00 1.060970844248642297e+00 6.220384187083836947e-03
0.000000000000000000e+00 1.125659132345676827e+00 6.041329962392830155e-03
0.000000000000000000e+00 1.194291519980987148e+00 5.836217817595682443e-03
0.000000000000000000e+00 1.267108482233222144e+00 5.413355884112719570e-03
0.000000000000000000e+00 1.344365156149597729e+00 5.236820109310667826e-03
0.000000000000000000e+00 1.426332234698496571e+00 5.040282482293623537e-03
0.000000000000000000e+00 1.513296915227116513e+00 4.830028839048747247e-03
0.000000000000000000e+00 1.605563905747380060e+00 4.295138075765952967e-03
0.000000000000000000e+00 1.703456492575945447e+00 4.171348411910046940e-03
0.000000000000000000e+00 1.807317673069132047e+00 4.026899302574517107e-03
0.000000000000000000e+00 1.847212214602117486e+00 3.969168277740382257e-03
0.000000000000000000e+00 1.917511357421648688e+00 3.866085137678383892e-03
0.000000000000000000e+00 2.034423643740006948e+00 3.513953869997076766e-03
0.000000000000000000e+00 2.112452942852677928e+00 3.436149029466953071e-03
0.000000000000000000e+00 2.158464170858234610e+00 3.388375436471904086e-03
0.000000000000000000e+00 2.290067553635906528e+00 3.247142008623982775e-03
0.000000000000000000e+00 2.377693671103238593e+00 3.055516534111402550e-03
0.000000000000000000e+00 2.429694905767511237e+00 3.009626913438854558e-03
0.000000000000000000e+00 2.577835455438781675e+00 2.874758122695616515e-03
0.000000000000000000e+00 2.642934399353799257e+00 2.814677958334709570e-03
0.000000000000000000e+00 2.735008259490967486e+00 2.729283957752225501e-03
0.000000000000000000e+00 2.901764022099142082e+00 2.447662126842124666e-03
0.000000000000000000e+00 2.908175127604359478e+00 2.443546341777440550e-03
0.000000000000000000e+00 3.078687024336862699e+00 2.331111842752580255e-03
0.000000000000000000e+00 3.173415855854919698e+00 2.266988714747044699e-03
0.000000000000000000e+00 3.438656584105480363e+00 2.001921338756657964e-03
0.000000000000000000e+00 3.703897312356041027e+00 1.856309849924512711e-03
0.000000000000000000e+00 3.969138040606601692e+00 1.674285533701161573e-03
0.000000000000000000e+00 4.234378768857162356e+00 1.455148802049902480e-03
0.000000000000000000e+00 4.499619497107722133e+00 1.352816744873527833e-03
0.000000000000000000e+00 4.764860225358282797e+00 1.214854157668950616e-03
0.000000000000000000e+00 5.030100953608843461e+00 1.122267339033428861e-03
0.000000000000000000e+00 5.295341681859404126e+00 9.877509593840339344e-04
0.000000000000000000e+00 5.560582410109964790e+00 9.104706309484240706e-04
0.000000000000000000e+00 5.825823138360524567e+00 7.837444569174257256e-04
0.000000000000000000e+00 6.091063866611085231e+00 7.223852626581138761e-04
0.000000000000000000e+00 6.356304594861645896e+00 6.406857359407590671e-04
0.000000000000000000e+00 6.621545323112206560e+00 5.874594507148104454e-04
0.000000000000000000e+00 6.886786051362766337e+00 4.988381169611631229e-04
0.000000000000000000e+00 7.152026779613327001e+00 4.571208395979182494e-04
0.000000000000000000e+00 7.417267507863887666e+00 3.918636690428634268e-04
0.000000000000000000e+00 7.682508236114448330e+00 3.580735364861986582e-04
0.000000000000000000e+00 7.947748964365008995e+00 3.123509428060811739e-04
0.000000000000000000e+00 8.212989692615570547e+00 2.841102042171202266e-04
0.000000000000000000e+00 8.478230420866129435e+00 2.341407751705761704e-04
0.000000000000000000e+00 8.743471149116690100e+00 2.009609856721722193e-04
0.000000000000000000e+00 9.008711877367250764e+00 1.824609512761627794e-04
0.000000000000000000e+00 9.273952605617811429e+00 1.469038110487634542e-04
0.000000000000000000e+00 9.539193333868372093e+00 1.475079361540475743e-04
0.000000000000000000e+00 9.804434062118932758e+00 1.078346419072575977e-04
0.000000000000000000e+00 1.006967479036949342e+01 8.983110726572509828e-05
0.000000000000000000e+00 1.033491551862005409e+01 6.744664293344476897e-05
0.000000000000000000e+00 1.060015624687061475e+01 6.100773504859759150e-05
0.000000000000000000e+00 1.086539697512117542e+01 4.954612693200512511e-05
0.000000000000000000e+00 1.113063770337173608e+01 3.495712189441286193e-05
0.000000000000000000e+00 1.139587843162229674e+01 2.442984650151934839e-05
0.000000000000000000e+00 1.166111915987285741e+01 1.922389877210976114e-05
0.000000000000000000e+00 1.192635988812341630e+01 8.922185800633427379e-06
0.000000000000000000e+00 1.219160061637397696e+01 2.646218642955743523e-06
0.000000000000000000e+00 1.231474809734745079e+01 0.000000000000000000e+00
1.000000000000000056e-01 1.000000000000000000e+00 7.567680513912702564e-03
1.000000000000000056e-01 1.062297603482342812e+00 7.202151619908647370e-03
1.000000000000000056e-01 1.128476198364328997e+00 6.825545056293913677e-03
1.000000000000000056e-01 1.198777561109291678e+00 6.380499762393036269e-03
1.000000000000000056e-01 1.273458530274808265e+00 6.124950435367131768e-03
1.000000000000000056e-01 1.352791944845075367e+00 5.855284178732468592e-03
1.000000000000000056e-01 1.437067641019141195e+00 5.538095982326508154e-03
1.000000000000000056e-01 1.526593511096657529e+00 5.229112346376351382e-03
1.000000000000000056e-01 1.621696628329674761e+00 4.964486715005889290e-03
1.000000000000000056e-01 1.722724441850009169e+00 4.697538679354396757e-03
1.000000000000000056e-01 1.830046046037721474e+00 4.382130521659323950e-03
1.000000000000000056e-01 1.891599031932089892e+00 4.266307557392559624e-03
1.000000000000000056e-01 1.944053528968208822e+00 4.175348284080357929e-03
1.000000000000000056e-01 2.065163404864319485e+00 3.973773438071644820e-03
1.000000000000000056e-01 2.163213251901825895e+00 3.809610514797355518e-03
1.000000000000000056e-01 2.193818135786802070e+00 3.757487388717520305e-03
1.000000000000000056e-01 2.330487748122421099e+00 3.502011085290169645e-03
1.000000000000000056e-01 2.434827471871561677e+00 3.376588429007960045e-03
1.000000000000000056e-01 2.475671549775409375e+00 3.327440804189849780e-03
1.000000000000000056e-01 2.629899954335835233e+00 3.108521242804042004e-03
1.000000000000000056e-01 2.706441691841297903e+00 3.001797612965968840e-03
1.000000000000000056e-01 2.793736418889280593e+00 2.908513256365500167e-03
1.000000000000000056e-01 2.967779502547425619e+00 2.727900532131980523e-03
1.000000000000000056e-01 2.978055911811034129e+00 2.717263516969957871e-03
1.000000000000000056e-01 3.152665053220149449e+00 2.497011181515356934e-03
1.000000000000000056e-01 3.249670131780769911e+00 2.420174331948068622e-03
1.000000000000000056e-01 3.521284351750505692e+00 2.204526613824023783e-03
1.000000000000000056e-01 3.792898571720241918e+00 1.982522155997977573e-03
1.000000000000000056e-01 4.064512791689978144e+00 1.798139068154644285e-03
1.000000000000000056e-01 4.336127011659714370e+00 1.628890118794222748e-03
1.000000000000000056e-01 4.607741231629449707e+00 1.471649029540665924e-03
1.000000000000000056e-01 4.879355451599185933e+00 1.320010284259030961e-03
1.000000000000000056e-01 5.150969671568922159e+00 1.198713169713376721e-03
1.000000000000000056e-01 5.422583891538658385e+00 1.081827477452274814e-03
1.000000000000000056e-01 5.694198111508393723e+00 9.669862336042068076e-04
1.000000000000000056e-01 5.965812331478129948e+00 8.693925672860984945e-04
1.000000000000000056e-01 6.237426551447866174e+00 7.815697145578208698e-04
1.000000000000000056e-01 6.509040771417602400e+00 6.911827304265825370e-04
1.000000000000000056e-01 6.780654991387338626e+00 6.205858338944143446e-04
1.000000000000000056e-01 7.052269211357073964e+00 5.512688300474716686e-04
1.000000000000000056e-01 7.323883431326810189e+00 4.901627255345049122e-04
1.000000000000000056e-01 7.595497651296546415e+00 4.289876968669156039e-04
1.000000000000000056e-01 7.867111871266281753e+00 3.838698911734399546e-04
1.000000000000000056e-01 8.138726091236017979e+00 3.310283663373016693e-04
1.000000000000000056e-01 8.410340311205754205e+00 2.922033135401546082e-04
1.000000000000000056e-01 8.681954531175490430e+00 2.552175319717635347e-04
1.000000000000000056e-01 8.953568751145226656e+00 2.189824617988643648e-04
1.000000000000000056e-01 9.225182971114961106e+00 1.897244412634487151e-04
1.000000000000000056e-01 9.496797191084697332e+00 1.608091782228319305e-04
1.000000000000000056e-01 9.768411411054433557e+00 1.376698449372402771e-04
1.000000000000000056e-01 1.004002563102416978e+01 1.159357783575412962e-04
1.000000000000000056e-01 1.031163985099390601e+01 9.365735971560443186e-05
1.000000000000000056e-01 1.058325407096364223e+01 7.874249134444864741e-05
1.000000000000000056e-01 1.085486829093337846e+01 6.355386416157794130e-05
1.000000000000000056e-01 1.112648251090311469e+01 4.923318422445490604e-05
1.000000000000000056e-01 1.139809673087285091e+01 3.788190426906525195e-05
1.000000000000000056e-01 1.166971095084258714e+01 2.703551669009715208e-05
1.000000000000000056e-01 1.194132517081232159e+01 1.796464402851989184e-05
1.000000000000000056e-01 1.221293939078205781e+01 1.009087919963281901e-05
1.000000000000000056e-01 1.248455361075179404e+01 3.063324928221203680e-06
1.000000000000000056e-01 1.261066021288059957e+01 0.000000000000000000e+00
2.000000000000000111e-01 1.000000000000000000e+00 1.026104385840883280e-02
2.000000000000000111e-01 1.066190081307577309e+00 9.829020042533963275e-03
2.000000000000000111e-01 1.136761289478658288e+00 9.337698794244446432e-03
2.000000000000000111e-01 1.212003611656557123e+00 8.854521643200219394e-03
2.000000000000000111e-01 1.292226229257182002e+00 8.350968578832496103e-03
2.000000000000000111e-01 1.377758788439499060e+00 7.793548005830530472e-03
2.000000000000000111e-01 1.468952754668538585e+00 7.409703301488008292e-03
2.000000000000000111e-01 1.566182856937038848e+00 7.023475552310973376e-03
2.000000000000000111e-01 1.669848627580235112e+00 6.603314753829528198e-03
2.000000000000000111e-01 1.780376044011117376e+00 6.246596015675572912e-03
2.000000000000000111e-01 1.898219279122276060e+00 5.889461479386213366e-03
2.000000000000000111e-01 2.023862567546990121e+00 5.528130658452222457e-03
2.000000000000000111e-01 2.027726478497611673e+00 5.516382756653416368e-03
2.000000000000000111e-01 2.157822195448287683e+00 5.159378253283945955e-03
2.000000000000000111e-01 2.300648622012305022e+00 4.889575099335689151e-03
2.000000000000000111e-01 2.318887203615217274e+00 4.855488255432435438e-03
2.000000000000000111e-01 2.452928741363464837e+00 4.599170220421867905e-03
2.000000000000000111e-01 2.610047928732823319e+00 4.253119706319754070e-03
2.000000000000000111e-01 2.615288294196005836e+00 4.245636406612646012e-03
2.000000000000000111e-01 2.788394439031594896e+00 4.001101580205578857e-03
2.000000000000000111e-01 2.901208653850428920e+00 3.843888931239002309e-03
2.000000000000000111e-01 2.972958493668692359e+00 3.737582296761764178e-03
2.000000000000000111e-01 3.169738858088676281e+00 3.463352643583951160e-03
2.000000000000000111e-01 3.192369378968034965e+00 3.436594404826446517e-03
2.000000000000000111e-01 3.379544130829352344e+00 3.213512526567458005e-03
2.000000000000000111e-01 3.483530104085640566e+00 3.091971108189610264e-03
2.000000000000000111e-01 3.774690829203246167e+00 2.778944791041102185e-03
2.000000000000000111e-01 4.065851554320852657e+00 2.513041630578204382e-03
2.000000000000000111e-01 4.357012279438457369e+00 2.252644111099426794e-03
2.000000000000000111e-01 4.648173004556063859e+00 2.048006574433128887e-03
2.000000000000000111e-01 4.939333729673669460e+00 1.842763583938972129e-03
2.000000000000000111e-01 5.230494454791275061e+00 1.666289645887918938e-03
2.000000000000000111e-01 5.521655179908880662e+00 1.484219218940174096e-03
2.000000000000000111e-01 5.812815905026486263e+00 1.343293011249431035e-03
2.000000000000000111e-01 6.103976630144092752e+00 1.203356682497834116e-03
2.000000000000000111e-01 6.395137355261698353e+00 1.079025970394628968e-03
2.000000000000000111e-01 6.686298080379303954e+00 9.602419782995083759e-04
2.000000000000000111e-01 6.977458805496909555e+00 8.596999477054291169e-04
2.000000000000000111e-01 7.268619530614515156e+00 7.581936176858845335e-04
2.000000000000000111e-01 7.559780255732121645e+00 6.751819472515239225e-04
2.000000000000000111e-01 7.850940980849727246e+00 5.996934622722569245e-04
2.000000000000000111e-01 8.142101705967332848e+00 5.272020321712342621e-04
2.000000000000000111e-01 8.433262431084937560e+00 4.609666900976908967e-04
2.000000000000000111e-01 8.724423156202544050e+00 4.042235180705740119e-04
2.000000000000000111e-01 9.015583881320150539e+00 3.532277906648674114e-04
2.000000000000000111e-01 9.306744606437757028e+00 3.058482983044236462e-04
2.000000000000000111e-01 9.597905331555361741e+00 2.620430045900981565e-04
2.000000000000000111e-01 9.889066056672966454e+00 2.265373248000240240e-04
2.000000000000000111e-01 1.018022678179057294e+01 1.911017439288652589e-04
2.000000000000000111e-01 1.047138750690817943e+01 1.625669343624589066e-04
2.000000000000000111e-01 1.076254823202578592e+01 1.363609074896506208e-04
2.000000000000000111e-01 1.105370895714338886e+01 1.116435463449313878e-04
2.000000000000000111e-01 1.134486968226099535e+01 9.222478081153630736e-05
2.000000000000000111e-01 1.163603040737860184e+01 7.346414739764259402e-05
2.000000000000000111e-01 1.192719113249620833e+01 5.774632183205695462e-05
2.000000000000000111e-01 1.221835185761381481e+01 4.247610303539012038e-05
2.000000000000000111e-01 1.250951258273141775e+01 3.113855229953317355e-05
2.000000000000000111e-01 1.280067330784902424e+01 2.005981387213435818e-05
2.000000000000000111e-01 1.309183403296663073e+01 1.127709611566660093e-05
2.000000000000000111e-01 1.338299475808423722e+01 3.386395418242420397e-06
2.000000000000000111e-01 1.351817652331741115e+01 0.000000000000000000e+00
3.000000000000000444e-01 1.000000000000000000e+00 1.703832238826457485e-02
3.000000000000000444e-01 1.072322427772175901e+00 1.592833983557676719e-02
3.000000000000000444e-01 1.149875389103213186e+00 1.483566918686093049e-02
3.000000000000000444e-01 1.233037168878633016e+00 1.410381445159742710e-02
3.000000000000000444e-01 1.322213410465266081e+00 1.333440934252234228e-02
3.000000000000000444e-01 1.417839094343042561e+00 1.250902987768727492e-02
3.000000000000000444e-01 1.520380659836234383e+00 1.171382932692972140e-02
3.000000000000000444e-01 1.630338280293453401e+00 1.095176843711476167e-02
3.000000000000000444e-01 1.748248302814190192e+00 1.032130958132403652e-02
3.000000000000000444e-01 1.874685864422298343e+00 9.680056355309774041e-03
3.000000000000000444e-01 2.010267697447499113e+00 9.065051572341574493e-03
3.000000000000000444e-01 2.155655137798883736e+00 8.490864152734475118e-03
3.000000000000000444e-01 2.261172261665752803e+00 8.102813463676033709e-03
3.000000000000000444e-01 2.311557350804063216e+00 7.923008639132707309e-03
3.000000000000000444e-01 2.478734790348832373e+00 7.339893121122414293e-03
3.000000000000000444e-01 2.585853406930578746e+00 7.067788614897232286e-03
3.000000000000000444e-01 2.658002908190215230e+00 6.888438046651693993e-03
3.000000000000000444e-01 2.850236131536035611e+00 6.427643371626992445e-03
3.000000000000000444e-01 2.910534552195405134e+00 6.290561562417479845e-03
3.000000000000000444e-01 3.056372128292696111e+00 5.909018208953651513e-03
3.000000000000000444e-01 3.235215697460231077e+00 5.578377299156987192e-03
3.000000000000000444e-01 3.277416380786036143e+00 5.501865207892247568e-03
3.000000000000000444e-01 3.514447090264779749e+00 5.071595343571820222e-03
3.000000000000000444e-01 3.559896842725057020e+00 4.979202626390392961e-03
3.000000000000000444e-01 3.768620436109587857e+00 4.663423179600593819e-03
3.000000000000000444e-01 3.884577987989882963e+00 4.482888572584515369e-03
3.000000000000000444e-01 4.209259133254708907e+00 3.991023840452080987e-03
3.000000000000000444e-01 4.533940278519535738e+00 3.621438390962004351e-03
3.000000000000000444e-01 4.858621423784361681e+00 3.262166392613587412e-03
3.000000000000000444e-01 5.183302569049187625e+00 2.930128711284480693e-03
3.000000000000000444e-01 5.507983714314013568e+00 2.637766904260641348e-03
3.000000000000000444e-01 5.832664859578839511e+00 2.372552876238737379e-03
3.000000000000000444e-01 6.157346004843665455e+00 2.125178757597782821e-03
3.000000000000000444e-01 6.482027150108491398e+00 1.900353246860262725e-03
3.000000000000000444e-01 6.806708295373317341e+00 1.701864282508084181e-03
3.000000000000000444e-01 7.131389440638143284e+00 1.516904100555130103e-03
3.000000000000000444e-01 7.456070585902969228e+00 1.350108139126730573e-03
3.000000000000000444e-01 7.780751731167795171e+00 1.195601740077012823e-03
3.000000000000000444e-01 8.105432876432621114e+00 1.062970163937203109e-03
3.000000000000000444e-01 8.430114021697447058e+00 9.259172028312184603e-04
3.000000000000000444e-01 8.754795166962273001e+00 8.211186348236640354e-04
3.000000000000000444e-01 9.079476312227100721e+00 7.207649718274359478e-04
3.000000000000000444e-01 9.404157457491926664e+00 6.299622011669205480e-04
3.000000000000000444e-01 9.728838602756752607e+00 5.461280152419820469e-04
3.000000000000000444e-01 1.005351974802157855e+01 4.721870242126066891e-04
3.000000000000000444e-01 1.037820089328640449e+01 4.092984943665542549e-04
3.000000000000000444e-01 1.070288203855123044e+01 3.493422788981669211e-04
3.000000000000000444e-01 1.102756318381605638e+01 2.974637641039619960e-04
3.000000000000000444e-01 1.135224432908088232e+01 2.529898786671802070e-04
3.000000000000000444e-01 1.167692547434570827e+01 2.094872110254168490e-04
3.000000000000000444e-01 1.200160661961053421e+01 1.759603738878534737e-04
3.000000000000000444e-01 1.232628776487536015e+01 1.450749397891812906e-04
3.000000000000000444e-01 1.265096891014018610e+01 1.165145065628297175e-04
3.000000000000000444e-01 1.297565005540501204e+01 9.401877447443196696e-05
3.000000000000000444e-01 1.330033120066983798e+01 7.223640111895653581e-05
3.000000000000000444e-01 1.362501234593466393e+01 5.475846549450457551e-05
3.000000000000000444e-01 1.394969349119948987e+01 3.813476766901140516e-05
3.000000000000000444e-01 1.427437463646431581e+01 2.577164102185978029e-05
3.000000000000000444e-01 1.459905578172914176e+01 1.399013096221420402e-05
3.000000000000000444e-01 1.492373692699396770e+01 4.279125992351326062e-06
3.000000000000000444e-01 1.507448174443835143e+01 0.000000000000000000e+00
4.000000000000000222e-01 1.000000000000000000e+00 3.024639356221159661e-02
4.000000000000000222e-01 1.080058221402866447e+00 2.820463529752416723e-02
4.000000000000000222e-01 1.166525761619923163e+00 2.629921800997955805e-02
4.000000000000000222e-01 1.259915739315838223e+00 2.428463350403014392e-02
4.000000000000000222e-01 1.360782352522941663e+00 2.298841815153424353e-02
4.000000000000000222e-01 1.469724167382336688e+00 2.158829726357467532e-02
4.000000000000000222e-01 1.587387670175775201e+00 2.020602273655136907e-02
4.000000000000000222e-01 1.714471103726887824e+00 1.885719908531907976e-02
4.000000000000000222e-01 1.851728610937871444e+00 1.752240815059855766e-02
4.000000000000000222e-01 1.999974710050357762e+00 1.641127006416864126e-02
4.000000000000000222e-01 2.160089128187702823e+00 1.527621861591474742e-02
4.000000000000000222e-01 2.333022021862078521e+00 1.423275313914514062e-02
4.000000000000000222e-01 2.519799615426076222e+00 1.323546497257900925e-02
4.000000000000000222e-01 2.592074176698079047e+00 1.286965826159918933e-02
4.000000000000000222e-01 2.721530290928714457e+00 1.223515402364645441e-02
4.000000000000000222e-01 2.939411165514492552e+00 1.136979137927628287e-02
4.000000000000000222e-01 2.964269443095751910e+00 1.128184153834714890e-02
4.000000000000000222e-01 3.174735195397309084e+00 1.054420606043968145e-02
4.000000000000000222e-01 3.336464709493424774e+00 1.001501863933442794e-02
4.000000000000000222e-01 3.428898848565899105e+00 9.647162428820552776e-03
4.000000000000000222e-01 3.703410391752421482e+00 8.915283182881355434e-03
4.000000000000000222e-01 3.708659975891097638e+00 8.901517380788792275e-03
4.000000000000000222e-01 3.999898840841012770e+00 8.160848870248718634e-03
4.000000000000000222e-01 4.080855242288770057e+00 7.944940316204282538e-03
4.000000000000000222e-01 4.320123627830131596e+00 7.425266150956857068e-03
4.000000000000000222e-01 4.453050508686443365e+00 7.147891704959078059e-03
4.000000000000000222e-01 4.825245775084116673e+00 6.374393799733544044e-03
4.000000000000000222e-01 5.197441041481789092e+00 5.765508969116705205e-03
4.000000000000000222e-01 5.569636307879461512e+00 5.190330496622558125e-03
4.000000000000000222e-01 5.941831574277134820e+00 4.649081159151518573e-03
4.000000000000000222e-01 6.314026840674808128e+00 4.179281048900353353e-03
4.000000000000000222e-01 6.686222107072479659e+00 3.746048946330713964e-03
4.000000000000000222e-01 7.058417373470152967e+00 3.346437524998908779e-03
4.000000000000000222e-01 7.430612639867826275e+00 2.976848463175153867e-03
4.000000000000000222e-01 7.802807906265499582e+00 2.658416206516721943e-03
4.000000000000000222e-01 8.175003172663171114e+00 2.357601215127484370e-03
4.000000000000000222e-01 8.547198439060844422e+00 2.089652118000804443e-03
4.000000000000000222e-01 8.919393705458517729e+00 1.838376466046159853e-03
4.000000000000000222e-01 9.291588971856191037e+00 1.622100586034964280e-03
4.000000000000000222e-01 9.663784238253862569e+00 1.417772008046794003e-03
4.000000000000000222e-01 1.003597950465153588e+01 1.238682492530982860e-03
4.000000000000000222e-01 1.040817477104920918e+01 1.079339962299953820e-03
4.000000000000000222e-01 1.078037003744688072e+01 9.351350692913906835e-04
4.000000000000000222e-01 1.115256530384455402e+01 8.066225194259007318e-04
4.000000000000000222e-01 1.152476057024222733e+01 6.885275130080637396e-04
4.000000000000000222e-01 1.189695583663990064e+01 5.928576238923916530e-04
4.000000000000000222e-01 1.226915110303757395e+01 4.985701985000908680e-04
4.000000000000000222e-01 1.264134636943524548e+01 4.235570991028445530e-04
4.000000000000000222e-01 1.301354163583291879e+01 3.558361225366049943e-04
4.000000000000000222e-01 1.338573690223059209e+01 2.943036052937785777e-04
4.000000000000000222e-01 1.375793216862826363e+01 2.419998623120396292e-04
4.000000000000000222e-01 1.413012743502593693e+01 1.964536023036302808e-04
4.000000000000000222e-01 1.450232270142361024e+01 1.593899912341491655e-04
4.000000000000000222e-01 1.487451796782128355e+01 1.239741561116863248e-04
4.000000000000000222e-01 1.524671323421895686e+01 9.427412758180553853e-05
4.000000000000000222e-01 1.561890850061662839e+01 7.137082844706352984e-05
4.000000000000000222e-01 1.599110376701430170e+01 5.063746405712386042e-05
4.000000000000000222e-01 1.636329903341197678e+01 3.283011143366967399e-05
4.000000000000000222e-01 1.673549429980964831e+01 1.703265436899934054e-05
4.000000000000000222e-01 1.710768956620731984e+01 4.774547564221193277e-06
4.000000000000000222e-01 1.728049451132052639e+01 0.000000000000000000e+00
5.000000000000000000e-01 1.000000000000000000e+00 5.193763662665902558e-02
5.000000000000000000e-01 1.088485951627100379e+00 4.836522149557850869e-02
5.000000000000000000e-01 1.184801666889554461e+00 4.500005876121384446e-02
5.000000000000000000e-01 1.289639969873651371e+00 4.221267069958956758e-02
5.000000000000000000e-01 1.403754989864266722e+00 3.896398518922809806e-02
5.000000000000000000e-01 1.527967585993696975e+00 3.666553944646896990e-02
5.000000000000000000e-01 1.663171251895712688e+00 3.432369260203593786e-02
5.000000000000000000e-01 1.810338542838540787e+00 3.203206724090400942e-02
5.000000000000000000e-01 1.970528071568827366e+00 2.978539762969412835e-02
5.000000000000000000e-01 2.144892123189510169e+00 2.777190899540565167e-02
5.000000000000000000e-01 2.334684943847405769e+00 2.584262613236523731e-02
5.000000000000000000e-01 2.541271762853207328e+00 2.402067027509191544e-02
5.000000000000000000e-01 2.766138613132352209e+00 2.231386075903266097e-02
5.000000000000000000e-01 3.004588407712466491e+00 2.069168350159680467e-02
5.000000000000000000e-01 3.010903020647836215e+00 2.064924814184219623e-02
5.000000000000000000e-01 3.277325639686770931e+00 1.916149380460372906e-02
5.000000000000000000e-01 3.436016486768615597e+00 1.835403182321559620e-02
5.000000000000000000e-01 3.567322917706351237e+00 1.771648130083384662e-02
5.000000000000000000e-01 3.867444565824764702e+00 1.628783361428652252e-02
5.000000000000000000e-01 3.882980880840761984e+00 1.622725804179675491e-02
5.000000000000000000e-01 4.226570139231792922e+00 1.491876444080057935e-02
5.000000000000000000e-01 4.298872644880913363e+00 1.465434290106180232e-02
5.000000000000000000e-01 4.600562220120404611e+00 1.356727127571116798e-02
5.000000000000000000e-01 4.730300723937062912e+00 1.315454927371394016e-02
5.000000000000000000e-01 5.007647346187444448e+00 1.230331284347137635e-02
5.000000000000000000e-01 5.161728802993211573e+00 1.184888807689820495e-02
5.000000000000000000e-01 5.593156882049360235e+00 1.065943394155426972e-02
5.000000000000000000e-01 6.024584961105509784e+00 9.633932405990423137e-03
5.000000000000000000e-01 6.456013040161659333e+00 8.651368790474241177e-03
5.000000000000000000e-01 6.887441119217807994e+00 7.790881201301572134e-03
5.000000000000000000e-01 7.318869198273956655e+00 6.986236243174922741e-03
5.000000000000000000e-01 7.750297277330106205e+00 6.259036519280510892e-03
5.000000000000000000e-01 8.181725356386255754e+00 5.559465325418659447e-03
5.000000000000000000e-01 8.613153435442404415e+00 4.966750413674508521e-03
5.000000000000000000e-01 9.044581514498553076e+00 4.409965459272672042e-03
5.000000000000000000e-01 9.476009593554703514e+00 3.897667191840388685e-03
5.000000000000000000e-01 9.907437672610850399e+00 3.427758790030125454e-03
5.000000000000000000e-01 1.033886575166700084e+01 3.009660000581024751e-03
5.000000000000000000e-01 1.077029383072314950e+01 2.631315689324177556e-03
5.000000000000000000e-01 1.120172190977929816e+01 2.280214887786382195e-03
5.000000000000000000e-01 1.163314998883544682e+01 1.981469792890217484e-03
5.000000000000000000e-01 1.206457806789159726e+01 1.708488802676697872e-03
5.000000000000000000e-01 1.249600614694774592e+01 1.467456095017272708e-03
5.000000000000000000e-01 1.292743422600389458e+01 1.247101301500858810e-03
5.000000000000000000e-01 1.335886230506004324e+01 1.062431054849168792e-03
5.000000000000000000e-01 1.379029038411619190e+01 8.986332782878664110e-04
5.000000000000000000e-01 1.422171846317234234e+01 7.514944221146726546e-04
5.000000000000000000e-01 1.465314654222849100e+01 6.273887582838395729e-04
5.000000000000000000e-01 1.508457462128463966e+01 5.193125084790322808e-04
5.000000000000000000e-01 1.551600270034078832e+01 4.207105176540825516e-04
5.000000000000000000e-01 1.594743077939693876e+01 3.450650519588652470e-04
5.000000000000000000e-01 1.637885885845308565e+01 2.767244163841419574e-04
5.000000000000000000e-01 1.681028693750923608e+01 2.192605732455516518e-04
5.000000000000000000e-01 1.724171501656538652e+01 1.701250587327444996e-04
5.000000000000000000e-01 1.767314309562153340e+01 1.279448723862491031e-04
5.000000000000000000e-01 1.810457117467768384e+01 9.373679642208794494e-05
5.000000000000000000e-01 1.853599925373383428e+01 6.599650132101780289e-05
5.000000000000000000e-01 1.896742733278998116e+01 4.237007993319363196e-05
5.000000000000000000e-01 1.939885541184612805e+01 2.178778266207563157e-05
5.000000000000000000e-01 1.983028349090227849e+01 6.222904728527263143e-06
5.000000000000000000e-01 2.003058938474977779e+01 0.000000000000000000e+00
6.000000000000000888e-01 1.000000000000000000e+00 7.461033366922817378e-02
6.000000000000000888e-01 1.096646237880095853e+00 7.222712950629783801e-02
6.000000000000000888e-01 1.202632971056567968e+00 6.736213843497021458e-02
6.000000000000000888e-01 1.318862923259747522e+00 6.357553226159695647e-02
6.000000000000000888e-01 1.446326063072347790e+00 5.860905097356743088e-02
6.000000000000000888e-01 1.586108035816220507e+00 5.544589510174188773e-02
6.000000000000000888e-01 1.739399410349246722e+00 5.206106737505812598e-02
6.000000000000000888e-01 1.907505819530358471e+00 4.877096624528904495e-02
6.000000000000000888e-01 2.091859080722356712e+00 4.545385653922374980e-02
6.000000000000000888e-01 2.294029391049488442e+00 4.265883574356305052e-02
6.000000000000000888e-01 2.515738701280788803e+00 3.986524305529262624e-02
6.000000000000000888e-01 2.758875382248935804e+00 3.726874612954193811e-02
6.000000000000000888e-01 3.025510308723307062e+00 3.481358126109873607e-02
6.000000000000000888e-01 3.317914497728862155e+00 3.239997961186977943e-02
6.000000000000000888e-01 3.462707112563279566e+00 3.143118378795634743e-02
6.000000000000000888e-01 3.638578451542184400e+00 3.027964871923312373e-02
6.000000000000000888e-01 3.959916338982622186e+00 2.827965896694482895e-02
6.000000000000000888e-01 3.990233370115321865e+00 2.810287481602054271e-02
6.000000000000000888e-01 4.375874413600583601e+00 2.594499672282112035e-02
6.000000000000000888e-01 4.457125565401964806e+00 2.553804158118820958e-02
6.000000000000000888e-01 4.798786213110850518e+00 2.388619370134542619e-02
6.000000000000000888e-01 4.954334791821307427e+00 2.314971293051248588e-02
6.000000000000000888e-01 5.262570846998888108e+00 2.184210131991371276e-02
6.000000000000000888e-01 5.451544018240650047e+00 2.107034783578391399e-02
6.000000000000000888e-01 5.771178520938799572e+00 1.979885505779966151e-02
6.000000000000000888e-01 5.948753244659993555e+00 1.913256341847483291e-02
6.000000000000000888e-01 6.445962471079335288e+00 1.743411358733624669e-02
6.000000000000000888e-01 6.943171697498678796e+00 1.582063440807112559e-02
6.000000000000000888e-01 7.440380923918020528e+00 1.433038016400276990e-02
6.000000000000000888e-01 7.937590150337364037e+00 1.294179547270995004e-02
6.000000000000000888e-01 8.434799376756707545e+00 1.166351258087378572e-02
6.000000000000000888e-01 8.932008603176049277e+00 1.042960921336302284e-02
6.000000000000000888e-01 9.429217829595391009e+00 9.347104596672909174e-03
6.000000000000000888e-01 9.926427056014734518e+00 8.319226613345434215e-03
6.000000000000000888e-01 1.042363628243407803e+01 7.372585896940281672e-03
6.000000000000000888e-01 1.092084550885341976e+01 6.492581060836783401e-03
6.000000000000000888e-01 1.141805473527276149e+01 5.703666224932626809e-03
6.000000000000000888e-01 1.191526396169210500e+01 4.980996199891458108e-03
6.000000000000000888e-01 1.241247318811144851e+01 4.314942226431005452e-03
6.000000000000000888e-01 1.290968241453079024e+01 3.739246632961550684e-03
6.000000000000000888e-01 1.340689164095013375e+01 3.207751206518730941e-03
6.000000000000000888e-01 1.390410086736947548e+01 2.749077291333620800e-03
6.000000000000000888e-01 1.440131009378881899e+01 2.321261672733151982e-03
6.000000000000000888e-01 1.489851932020816072e+01 1.965796209501317459e-03
6.000000000000000888e-01 1.539572854662750423e+01 1.653844134821019600e-03
6.000000000000000888e-01 1.589293777304684596e+01 1.373161828702011006e-03
6.000000000000000888e-01 1.639014699946618947e+01 1.138600514835444921e-03
6.000000000000000888e-01 1.688735622588553298e+01 9.362390330400286722e-04
6.000000000000000888e-01 1.738456545230487649e+01 7.562989301570294991e-04
6.000000000000000888e-01 1.788177467872421644e+01 6.143518837788634196e-04
6.000000000000000888e-01 1.837898390514355995e+01 4.899356137227029112e-04
6.000000000000000888e-01 1.887619313156289991e+01 3.880517613198616877e-04
6.000000000000000888e-01 1.937340235798224342e+01 3.012461005186767380e-04
6.000000000000000888e-01 1.987061158440158692e+01 2.261863874976359403e-04
6.000000000000000888e-01 2.036782081082093043e+01 1.719959607846725878e-04
6.000000000000000888e-01 2.086503003724027394e+01 1.240261430057137515e-04
6.000000000000000888e-01 2.136223926365961745e+01 8.394113074115874546e-05
6.000000000000000888e-01 2.185944849007895741e+01 5.357929256986077699e-05
6.000000000000000888e-01 2.235665771649830091e+01 2.812168648949516365e-05
6.000000000000000888e-01 2.285386694291764442e+01 8.262726419100437686e-06
6.000000000000000888e-01 2.308471408375519829e+01 0.000000000000000000e+00
7.000000000000000666e-01 1.000000000000000000e+00 9.063952784496026593e-02
7.000000000000000666e-01 1.103718868879260739e+00 8.813613980388486369e-02
7.000000000000000666e-01 1.218195341520114994e+00 8.269300301410482945e-02
7.000000000000000666e-01 1.344545184416566119e+00 7.874342519241658844e-02
7.000000000000000666e-01 1.483999890101309393e+00 7.330557900631406998e-02
7.000000000000000666e-01 1.637918680119564652e+00 6.975857393958997954e-02
7.000000000000000666e-01 1.807801752937777673e+00 6.605146797885530496e-02
7.000000000000000666e-01 1.995304905910429083e+00 6.231675087577818323e-02
7.000000000000000666e-01 2.202255673820698867e+00 5.883167014361849467e-02
7.000000000000000666e-01 2.430671141292315873e+00 5.564321080678416576e-02
7.000000000000000666e-01 2.682777602684617069e+00 5.255286522688609047e-02
7.000000000000000666e-01 2.961032261089680429e+00 4.974411993370320140e-02
7.000000000000000666e-01 3.268147177924901836e+00 4.702897246148437377e-02
7.000000000000000666e-01 3.607115706550221290e+00 4.447957132046263806e-02
7.000000000000000666e-01 3.912570058410528073e+00 4.241871344341272693e-02
7.000000000000000666e-01 3.981241667550226015e+00 4.197490789756915669e-02
7.000000000000000666e-01 4.394171550043517449e+00 3.940372688762364822e-02
7.000000000000000666e-01 4.474374989874603692e+00 3.896486669313845713e-02
7.000000000000000666e-01 4.849930052875459197e+00 3.695084865274385344e-02
7.000000000000000666e-01 5.036179921338679755e+00 3.597461228190023536e-02
7.000000000000000666e-01 5.352959312103235945e+00 3.445633336887125170e-02
7.000000000000000666e-01 5.597984852802755817e+00 3.331618790197659469e-02
7.000000000000000666e-01 5.908162197111289871e+00 3.189850674177108908e-02
7.000000000000000666e-01 6.159789784266830992e+00 3.078611194838334203e-02
7.000000000000000666e-01 6.520950097350881158e+00 2.931718935544746704e-02
7.000000000000000666e-01 6.721594715730907055e+00 2.850583063407883394e-02
7.000000000000000666e-01 7.283399647194983118e+00 2.625587489395111995e-02
7.000000000000000666e-01 7.845204578659059180e+00 2.415683706633155875e-02
7.000000000000000666e-01 8.407009510123135243e+00 2.211219933307189897e-02
7.000000000000000666e-01 8.968814441587211306e+00 2.016793093237126411e-02
7.000000000000000666e-01 9.530619373051287369e+00 1.827655928427394591e-02
7.000000000000000666e-01 1.009242430451536165e+01 1.652720846875581004e-02
7.000000000000000666e-01 1.065422923597943772e+01 1.482476818743221590e-02
7.000000000000000666e-01 1.121603416744351378e+01 1.324346775598300718e-02
7.000000000000000666e-01 1.177783909890758984e+01 1.174176821204672358e-02
7.000000000000000666e-01 1.233964403037166591e+01 1.036653836175154692e-02
7.000000000000000666e-01 1.290144896183574197e+01 9.082146482216366806e-03
7.000000000000000666e-01 1.346325389329981803e+01 7.904532741141312088e-03
7.000000000000000666e-01 1.402505882476389409e+01 6.846854145138867379e-03
7.000000000000000666e-01 1.458686375622797016e+01 5.883532407394254093e-03
7.000000000000000666e-01 1.514866868769204622e+01 5.022262600208477965e-03
7.000000000000000666e-01 1.571047361915612051e+01 4.247805245499046770e-03
7.000000000000000666e-01 1.627227855062019657e+01 3.583033168280774089e-03
7.000000000000000666e-01 1.683408348208427086e+01 2.984813111080814908e-03
7.000000000000000666e-01 1.739588841354834869e+01 2.482120424343835664e-03
7.000000000000000666e-01 1.795769334501242298e+01 2.043891573282846912e-03
7.000000000000000666e-01 1.851949827647650082e+01 1.667668359281621136e-03
7.000000000000000666e-01 1.908130320794057511e+01 1.344923572424436232e-03
7.000000000000000666e-01 1.964310813940464939e+01 1.084430892074951394e-03
7.000000000000000666e-01 2.020491307086872723e+01 8.599576166354762482e-04
7.000000000000000666e-01 2.076671800233280152e+01 6.760155113607405064e-04
7.000000000000000666e-01 2.132852293379687936e+01 5.236661742092092297e-04
7.000000000000000666e-01 2.189032786526095364e+01 3.969387580290889344e-04
7.000000000000000666e-01 2.245213279672502793e+01 3.010640911310917978e-04
7.000000000000000666e-01 2.301393772818910577e+01 2.212815179145835186e-04
7.000000000000000666e-01 2.357574265965318006e+01 1.551602561855454593e-04
7.000000000000000666e-01 2.413754759111725789e+01 1.047056301505186742e-04
7.000000000000000666e-01 2.469935252258133218e+01 6.387103702338735225e-05
7.000000000000000666e-01 2.526115745404541002e+01 3.351311842029034056e-05
7.000000000000000666e-01 2.582296238550948431e+01 8.381608958216400852e-06
7.000000000000000666e-01 2.608380038940352108e+01 0.000000000000000000e+00
8.000000000000000444e-01 1.000000000000000000e+00 9.386207483052651235e-02
8.000000000000000444e-01 1.109127493294539857e+00 8.880502323746526649e-02
8.000000000000000444e-01 1.230163796381829489e+00 8.425368847900376046e-02
8.000000000000000444e-01 1.364408487822673210e+00 8.075919554726267158e-02
8.000000000000000444e-01 1.513302965928555066e+00 7.644206799552216713e-02
8.000000000000000444e-01 1.678445925195530819e+00 7.322501466290394501e-02
8.000000000000000444e-01 1.861610521642553806e+00 6.998250283645085501e-02
8.000000000000000444e-01 2.064763411360146073e+00 6.669572044009976219e-02
8.000000000000000444e-01 2.290085866688161609e+00 6.391653206752921645e-02
8.000000000000000444e-01 2.539997196749094854e+00 6.114709773344744609e-02
8.000000000000000444e-01 2.817180723805481346e+00 5.874589584324646507e-02
8.000000000000000444e-01 3.124612594352070616e+00 5.644356452726379675e-02
8.000000000000000444e-01 3.465593734290261185e+00 5.427547162933560321e-02
8.000000000000000444e-01 3.843785291290620520e+00 5.222032132155278450e-02
8.000000000000000444e-01 4.263247944891587871e+00 4.997578724342776474e-02
8.000000000000000444e-01 4.293378684720904559e+00 4.984577120487630048e-02
8.000000000000000444e-01 4.728485506410706307e+00 4.793681304264611059e-02
8.000000000000000444e-01 4.909863829193650275e+00 4.714276702436601824e-02
8.000000000000000444e-01 5.244493276804869097e+00 4.575091251984975127e-02
8.000000000000000444e-01 5.526348973666395104e+00 4.463968289692920449e-02
8.000000000000000444e-01 5.816811681702651171e+00 4.347697459048899260e-02
8.000000000000000444e-01 6.142834118139139932e+00 4.221202543796610807e-02
8.000000000000000444e-01 6.451585759493259076e+00 4.108750220415527399e-02
8.000000000000000444e-01 6.759319262611885648e+00 3.991185277583095964e-02
8.000000000000000444e-01 7.155631141201507894e+00 3.840129019492383167e-02
8.000000000000000444e-01 7.375804407084631364e+00 3.754517841880963130e-02
8.000000000000000444e-01 7.992289551557376193e+00 3.524270648041019638e-02
8.000000000000000444e-01 8.608774696030121021e+00 3.287875488032105525e-02
8.000000000000000444e-01 9.225259840502866737e+00 3.051122918536398540e-02
8.000000000000000444e-01 9.841744984975612454e+00 2.813599087842255306e-02
8.000000000000000444e-01 1.045823012944835639e+01 2.580731617762575814e-02
8.000000000000000444e-01 1.107471527392110211e+01 2.349519756667660733e-02
8.000000000000000444e-01 1.169120041839384783e+01 2.122967077940911274e-02
8.000000000000000444e-01 1.230768556286659354e+01 1.906126557631797336e-02
8.000000000000000444e-01 1.292417070733933748e+01 1.698837720453523492e-02
8.000000000000000444e-01 1.354065585181208320e+01 1.500329124214210864e-02
8.000000000000000444e-01 1.415714099628482892e+01 1.317635736961507084e-02
8.000000000000000444e-01 1.477362614075757463e+01 1.146888222047381597e-02
8.000000000000000444e-01 1.539011128523032035e+01 9.902382730030221542e-03
8.000000000000000444e-01 1.600659642970306606e+01 8.468845885939959434e-03
8.000000000000000444e-01 1.662308157417581000e+01 7.205463563395895533e-03
8.000000000000000444e-01 1.723956671864855394e+01 6.063055144187805279e-03
8.000000000000000444e-01 1.785605186312130144e+01 5.073572478634122938e-03
8.000000000000000444e-01 1.847253700759404538e+01 4.208804815454538113e-03
8.000000000000000444e-01 1.908902215206678932e+01 3.456004489298314473e-03
8.000000000000000444e-01 1.970550729653953681e+01 2.803755404592548923e-03
8.000000000000000444e-01 2.032199244101228430e+01 2.273183725871853311e-03
8.000000000000000444e-01 2.093847758548502469e+01 1.813726683066001428e-03
8.000000000000000444e-01 2.155496272995777218e+01 1.440056044404525734e-03
8.000000000000000444e-01 2.217144787443051968e+01 1.123350650542956916e-03
8.000000000000000444e-01 2.278793301890326006e+01 8.738240303966017270e-04
8.000000000000000444e-01 2.340441816337600756e+01 6.659253356410283625e-04
8.000000000000000444e-01 2.402090330784875505e+01 5.008895571688198921e-04
8.000000000000000444e-01 2.463738845232149544e+01 3.709022518683525570e-04
8.000000000000000444e-01 2.525387359679424293e+01 2.680900121239290475e-04
8.000000000000000444e-01 2.587035874126699042e+01 1.868124427331454597e-04
8.000000000000000444e-01 2.648684388573973791e+01 1.222396344149044871e-04
8.000000000000000444e-01 2.710332903021247830e+01 7.535105963633363592e-05
8.000000000000000444e-01 2.771981417468522579e+01 3.896543430262216243e-05
8.000000000000000444e-01 2.833629931915796973e+01 1.069701103997907538e-05
8.000000000000000444e-01 2.862252456480603158e+01 0.000000000000000000e+00
9.000000000000000222e-01 1.000000000000000000e+00 8.556291408545957378e-02
9.000000000000000222e-01 1.112504939582273034e+00 8.115384860762123176e-02
9.000000000000000222e-01 1.237667240594957141e+00 7.768325014584263888e-02
9.000000000000000222e-01 1.376910918721051313e+00 7.451785682590489346e-02
9.000000000000000222e-01 1.531820198441935510e+00 7.204057370772648516e-02
9.000000000000000222e-01 1.704157537318550908e+00 6.936349086210080728e-02
9.000000000000000222e-01 1.895883678093249758e+00 6.679164014949827421e-02
9.000000000000000222e-01 2.109179956752148311e+00 6.456168050052191187e-02
9.000000000000000222e-01 2.346473120354690245e+00 6.248491757716538586e-02
9.000000000000000222e-01 2.610462936991622573e+00 6.052506883000961790e-02
9.000000000000000222e-01 2.904152911999628550e+00 5.888505484245371013e-02
9.000000000000000222e-01 3.230884459901829153e+00 5.733588089401549931e-02
9.000000000000000222e-01 3.594374920860389011e+00 5.600605774227941647e-02
9.000000000000000222e-01 3.998759854167825090e+00 5.448247593676328743e-02
9.000000000000000222e-01 4.448640089964994715e+00 5.323508958121864892e-02
9.000000000000000222e-01 4.548710124078793271e+00 5.295385015319521022e-02
9.000000000000000222e-01 4.949134074509785819e+00 5.177158844835842016e-02
9.000000000000000222e-01 5.201858244459337755e+00 5.112676885731788634e-02
9.000000000000000222e-01 5.505936104547076937e+00 5.033126832245252147e-02
9.000000000000000222e-01 5.855006364839882238e+00 4.935718902115075052e-02
9.000000000000000222e-01 6.125381113333001615e+00 4.869329935042545493e-02
9.000000000000000222e-01 6.508154485220427610e+00 4.767163770014436197e-02
9.000000000000000222e-01 6.814516745406928422e+00 4.679848844002431479e-02
9.000000000000000222e-01 7.161302605600972093e+00 4.579690557321836747e-02
9.000000000000000222e-01 7.581183540131323007e+00 4.453088169699688514e-02
9.000000000000000222e-01 7.814450725981516577e+00 4.378661422742327614e-02
9.000000000000000222e-01 8.467598846362061948e+00 4.168362467526470078e-02
9.000000000000000222e-01 9.120746966742606432e+00 3.934107824589726243e-02
9.000000000000000222e-01 9.773895087123150915e+00 3.696371004023057266e-02
9.000000000000000222e-01 1.042704320750369540e+01 3.444808791984600022e-02
9.000000000000000222e-01 1.108019132788423988e+01 3.185574201207175965e-02
9.000000000000000222e-01 1.173333944826478614e+01 2.921965287979685910e-02
9.000000000000000222e-01 1.238648756864532885e+01 2.659256389432232415e-02
9.000000000000000222e-01 1.303963568902587511e+01 2.397869537205217852e-02
9.000000000000000222e-01 1.369278380940641959e+01 2.145710595905629681e-02
9.000000000000000222e-01 1.434593192978696408e+01 1.902314343243761280e-02
9.000000000000000222e-01 1.499908005016750856e+01 1.672020250387102128e-02
9.000000000000000222e-01 1.565222817054805304e+01 1.454376400320573325e-02
9.000000000000000222e-01 1.630537629092859930e+01 1.257155241541652209e-02
9.000000000000000222e-01 1.695852441130914201e+01 1.076774696960606029e-02
9.000000000000000222e-01 1.761167253168968472e+01 9.107862161530028491e-03
9.000000000000000222e-01 1.826482065207023453e+01 7.650569505152792285e-03
9.000000000000000222e-01 1.891796877245077724e+01 6.372001835975723942e-03
9.000000000000000222e-01 1.957111689283131994e+01 5.235556233986389009e-03
9.000000000000000222e-01 2.022426501321186620e+01 4.285147305797995868e-03
9.000000000000000222e-01 2.087741313359241246e+01 3.463779894476428419e-03
9.000000000000000222e-01 2.153056125397295517e+01 2.779500050757281043e-03
9.000000000000000222e-01 2.218370937435349788e+01 2.195341395747980352e-03
9.000000000000000222e-01 2.283685749473404769e+01 1.735103496549590717e-03
9.000000000000000222e-01 2.349000561511459040e+01 1.336320166239359300e-03
9.000000000000000222e-01 2.414315373549513311e+01 1.029262585675380995e-03
9.000000000000000222e-01 2.479630185587567581e+01 7.828484748548613205e-04
9.000000000000000222e-01 2.544944997625622563e+01 5.731205064040012943e-04
9.000000000000000222e-01 2.610259809663676833e+01 4.248167159510359307e-04
9.000000000000000222e-01 2.675574621701731104e+01 3.038996257415499912e-04
9.000000000000000222e-01 2.740889433739786085e+01 2.090577845732876185e-04
9.000000000000000222e-01 2.806204245777840356e+01 1.362397465508492648e-04
9.000000000000000222e-01 2.871519057815894627e+01 8.407449366316604544e-05
9.000000000000000222e-01 2.936833869853948897e+01 4.193527150883238203e-05
9.000000000000000222e-01 3.002148681892003523e+01 1.114201648165199024e-05
9.000000000000000222e-01 3.032473416052528847e+01 0.000000000000000000e+00
1.000000000000000000e+00 1.000000000000000000e+00 8.098265501095743002e-02
1.000000000000000000e+00 1.113660840678286190e+00 7.745383787126880470e-02
1.000000000000000000e+00 1.240240468060267220e+00 7.317305614371603928e-02
1.000000000000000000e+00 1.381207242303228222e+00 7.146723477248410894e-02
1.000000000000000000e+00 1.538196418614350414e+00 6.927222589158292532e-02
1.000000000000000000e+00 1.713029116682386555e+00 6.689294896821848524e-02
1.000000000000000000e+00 1.907733446190888582e+00 6.451892039187916150e-02
1.000000000000000000e+00 2.124568033475028983e+00 6.224079880514539476e-02
1.000000000000000000e+00 2.366048222238014365e+00 6.091568240430955683e-02
1.000000000000000000e+00 2.634975252262951262e+00 5.952498665692617513e-02
1.000000000000000000e+00 2.934468754601637919e+00 5.780743519411372933e-02
1.000000000000000000e+00 3.268002940193822869e+00 5.696643474909277027e-02
1.000000000000000000e+00 3.639446901715364113e+00 5.548449958487480793e-02
1.000000000000000000e+00 4.053109496168316284e+00 5.475789688879059008e-02
1.000000000000000000e+00 4.513789328863952122e+00 5.365508605396967362e-02
1.000000000000000000e+00 4.639351528148519144e+00 5.344653395113792976e-02
1.000000000000000000e+00 5.026830418627306507e+00 5.274959916937389109e-02
1.000000000000000000e+00 5.305514824498049897e+00 5.185679174356291193e-02
1.000000000000000000e+00 5.598184189955667023e+00 5.146759809847560596e-02
1.000000000000000000e+00 5.971678120847581539e+00 5.083284324080205446e-02
1.000000000000000000e+00 6.234478511257918854e+00 5.030723413755065071e-02
1.000000000000000000e+00 6.637841417197112293e+00 4.925874508841160404e-02
1.000000000000000000e+00 6.943094580038204455e+00 4.864080943006340169e-02
1.000000000000000000e+00 7.304004713546643046e+00 4.765718351622481863e-02
1.000000000000000000e+00 7.732252546914199165e+00 4.662609049325944222e-02
1.000000000000000000e+00 7.970168009896173800e+00 4.599327811002844324e-02
1.000000000000000000e+00 8.636331306245704553e+00 4.383251836778469940e-02
1.000000000000000000e+00 9.302494602595235307e+00 4.177391656850070606e-02
1.000000000000000000e+00 9.968657898944766060e+00 3.937242435171665195e-02
1.000000000000000000e+00 1.063482119529429681e+01 3.667674982193632610e-02
1.000000000000000000e+00 1.130098449164382757e+01 3.419352107914629818e-02
1.000000000000000000e+00 1.196714778799336010e+01 3.151284558091817234e-02
1.000000000000000000e+00 1.263331108434289085e+01 2.866145211534441850e-02
1.000000000000000000e+00 1.329947438069242338e+01 2.597464274446446494e-02
1.000000000000000000e+00 1.396563767704195413e+01 2.325285841229197958e-02
1.000000000000000000e+00 1.463180097339148489e+01 2.068222738498657481e-02
1.000000000000000000e+00 1.529796426974101564e+01 1.812149056998014693e-02
1.000000000000000000e+00 1.596412756609054640e+01 1.583651537063519854e-02
1.000000000000000000e+00 1.663029086244007715e+01 1.362396322158871027e-02
1.000000000000000000e+00 1.729645415878960790e+01 1.169209056815585616e-02
1.000000000000000000e+00 1.796261745513913866e+01 9.892707165588914692e-03
1.000000000000000000e+00 1.862878075148866941e+01 8.217282463256894015e-03
1.000000000000000000e+00 1.929494404783820016e+01 6.873377946771835369e-03
1.000000000000000000e+00 1.996110734418773092e+01 5.640304670400047606e-03
1.000000000000000000e+00 2.062727064053726167e+01 4.631286212787816964e-03
1.000000000000000000e+00 2.129343393688679598e+01 3.685190479466476151e-03
1.000000000000000000e+00 2.195959723323632673e+01 2.979052110141074908e-03
1.000000000000000000e+00 2.262576052958585748e+01 2.324691060807023302e-03
1.000000000000000000e+00 2.329192382593538824e+01 1.848926423869850762e-03
1.000000000000000000e+00 2.395808712228491899e+01 1.426739774448599002e-03
1.000000000000000000e+00 2.462425041863444974e+01 1.050698314121360517e-03
1.000000000000000000e+00 2.529041371498398050e+01 8.187698687320225238e-04
1.000000000000000000e+00 2.595657701133351125e+01 6.072868579461406305e-04
1.000000000000000000e+00 2.662274030768304200e+01 4.154728075622751444e-04
1.000000000000000000e+00 2.728890360403257276e+01 3.178898360510839594e-04
1.000000000000000000e+00 2.795506690038210351e+01 2.090476113232142650e-04
1.000000000000000000e+00 2.862123019673163427e+01 1.452351350451449219e-04
1.000000000000000000e+00 2.928739349308116502e+01 8.163540269839688625e-05
1.000000000000000000e+00 2.995355678943069577e+01 5.025846424695833912e-05
1.000000000000000000e+00 3.061972008578022653e+01 1.407512314002979757e-05
1.000000000000000000e+00 3.092901018765679311e+01 0.000000000000000000e+00
