# mx [GeV]: 1000.0
# sigma_p [cm^2]: 3.98107170553e-30
# depth [m]: 0.3
# loc: MPI
# Columns: gamma/pi, v [km/s], f(v, gamma) [s/km]
0.000000000000000000e+00 1.000000000000000000e+00 1.697186836101357470e-03
0.000000000000000000e+00 1.247087464268272550e+00 1.133546344668290686e-03
0.000000000000000000e+00 1.555227143535069967e+00 1.167496035679553351e-03
0.000000000000000000e+00 1.939504274792339222e+00 1.113985511106151171e-03
0.000000000000000000e+00 2.418731467988253225e+00 1.012843264781991505e-03
0.000000000000000000e+00 3.016369693159346888e+00 8.728013001933346889e-04
0.000000000000000000e+00 3.761676831937757814e+00 7.502481567303148332e-04
0.000000000000000000e+00 4.691140021737966848e+00 6.045534511386362921e-04
0.000000000000000000e+00 5.850261914236610572e+00 5.969976507144065560e-04
0.000000000000000000e+00 7.295788295930583978e+00 5.558895835290573800e-04
0.000000000000000000e+00 9.098486125810213210e+00 5.135085491229854490e-04
0.000000000000000000e+00 1.134660799131671816e+01 4.794056787923982343e-04
0.000000000000000000e+00 1.415021258793728620e+01 4.499933975114357005e-04
0.000000000000000000e+00 1.764655273514769718e+01 4.367304938559935629e-04
0.000000000000000000e+00 2.200679470355169443e+01 4.122000309994758175e-04
0.000000000000000000e+00 2.744439780352472624e+01 4.239649692748559970e-04
0.000000000000000000e+00 3.422556446516740891e+01 4.345988070384800592e-04
0.000000000000000000e+00 3.982837715242379062e+01 4.322981688355464146e-04
0.000000000000000000e+00 4.268227240201592565e+01 4.359936876955070647e-04
0.000000000000000000e+00 4.554732361533592666e+01 4.384806768773628514e-04
0.000000000000000000e+00 5.126627007824805560e+01 4.378125170712124955e-04
0.000000000000000000e+00 5.322852685903770009e+01 4.391371866239304278e-04
0.000000000000000000e+00 5.698521654116019164e+01 4.385752952092324066e-04
0.000000000000000000e+00 6.270416300407232768e+01 4.354276691265641106e-04
0.000000000000000000e+00 6.638062858737298200e+01 4.265873663827312559e-04
0.000000000000000000e+00 6.842310946698445662e+01 4.262811155273726958e-04
0.000000000000000000e+00 7.414205592989659976e+01 4.187273036956680374e-04
0.000000000000000000e+00 7.986100239280872870e+01 4.094083411181761263e-04
0.000000000000000000e+00 8.557994885572085764e+01 3.925755596302085357e-04
0.000000000000000000e+00 9.129889531863298657e+01 3.801978748479222740e-04
0.000000000000000000e+00 9.701784178154511551e+01 3.670941247260018714e-04
0.000000000000000000e+00 1.027367882444572587e+02 3.510316971788308006e-04
0.000000000000000000e+00 1.084557347073694018e+02 3.286421797581378203e-04
0.000000000000000000e+00 1.141746811702815307e+02 3.124084960951403582e-04
0.000000000000000000e+00 1.198936276331936597e+02 2.952790618164434738e-04
0.000000000000000000e+00 1.256125740961057886e+02 2.779827004791269826e-04
0.000000000000000000e+00 1.313315205590179175e+02 2.607372282743020565e-04
0.000000000000000000e+00 1.370504670219300465e+02 2.393646968594026416e-04
0.000000000000000000e+00 1.427694134848422038e+02 2.241719999454333729e-04
0.000000000000000000e+00 1.484883599477543328e+02 2.078948030506178101e-04
0.000000000000000000e+00 1.542073064106664617e+02 1.934996434230449312e-04
0.000000000000000000e+00 1.599262528735785907e+02 1.799772183672160211e-04
0.000000000000000000e+00 1.656451993364907196e+02 1.614255194610309191e-04
0.000000000000000000e+00 1.713641457994028769e+02 1.489684689392841604e-04
0.000000000000000000e+00 1.770830922623150059e+02 1.367624604950697998e-04
0.000000000000000000e+00 1.828020387252271348e+02 1.275097818209306290e-04
0.000000000000000000e+00 1.885209851881392638e+02 1.114097233190283878e-04
0.000000000000000000e+00 1.942399316510513927e+02 1.017029668570205216e-04
0.000000000000000000e+00 1.999588781139635216e+02 9.303581081362883611e-05
0.000000000000000000e+00 2.056778245768756790e+02 8.198362102801580074e-05
0.000000000000000000e+00 2.113967710397878079e+02 7.454561879149124441e-05
0.000000000000000000e+00 2.171157175026999369e+02 6.699710653841212127e-05
0.000000000000000000e+00 2.228346639656120658e+02 5.902600148483564481e-05
0.000000000000000000e+00 2.285536104285241947e+02 5.233126809785858106e-05
0.000000000000000000e+00 2.342725568914363237e+02 4.728027144007976513e-05
0.000000000000000000e+00 2.399915033543484526e+02 4.089825871279511107e-05
0.000000000000000000e+00 2.457104498172606100e+02 3.471850003834409365e-05
0.000000000000000000e+00 2.514293962801727389e+02 2.947573092789269286e-05
0.000000000000000000e+00 2.571483427430848678e+02 2.268764572767582622e-05
0.000000000000000000e+00 2.628672892059969968e+02 1.058550248847337987e-05
0.000000000000000000e+00 2.655225143494919280e+02 0.000000000000000000e+00
1.000000000000000056e-01 1.000000000000000000e+00 1.970313266370639100e-03
1.000000000000000056e-01 1.256881057757583298e+00 1.489677008557900714e-03
1.000000000000000056e-01 1.579749993349821358e+00 1.283130224229224762e-03
1.000000000000000056e-01 1.985557842634058323e+00 1.232398249074019656e-03
1.000000000000000056e-01 2.495610041488760089e+00 1.109672087230934414e-03
1.000000000000000056e-01 3.136684988696839316e+00 9.626017641135907552e-04
1.000000000000000056e-01 3.942439946445615906e+00 8.239998757422926576e-04
1.000000000000000056e-01 4.955178090034316085e+00 7.089954317121866401e-04
1.000000000000000056e-01 6.228069479179532131e+00 6.524070213554215847e-04
1.000000000000000056e-01 7.827942554778889672e+00 6.038951572527212789e-04
1.000000000000000056e-01 9.838792718316090813e+00 5.528190111528718869e-04
1.000000000000000056e-01 1.236619219885473697e+01 5.201273280806557441e-04
1.000000000000000056e-01 1.554283273133011178e+01 4.946924548952614598e-04
1.000000000000000056e-01 1.953549204390337835e+01 4.718951699488486756e-04
1.000000000000000056e-01 2.455378990395613670e+01 4.627163333268861185e-04
1.000000000000000056e-01 3.086119342644184371e+01 4.647018351992715946e-04
1.000000000000000056e-01 3.878884943748760605e+01 4.726955537575371936e-04
1.000000000000000056e-01 4.621050252441312267e+01 4.766573180389401952e-04
1.000000000000000056e-01 4.875297011018906801e+01 4.787228761769822061e-04
1.000000000000000056e-01 5.284585673304680142e+01 4.798254144227181691e-04
1.000000000000000056e-01 5.948121094168048018e+01 4.772040931224240585e-04
1.000000000000000056e-01 6.127668464091824774e+01 4.763629542959528377e-04
1.000000000000000056e-01 6.611656515031415893e+01 4.723467715916494130e-04
1.000000000000000056e-01 7.275191935894784478e+01 4.640156736428132657e-04
1.000000000000000056e-01 7.701750420735520208e+01 4.561789057689228191e-04
1.000000000000000056e-01 7.938727356758153064e+01 4.514703440758820836e-04
1.000000000000000056e-01 8.602262777621520229e+01 4.380415280144977011e-04
1.000000000000000056e-01 9.265798198484887394e+01 4.223325818266270601e-04
1.000000000000000056e-01 9.929333619348255979e+01 4.039214947852582402e-04
1.000000000000000056e-01 1.059286904021162457e+02 3.818710606272530993e-04
1.000000000000000056e-01 1.125640446107499315e+02 3.610656803901237852e-04
1.000000000000000056e-01 1.191993988193835889e+02 3.405801074909757509e-04
1.000000000000000056e-01 1.258347530280172748e+02 3.167579757047296607e-04
1.000000000000000056e-01 1.324701072366509607e+02 2.974227299145722919e-04
1.000000000000000056e-01 1.391054614452846465e+02 2.744130018106301404e-04
1.000000000000000056e-01 1.457408156539183040e+02 2.537054489978860287e-04
1.000000000000000056e-01 1.523761698625519898e+02 2.339533090149846495e-04
1.000000000000000056e-01 1.590115240711856757e+02 2.133530778209457072e-04
1.000000000000000056e-01 1.656468782798193615e+02 1.954640749640283769e-04
1.000000000000000056e-01 1.722822324884530474e+02 1.764913102775114489e-04
1.000000000000000056e-01 1.789175866970867332e+02 1.605185215668785911e-04
1.000000000000000056e-01 1.855529409057203907e+02 1.449918341402601141e-04
1.000000000000000056e-01 1.921882951143540765e+02 1.305804013311003919e-04
1.000000000000000056e-01 1.988236493229877624e+02 1.171287841667923124e-04
1.000000000000000056e-01 2.054590035316214482e+02 1.043951052748851423e-04
1.000000000000000056e-01 2.120943577402551341e+02 9.334435692148973854e-05
1.000000000000000056e-01 2.187297119488887915e+02 8.299360161764736572e-05
1.000000000000000056e-01 2.253650661575224774e+02 7.277073832162287055e-05
1.000000000000000056e-01 2.320004203661561633e+02 6.382296758192808589e-05
1.000000000000000056e-01 2.386357745747898491e+02 5.530769657470279631e-05
1.000000000000000056e-01 2.452711287834235065e+02 4.685991801401369014e-05
1.000000000000000056e-01 2.519064829920571924e+02 3.812506206854356761e-05
1.000000000000000056e-01 2.585418372006908498e+02 3.091804790829998518e-05
1.000000000000000056e-01 2.651771914093245641e+02 2.452740209267566756e-05
1.000000000000000056e-01 2.718125456179582216e+02 1.919057671992560420e-05
1.000000000000000056e-01 2.784478998265918790e+02 1.455813839670357389e-05
1.000000000000000056e-01 2.850832540352255933e+02 1.033530338576992654e-05
1.000000000000000056e-01 2.917186082438592507e+02 6.899102770793411772e-06
1.000000000000000056e-01 2.983539624524929650e+02 3.712103443500005557e-06
1.000000000000000056e-01 3.049893166611266224e+02 1.110906622231211528e-06
1.000000000000000056e-01 3.080700168294208083e+02 0.000000000000000000e+00
2.000000000000000111e-01 1.000000000000000000e+00 2.852989333943668077e-03
2.000000000000000111e-01 1.268583357182758276e+00 2.129009383549935151e-03
2.000000000000000111e-01 1.609303734121077856e+00 1.744708880387623026e-03
2.000000000000000111e-01 2.041535933758066079e+00 1.616411590153639822e-03
2.000000000000000111e-01 2.589858508656044833e+00 1.488170218909044785e-03
2.000000000000000111e-01 3.285451401539217553e+00 1.302392801455102460e-03
2.000000000000000111e-01 4.167868968825419351e+00 1.089215238797334485e-03
2.000000000000000111e-01 5.287289208770390658e+00 9.388137084051056654e-04
2.000000000000000111e-01 6.707367094858112111e+00 8.452843870930422648e-04
2.000000000000000111e-01 8.508854267052269549e+00 7.793003822802976096e-04
2.000000000000000111e-01 1.079419091187600799e+01 7.160209479657257117e-04
2.000000000000000111e-01 1.369333094505928550e+01 6.687034746933952526e-04
2.000000000000000111e-01 1.737113174129786231e+01 6.327141777153898628e-04
2.000000000000000111e-01 2.203672862243961461e+01 6.041280283360010803e-04
2.000000000000000111e-01 2.795542717717982839e+01 5.922276308281895644e-04
2.000000000000000111e-01 3.546378965990490428e+01 5.941383232248816700e-04
2.000000000000000111e-01 4.498877334518535775e+01 6.042972987769451923e-04
2.000000000000000111e-01 5.510771843993578756e+01 6.097540399407115489e-04
2.000000000000000111e-01 5.707200912576943352e+01 6.106251459125183441e-04
2.000000000000000111e-01 6.302062160054195061e+01 6.106407910354881650e-04
2.000000000000000111e-01 7.093352476114812077e+01 6.045755135821647428e-04
2.000000000000000111e-01 7.240060093793360352e+01 6.032343587324392803e-04
2.000000000000000111e-01 7.884642792175428383e+01 5.971378122700907870e-04
2.000000000000000111e-01 8.675933108236044689e+01 5.809011870165185776e-04
2.000000000000000111e-01 9.184619739989297216e+01 5.679751429508667158e-04
2.000000000000000111e-01 9.467223424296660994e+01 5.596391573325909790e-04
2.000000000000000111e-01 1.025851374035727872e+02 5.388701626519772775e-04
2.000000000000000111e-01 1.104980405641789503e+02 5.135945081924621000e-04
2.000000000000000111e-01 1.184109437247851133e+02 4.852611759139259105e-04
2.000000000000000111e-01 1.263238468853912764e+02 4.565267523997176835e-04
2.000000000000000111e-01 1.342367500459974394e+02 4.267354433468494392e-04
2.000000000000000111e-01 1.421496532066036025e+02 3.954455783729104567e-04
2.000000000000000111e-01 1.500625563672097655e+02 3.669706308994140288e-04
2.000000000000000111e-01 1.579754595278159286e+02 3.366923537639360947e-04
2.000000000000000111e-01 1.658883626884220917e+02 3.086388397774184706e-04
2.000000000000000111e-01 1.738012658490282547e+02 2.789920506695710116e-04
2.000000000000000111e-01 1.817141690096344178e+02 2.538892579943737840e-04
2.000000000000000111e-01 1.896270721702405808e+02 2.293453882814748372e-04
2.000000000000000111e-01 1.975399753308467439e+02 2.069879922199366134e-04
2.000000000000000111e-01 2.054528784914529069e+02 1.850312965935470017e-04
2.000000000000000111e-01 2.133657816520590700e+02 1.646673915993731143e-04
2.000000000000000111e-01 2.212786848126652330e+02 1.469222631082408019e-04
2.000000000000000111e-01 2.291915879732713961e+02 1.289939615312406045e-04
2.000000000000000111e-01 2.371044911338775592e+02 1.138569551815904278e-04
2.000000000000000111e-01 2.450173942944837506e+02 9.897243362532153615e-05
2.000000000000000111e-01 2.529302974550899137e+02 8.598940983926687317e-05
2.000000000000000111e-01 2.608432006156961052e+02 7.433070530422652316e-05
2.000000000000000111e-01 2.687561037763022682e+02 6.354202178383731652e-05
2.000000000000000111e-01 2.766690069369084313e+02 5.402180740720902689e-05
2.000000000000000111e-01 2.845819100975145943e+02 4.544412218449258607e-05
2.000000000000000111e-01 2.924948132581207574e+02 3.813006853878074607e-05
2.000000000000000111e-01 3.004077164187269204e+02 3.173585897302653059e-05
2.000000000000000111e-01 3.083206195793330835e+02 2.563299917247661698e-05
2.000000000000000111e-01 3.162335227399392465e+02 2.065710139349633361e-05
2.000000000000000111e-01 3.241464259005454096e+02 1.617178594487155344e-05
2.000000000000000111e-01 3.320593290611515727e+02 1.225043813294402108e-05
2.000000000000000111e-01 3.399722322217577357e+02 8.895991650965382114e-06
2.000000000000000111e-01 3.478851353823638988e+02 5.856215424752957216e-06
2.000000000000000111e-01 3.557980385429700618e+02 3.198909676155950133e-06
2.000000000000000111e-01 3.637109417035762249e+02 9.564436573693200610e-07
2.000000000000000111e-01 3.673847895995719455e+02 0.000000000000000000e+00
3.000000000000000444e-01 1.000000000000000000e+00 4.439323874218432248e-03
3.000000000000000444e-01 1.280118761928301430e+00 3.296917202790025560e-03
3.000000000000000444e-01 1.638704044640847401e+00 2.529239093083795412e-03
3.000000000000000444e-01 2.097735792792541965e+00 2.282058944678363750e-03
3.000000000000000444e-01 2.685350945922272636e+00 2.138825871378557866e-03
3.000000000000000444e-01 3.437568128237013187e+00 1.892194733449574983e-03
3.000000000000000444e-01 4.400495456362953917e+00 1.572895713768627688e-03
3.000000000000000444e-01 5.633156795470460665e+00 1.329902448896004346e-03
3.000000000000000444e-01 7.211109702765644336e+00 1.197771607352380880e-03
3.000000000000000444e-01 9.231076824833518657e+00 1.091254290481351264e-03
3.000000000000000444e-01 1.181687463627092249e+01 9.985129208387526992e-04
3.000000000000000444e-01 1.512700292924507650e+01 9.325247760505386146e-04
3.000000000000000444e-01 1.936436026147100264e+01 8.769535855728609027e-04
3.000000000000000444e-01 2.478868088344786713e+01 8.328535826011655967e-04
3.000000000000000444e-01 3.173245548235503222e+01 8.182740831047815395e-04
3.000000000000000444e-01 4.062131162501725612e+01 8.235017288469903855e-04
3.000000000000000444e-01 5.200010314532082845e+01 8.410627027225130517e-04
3.000000000000000444e-01 6.544948655810607363e+01 8.545087199371396601e-04
3.000000000000000444e-01 6.656630765853209653e+01 8.549468246201593572e-04
3.000000000000000444e-01 7.484736155106489264e+01 8.571539170504443011e-04
3.000000000000000444e-01 8.424523654402372586e+01 8.500287802090973751e-04
3.000000000000000444e-01 8.521277934597848969e+01 8.490864201946537928e-04
3.000000000000000444e-01 9.364311153698254486e+01 8.378738771267491003e-04
3.000000000000000444e-01 1.030409865299413639e+02 8.168466662905676193e-04
3.000000000000000444e-01 1.090824775968435034e+02 7.985085411870997650e-04
3.000000000000000444e-01 1.124388615229001829e+02 7.896043293436944173e-04
3.000000000000000444e-01 1.218367365158590019e+02 7.550666290164071955e-04
3.000000000000000444e-01 1.312346115088178351e+02 7.160031002943526793e-04
3.000000000000000444e-01 1.406324865017766683e+02 6.777747271847974235e-04
3.000000000000000444e-01 1.500303614947354731e+02 6.318459979545784774e-04
3.000000000000000444e-01 1.594282364876942779e+02 5.894791359394859712e-04
3.000000000000000444e-01 1.688261114806531396e+02 5.451646753309528351e-04
3.000000000000000444e-01 1.782239864736119443e+02 4.990213562861123666e-04
3.000000000000000444e-01 1.876218614665707491e+02 4.562455552670786614e-04
3.000000000000000444e-01 1.970197364595296108e+02 4.155168263974054195e-04
3.000000000000000444e-01 2.064176114524884156e+02 3.768365902577612558e-04
3.000000000000000444e-01 2.158154864454472204e+02 3.384325894610011164e-04
3.000000000000000444e-01 2.252133614384060820e+02 3.048357973399184735e-04
3.000000000000000444e-01 2.346112364313648868e+02 2.704250624861165688e-04
3.000000000000000444e-01 2.440091114243236916e+02 2.404504742210280773e-04
3.000000000000000444e-01 2.534069864172824964e+02 2.115959679249642691e-04
3.000000000000000444e-01 2.628048614102413580e+02 1.861185345987571990e-04
3.000000000000000444e-01 2.722027364032001628e+02 1.623033459618324320e-04
3.000000000000000444e-01 2.816006113961589676e+02 1.424177376998058255e-04
3.000000000000000444e-01 2.909984863891178293e+02 1.238164488685320874e-04
3.000000000000000444e-01 3.003963613820766341e+02 1.064623708222797412e-04
3.000000000000000444e-01 3.097942363750354389e+02 9.173468876379527865e-05
3.000000000000000444e-01 3.191921113679943005e+02 7.799724645885085120e-05
3.000000000000000444e-01 3.285899863609531053e+02 6.616640111142727909e-05
3.000000000000000444e-01 3.379878613539119101e+02 5.519890796976332890e-05
3.000000000000000444e-01 3.473857363468707149e+02 4.571199286713435728e-05
3.000000000000000444e-01 3.567836113398295765e+02 3.759636806418425754e-05
3.000000000000000444e-01 3.661814863327883813e+02 3.069753118875695572e-05
3.000000000000000444e-01 3.755793613257471861e+02 2.422130331029831571e-05
3.000000000000000444e-01 3.849772363187060478e+02 1.913810613510637856e-05
3.000000000000000444e-01 3.943751113116648526e+02 1.425511888204007460e-05
3.000000000000000444e-01 4.037729863046236574e+02 1.019171544073375020e-05
3.000000000000000444e-01 4.131708612975825190e+02 6.726756794984466889e-06
3.000000000000000444e-01 4.225687362905413238e+02 3.604598397028848439e-06
3.000000000000000444e-01 4.319666112835001286e+02 1.065756013103768761e-06
3.000000000000000444e-01 4.363299103873738432e+02 0.000000000000000000e+00
4.000000000000000222e-01 1.000000000000000000e+00 6.296111801855395519e-03
4.000000000000000222e-01 1.289987850825123905e+00 4.737111029277029164e-03
4.000000000000000222e-01 1.664068655276422337e+00 3.452412828794242626e-03
4.000000000000000222e-01 2.146628348245486428e+00 3.047411494956908662e-03
4.000000000000000222e-01 2.769124489473480555e+00 2.896071516841052223e-03
4.000000000000000222e-01 3.572136948843113835e+00 2.590744514884234500e-03
4.000000000000000222e-01 4.608013265491145205e+00 2.137668567562601638e-03
4.000000000000000222e-01 5.944281128924583157e+00 1.785782080559825385e-03
4.000000000000000222e-01 7.668050438201764685e+00 1.612649303750131238e-03
4.000000000000000222e-01 9.891691904794543078e+00 1.458790927489732759e-03
4.000000000000000222e-01 1.276016238129018987e+01 1.334622309023217757e-03
4.000000000000000222e-01 1.646045444642012612e+01 1.248899847658401299e-03
4.000000000000000222e-01 2.123378625494236616e+01 1.171391023552260111e-03
4.000000000000000222e-01 2.739132629589315826e+01 1.115458681084135432e-03
4.000000000000000222e-01 3.533447813968891893e+01 1.104303035441348479e-03
4.000000000000000222e-01 4.558104751544463085e+01 1.122757240360322192e-03
4.000000000000000222e-01 5.879899752280626757e+01 1.165725223382581581e-03
4.000000000000000222e-01 7.573175695852320644e+01 1.209757236218197453e-03
4.000000000000000222e-01 7.584999244511664074e+01 1.209090837331570738e-03
4.000000000000000222e-01 8.660606052179832659e+01 1.225247632907190253e-03
4.000000000000000222e-01 9.748036408507346096e+01 1.230773725838910353e-03
4.000000000000000222e-01 9.784556873937791011e+01 1.228933747610913910e-03
4.000000000000000222e-01 1.083546676483485953e+02 1.217162598771112051e-03
4.000000000000000222e-01 1.192289712116237155e+02 1.196543435244419498e-03
4.000000000000000222e-01 1.262195949308720344e+02 1.176638516620501186e-03
4.000000000000000222e-01 1.301032747748988356e+02 1.164359504342153987e-03
4.000000000000000222e-01 1.409775783381739700e+02 1.118638360753064281e-03
4.000000000000000222e-01 1.518518819014490759e+02 1.072585725828415198e-03
4.000000000000000222e-01 1.627261854647242103e+02 1.016130569101062137e-03
4.000000000000000222e-01 1.736004890279993447e+02 9.556770749732895580e-04
4.000000000000000222e-01 1.844747925912744790e+02 8.920108665328180947e-04
4.000000000000000222e-01 1.953490961545496134e+02 8.228827820467280894e-04
4.000000000000000222e-01 2.062233997178247478e+02 7.610287364733967722e-04
4.000000000000000222e-01 2.170977032810998821e+02 6.957090455545934934e-04
4.000000000000000222e-01 2.279720068443749597e+02 6.346327371676331337e-04
4.000000000000000222e-01 2.388463104076500940e+02 5.683232335214373487e-04
4.000000000000000222e-01 2.497206139709252284e+02 5.134455760253858790e-04
4.000000000000000222e-01 2.605949175342003628e+02 4.588244798880209601e-04
4.000000000000000222e-01 2.714692210974754971e+02 4.073000524782668832e-04
4.000000000000000222e-01 2.823435246607506315e+02 3.627333973649223367e-04
4.000000000000000222e-01 2.932178282240257658e+02 3.197541976611588724e-04
4.000000000000000222e-01 3.040921317873009002e+02 2.799687970687033713e-04
4.000000000000000222e-01 3.149664353505759777e+02 2.434062130028632521e-04
4.000000000000000222e-01 3.258407389138511121e+02 2.119889350932722136e-04
4.000000000000000222e-01 3.367150424771262465e+02 1.828844967097122533e-04
4.000000000000000222e-01 3.475893460404013808e+02 1.567060335207986317e-04
4.000000000000000222e-01 3.584636496036765152e+02 1.341423665676673785e-04
4.000000000000000222e-01 3.693379531669516496e+02 1.127287865634476842e-04
4.000000000000000222e-01 3.802122567302267271e+02 9.542454799907427315e-05
4.000000000000000222e-01 3.910865602935018615e+02 7.900803592864429612e-05
4.000000000000000222e-01 4.019608638567769958e+02 6.510511256991750656e-05
4.000000000000000222e-01 4.128351674200521302e+02 5.279228933772591652e-05
4.000000000000000222e-01 4.237094709833272645e+02 4.211657442143750050e-05
4.000000000000000222e-01 4.345837745466023989e+02 3.313996540077553848e-05
4.000000000000000222e-01 4.454580781098775333e+02 2.534473358032901305e-05
4.000000000000000222e-01 4.563323816731526676e+02 1.886447108771809782e-05
4.000000000000000222e-01 4.672066852364278020e+02 1.344379029237725987e-05
4.000000000000000222e-01 4.780809887997028795e+02 8.656932466231981890e-06
4.000000000000000222e-01 4.889552923629780139e+02 4.669426814061626512e-06
4.000000000000000222e-01 4.998295959262531483e+02 1.381177046580324681e-06
4.000000000000000222e-01 5.048783797234880240e+02 0.000000000000000000e+00
5.000000000000000000e-01 1.000000000000000000e+00 7.342048853514969962e-03
5.000000000000000000e-01 1.297585146819391078e+00 5.564354794739975740e-03
5.000000000000000000e-01 1.683727213246301035e+00 3.977366123996285870e-03
5.000000000000000000e-01 2.184779423204005866e+00 3.493782303976807665e-03
5.000000000000000000e-01 2.834937328626154329e+00 3.334939712614804277e-03
5.000000000000000000e-01 3.678572569789141156e+00 2.989530062660250478e-03
5.000000000000000000e-01 4.773261128055628078e+00 2.450793203871070788e-03
5.000000000000000000e-01 6.193712741655354570e+00 2.049094983690587322e-03
5.000000000000000000e-01 8.036869657237996734e+00 1.861023700450740439e-03
5.000000000000000000e-01 1.042852269415547717e+01 1.681278838725200862e-03
5.000000000000000000e-01 1.353189615120508549e+01 1.546721778795425535e-03
5.000000000000000000e-01 1.755878745410620212e+01 1.455640182283350539e-03
5.000000000000000000e-01 2.278402179660688986e+01 1.368331919798874844e-03
5.000000000000000000e-01 2.956420826808635383e+01 1.321230529829627281e-03
5.000000000000000000e-01 3.836207752614388511e+01 1.330812342898559601e-03
5.000000000000000000e-01 4.977806199905829487e+01 1.385424375120033677e-03
5.000000000000000000e-01 6.459127388743280562e+01 1.475867585295386440e-03
5.000000000000000000e-01 8.381267761047598697e+01 1.586666401674765746e-03
5.000000000000000000e-01 8.467061166467844657e+01 1.592280688495885691e-03
5.000000000000000000e-01 9.682844308319637605e+01 1.642693605741293254e-03
5.000000000000000000e-01 1.087540855825158275e+02 1.677181934088389781e-03
5.000000000000000000e-01 1.089862745017143197e+02 1.674698486870058014e-03
5.000000000000000000e-01 1.211441059202322492e+02 1.691802017635064478e-03
5.000000000000000000e-01 1.333019373387501787e+02 1.688903792753293628e-03
5.000000000000000000e-01 1.411176861077973967e+02 1.678574019860970892e-03
5.000000000000000000e-01 1.454597687572681082e+02 1.662143615120661912e-03
5.000000000000000000e-01 1.576176001757860377e+02 1.622890691071266931e-03
5.000000000000000000e-01 1.697754315943039956e+02 1.568898589789670438e-03
5.000000000000000000e-01 1.819332630128218966e+02 1.504260082841848501e-03
5.000000000000000000e-01 1.940910944313398545e+02 1.419708020074354933e-03
5.000000000000000000e-01 2.062489258498577556e+02 1.347979145344870488e-03
5.000000000000000000e-01 2.184067572683757135e+02 1.249864405661087240e-03
5.000000000000000000e-01 2.305645886868936714e+02 1.165185069152938806e-03
5.000000000000000000e-01 2.427224201054115724e+02 1.066934577375661889e-03
5.000000000000000000e-01 2.548802515239295303e+02 9.788305562496997080e-04
5.000000000000000000e-01 2.670380829424474314e+02 8.853650523536818733e-04
5.000000000000000000e-01 2.791959143609653893e+02 7.980211947964914324e-04
5.000000000000000000e-01 2.913537457794832903e+02 7.145180675696955310e-04
5.000000000000000000e-01 3.035115771980012482e+02 6.391138680984258984e-04
5.000000000000000000e-01 3.156694086165191493e+02 5.697011422295864382e-04
5.000000000000000000e-01 3.278272400350371072e+02 4.984106707304961211e-04
5.000000000000000000e-01 3.399850714535550651e+02 4.356385990896059052e-04
5.000000000000000000e-01 3.521429028720729661e+02 3.768836445177917334e-04
5.000000000000000000e-01 3.643007342905909240e+02 3.274076481345775200e-04
5.000000000000000000e-01 3.764585657091088819e+02 2.806210761296508644e-04
5.000000000000000000e-01 3.886163971276267830e+02 2.394577688197005243e-04
5.000000000000000000e-01 4.007742285461447409e+02 2.008363779825226409e-04
5.000000000000000000e-01 4.129320599646626420e+02 1.705277888579545878e-04
5.000000000000000000e-01 4.250898913831805999e+02 1.408362093847188238e-04
5.000000000000000000e-01 4.372477228016985009e+02 1.153319951280970426e-04
5.000000000000000000e-01 4.494055542202164588e+02 9.544149066583455148e-05
5.000000000000000000e-01 4.615633856387343599e+02 7.603871381057175996e-05
5.000000000000000000e-01 4.737212170572523178e+02 5.996780299699343308e-05
5.000000000000000000e-01 4.858790484757702757e+02 4.679140999716439929e-05
5.000000000000000000e-01 4.980368798942881767e+02 3.534207070610317816e-05
5.000000000000000000e-01 5.101947113128061346e+02 2.598463456060017896e-05
5.000000000000000000e-01 5.223525427313239788e+02 1.793840541265419552e-05
5.000000000000000000e-01 5.345103741498419367e+02 1.132273295361078998e-05
5.000000000000000000e-01 5.466682055683598946e+02 6.101743570023744699e-06
5.000000000000000000e-01 5.588260369868778525e+02 1.687696586742745677e-06
5.000000000000000000e-01 5.644707444311897007e+02 0.000000000000000000e+00
6.000000000000000888e-01 1.000000000000000000e+00 6.781173229238502027e-03
6.000000000000000888e-01 1.302938584541015743e+00 5.069420277561634963e-03
6.000000000000000888e-01 1.697648955085745870e+00 3.678758946454747328e-03
6.000000000000000888e-01 2.211932326586956155e+00 3.293512820076280063e-03
6.000000000000000888e-01 2.882011974703724722e+00 3.120826347007545683e-03
6.000000000000000888e-01 3.755084602950728545e+00 2.768402512420592172e-03
6.000000000000000888e-01 4.892644617400384810e+00 2.258198944835769408e-03
6.000000000000000888e-01 6.374815452457876397e+00 1.921657517607899259e-03
6.000000000000000888e-01 8.305993022335661280e+00 1.752933689854284296e-03
6.000000000000000888e-01 1.082219879172957988e+01 1.592665931358388035e-03
6.000000000000000888e-01 1.410066037531763072e+01 1.483593485770381666e-03
6.000000000000000888e-01 1.837229447050994580e+01 1.403399769020929454e-03
6.000000000000000888e-01 2.393797135217696237e+01 1.338453043569143167e-03
6.000000000000000888e-01 3.118970651038883801e+01 1.323853527136188918e-03
6.000000000000000888e-01 4.063827205289572220e+01 1.369364137597314703e-03
6.000000000000000888e-01 5.294917266679267698e+01 1.475456005080087599e-03
6.000000000000000888e-01 6.898952008708870665e+01 1.637420216810820924e-03
6.000000000000000888e-01 8.988910765043533502e+01 1.842350109049670313e-03
6.000000000000000888e-01 9.156008980581096068e+01 1.855551019447860628e-03
6.000000000000000888e-01 1.047071796240812489e+02 1.966042144627859912e-03
6.000000000000000888e-01 1.171199866877131655e+02 2.052151528843174436e-03
6.000000000000000888e-01 1.178542694423515513e+02 2.053632361654908825e-03
6.000000000000000888e-01 1.310013592606218253e+02 2.119645953669665236e-03
6.000000000000000888e-01 1.441484490788921278e+02 2.152566594415246913e-03
6.000000000000000888e-01 1.526001496763516343e+02 2.156328198611643949e-03
6.000000000000000888e-01 1.572955388971624302e+02 2.166517711722765107e-03
6.000000000000000888e-01 1.704426287154327042e+02 2.143191010017666837e-03
6.000000000000000888e-01 1.835897185337030066e+02 2.103125586277379035e-03
6.000000000000000888e-01 1.967368083519733091e+02 2.054593644485717789e-03
6.000000000000000888e-01 2.098838981702435831e+02 1.956356550601473943e-03
6.000000000000000888e-01 2.230309879885138571e+02 1.869813973744400984e-03
6.000000000000000888e-01 2.361780778067841879e+02 1.765397322726384825e-03
6.000000000000000888e-01 2.493251676250544620e+02 1.647473128645908372e-03
6.000000000000000888e-01 2.624722574433247360e+02 1.524223361493499095e-03
6.000000000000000888e-01 2.756193472615950668e+02 1.407262264436687227e-03
6.000000000000000888e-01 2.887664370798653408e+02 1.285572478699032687e-03
6.000000000000000888e-01 3.019135268981356148e+02 1.166147653743536492e-03
6.000000000000000888e-01 3.150606167164059457e+02 1.049192998020491777e-03
6.000000000000000888e-01 3.282077065346762197e+02 9.393296628522014363e-04
6.000000000000000888e-01 3.413547963529464937e+02 8.361585330619016260e-04
6.000000000000000888e-01 3.545018861712167677e+02 7.386170531726208265e-04
6.000000000000000888e-01 3.676489759894870986e+02 6.422586829495016822e-04
6.000000000000000888e-01 3.807960658077573726e+02 5.606021225338060155e-04
6.000000000000000888e-01 3.939431556260276466e+02 4.821563162422878054e-04
6.000000000000000888e-01 4.070902454442979774e+02 4.095659146982405172e-04
6.000000000000000888e-01 4.202373352625682514e+02 3.492230519414893722e-04
6.000000000000000888e-01 4.333844250808385254e+02 2.934870785888109052e-04
6.000000000000000888e-01 4.465315148991087995e+02 2.445564102157891744e-04
6.000000000000000888e-01 4.596786047173791303e+02 2.007813017032893327e-04
6.000000000000000888e-01 4.728256945356494043e+02 1.650759151400640846e-04
6.000000000000000888e-01 4.859727843539196783e+02 1.322872273532161170e-04
6.000000000000000888e-01 4.991198741721900092e+02 1.056019946012568304e-04
6.000000000000000888e-01 5.122669639904603400e+02 8.205590059088921655e-05
6.000000000000000888e-01 5.254140538087306140e+02 6.284238274299905694e-05
6.000000000000000888e-01 5.385611436270008880e+02 4.738109451730655790e-05
6.000000000000000888e-01 5.517082334452711621e+02 3.432320306658151118e-05
6.000000000000000888e-01 5.648553232635414361e+02 2.366803850588895900e-05
6.000000000000000888e-01 5.780024130818118238e+02 1.487176309525749730e-05
6.000000000000000888e-01 5.911495029000820978e+02 7.923318151479672537e-06
6.000000000000000888e-01 6.042965927183523718e+02 2.258180100911623928e-06
6.000000000000000888e-01 6.104005987054064235e+02 0.000000000000000000e+00
7.000000000000000666e-01 1.000000000000000000e+00 5.089987256548851417e-03
7.000000000000000666e-01 1.306403357192878145e+00 3.714151274644461424e-03
7.000000000000000666e-01 1.706689731684823075e+00 2.840843086634521186e-03
7.000000000000000666e-01 2.229625195159665285e+00 2.612809519105162726e-03
7.000000000000000666e-01 2.912789840238413142e+00 2.431568667341632312e-03
7.000000000000000666e-01 3.805278426084770516e+00 2.106630392219981281e-03
7.000000000000000666e-01 4.971228510890774999e+00 1.727976518531068335e-03
7.000000000000000666e-01 6.494429616000662264e+00 1.516311979083792994e-03
7.000000000000000666e-01 8.484344653396121316e+00 1.387923128613586035e-03
7.000000000000000666e-01 1.108397633877813604e+01 1.274089879807220518e-03
7.000000000000000666e-01 1.448014390002618867e+01 1.205246671969550194e-03
7.000000000000000666e-01 1.891690860363018700e+01 1.152591576196880909e-03
7.000000000000000666e-01 2.471311290749331491e+01 1.121186152271989433e-03
7.000000000000000666e-01 3.228529366903593001e+01 1.147926144095123054e-03
7.000000000000000666e-01 4.217761603718650321e+01 1.231043418031307728e-03
7.000000000000000666e-01 5.510097918937265149e+01 1.384218341473893643e-03
7.000000000000000666e-01 7.198410419761133028e+01 1.608451891736901876e-03
7.000000000000000666e-01 9.404027538828138688e+01 1.908765563934368154e-03
7.000000000000000666e-01 9.629854342199571704e+01 1.938333761768555119e-03
7.000000000000000666e-01 1.101260265800258651e+02 2.107918087431305976e-03
7.000000000000000666e-01 1.228545314785935858e+02 2.249619766445313477e-03
7.000000000000000666e-01 1.239535097380560273e+02 2.256724604685122169e-03
7.000000000000000666e-01 1.377809928960861612e+02 2.378979826238230861e-03
7.000000000000000666e-01 1.516084760541163234e+02 2.464407978432326968e-03
7.000000000000000666e-01 1.604975723699928380e+02 2.502828080400042437e-03
7.000000000000000666e-01 1.654359592121464857e+02 2.519274328595140847e-03
7.000000000000000666e-01 1.792634423701766195e+02 2.537528496317123516e-03
7.000000000000000666e-01 1.930909255282068102e+02 2.524247839538029236e-03
7.000000000000000666e-01 2.069184086862369440e+02 2.494688708379316690e-03
7.000000000000000666e-01 2.207458918442670779e+02 2.429171568682961767e-03
7.000000000000000666e-01 2.345733750022972686e+02 2.327857598846511892e-03
7.000000000000000666e-01 2.484008581603274024e+02 2.220649913421246513e-03
7.000000000000000666e-01 2.622283413183575362e+02 2.095486165117156629e-03
7.000000000000000666e-01 2.760558244763877269e+02 1.956473584220108728e-03
7.000000000000000666e-01 2.898833076344178608e+02 1.825210877261064209e-03
7.000000000000000666e-01 3.037107907924479946e+02 1.677373061765772199e-03
7.000000000000000666e-01 3.175382739504781853e+02 1.530867476256888952e-03
7.000000000000000666e-01 3.313657571085083191e+02 1.386919103177487950e-03
7.000000000000000666e-01 3.451932402665384529e+02 1.245343442335762087e-03
7.000000000000000666e-01 3.590207234245686436e+02 1.106880273165064543e-03
7.000000000000000666e-01 3.728482065825987775e+02 9.750115051347731142e-04
7.000000000000000666e-01 3.866756897406289113e+02 8.582029119809349640e-04
7.000000000000000666e-01 4.005031728986591020e+02 7.445116743184733476e-04
7.000000000000000666e-01 4.143306560566892358e+02 6.406652156833291673e-04
7.000000000000000666e-01 4.281581392147193696e+02 5.481714515522375167e-04
7.000000000000000666e-01 4.419856223727495603e+02 4.630021528300134657e-04
7.000000000000000666e-01 4.558131055307796942e+02 3.880675889780233856e-04
7.000000000000000666e-01 4.696405886888098280e+02 3.222065219978677937e-04
7.000000000000000666e-01 4.834680718468400187e+02 2.635180531360950453e-04
7.000000000000000666e-01 4.972955550048701525e+02 2.142537605870818381e-04
7.000000000000000666e-01 5.111230381629002864e+02 1.712392064564669718e-04
7.000000000000000666e-01 5.249505213209305339e+02 1.356260857278814643e-04
7.000000000000000666e-01 5.387780044789606109e+02 1.052150498163164380e-04
7.000000000000000666e-01 5.526054876369908015e+02 8.008291280091677183e-05
7.000000000000000666e-01 5.664329707950209922e+02 5.924315312006079486e-05
7.000000000000000666e-01 5.802604539530510692e+02 4.267931237022190864e-05
7.000000000000000666e-01 5.940879371110812599e+02 2.918250094910932195e-05
7.000000000000000666e-01 6.079154202691114506e+02 1.828884128728041161e-05
7.000000000000000666e-01 6.217429034271416413e+02 9.561091718489635500e-06
7.000000000000000666e-01 6.355703865851717183e+02 2.681625282073742579e-06
7.000000000000000666e-01 6.419902894799714659e+02 0.000000000000000000e+00
8.000000000000000444e-01 1.000000000000000000e+00 3.416959796813586695e-03
8.000000000000000444e-01 1.308449154105775447e+00 2.466458754868526559e-03
8.000000000000000444e-01 1.712039188880119411e+00 2.026523826188115010e-03
8.000000000000000444e-01 2.240116228486130456e+00 1.901070348617869962e-03
8.000000000000000444e-01 2.931078184261297181e+00 1.723798292616872917e-03
8.000000000000000444e-01 3.835166770814586901e+00 1.453114766579282399e-03
8.000000000000000444e-01 5.018120717126924646e+00 1.219780006451665543e-03
8.000000000000000444e-01 6.565955807525392096e+00 1.098971679584680866e-03
8.000000000000000444e-01 8.591219322252502621e+00 1.014108636969609329e-03
8.000000000000000444e-01 1.124117365493848197e+01 9.441208471360599836e-04
8.000000000000000444e-01 1.470850415996038407e+01 9.022705580485402589e-04
8.000000000000000444e-01 1.924532982626144673e+01 8.769616120744267275e-04
8.000000000000000444e-01 2.518153553165844016e+01 8.819623846100541151e-04
8.000000000000000444e-01 3.294875886548301480e+01 9.339575402406474812e-04
8.000000000000000444e-01 4.311177566637642400e+01 1.044620350512841201e-03
8.000000000000000444e-01 5.640956640266818312e+01 1.221341288850614354e-03
8.000000000000000444e-01 7.380904944304475634e+01 1.486795042712553286e-03
8.000000000000000444e-01 9.657538830910327476e+01 1.851853001869190008e-03
8.000000000000000444e-01 9.920450967989988555e+01 1.893006330510801916e-03
8.000000000000000444e-01 1.134492597877829496e+02 2.109527786367502294e-03
8.000000000000000444e-01 1.263639851404829813e+02 2.291635118540513542e-03
8.000000000000000444e-01 1.276940098956659995e+02 2.303356264401272471e-03
8.000000000000000444e-01 1.419387600035490777e+02 2.475124471936550156e-03
8.000000000000000444e-01 1.561835101114321276e+02 2.605736506845711224e-03
8.000000000000000444e-01 1.653408494664997477e+02 2.684944696883941485e-03
8.000000000000000444e-01 1.704282602193151774e+02 2.699930162404445486e-03
8.000000000000000444e-01 1.846730103271982557e+02 2.761455095487522302e-03
8.000000000000000444e-01 1.989177604350813056e+02 2.780448342918840493e-03
8.000000000000000444e-01 2.131625105429643554e+02 2.768122779099149808e-03
8.000000000000000444e-01 2.274072606508474337e+02 2.717651980386310510e-03
8.000000000000000444e-01 2.416520107587305120e+02 2.650426286106585035e-03
8.000000000000000444e-01 2.558967608666135334e+02 2.540479989942984358e-03
8.000000000000000444e-01 2.701415109744966117e+02 2.417284677897670736e-03
8.000000000000000444e-01 2.843862610823796899e+02 2.282287228741596442e-03
8.000000000000000444e-01 2.986310111902627114e+02 2.131841939657940638e-03
8.000000000000000444e-01 3.128757612981457896e+02 1.973255311682956502e-03
8.000000000000000444e-01 3.271205114060288679e+02 1.809029970351874348e-03
8.000000000000000444e-01 3.413652615139118893e+02 1.643822962527898392e-03
8.000000000000000444e-01 3.556100116217949676e+02 1.483310289670636273e-03
8.000000000000000444e-01 3.698547617296780459e+02 1.322969988422452838e-03
8.000000000000000444e-01 3.840995118375611241e+02 1.174969776771184367e-03
8.000000000000000444e-01 3.983442619454441456e+02 1.028788273106214174e-03
8.000000000000000444e-01 4.125890120533272238e+02 8.966195627631477977e-04
8.000000000000000444e-01 4.268337621612103021e+02 7.701184776444567302e-04
8.000000000000000444e-01 4.410785122690933235e+02 6.591569303495195802e-04
8.000000000000000444e-01 4.553232623769764018e+02 5.566710867044601368e-04
8.000000000000000444e-01 4.695680124848594801e+02 4.663327166018251002e-04
8.000000000000000444e-01 4.838127625927425584e+02 3.850852970561175685e-04
8.000000000000000444e-01 4.980575127006255798e+02 3.153567645131598448e-04
8.000000000000000444e-01 5.123022628085086581e+02 2.557368840623599994e-04
8.000000000000000444e-01 5.265470129163917363e+02 2.037484959506399461e-04
8.000000000000000444e-01 5.407917630242747009e+02 1.603167693427949298e-04
8.000000000000000444e-01 5.550365131321577792e+02 1.239531740332380945e-04
8.000000000000000444e-01 5.692812632400408575e+02 9.433874543128774510e-05
8.000000000000000444e-01 5.835260133479239357e+02 6.944260824237419533e-05
8.000000000000000444e-01 5.977707634558070140e+02 4.971742256856820233e-05
8.000000000000000444e-01 6.120155135636899786e+02 3.390539388368832838e-05
8.000000000000000444e-01 6.262602636715730569e+02 2.112844294333487833e-05
8.000000000000000444e-01 6.405050137794561351e+02 1.103382546633250106e-05
8.000000000000000444e-01 6.547497638873392134e+02 3.068865554995084720e-06
8.000000000000000444e-01 6.613633978659992181e+02 0.000000000000000000e+00
9.000000000000000222e-01 1.000000000000000000e+00 2.387829373575576890e-03
9.000000000000000222e-01 1.309501259744707102e+00 1.743733041599407427e-03
9.000000000000000222e-01 1.714793549272974893e+00 1.535674044077902246e-03
9.000000000000000222e-01 2.245524312975057946e+00 1.445282931131788851e-03
9.000000000000000222e-01 2.940516916628206356e+00 1.268048459432689727e-03
9.000000000000000222e-01 3.850610606625258558e+00 1.068571911670097418e-03
9.000000000000000222e-01 5.042379440162106263e+00 9.091989519935504563e-04
9.000000000000000222e-01 6.603002229003088530e+00 8.390482165680763051e-04
9.000000000000000222e-01 8.646639736976654333e+00 7.772208137334843652e-04
9.000000000000000222e-01 1.132278562812957290e+01 7.317942773657862840e-04
9.000000000000000222e-01 1.482720204385494256e+01 7.093880096358881485e-04
9.000000000000000222e-01 1.941623975491733489e+01 6.998967853345999584e-04
9.000000000000000222e-01 2.542559041856951652e+01 7.209031201138026449e-04
9.000000000000000222e-01 3.329484268286974213e+01 7.883027615493684364e-04
9.000000000000000222e-01 4.359963843621975599e+01 9.086650676483555740e-04
9.000000000000000222e-01 5.709378145664352644e+01 1.098976518820568961e-03
9.000000000000000222e-01 7.476437874106370884e+01 1.382890965097017394e-03
9.000000000000000222e-01 9.790404814545333068e+01 1.778833337644370426e-03
9.000000000000000222e-01 1.007311381245204274e+02 1.827276885149378997e-03
9.000000000000000222e-01 1.151950964193233631e+02 2.068686420934035593e-03
9.000000000000000222e-01 1.282054743805776127e+02 2.270983550540592571e-03
9.000000000000000222e-01 1.296590547141262846e+02 2.294667977506531249e-03
9.000000000000000222e-01 1.441230130089292345e+02 2.487449304172938223e-03
9.000000000000000222e-01 1.585869713037321560e+02 2.647914951560424116e-03
9.000000000000000222e-01 1.678852302075341072e+02 2.735579417454940977e-03
9.000000000000000222e-01 1.730509295985351059e+02 2.773225780866472867e-03
9.000000000000000222e-01 1.875148878933380274e+02 2.856179656751764440e-03
9.000000000000000222e-01 2.019788461881409489e+02 2.904910487294695177e-03
9.000000000000000222e-01 2.164428044829438988e+02 2.904970106306352384e-03
9.000000000000000222e-01 2.309067627777468488e+02 2.876101387306683951e-03
9.000000000000000222e-01 2.453707210725497703e+02 2.816477355231803998e-03
9.000000000000000222e-01 2.598346793673526918e+02 2.718318210464061926e-03
9.000000000000000222e-01 2.742986376621556133e+02 2.599456053078808698e-03
9.000000000000000222e-01 2.887625959569585916e+02 2.461362466525220723e-03
9.000000000000000222e-01 3.032265542517615131e+02 2.312968157132805347e-03
9.000000000000000222e-01 3.176905125465644346e+02 2.143792161176549371e-03
9.000000000000000222e-01 3.321544708413673561e+02 1.976809554717501478e-03
9.000000000000000222e-01 3.466184291361702776e+02 1.804030429457500681e-03
9.000000000000000222e-01 3.610823874309732560e+02 1.627734835879562220e-03
9.000000000000000222e-01 3.755463457257761775e+02 1.454330613273094189e-03
9.000000000000000222e-01 3.900103040205790990e+02 1.292698854404061718e-03
9.000000000000000222e-01 4.044742623153820773e+02 1.132688067863097704e-03
9.000000000000000222e-01 4.189382206101849988e+02 9.869585982794548597e-04
9.000000000000000222e-01 4.334021789049879203e+02 8.509527414119522114e-04
9.000000000000000222e-01 4.478661371997908418e+02 7.279085014696290434e-04
9.000000000000000222e-01 4.623300954945937633e+02 6.125212802621125482e-04
9.000000000000000222e-01 4.767940537893967416e+02 5.133224855124484710e-04
9.000000000000000222e-01 4.912580120841996631e+02 4.259741083222500662e-04
9.000000000000000222e-01 5.057219703790025847e+02 3.481863078296095707e-04
9.000000000000000222e-01 5.201859286738055062e+02 2.810693243960641035e-04
9.000000000000000222e-01 5.346498869686084845e+02 2.240921679685345435e-04
9.000000000000000222e-01 5.491138452634113492e+02 1.755767243655446930e-04
9.000000000000000222e-01 5.635778035582143275e+02 1.358920023386757001e-04
9.000000000000000222e-01 5.780417618530171922e+02 1.026919514022356632e-04
9.000000000000000222e-01 5.925057201478201705e+02 7.588256136790790429e-05
9.000000000000000222e-01 6.069696784426231488e+02 5.413715783495218019e-05
9.000000000000000222e-01 6.214336367374260135e+02 3.657962844194056627e-05
9.000000000000000222e-01 6.358975950322289918e+02 2.276859152184593270e-05
9.000000000000000222e-01 6.503615533270318565e+02 1.188949004621157776e-05
9.000000000000000222e-01 6.648255116218348348e+02 3.280434021155259050e-06
9.000000000000000222e-01 6.715409208301362014e+02 0.000000000000000000e+00
1.000000000000000000e+00 1.000000000000000000e+00 2.061151598146835663e-03
1.000000000000000000e+00 1.309823571187852753e+00 1.356222733878011989e-03
1.000000000000000000e+00 1.715637787639300083e+00 1.394658431395344586e-03
1.000000000000000000e+00 2.247182813870535423e+00 1.299196690408792060e-03
1.000000000000000000e+00 2.943413018375872436e+00 1.115319126512128497e-03
1.000000000000000000e+00 3.855351751209902034e+00 9.442121848816523513e-04
1.000000000000000000e+00 5.049830598955096228e+00 7.739310020447860532e-04
1.000000000000000000e+00 6.614387149017057155e+00 7.578036818875122024e-04
1.000000000000000000e+00 8.663680196744563133e+00 7.040025367435281088e-04
1.000000000000000000e+00 1.134789253492944106e+01 6.595000203974466825e-04
1.000000000000000000e+00 1.486373712555725746e+01 6.366901662233766203e-04
1.000000000000000000e+00 1.946887324299487787e+01 6.421508199040509802e-04
1.000000000000000000e+00 2.550078907814318896e+01 6.606298877871049323e-04
1.000000000000000000e+00 3.340153461844170835e+01 7.414957366210420510e-04
1.000000000000000000e+00 4.375011735708199012e+01 8.596404097859785360e-04
1.000000000000000000e+00 5.730493495654080505e+01 1.051502406478680091e-03
1.000000000000000000e+00 7.505935455146391178e+01 1.345499076298163534e-03
1.000000000000000000e+00 9.831451182965368218e+01 1.751264543687923881e-03
1.000000000000000000e+00 1.012032549409588853e+02 1.801950892117243873e-03
1.000000000000000000e+00 1.157350043683786254e+02 2.047646838295013021e-03
1.000000000000000000e+00 1.287746649843073214e+02 2.257429267075144151e-03
1.000000000000000000e+00 1.302667537957983654e+02 2.285591438488192816e-03
1.000000000000000000e+00 1.447985032232180913e+02 2.483363509338311695e-03
1.000000000000000000e+00 1.593302526506378172e+02 2.650656651320265449e-03
1.000000000000000000e+00 1.686720915682647899e+02 2.745736934218132898e-03
1.000000000000000000e+00 1.738620020780575715e+02 2.798396460127404797e-03
1.000000000000000000e+00 1.883937515054772973e+02 2.875902286762804967e-03
1.000000000000000000e+00 2.029255009328970232e+02 2.935364810509758469e-03
1.000000000000000000e+00 2.174572503603167775e+02 2.946710546993217168e-03
1.000000000000000000e+00 2.319889997877365033e+02 2.922830955256919098e-03
1.000000000000000000e+00 2.465207492151562576e+02 2.862506043640325633e-03
1.000000000000000000e+00 2.610524986425759835e+02 2.765710005644428718e-03
1.000000000000000000e+00 2.755842480699957378e+02 2.656201198978479054e-03
1.000000000000000000e+00 2.901159974974154920e+02 2.517776853010223435e-03
1.000000000000000000e+00 3.046477469248351895e+02 2.362887785506848082e-03
1.000000000000000000e+00 3.191794963522549438e+02 2.197492800644630997e-03
1.000000000000000000e+00 3.337112457796746412e+02 2.029921720750903907e-03
1.000000000000000000e+00 3.482429952070943955e+02 1.848304728642718260e-03
1.000000000000000000e+00 3.627747446345141498e+02 1.674401044890641392e-03
1.000000000000000000e+00 3.773064940619339040e+02 1.498289835660539552e-03
1.000000000000000000e+00 3.918382434893536583e+02 1.333724773926317888e-03
1.000000000000000000e+00 4.063699929167732989e+02 1.169287242261418149e-03
1.000000000000000000e+00 4.209017423441930532e+02 1.018237114598460674e-03
1.000000000000000000e+00 4.354334917716128075e+02 8.798901099506514821e-04
1.000000000000000000e+00 4.499652411990325618e+02 7.482556176746369943e-04
1.000000000000000000e+00 4.644969906264523161e+02 6.316678083239199871e-04
1.000000000000000000e+00 4.790287400538720703e+02 5.305486932744986166e-04
1.000000000000000000e+00 4.935604894812918246e+02 4.372949655098107920e-04
1.000000000000000000e+00 5.080922389087114652e+02 3.569090096480499177e-04
1.000000000000000000e+00 5.226239883361312195e+02 2.890769142048399041e-04
1.000000000000000000e+00 5.371557377635509738e+02 2.321807576521564163e-04
1.000000000000000000e+00 5.516874871909707281e+02 1.801201144299871093e-04
1.000000000000000000e+00 5.662192366183904824e+02 1.415254861531621718e-04
1.000000000000000000e+00 5.807509860458102366e+02 1.064580531119249223e-04
1.000000000000000000e+00 5.952827354732298772e+02 7.712585950732325595e-05
1.000000000000000000e+00 6.098144849006496315e+02 5.442587332817671811e-05
1.000000000000000000e+00 6.243462343280693858e+02 3.821834187160235607e-05
1.000000000000000000e+00 6.388779837554891401e+02 2.237530729376964545e-05
1.000000000000000000e+00 6.534097331829088944e+02 1.155967925359729509e-05
1.000000000000000000e+00 6.679414826103286487e+02 2.718435858630789610e-06
1.000000000000000000e+00 6.746883662730592732e+02 0.000000000000000000e+00
