# mx [GeV]: 100000.0
# sigma_p [cm^2]: 1.58489319246e-28
# depth [m]: 0.3
# loc: MPI
# Columns: gamma/pi, v [km/s], f(v, gamma) [s/km]
0.000000000000000000e+00 1.000000000000000000e+00 6.821646784193655761e-04
0.000000000000000000e+00 1.262400390302325093e+00 6.525759253959255435e-04
0.000000000000000000e+00 1.593654745435462816e+00 5.855972465786206784e-04
0.000000000000000000e+00 2.011830372644880960e+00 4.901173753212054130e-04
0.000000000000000000e+00 2.539735447648969746e+00 4.153887329219935914e-04
0.000000000000000000e+00 3.206163020376709749e+00 3.621406684300706243e-04
0.000000000000000000e+00 4.047461448296440167e+00 3.248766973962198589e-04
0.000000000000000000e+00 5.109516912063039484e+00 3.066915783207420929e-04
0.000000000000000000e+00 6.450256144044712592e+00 2.729242346739560129e-04
0.000000000000000000e+00 8.142805873792017479e+00 2.530479106693311279e-04
0.000000000000000000e+00 1.027948131323110559e+01 2.380384294981984406e-04
0.000000000000000000e+00 1.297682122192840737e+01 2.267181252700673703e-04
0.000000000000000000e+00 1.638194417544591630e+01 2.258040776873223362e-04
0.000000000000000000e+00 2.068057272099382971e+01 2.247025637713933840e-04
0.000000000000000000e+00 2.610716307465821728e+01 2.362257294647906374e-04
0.000000000000000000e+00 3.295769285513498659e+01 2.526010967459544308e-04
0.000000000000000000e+00 4.160580432378656468e+01 2.745026443887223222e-04
0.000000000000000000e+00 5.022229249014813490e+01 3.005725438202241852e-04
0.000000000000000000e+00 5.252318361719033391e+01 3.069608916057168851e-04
0.000000000000000000e+00 5.743369859129761323e+01 3.186424648654061003e-04
0.000000000000000000e+00 6.464510469244709157e+01 3.357650885377668750e-04
0.000000000000000000e+00 6.630528749826176238e+01 3.393273717990884773e-04
0.000000000000000000e+00 7.185651079359655569e+01 3.494300996034619463e-04
0.000000000000000000e+00 7.906791689474603402e+01 3.584303481927997564e-04
0.000000000000000000e+00 8.370382081691354870e+01 3.637958580874340979e-04
0.000000000000000000e+00 8.627932299589551235e+01 3.661991968434009492e-04
0.000000000000000000e+00 9.349072909704499068e+01 3.705132437390414772e-04
0.000000000000000000e+00 1.007021351981944690e+02 3.715989213757033287e-04
0.000000000000000000e+00 1.079135412993439331e+02 3.683175348444652701e-04
0.000000000000000000e+00 1.151249474004934115e+02 3.637743406460595139e-04
0.000000000000000000e+00 1.223363535016428898e+02 3.566985816598593488e-04
0.000000000000000000e+00 1.295477596027923823e+02 3.471529522183415973e-04
0.000000000000000000e+00 1.367591657039418465e+02 3.367680565943872561e-04
0.000000000000000000e+00 1.439705718050913106e+02 3.246041758370015189e-04
0.000000000000000000e+00 1.511819779062407747e+02 3.099793446480380763e-04
0.000000000000000000e+00 1.583933840073902672e+02 2.942260710922378619e-04
0.000000000000000000e+00 1.656047901085397598e+02 2.794083705239356220e-04
0.000000000000000000e+00 1.728161962096892239e+02 2.633434765440553858e-04
0.000000000000000000e+00 1.800276023108386880e+02 2.474257577713375508e-04
0.000000000000000000e+00 1.872390084119881806e+02 2.305439876200856663e-04
0.000000000000000000e+00 1.944504145131376447e+02 2.150337446200524657e-04
0.000000000000000000e+00 2.016618206142871372e+02 2.004293193394179071e-04
0.000000000000000000e+00 2.088732267154366014e+02 1.846690881949778948e-04
0.000000000000000000e+00 2.160846328165860655e+02 1.706197065949209210e-04
0.000000000000000000e+00 2.232960389177355580e+02 1.569131724678478172e-04
0.000000000000000000e+00 2.305074450188850221e+02 1.440251731405592535e-04
0.000000000000000000e+00 2.377188511200345147e+02 1.300864521537883022e-04
0.000000000000000000e+00 2.449302572211839788e+02 1.189793968203377793e-04
0.000000000000000000e+00 2.521416633223334429e+02 1.085369929321554615e-04
0.000000000000000000e+00 2.593530694234829070e+02 9.697911755428537844e-05
0.000000000000000000e+00 2.665644755246323712e+02 8.748895568855815719e-05
0.000000000000000000e+00 2.737758816257818921e+02 7.995203577554059362e-05
0.000000000000000000e+00 2.809872877269313562e+02 6.988508613904165884e-05
0.000000000000000000e+00 2.881986938280808204e+02 6.191474886430222444e-05
0.000000000000000000e+00 2.954100999292303413e+02 5.089079575830428466e-05
0.000000000000000000e+00 3.026215060303798055e+02 4.375366683010847125e-05
0.000000000000000000e+00 3.098329121315292696e+02 3.410647975357913679e-05
0.000000000000000000e+00 3.170443182326787337e+02 2.747298311385664365e-05
0.000000000000000000e+00 3.242557243338281978e+02 1.956381551591588428e-05
0.000000000000000000e+00 3.314671304349777188e+02 9.840168379020562570e-06
0.000000000000000000e+00 3.348152832676542516e+02 0.000000000000000000e+00
1.000000000000000056e-01 1.000000000000000000e+00 8.463658912656104325e-04
1.000000000000000056e-01 1.272992828197549553e+00 7.226552476319663635e-04
1.000000000000000056e-01 1.620510740642395975e+00 6.472606317444454726e-04
1.000000000000000056e-01 2.062898550854869395e+00 5.512000874783255355e-04
1.000000000000000056e-01 2.626055060537367147e+00 4.600935818373519132e-04
1.000000000000000056e-01 3.342949258515950373e+00 3.922241224386834773e-04
1.000000000000000056e-01 4.255550431119120347e+00 3.552375911585087015e-04
1.000000000000000056e-01 5.417285178847630611e+00 3.330070813950265340e-04
1.000000000000000056e-01 6.896165180973913955e+00 3.015123114020556538e-04
1.000000000000000056e-01 8.778768817445451234e+00 2.747751513817916482e-04
1.000000000000000056e-01 1.117530974501234375e+01 2.564769067972427112e-04
1.000000000000000056e-01 1.422608915828689469e+01 2.476472355198079027e-04
1.000000000000000056e-01 1.810970947179813351e+01 2.461254586493135483e-04
1.000000000000000056e-01 2.305353027834026136e+01 2.499624622310149145e-04
1.000000000000000056e-01 2.934697870896220095e+01 2.627401869801414616e-04
1.000000000000000056e-01 3.735849342577507315e+01 2.836839781544778943e-04
1.000000000000000056e-01 4.755709420327697501e+01 3.135606005292633069e-04
1.000000000000000056e-01 5.886327642888515044e+01 3.453501050405214387e-04
1.000000000000000056e-01 6.053983985068686025e+01 3.496506063075447671e-04
1.000000000000000056e-01 6.731543919816095922e+01 3.651525418240152230e-04
1.000000000000000056e-01 7.576760196743677511e+01 3.816731665444346184e-04
1.000000000000000056e-01 7.706678195015258837e+01 3.835897672659885804e-04
1.000000000000000056e-01 8.421976473671259100e+01 3.934903343507416208e-04
1.000000000000000056e-01 9.267192750598840689e+01 4.010474220733851103e-04
1.000000000000000056e-01 9.810546071480857222e+01 4.032698791799869953e-04
1.000000000000000056e-01 1.011240902752642228e+02 4.036822209319424338e-04
1.000000000000000056e-01 1.095762530445400387e+02 4.032210093604971261e-04
1.000000000000000056e-01 1.180284158138158546e+02 3.978042092570144143e-04
1.000000000000000056e-01 1.264805785830916705e+02 3.888402737316206466e-04
1.000000000000000056e-01 1.349327413523674863e+02 3.774243560476031947e-04
1.000000000000000056e-01 1.433849041216433022e+02 3.642920969368151842e-04
1.000000000000000056e-01 1.518370668909191181e+02 3.478619298371627604e-04
1.000000000000000056e-01 1.602892296601949340e+02 3.302825574899806048e-04
1.000000000000000056e-01 1.687413924294707499e+02 3.125104405690977524e-04
1.000000000000000056e-01 1.771935551987465658e+02 2.930785566832464850e-04
1.000000000000000056e-01 1.856457179680223817e+02 2.735780619949750329e-04
1.000000000000000056e-01 1.940978807372981976e+02 2.541421295971575027e-04
1.000000000000000056e-01 2.025500435065740135e+02 2.345228727964544693e-04
1.000000000000000056e-01 2.110022062758498294e+02 2.158060255800996977e-04
1.000000000000000056e-01 2.194543690451256452e+02 1.975817186369648276e-04
1.000000000000000056e-01 2.279065318144014611e+02 1.804600769114252708e-04
1.000000000000000056e-01 2.363586945836772770e+02 1.630200393927390380e-04
1.000000000000000056e-01 2.448108573529530929e+02 1.480823448268572362e-04
1.000000000000000056e-01 2.532630201222289088e+02 1.326551917900186230e-04
1.000000000000000056e-01 2.617151828915047531e+02 1.190269220751402493e-04
1.000000000000000056e-01 2.701673456607805406e+02 1.055967612288530609e-04
1.000000000000000056e-01 2.786195084300563849e+02 9.403381319446987732e-05
1.000000000000000056e-01 2.870716711993321724e+02 8.199729109023195042e-05
1.000000000000000056e-01 2.955238339686080167e+02 6.828944127239920518e-05
1.000000000000000056e-01 3.039759967378838041e+02 5.621155307106505503e-05
1.000000000000000056e-01 3.124281595071596485e+02 4.658024660635040300e-05
1.000000000000000056e-01 3.208803222764354928e+02 3.772711770601209190e-05
1.000000000000000056e-01 3.293324850457112802e+02 3.084598903707628452e-05
1.000000000000000056e-01 3.377846478149870677e+02 2.448837715970856834e-05
1.000000000000000056e-01 3.462368105842629120e+02 1.882901092779426533e-05
1.000000000000000056e-01 3.546889733535387563e+02 1.453011180195577329e-05
1.000000000000000056e-01 3.631411361228145438e+02 1.018576809544342762e-05
1.000000000000000056e-01 3.715932988920903313e+02 6.627507526620711730e-06
1.000000000000000056e-01 3.800454616613661756e+02 3.790105297183229726e-06
1.000000000000000056e-01 3.884976244306420199e+02 1.086881942661644599e-06
1.000000000000000056e-01 3.924218428592343457e+02 0.000000000000000000e+00
2.000000000000000111e-01 1.000000000000000000e+00 1.198837323412294681e-03
2.000000000000000111e-01 1.283920385092083505e+00 9.419258191498233084e-04
2.000000000000000111e-01 1.648451555255004086e+00 8.665909079351590038e-04
2.000000000000000111e-01 2.116480555628648563e+00 7.524261930860642227e-04
2.000000000000000111e-01 2.717392530022641584e+00 6.158411481198002805e-04
2.000000000000000111e-01 3.488915663593020966e+00 5.213962463171424979e-04
2.000000000000000111e-01 4.479489942354153875e+00 4.697268950717796150e-04
2.000000000000000111e-01 5.751308451803460287e+00 4.322510461376578004e-04
2.000000000000000111e-01 7.384222162222853214e+00 3.926996920096223367e-04
2.000000000000000111e-01 9.480753362126664641e+00 3.522896243264675735e-04
2.000000000000000111e-01 1.217253250766473016e+01 3.295871933978975778e-04
2.000000000000000111e-01 1.562856262478680947e+01 3.161234044870816010e-04
2.000000000000000111e-01 2.006583014365201834e+01 3.125776639891992073e-04
2.000000000000000111e-01 2.576292836523004581e+01 3.179626941226230161e-04
2.000000000000000111e-01 3.307754890778591772e+01 3.331226743857697075e-04
2.000000000000000111e-01 4.246893933158673207e+01 3.617648762131094888e-04
2.000000000000000111e-01 5.452673694106315594e+01 4.018140941867270606e-04
2.000000000000000111e-01 6.924286709858306210e+01 4.471182531950703624e-04
2.000000000000000111e-01 7.000798909118452684e+01 4.490484453676983558e-04
2.000000000000000111e-01 7.918543263068730198e+01 4.727748000984913364e-04
2.000000000000000111e-01 8.912799816279152765e+01 4.917976852768802523e-04
2.000000000000000111e-01 8.988468431347604337e+01 4.929090717988923861e-04
2.000000000000000111e-01 9.907056369489576753e+01 5.049442782751451236e-04
2.000000000000000111e-01 1.090131292270000074e+02 5.118734788577358362e-04
2.000000000000000111e-01 1.154047784976385032e+02 5.129755686431654738e-04
2.000000000000000111e-01 1.189556947591042331e+02 5.127724271958186393e-04
2.000000000000000111e-01 1.288982602912084872e+02 5.078310389616360384e-04
2.000000000000000111e-01 1.388408258233126844e+02 4.976682643412861035e-04
2.000000000000000111e-01 1.487833913554169385e+02 4.840474080202740708e-04
2.000000000000000111e-01 1.587259568875211926e+02 4.661533382634071060e-04
2.000000000000000111e-01 1.686685224196253898e+02 4.454260177605745465e-04
2.000000000000000111e-01 1.786110879517296439e+02 4.226270820288084598e-04
2.000000000000000111e-01 1.885536534838338980e+02 3.974271028735516928e-04
2.000000000000000111e-01 1.984962190159380953e+02 3.717021802028521111e-04
2.000000000000000111e-01 2.084387845480423493e+02 3.453222137687608426e-04
2.000000000000000111e-01 2.183813500801466034e+02 3.200499445249872332e-04
2.000000000000000111e-01 2.283239156122508007e+02 2.938399945364941778e-04
2.000000000000000111e-01 2.382664811443550548e+02 2.682562834313788184e-04
2.000000000000000111e-01 2.482090466764593089e+02 2.433906212700195459e-04
2.000000000000000111e-01 2.581516122085635061e+02 2.196982107044284833e-04
2.000000000000000111e-01 2.680941777406677602e+02 1.979175706389588922e-04
2.000000000000000111e-01 2.780367432727720143e+02 1.761728597425343736e-04
2.000000000000000111e-01 2.879793088048762115e+02 1.550570834030869842e-04
2.000000000000000111e-01 2.979218743369804656e+02 1.352869546568816824e-04
2.000000000000000111e-01 3.078644398690847197e+02 1.185295096704575067e-04
2.000000000000000111e-01 3.178070054011889169e+02 1.033830911791178272e-04
2.000000000000000111e-01 3.277495709332931710e+02 8.850070158786413571e-05
2.000000000000000111e-01 3.376921364653974251e+02 7.620333662676159682e-05
2.000000000000000111e-01 3.476347019975016224e+02 6.448552281656334730e-05
2.000000000000000111e-01 3.575772675296058765e+02 5.391724836221377598e-05
2.000000000000000111e-01 3.675198330617101306e+02 4.514196732816283617e-05
2.000000000000000111e-01 3.774623985938143278e+02 3.754251023433401873e-05
2.000000000000000111e-01 3.874049641259185819e+02 3.022416005082260532e-05
2.000000000000000111e-01 3.973475296580228360e+02 2.400975388926721940e-05
2.000000000000000111e-01 4.072900951901270332e+02 1.861725056818543063e-05
2.000000000000000111e-01 4.172326607222312873e+02 1.389713704834187862e-05
2.000000000000000111e-01 4.271752262543355414e+02 9.871437901709484325e-06
2.000000000000000111e-01 4.371177917864397386e+02 6.625350358831546478e-06
2.000000000000000111e-01 4.470603573185439927e+02 3.627337501235075746e-06
2.000000000000000111e-01 4.570029228506482468e+02 1.193944470568281046e-06
2.000000000000000111e-01 4.616191139905537852e+02 0.000000000000000000e+00
3.000000000000000444e-01 1.000000000000000000e+00 1.824264331157368808e-03
3.000000000000000444e-01 1.293707199571539457e+00 1.394201926219125563e-03
3.000000000000000444e-01 1.673678318223234873e+00 1.230413390405301699e-03
3.000000000000000444e-01 2.165249690052184928e+00 1.090943303547472999e-03
3.000000000000000444e-01 2.801199112890556009e+00 9.004998304020675557e-04
3.000000000000000444e-01 3.623931459779921482e+00 7.398284212977444037e-04
3.000000000000000444e-01 4.688306220271083014e+00 6.556829120786340694e-04
3.000000000000000444e-01 6.065295510960732273e+00 6.023547632273521272e-04
3.000000000000000444e-01 7.846716470058836990e+00 5.453201737282599307e-04
3.000000000000000444e-01 1.015135359031169493e+01 4.883404141206347873e-04
3.000000000000000444e-01 1.313287922518263429e+01 4.503137048978898783e-04
3.000000000000000444e-01 1.699010040472226990e+01 4.301287237770352661e-04
3.000000000000000444e-01 2.198021521503252629e+01 4.220108394493805653e-04
3.000000000000000444e-01 2.843596267181946757e+01 4.273615912391639810e-04
3.000000000000000444e-01 3.678780963528041070e+01 4.474442097746190831e-04
3.000000000000000444e-01 4.759265418162950567e+01 4.870389903320868660e-04
3.000000000000000444e-01 6.157095936149261917e+01 5.455570198631416300e-04
3.000000000000000444e-01 7.965479341048965978e+01 6.170223240014484486e-04
3.000000000000000444e-01 7.998990040421254832e+01 6.182456508927042238e-04
3.000000000000000444e-01 9.147562969302255453e+01 6.570106604196259683e-04
3.000000000000000444e-01 1.029613589818325607e+02 6.870403961673164899e-04
3.000000000000000444e-01 1.030499797155341355e+02 6.880926324008584168e-04
3.000000000000000444e-01 1.144470882706425670e+02 7.091814105675558902e-04
3.000000000000000444e-01 1.259328175594525732e+02 7.224317149985457712e-04
3.000000000000000444e-01 1.333165006736875284e+02 7.249741962390552534e-04
3.000000000000000444e-01 1.374185468482625652e+02 7.259674980078327771e-04
3.000000000000000444e-01 1.489042761370725998e+02 7.233042752529276814e-04
3.000000000000000444e-01 1.603900054258825776e+02 7.105701056120592406e-04
3.000000000000000444e-01 1.718757347146926122e+02 6.929429549053664700e-04
3.000000000000000444e-01 1.833614640035025900e+02 6.681212382155547400e-04
3.000000000000000444e-01 1.948471932923126246e+02 6.411448219612631179e-04
3.000000000000000444e-01 2.063329225811226024e+02 6.076997380201384479e-04
3.000000000000000444e-01 2.178186518699326371e+02 5.717496537342939972e-04
3.000000000000000444e-01 2.293043811587426148e+02 5.358217888260998363e-04
3.000000000000000444e-01 2.407901104475526495e+02 4.980297789230308777e-04
3.000000000000000444e-01 2.522758397363626273e+02 4.588336978326372322e-04
3.000000000000000444e-01 2.637615690251726619e+02 4.208580936884839742e-04
3.000000000000000444e-01 2.752472983139826397e+02 3.826492519752314669e-04
3.000000000000000444e-01 2.867330276027926743e+02 3.445711008515788291e-04
3.000000000000000444e-01 2.982187568916026521e+02 3.095034592702316351e-04
3.000000000000000444e-01 3.097044861804126867e+02 2.762628691188797215e-04
3.000000000000000444e-01 3.211902154692226645e+02 2.450849065652442203e-04
3.000000000000000444e-01 3.326759447580326992e+02 2.177865032610933668e-04
3.000000000000000444e-01 3.441616740468426769e+02 1.897884584386925317e-04
3.000000000000000444e-01 3.556474033356527116e+02 1.658720924413914965e-04
3.000000000000000444e-01 3.671331326244627462e+02 1.424736133025107762e-04
3.000000000000000444e-01 3.786188619132727240e+02 1.227393887611712229e-04
3.000000000000000444e-01 3.901045912020827018e+02 1.036940802844965668e-04
3.000000000000000444e-01 4.015903204908927364e+02 8.819829235542444061e-05
3.000000000000000444e-01 4.130760497797027710e+02 7.346002095629734405e-05
3.000000000000000444e-01 4.245617790685127488e+02 6.019044561448930999e-05
3.000000000000000444e-01 4.360475083573227266e+02 4.922179654664668447e-05
3.000000000000000444e-01 4.475332376461327613e+02 3.966857234385115304e-05
3.000000000000000444e-01 4.590189669349427959e+02 3.097714133122447258e-05
3.000000000000000444e-01 4.705046962237527737e+02 2.379424982467702102e-05
3.000000000000000444e-01 4.819904255125627515e+02 1.777075018716142585e-05
3.000000000000000444e-01 4.934761548013727861e+02 1.226661747444841085e-05
3.000000000000000444e-01 5.049618840901828207e+02 8.084479412661884799e-06
3.000000000000000444e-01 5.164476133789927417e+02 4.305483697607358359e-06
3.000000000000000444e-01 5.279333426678027763e+02 1.181288195215013466e-06
3.000000000000000444e-01 5.332660026947503411e+02 0.000000000000000000e+00
4.000000000000000222e-01 1.000000000000000000e+00 2.561177123750947842e-03
4.000000000000000222e-01 1.301520842278669932e+00 1.872855398862498461e-03
4.000000000000000222e-01 1.693956502885778148e+00 1.627625971313652721e-03
4.000000000000000222e-01 2.204719694419328135e+00 1.464395210583385861e-03
4.000000000000000222e-01 2.869488633669015520e+00 1.219129684648294657e-03
4.000000000000000222e-01 3.734699263401966451e+00 9.836524619699516664e-04
4.000000000000000222e-01 4.860788930960455723e+00 8.621021993078544074e-04
4.000000000000000222e-01 6.326418103562486905e+00 7.937115350387121239e-04
4.000000000000000222e-01 8.233965018755673881e+00 7.165772861373770645e-04
4.000000000000000222e-01 1.071667708650398687e+01 6.379693615976518356e-04
4.000000000000000222e-01 1.394797858805519120e+01 5.849519483011388988e-04
4.000000000000000222e-01 1.815358484001044914e+01 5.570194100997610765e-04
4.000000000000000222e-01 2.362726903134769074e+01 5.444029158882245653e-04
4.000000000000000222e-01 3.075138309042438323e+01 5.514966639069138806e-04
4.000000000000000222e-01 4.002356602108316963e+01 5.794137105463793066e-04
4.000000000000000222e-01 5.209150535875613031e+01 6.361961534499805922e-04
4.000000000000000222e-01 6.779817993009213239e+01 7.238091185198913379e-04
4.000000000000000222e-01 8.824074424757432666e+01 8.394910961425526216e-04
4.000000000000000222e-01 8.968558952259563455e+01 8.479398555569712167e-04
4.000000000000000222e-01 1.025635203258401305e+02 9.128255609124306816e-04
4.000000000000000222e-01 1.148471677763995729e+02 9.670119130015288056e-04
4.000000000000000222e-01 1.154414511290846406e+02 9.681942966100749552e-04
4.000000000000000222e-01 1.283193819323291223e+02 1.013165352646116200e-03
4.000000000000000222e-01 1.411973127355736324e+02 1.044143683963797689e-03
4.000000000000000222e-01 1.494759825376593767e+02 1.059202964469096358e-03
4.000000000000000222e-01 1.540752435388181425e+02 1.062837735263100257e-03
4.000000000000000222e-01 1.669531743420626526e+02 1.069121452543900924e-03
4.000000000000000222e-01 1.798311051453071627e+02 1.063458343459645471e-03
4.000000000000000222e-01 1.927090359485516444e+02 1.048559874693992490e-03
4.000000000000000222e-01 2.055869667517961261e+02 1.024292072448292588e-03
4.000000000000000222e-01 2.184648975550406362e+02 9.860091531730384197e-04
4.000000000000000222e-01 2.313428283582851464e+02 9.426282966593216078e-04
4.000000000000000222e-01 2.442207591615296565e+02 8.938975079553363725e-04
4.000000000000000222e-01 2.570986899647741666e+02 8.426779478248748022e-04
4.000000000000000222e-01 2.699766207680186767e+02 7.840917797445369486e-04
4.000000000000000222e-01 2.828545515712631300e+02 7.273829731906635227e-04
4.000000000000000222e-01 2.957324823745076401e+02 6.723039632976885414e-04
4.000000000000000222e-01 3.086104131777521502e+02 6.122289611624343996e-04
4.000000000000000222e-01 3.214883439809966603e+02 5.507324112106040453e-04
4.000000000000000222e-01 3.343662747842411704e+02 4.962646351552003031e-04
4.000000000000000222e-01 3.472442055874856806e+02 4.434341582637032868e-04
4.000000000000000222e-01 3.601221363907301907e+02 3.914101810252051559e-04
4.000000000000000222e-01 3.730000671939747008e+02 3.432740972957674377e-04
4.000000000000000222e-01 3.858779979972191541e+02 3.015047699598198791e-04
4.000000000000000222e-01 3.987559288004636642e+02 2.605745680758782376e-04
4.000000000000000222e-01 4.116338596037081743e+02 2.226481423133104282e-04
4.000000000000000222e-01 4.245117904069526844e+02 1.909066201173150465e-04
4.000000000000000222e-01 4.373897212101971945e+02 1.598212699692249945e-04
4.000000000000000222e-01 4.502676520134417046e+02 1.326972914409177114e-04
4.000000000000000222e-01 4.631455828166861579e+02 1.097263488174552392e-04
4.000000000000000222e-01 4.760235136199306680e+02 8.953935580171184854e-05
4.000000000000000222e-01 4.889014444231751781e+02 7.194370956535796650e-05
4.000000000000000222e-01 5.017793752264196883e+02 5.640568458122260118e-05
4.000000000000000222e-01 5.146573060296641415e+02 4.386283862478005372e-05
4.000000000000000222e-01 5.275352368329087085e+02 3.255356276112897541e-05
4.000000000000000222e-01 5.404131676361531618e+02 2.426751963953370354e-05
4.000000000000000222e-01 5.532910984393976150e+02 1.694345645973595240e-05
4.000000000000000222e-01 5.661690292426421820e+02 1.061681484004878082e-05
4.000000000000000222e-01 5.790469600458866353e+02 5.527607983343116184e-06
4.000000000000000222e-01 5.919248908491312022e+02 1.638258151068214074e-06
4.000000000000000222e-01 5.979039301506376205e+02 0.000000000000000000e+00
5.000000000000000000e-01 1.000000000000000000e+00 2.941693851062320009e-03
5.000000000000000000e-01 1.307116884571952520e+00 2.113828304041940817e-03
5.000000000000000000e-01 1.708554549933086975e+00 1.842724217259834483e-03
5.000000000000000000e-01 2.233280500429771109e+00 1.650594079237613669e-03
5.000000000000000000e-01 2.919158650097053442e+00 1.374618356209194713e-03
5.000000000000000000e-01 3.815681560286126928e+00 1.102791456649502384e-03
5.000000000000000000e-01 4.987541793599848283e+00 9.658145265301399697e-04
5.000000000000000000e-01 6.519300090922642177e+00 8.896176399111443544e-04
5.000000000000000000e-01 8.521487224436450347e+00 8.020246168657629285e-04
5.000000000000000000e-01 1.113857983272506935e+01 7.134865053288134539e-04
5.000000000000000000e-01 1.455942576950757150e+01 6.552708244330324823e-04
5.000000000000000000e-01 1.903087125299533966e+01 6.259169870681888107e-04
5.000000000000000000e-01 2.487557314290519628e+01 6.145682699329645593e-04
5.000000000000000000e-01 3.251528166849597312e+01 6.269357801836319055e-04
5.000000000000000000e-01 4.250127367550396684e+01 6.675360193753310245e-04
5.000000000000000000e-01 5.555413243706468052e+01 7.484262642373335720e-04
5.000000000000000000e-01 7.261574451623363302e+01 8.758364408463145939e-04
5.000000000000000000e-01 9.491726574293214469e+01 1.053787235084031925e-03
5.000000000000000000e-01 9.730279575137682002e+01 1.074398383737891352e-03
5.000000000000000000e-01 1.112744792438822117e+02 1.178693300670020320e-03
5.000000000000000000e-01 1.240679606899896328e+02 1.269159804254091231e-03
5.000000000000000000e-01 1.252461627363876033e+02 1.277755983189068998e-03
5.000000000000000000e-01 1.392178462288929950e+02 1.361877733090783660e-03
5.000000000000000000e-01 1.531895297213983724e+02 1.429443238796341067e-03
5.000000000000000000e-01 1.621713262522946195e+02 1.461637718016822220e-03
5.000000000000000000e-01 1.671612132139037499e+02 1.481126843104105771e-03
5.000000000000000000e-01 1.811328967064091557e+02 1.513719929785742064e-03
5.000000000000000000e-01 1.951045801989145616e+02 1.527665377021036235e-03
5.000000000000000000e-01 2.090762636914199391e+02 1.522449911537136292e-03
5.000000000000000000e-01 2.230479471839253165e+02 1.501425128696731682e-03
5.000000000000000000e-01 2.370196306764307224e+02 1.468096451646738135e-03
5.000000000000000000e-01 2.509913141689361282e+02 1.421241811402129684e-03
5.000000000000000000e-01 2.649629976614414772e+02 1.355228841896407611e-03
5.000000000000000000e-01 2.789346811539468831e+02 1.285445491305084367e-03
5.000000000000000000e-01 2.929063646464522890e+02 1.205317521547525673e-03
5.000000000000000000e-01 3.068780481389576948e+02 1.130193905879321248e-03
5.000000000000000000e-01 3.208497316314630439e+02 1.044516556342534866e-03
5.000000000000000000e-01 3.348214151239684497e+02 9.493380680120253566e-04
5.000000000000000000e-01 3.487930986164738556e+02 8.712056069322873103e-04
5.000000000000000000e-01 3.627647821089792615e+02 7.795928873894485567e-04
5.000000000000000000e-01 3.767364656014846105e+02 6.960409841508470629e-04
5.000000000000000000e-01 3.907081490939900164e+02 6.179690445804388466e-04
5.000000000000000000e-01 4.046798325864954222e+02 5.414015126047466838e-04
5.000000000000000000e-01 4.186515160790008281e+02 4.704132220685262574e-04
5.000000000000000000e-01 4.326231995715061771e+02 4.037985745979583239e-04
5.000000000000000000e-01 4.465948830640115830e+02 3.444703317011136657e-04
5.000000000000000000e-01 4.605665665565169888e+02 2.909021331554073283e-04
5.000000000000000000e-01 4.745382500490223379e+02 2.431057319430224111e-04
5.000000000000000000e-01 4.885099335415277437e+02 2.005645869600113833e-04
5.000000000000000000e-01 5.024816170340331496e+02 1.636343489647021723e-04
5.000000000000000000e-01 5.164533005265385555e+02 1.314534099536298435e-04
5.000000000000000000e-01 5.304249840190439045e+02 1.035253918031479588e-04
5.000000000000000000e-01 5.443966675115492535e+02 8.088721380341227097e-05
5.000000000000000000e-01 5.583683510040547162e+02 6.240429222749519379e-05
5.000000000000000000e-01 5.723400344965600652e+02 4.694950948851529473e-05
5.000000000000000000e-01 5.863117179890654143e+02 3.367379168579107585e-05
5.000000000000000000e-01 6.002834014815708770e+02 2.271051079699807360e-05
5.000000000000000000e-01 6.142550849740762260e+02 1.429125284760145059e-05
5.000000000000000000e-01 6.282267684665816887e+02 7.475682864238280475e-06
5.000000000000000000e-01 6.421984519590870377e+02 2.142893905617287619e-06
5.000000000000000000e-01 6.486853050091788191e+02 0.000000000000000000e+00
6.000000000000000888e-01 1.000000000000000000e+00 2.640222006169360390e-03
6.000000000000000888e-01 1.310677007313685527e+00 1.919977260909861436e-03
6.000000000000000888e-01 1.717874217500759082e+00 1.672614220045012812e-03
6.000000000000000888e-01 2.251578238335234516e+00 1.498476819662508328e-03
6.000000000000000888e-01 2.951091827153845326e+00 1.236621365410588971e-03
6.000000000000000888e-01 3.867928204321878560e+00 9.991692422581500109e-04
6.000000000000000888e-01 5.069604563344797477e+00 8.852649969226999635e-04
6.000000000000000888e-01 6.644614137348563432e+00 8.152038221087210728e-04
6.000000000000000888e-01 8.708942972294220652e+00 7.333274849436195297e-04
6.000000000000000888e-01 1.141461131179214483e+01 6.555730665601429289e-04
6.000000000000000888e-01 1.496086859378867118e+01 6.088422761785786596e-04
6.000000000000000888e-01 1.960886647532024440e+01 5.873713570725567958e-04
6.000000000000000888e-01 2.570089042868639595e+01 5.848956737133051854e-04
6.000000000000000888e-01 3.368556615236762752e+01 6.078127123786383930e-04
6.000000000000000888e-01 4.415089703425238810e+01 6.647371864526932256e-04
6.000000000000000888e-01 5.786756559506859787e+01 7.695268587897230146e-04
6.000000000000000888e-01 7.584568769467290394e+01 9.373536162210598923e-04
6.000000000000000888e-01 9.940919896530232336e+01 1.183288182053708702e-03
6.000000000000000888e-01 1.024634999309376155e+02 1.215898406549009714e-03
6.000000000000000888e-01 1.171762076133286570e+02 1.369924089849157423e-03
6.000000000000000888e-01 1.302933513992931864e+02 1.500427342480548185e-03
6.000000000000000888e-01 1.318889152957196984e+02 1.515917332507625255e-03
6.000000000000000888e-01 1.466016229781107540e+02 1.649262455349347284e-03
6.000000000000000888e-01 1.613143306605017813e+02 1.765370901947502192e-03
6.000000000000000888e-01 1.707724998848959785e+02 1.828280359267485606e-03
6.000000000000000888e-01 1.760270383428928369e+02 1.863446356719952995e-03
6.000000000000000888e-01 1.907397460252838641e+02 1.929061023860186323e-03
6.000000000000000888e-01 2.054524537076749198e+02 1.979070262784503233e-03
6.000000000000000888e-01 2.201651613900659754e+02 1.998379432562204586e-03
6.000000000000000888e-01 2.348778690724570026e+02 2.003795583735210831e-03
6.000000000000000888e-01 2.495905767548480583e+02 1.976265329190400252e-03
6.000000000000000888e-01 2.643032844372390855e+02 1.933103922077687243e-03
6.000000000000000888e-01 2.790159921196301411e+02 1.864037602868181837e-03
6.000000000000000888e-01 2.937286998020211968e+02 1.789889612563310426e-03
6.000000000000000888e-01 3.084414074844122524e+02 1.691956590650269248e-03
6.000000000000000888e-01 3.231541151668032512e+02 1.592402210135964976e-03
6.000000000000000888e-01 3.378668228491943069e+02 1.478367023227700541e-03
6.000000000000000888e-01 3.525795305315853625e+02 1.360762240157648061e-03
6.000000000000000888e-01 3.672922382139763613e+02 1.238214725842963710e-03
6.000000000000000888e-01 3.820049458963674169e+02 1.120851865900809787e-03
6.000000000000000888e-01 3.967176535787584726e+02 9.976425602812597285e-04
6.000000000000000888e-01 4.114303612611495282e+02 8.869467880814343140e-04
6.000000000000000888e-01 4.261430689435405839e+02 7.754143819312644872e-04
6.000000000000000888e-01 4.408557766259316395e+02 6.754637306529104150e-04
6.000000000000000888e-01 4.555684843083226951e+02 5.775572400435204611e-04
6.000000000000000888e-01 4.702811919907137508e+02 4.888929429295500815e-04
6.000000000000000888e-01 4.849938996731046927e+02 4.110697925389016571e-04
6.000000000000000888e-01 4.997066073554957484e+02 3.418840089555599078e-04
6.000000000000000888e-01 5.144193150378868040e+02 2.785736092382560939e-04
6.000000000000000888e-01 5.291320227202778597e+02 2.263212340075699441e-04
6.000000000000000888e-01 5.438447304026689153e+02 1.817656358478460471e-04
6.000000000000000888e-01 5.585574380850599709e+02 1.431016773572865231e-04
6.000000000000000888e-01 5.732701457674510266e+02 1.108918982795204346e-04
6.000000000000000888e-01 5.879828534498420822e+02 8.362450688698301409e-05
6.000000000000000888e-01 6.026955611322331379e+02 6.214595169126539437e-05
6.000000000000000888e-01 6.174082688146240798e+02 4.429616152940181722e-05
6.000000000000000888e-01 6.321209764970151355e+02 3.012184979402698494e-05
6.000000000000000888e-01 6.468336841794061911e+02 1.886721639876941503e-05
6.000000000000000888e-01 6.615463918617972467e+02 9.848054145901368196e-06
6.000000000000000888e-01 6.762590995441883024e+02 2.724559160110891658e-06
6.000000000000000888e-01 6.830899995395841415e+02 0.000000000000000000e+00
7.000000000000000666e-01 1.000000000000000000e+00 1.926608587753197684e-03
7.000000000000000666e-01 1.312693282219461022e+00 1.458305219208179187e-03
7.000000000000000666e-01 1.723163653184101696e+00 1.289159099939756782e-03
7.000000000000000666e-01 2.261985351699515867e+00 1.129152809003669414e-03
7.000000000000000666e-01 2.969292975654779010e+00 9.183611040562257924e-04
7.000000000000000666e-01 3.897770942083462309e+00 7.607171987289616192e-04
7.000000000000000666e-01 5.116577731303181942e+00 6.860033524247044620e-04
7.000000000000000666e-01 6.716497215835376622e+00 6.297388405725782515e-04
7.000000000000000666e-01 8.816700775272813928e+00 5.652723924278742857e-04
7.000000000000000666e-01 1.157362387903973477e+01 5.118609492148351462e-04
7.000000000000000666e-01 1.519261831695020071e+01 4.846194822786625790e-04
7.000000000000000666e-01 1.994324800398486630e+01 4.752974029646552011e-04
7.000000000000000666e-01 2.617936768046761387e+01 4.849570758764590859e-04
7.000000000000000666e-01 3.436548008690311207e+01 5.187966837254400594e-04
7.000000000000000666e-01 4.511133485032436141e+01 5.897850187379480476e-04
7.000000000000000666e-01 5.921734620997345644e+01 7.136298476961625264e-04
7.000000000000000666e-01 7.773421256069622132e+01 9.122828792979093774e-04
7.000000000000000666e-01 1.020411786270455394e+02 1.209675629992488198e-03
7.000000000000000666e-01 1.055001900829147417e+02 1.253824136600027467e-03
7.000000000000000666e-01 1.206489353255896759e+02 1.448570050817633674e-03
7.000000000000000666e-01 1.339487696934787380e+02 1.613908550322328559e-03
7.000000000000000666e-01 1.357976805682646102e+02 1.638164259975791225e-03
7.000000000000000666e-01 1.509464258109395587e+02 1.813535622438964753e-03
7.000000000000000666e-01 1.660951710536145072e+02 1.975157478716245418e-03
7.000000000000000666e-01 1.758336501381913024e+02 2.068213653884502703e-03
7.000000000000000666e-01 1.812439162962894557e+02 2.112565023833777676e-03
7.000000000000000666e-01 1.963926615389643757e+02 2.228852200052454987e-03
7.000000000000000666e-01 2.115414067816393242e+02 2.312720836470184664e-03
7.000000000000000666e-01 2.266901520243142727e+02 2.362685510695450124e-03
7.000000000000000666e-01 2.418388972669891928e+02 2.388478181732577640e-03
7.000000000000000666e-01 2.569876425096641697e+02 2.390976074559657012e-03
7.000000000000000666e-01 2.721363877523390897e+02 2.351298020109337736e-03
7.000000000000000666e-01 2.872851329950140098e+02 2.295092192675078895e-03
7.000000000000000666e-01 3.024338782376889867e+02 2.218345383575707694e-03
7.000000000000000666e-01 3.175826234803639068e+02 2.115348580181267580e-03
7.000000000000000666e-01 3.327313687230388268e+02 1.999485090935746411e-03
7.000000000000000666e-01 3.478801139657138037e+02 1.861805220962468171e-03
7.000000000000000666e-01 3.630288592083887238e+02 1.721340640002217044e-03
7.000000000000000666e-01 3.781776044510636439e+02 1.571142806143581774e-03
7.000000000000000666e-01 3.933263496937386208e+02 1.427307045977780665e-03
7.000000000000000666e-01 4.084750949364135408e+02 1.275265417569381018e-03
7.000000000000000666e-01 4.236238401790884609e+02 1.129385430258382419e-03
7.000000000000000666e-01 4.387725854217634378e+02 9.881171141386416255e-04
7.000000000000000666e-01 4.539213306644383579e+02 8.587099773275548575e-04
7.000000000000000666e-01 4.690700759071132779e+02 7.366101308219995649e-04
7.000000000000000666e-01 4.842188211497882548e+02 6.240152965542696472e-04
7.000000000000000666e-01 4.993675663924631749e+02 5.238079524831245389e-04
7.000000000000000666e-01 5.145163116351380950e+02 4.358946256158844398e-04
7.000000000000000666e-01 5.296650568778130719e+02 3.545965106237311147e-04
7.000000000000000666e-01 5.448138021204879351e+02 2.871979734435944442e-04
7.000000000000000666e-01 5.599625473631629120e+02 2.284663694744133624e-04
7.000000000000000666e-01 5.751112926058378889e+02 1.794663657595634574e-04
7.000000000000000666e-01 5.902600378485128658e+02 1.387263595127964178e-04
7.000000000000000666e-01 6.054087830911877290e+02 1.049346044468409497e-04
7.000000000000000666e-01 6.205575283338627059e+02 7.692571238111466894e-05
7.000000000000000666e-01 6.357062735765376829e+02 5.491244708564520368e-05
7.000000000000000666e-01 6.508550188192125461e+02 3.723655209645322455e-05
7.000000000000000666e-01 6.660037640618875230e+02 2.301529983659131491e-05
7.000000000000000666e-01 6.811525093045624999e+02 1.207017811538464231e-05
7.000000000000000666e-01 6.963012545472373631e+02 3.354872756826834721e-06
7.000000000000000666e-01 7.033346005527649822e+02 0.000000000000000000e+00
8.000000000000000444e-01 1.000000000000000000e+00 1.284059799678081721e-03
8.000000000000000444e-01 1.313739936954260834e+00 1.002012515546131435e-03
8.000000000000000444e-01 1.725912621948584968e+00 9.134002365888002845e-04
8.000000000000000444e-01 2.267400339147296773e+00 7.772824090307166485e-04
8.000000000000000444e-01 2.978774378601439565e+00 6.273940142864050436e-04
8.000000000000000444e-01 3.913334864344821806e+00 5.397424021016142227e-04
8.000000000000000444e-01 5.141104297965276793e+00 4.922026163563630440e-04
8.000000000000000444e-01 6.754074036284182014e+00 4.520449220487633203e-04
8.000000000000000444e-01 8.873096798612390756e+00 4.048002526560588081e-04
8.000000000000000444e-01 1.165694162879809426e+01 3.754230683557700462e-04
8.000000000000000444e-01 1.531418976049670633e+01 3.625016709305427221e-04
8.000000000000000444e-01 2.011886269046052789e+01 3.640510884509771212e-04
8.000000000000000444e-01 2.643095340255704429e+01 3.825883203466652681e-04
8.000000000000000444e-01 3.472339905671629623e+01 4.242288473560853817e-04
8.000000000000000444e-01 4.561751608760810939e+01 5.039227826502250826e-04
8.000000000000000444e-01 5.992955270894425013e+01 6.383631796980889558e-04
8.000000000000000444e-01 7.873184679754547233e+01 8.541409501258952555e-04
8.000000000000000444e-01 1.034331714480999125e+02 1.182812262124895673e-03
8.000000000000000444e-01 1.071099696782686266e+02 1.234704654378180428e-03
8.000000000000000444e-01 1.224898627602764236e+02 1.453618143243497630e-03
8.000000000000000444e-01 1.358842881372059423e+02 1.643189668207724590e-03
8.000000000000000444e-01 1.378697558422842349e+02 1.670155802096972598e-03
8.000000000000000444e-01 1.532496489242920461e+02 1.881632518022212418e-03
8.000000000000000444e-01 1.686295420062998289e+02 2.074512702626647980e-03
8.000000000000000444e-01 1.785166161304476589e+02 2.187753397593941024e-03
8.000000000000000444e-01 1.840094350883076402e+02 2.241434460350221099e-03
8.000000000000000444e-01 1.993893281703154230e+02 2.388902775074508086e-03
8.000000000000000444e-01 2.147692212523232342e+02 2.502758522240708036e-03
8.000000000000000444e-01 2.301491143343310455e+02 2.581132119914579439e-03
8.000000000000000444e-01 2.455290074163388567e+02 2.626856289473789453e-03
8.000000000000000444e-01 2.609089004983466680e+02 2.647726653713122248e-03
8.000000000000000444e-01 2.762887935803544792e+02 2.630762489965755499e-03
8.000000000000000444e-01 2.916686866623622336e+02 2.577131235172282989e-03
8.000000000000000444e-01 3.070485797443700449e+02 2.495869954014752999e-03
8.000000000000000444e-01 3.224284728263778561e+02 2.395885596891633284e-03
8.000000000000000444e-01 3.378083659083856674e+02 2.269422303443807080e-03
8.000000000000000444e-01 3.531882589903934786e+02 2.125927366183525020e-03
8.000000000000000444e-01 3.685681520724012330e+02 1.970629805022083500e-03
8.000000000000000444e-01 3.839480451544090442e+02 1.812430207838747588e-03
8.000000000000000444e-01 3.993279382364168555e+02 1.640567554756562629e-03
8.000000000000000444e-01 4.147078313184246667e+02 1.473395632242605231e-03
8.000000000000000444e-01 4.300877244004324780e+02 1.307121987084928398e-03
8.000000000000000444e-01 4.454676174824402892e+02 1.147462638527731041e-03
8.000000000000000444e-01 4.608475105644480436e+02 9.944081693194087648e-04
8.000000000000000444e-01 4.762274036464558549e+02 8.527691822157325947e-04
8.000000000000000444e-01 4.916072967284636661e+02 7.252761988429743800e-04
8.000000000000000444e-01 5.069871898104714774e+02 6.064033718583936201e-04
8.000000000000000444e-01 5.223670828924792886e+02 5.028051868260795037e-04
8.000000000000000444e-01 5.377469759744870998e+02 4.101707112968473344e-04
8.000000000000000444e-01 5.531268690564949111e+02 3.319304736483408465e-04
8.000000000000000444e-01 5.685067621385027223e+02 2.640513346712275358e-04
8.000000000000000444e-01 5.838866552205105336e+02 2.066981022999361329e-04
8.000000000000000444e-01 5.992665483025183448e+02 1.589228139399922633e-04
8.000000000000000444e-01 6.146464413845261561e+02 1.198948076872348304e-04
8.000000000000000444e-01 6.300263344665338536e+02 8.789808063492688132e-05
8.000000000000000444e-01 6.454062275485416649e+02 6.249304462559069782e-05
8.000000000000000444e-01 6.607861206305494761e+02 4.224196811707437208e-05
8.000000000000000444e-01 6.761660137125572874e+02 2.610868403324101433e-05
8.000000000000000444e-01 6.915459067945650986e+02 1.349519421289456479e-05
8.000000000000000444e-01 7.069257998765729099e+02 3.692989474208744263e-06
8.000000000000000444e-01 7.140664645217908628e+02 0.000000000000000000e+00
9.000000000000000222e-01 1.000000000000000000e+00 9.116205447852350745e-04
9.000000000000000222e-01 1.314231596523800061e+00 7.699672649525896896e-04
9.000000000000000222e-01 1.727204689301496510e+00 6.770912763165084104e-04
9.000000000000000222e-01 2.269946976344099809e+00 5.579751883696204085e-04
9.000000000000000222e-01 2.983236038745078922e+00 4.597414098741164196e-04
9.000000000000000222e-01 3.920663062007282651e+00 4.054989057829430752e-04
9.000000000000000222e-01 5.152659275413721929e+00 3.770565335714689257e-04
9.000000000000000222e-01 6.771787625870142158e+00 3.406873185211463611e-04
9.000000000000000222e-01 8.899697262867430680e+00 3.091889328911011825e-04
9.000000000000000222e-01 1.169626334235676168e+01 2.908722731616405132e-04
9.000000000000000222e-01 1.537159884578831992e+01 2.866788475422942764e-04
9.000000000000000222e-01 2.020184089222378176e+01 2.941754900380220234e-04
9.000000000000000222e-01 2.654989760850705949e+01 3.159853578537661148e-04
9.000000000000000222e-01 3.489271432157165975e+01 3.630585778630755116e-04
9.000000000000000222e-01 4.585710764988797905e+01 4.467563883600860907e-04
9.000000000000000222e-01 6.026685979867603038e+01 5.855783886357347149e-04
9.000000000000000222e-01 7.920461137069004565e+01 8.092677389795180018e-04
9.000000000000000222e-01 1.040932028537491334e+02 1.152619993982596878e-03
9.000000000000000222e-01 1.078741608560444121e+02 1.207407167788795629e-03
9.000000000000000222e-01 1.233637839533225815e+02 1.440693382895365205e-03
9.000000000000000222e-01 1.368025761737585526e+02 1.641695049527174769e-03
9.000000000000000222e-01 1.388534070506007652e+02 1.670212254359676246e-03
9.000000000000000222e-01 1.543430301478789204e+02 1.897300151558900831e-03
9.000000000000000222e-01 1.698326532451571040e+02 2.109091768656436681e-03
9.000000000000000222e-01 1.797902680934073203e+02 2.227309256514127447e-03
9.000000000000000222e-01 1.853222763424352593e+02 2.299145890762941107e-03
9.000000000000000222e-01 2.008118994397134429e+02 2.456907248758152026e-03
9.000000000000000222e-01 2.163015225369916266e+02 2.590997027849512024e-03
9.000000000000000222e-01 2.317911456342697818e+02 2.689781184012430756e-03
9.000000000000000222e-01 2.472807687315479370e+02 2.752054963281857364e-03
9.000000000000000222e-01 2.627703918288261207e+02 2.778211230037675589e-03
9.000000000000000222e-01 2.782600149261043043e+02 2.765896511868544839e-03
9.000000000000000222e-01 2.937496380233824880e+02 2.723361335204181350e-03
9.000000000000000222e-01 3.092392611206606148e+02 2.639628313918883275e-03
9.000000000000000222e-01 3.247288842179387984e+02 2.542602374000354267e-03
9.000000000000000222e-01 3.402185073152169821e+02 2.410754964498608779e-03
9.000000000000000222e-01 3.557081304124951657e+02 2.268669039455388243e-03
9.000000000000000222e-01 3.711977535097732925e+02 2.104390868863010872e-03
9.000000000000000222e-01 3.866873766070514762e+02 1.934726661829609239e-03
9.000000000000000222e-01 4.021769997043296598e+02 1.756999978436334098e-03
9.000000000000000222e-01 4.176666228016078435e+02 1.577865083400846252e-03
9.000000000000000222e-01 4.331562458988859703e+02 1.400522276267334928e-03
9.000000000000000222e-01 4.486458689961641539e+02 1.230577316268747796e-03
9.000000000000000222e-01 4.641354920934423376e+02 1.068055147326595197e-03
9.000000000000000222e-01 4.796251151907205212e+02 9.158563614735695498e-04
9.000000000000000222e-01 4.951147382879987049e+02 7.774670204670117678e-04
9.000000000000000222e-01 5.106043613852768317e+02 6.515334464973703650e-04
9.000000000000000222e-01 5.260939844825550153e+02 5.390914003723301304e-04
9.000000000000000222e-01 5.415836075798332558e+02 4.405916782058122536e-04
9.000000000000000222e-01 5.570732306771113826e+02 3.556532637506595960e-04
9.000000000000000222e-01 5.725628537743895095e+02 2.824517600257080824e-04
9.000000000000000222e-01 5.880524768716677499e+02 2.208892469536569245e-04
9.000000000000000222e-01 6.035420999689458768e+02 1.701014376611812524e-04
9.000000000000000222e-01 6.190317230662241172e+02 1.278434403040282252e-04
9.000000000000000222e-01 6.345213461635022441e+02 9.393070674193636682e-05
9.000000000000000222e-01 6.500109692607804845e+02 6.617445414383413174e-05
9.000000000000000222e-01 6.655005923580586114e+02 4.460907569928726485e-05
9.000000000000000222e-01 6.809902154553367382e+02 2.754331812143141948e-05
9.000000000000000222e-01 6.964798385526149787e+02 1.423125234971356200e-05
9.000000000000000222e-01 7.119694616498931055e+02 3.949218159151267102e-06
9.000000000000000222e-01 7.191610723736293949e+02 0.000000000000000000e+00
1.000000000000000000e+00 1.000000000000000000e+00 7.289051228790550908e-04
1.000000000000000000e+00 1.314376746810968388e+00 6.933687255985404325e-04
1.000000000000000000e+00 1.727586232557384305e+00 6.063169370497710833e-04
1.000000000000000000e+00 2.270699172184191816e+00 4.932143366915883037e-04
1.000000000000000000e+00 2.984554190921816730e+00 4.115465951700837829e-04
1.000000000000000000e+00 3.922828628144859220e+00 3.582018989236467228e-04
1.000000000000000000e+00 5.156074730557973496e+00 3.399238506063894738e-04
1.000000000000000000e+00 6.777024730665029750e+00 3.013661390880815615e-04
1.000000000000000000e+00 8.907563718548979992e+00 2.789717844760586938e-04
1.000000000000000000e+00 1.170789462239782175e+01 2.590835298752305654e-04
1.000000000000000000e+00 1.538858444579287799e+01 2.632994204255161659e-04
1.000000000000000000e+00 2.022639756188710791e+01 2.719302756252883605e-04
1.000000000000000000e+00 2.658510662709847594e+01 2.956674066401273867e-04
1.000000000000000000e+00 3.494284596214840377e+01 3.438229105438580613e-04
1.000000000000000000e+00 4.592806420004541934e+01 4.263337094426032821e-04
1.000000000000000000e+00 6.036677961058099129e+01 5.669061851895018048e-04
1.000000000000000000e+00 7.934469140001013443e+01 7.934027121166639402e-04
1.000000000000000000e+00 1.042888173590655185e+02 1.141707561839969132e-03
1.000000000000000000e+00 1.081007550475278833e+02 1.197877830510553744e-03
1.000000000000000000e+00 1.236229147466601006e+02 1.430635919875860576e-03
1.000000000000000000e+00 1.370747964891718311e+02 1.638346390566639520e-03
1.000000000000000000e+00 1.391450744457923179e+02 1.668721079122670618e-03
1.000000000000000000e+00 1.546672341449245209e+02 1.900017118992926562e-03
1.000000000000000000e+00 1.701893938440567240e+02 2.113674377149078742e-03
1.000000000000000000e+00 1.801679250792130915e+02 2.242204288082101822e-03
1.000000000000000000e+00 1.857115535431889271e+02 2.311413827746408318e-03
1.000000000000000000e+00 2.012337132423211585e+02 2.480910943824415557e-03
1.000000000000000000e+00 2.167558729414533616e+02 2.613010569874611722e-03
1.000000000000000000e+00 2.322780326405855931e+02 2.717942090494060263e-03
1.000000000000000000e+00 2.478001923397177961e+02 2.779123600295080668e-03
1.000000000000000000e+00 2.633223520388499992e+02 2.810418163689368341e-03
1.000000000000000000e+00 2.788445117379822022e+02 2.801951313942040341e-03
1.000000000000000000e+00 2.943666714371144053e+02 2.763550260944461386e-03
1.000000000000000000e+00 3.098888311362466084e+02 2.686505756972976111e-03
1.000000000000000000e+00 3.254109908353788114e+02 2.587443528166385228e-03
1.000000000000000000e+00 3.409331505345110713e+02 2.458863022458099984e-03
1.000000000000000000e+00 3.564553102336432744e+02 2.307489453849574049e-03
1.000000000000000000e+00 3.719774699327755343e+02 2.144227005505702083e-03
1.000000000000000000e+00 3.874996296319077373e+02 1.973643388110246383e-03
1.000000000000000000e+00 4.030217893310399404e+02 1.790390142467751132e-03
1.000000000000000000e+00 4.185439490301721435e+02 1.612408298218870675e-03
1.000000000000000000e+00 4.340661087293043465e+02 1.431540784630047159e-03
1.000000000000000000e+00 4.495882684284365496e+02 1.254368925357820163e-03
1.000000000000000000e+00 4.651104281275687526e+02 1.091393611440937775e-03
1.000000000000000000e+00 4.806325878267009557e+02 9.365033010097869627e-04
1.000000000000000000e+00 4.961547475258331588e+02 7.948633566378672782e-04
1.000000000000000000e+00 5.116769072249653618e+02 6.651656189969292398e-04
1.000000000000000000e+00 5.271990669240975649e+02 5.518133567783974720e-04
1.000000000000000000e+00 5.427212266232297679e+02 4.502690063688128612e-04
1.000000000000000000e+00 5.582433863223620847e+02 3.631339209896410178e-04
1.000000000000000000e+00 5.737655460214942877e+02 2.889517286529985260e-04
1.000000000000000000e+00 5.892877057206264908e+02 2.237660921652284641e-04
1.000000000000000000e+00 6.048098654197586939e+02 1.710438285084202174e-04
1.000000000000000000e+00 6.203320251188908969e+02 1.312648153805380134e-04
1.000000000000000000e+00 6.358541848180231000e+02 9.465340802542098950e-05
1.000000000000000000e+00 6.513763445171553030e+02 6.661312420496680786e-05
1.000000000000000000e+00 6.668985042162875061e+02 4.600563037206482691e-05
1.000000000000000000e+00 6.824206639154197092e+02 2.817554217636075340e-05
1.000000000000000000e+00 6.979428236145519122e+02 1.438800156751519127e-05
1.000000000000000000e+00 7.134649833136841153e+02 4.103116213287721837e-06
1.000000000000000000e+00 7.206717003168525935e+02 0.000000000000000000e+00
