# mx [GeV]: 30.0
# sigma_p [cm^2]: 1.89287203344e-29
# depth [m]: 0.3
# loc: MPI
# Columns: gamma/pi, v [km/s], f(v, gamma) [s/km]
0.000000000000000000e+00 2.869153565408124607e-01 6.255701393949862979e-03
0.000000000000000000e+00 3.281134590184675570e-01 6.244496782855201225e-03
0.000000000000000000e+00 3.693115614961227089e-01 6.214603540780897460e-03
0.000000000000000000e+00 4.105096639737778053e-01 5.782219437977845732e-03
0.000000000000000000e+00 4.517077664514329571e-01 5.776147904066417788e-03
0.000000000000000000e+00 4.781922609013540826e-01 5.762932699654528014e-03
0.000000000000000000e+00 4.929058689290880535e-01 5.752715369293037381e-03
0.000000000000000000e+00 4.971249579124880080e-01 5.749353872415326194e-03
0.000000000000000000e+00 5.168072425799336012e-01 5.731761971751174467e-03
0.000000000000000000e+00 5.341039714067431499e-01 5.713653789347516131e-03
0.000000000000000000e+00 5.372687927490693571e-01 5.710033088942705407e-03
0.000000000000000000e+00 5.585404612772938426e-01 5.488588406056605848e-03
0.000000000000000000e+00 5.753020738843983573e-01 5.475124857595940059e-03
0.000000000000000000e+00 5.806543225553697507e-01 5.470483777017147616e-03
0.000000000000000000e+00 6.036437208706508795e-01 5.447457292309533516e-03
0.000000000000000000e+00 6.165001763620534536e-01 5.432667687541389671e-03
0.000000000000000000e+00 6.275433206851178669e-01 5.419085941270980998e-03
0.000000000000000000e+00 6.523891589040328176e-01 5.385346054096036734e-03
0.000000000000000000e+00 6.576982788397085500e-01 5.377785805394247332e-03
0.000000000000000000e+00 6.782186992140265547e-01 5.346163696021663178e-03
0.000000000000000000e+00 6.988963813173636463e-01 5.311759362485592856e-03
0.000000000000000000e+00 7.050708885725519570e-01 5.300845038694007409e-03
0.000000000000000000e+00 7.329862159338805805e-01 4.882531174877097896e-03
0.000000000000000000e+00 7.400944837950187427e-01 4.875644225974948981e-03
0.000000000000000000e+00 7.620067733001916199e-01 4.759941765549949126e-03
0.000000000000000000e+00 7.812925862726738391e-01 4.590276968918902481e-03
0.000000000000000000e+00 7.921763191898113510e-01 4.494623422352557116e-03
0.000000000000000000e+00 8.224906887503289354e-01 3.971987956561668157e-03
0.000000000000000000e+00 8.235403446182989473e-01 3.964463915320575078e-03
0.000000000000000000e+00 8.561461416918728640e-01 3.730417041319971944e-03
0.000000000000000000e+00 8.636887912279841428e-01 3.676403166799022907e-03
0.000000000000000000e+00 8.900428749166027220e-01 3.488737466502687609e-03
0.000000000000000000e+00 9.048868937056392392e-01 3.247650617323127008e-03
0.000000000000000000e+00 9.252816553308905734e-01 3.120149976236255042e-03
0.000000000000000000e+00 9.460849961832943356e-01 2.991374445707673229e-03
0.000000000000000000e+00 9.619156175730231295e-01 2.894546389009253207e-03
0.000000000000000000e+00 9.872830986609494319e-01 2.741854288609011422e-03
0.000000000000000000e+00 1.000000000000000000e+00 2.440301882664488130e-03
0.000000000000000000e+00 1.028481201138604639e+00 2.305916906018150130e-03
0.000000000000000000e+00 1.069679303616259736e+00 2.115988273452031054e-03
0.000000000000000000e+00 1.110877406093914832e+00 1.843939488191535326e-03
0.000000000000000000e+00 1.152075508571569928e+00 1.685341531607234935e-03
0.000000000000000000e+00 1.193273611049225025e+00 1.388441553287994871e-03
0.000000000000000000e+00 1.234471713526880121e+00 1.268985626011994230e-03
0.000000000000000000e+00 1.275669816004535218e+00 1.048979692822280679e-03
0.000000000000000000e+00 1.316867918482190314e+00 9.571125908738714041e-04
0.000000000000000000e+00 1.358066020959845410e+00 8.107191935336065681e-04
0.000000000000000000e+00 1.399264123437500729e+00 7.369375473559758739e-04
0.000000000000000000e+00 1.440462225915155825e+00 5.688258712463812629e-04
0.000000000000000000e+00 1.481660328392810921e+00 5.169076274870939040e-04
0.000000000000000000e+00 1.522858430870466018e+00 4.267080008879623734e-04
0.000000000000000000e+00 1.564056533348121114e+00 3.863361450207929908e-04
0.000000000000000000e+00 1.605254635825776210e+00 2.802581974078422150e-04
0.000000000000000000e+00 1.646452738303431307e+00 2.535588455735552130e-04
0.000000000000000000e+00 1.687650840781086403e+00 1.812613906410822512e-04
0.000000000000000000e+00 1.728848943258741500e+00 1.443163918057760746e-04
0.000000000000000000e+00 1.770047045736396596e+00 8.820371135686963157e-05
0.000000000000000000e+00 1.811245148214051692e+00 6.249315243493283991e-05
0.000000000000000000e+00 1.852443250691707011e+00 2.981819055586747689e-05
0.000000000000000000e+00 1.893641353169362107e+00 1.712677441719231112e-05
0.000000000000000000e+00 1.912769043605416330e+00 0.000000000000000000e+00
1.000000000000000056e-01 2.934506682303902325e-01 6.954545039680708717e-03
1.000000000000000056e-01 3.355871744378308708e-01 6.770801551155961918e-03
1.000000000000000056e-01 3.777236806452715090e-01 6.709840823290837315e-03
1.000000000000000056e-01 4.198601868527122027e-01 6.630382855318013233e-03
1.000000000000000056e-01 4.619966930601528410e-01 6.533696963166007315e-03
1.000000000000000056e-01 4.890844470506504060e-01 6.426737956515003562e-03
1.000000000000000056e-01 5.041331992675934792e-01 6.357376977082664429e-03
1.000000000000000056e-01 5.078460404485408697e-01 6.336082130590431523e-03
1.000000000000000056e-01 5.273273406147623854e-01 6.247497097669960954e-03
1.000000000000000056e-01 5.462697054750341730e-01 6.220932732833671548e-03
1.000000000000000056e-01 5.475559559630245321e-01 6.218986700838268628e-03
1.000000000000000056e-01 5.685605539835124622e-01 6.186601443570478864e-03
1.000000000000000056e-01 5.884062116824748667e-01 6.152962935383325151e-03
1.000000000000000056e-01 5.903709018697402833e-01 6.149459118143530030e-03
1.000000000000000056e-01 6.130179087038768460e-01 6.107074084833343137e-03
1.000000000000000056e-01 6.305427178899154494e-01 6.071317659381029498e-03
1.000000000000000056e-01 6.365336692603277280e-01 6.058281229069866804e-03
1.000000000000000056e-01 6.609515094896507570e-01 5.949485952510112467e-03
1.000000000000000056e-01 6.726792240973560322e-01 5.902321147110030190e-03
1.000000000000000056e-01 6.863060337472635108e-01 5.847026234882628931e-03
1.000000000000000056e-01 7.126331738338742561e-01 5.743480884968868612e-03
1.000000000000000056e-01 7.148157303047967259e-01 5.737875267390843761e-03
1.000000000000000056e-01 7.399702399171365075e-01 5.674001860063179227e-03
1.000000000000000056e-01 7.569522365122374197e-01 5.557003503512562836e-03
1.000000000000000056e-01 7.683559734066888192e-01 5.409407018732378253e-03
1.000000000000000056e-01 7.978306018575169745e-01 4.900141444182905953e-03
1.000000000000000056e-01 7.990887427196781134e-01 4.884533513170498213e-03
1.000000000000000056e-01 8.284358959794435595e-01 4.569449626244176908e-03
1.000000000000000056e-01 8.412252489271186962e-01 4.441428468363296800e-03
1.000000000000000056e-01 8.602152288335381813e-01 4.255930201961646842e-03
1.000000000000000056e-01 8.833617551345593899e-01 4.013726473294928869e-03
1.000000000000000056e-01 8.932136372993400020e-01 3.816776774046240755e-03
1.000000000000000056e-01 9.254982613419999726e-01 3.560547747332247579e-03
1.000000000000000056e-01 9.274778859000025744e-01 3.545218417366831354e-03
1.000000000000000056e-01 9.630565330758119602e-01 3.264054291471350268e-03
1.000000000000000056e-01 9.676347675494406664e-01 3.212642449394204937e-03
1.000000000000000056e-01 1.000000000000000000e+00 2.910908038170898545e-03
1.000000000000000056e-01 1.009771273756881360e+00 2.841966111444488210e-03
1.000000000000000056e-01 1.051907779964321943e+00 2.557188595129076397e-03
1.000000000000000056e-01 1.094044286171762526e+00 2.216023951492094440e-03
1.000000000000000056e-01 1.136180792379203108e+00 2.007479110732535935e-03
1.000000000000000056e-01 1.178317298586643913e+00 1.740536544609863710e-03
1.000000000000000056e-01 1.220453804794084718e+00 1.557455822027852162e-03
1.000000000000000056e-01 1.262590311001525301e+00 1.357260502422442949e-03
1.000000000000000056e-01 1.304726817208965883e+00 1.178187027931433453e-03
1.000000000000000056e-01 1.346863323416406466e+00 1.034143993790471528e-03
1.000000000000000056e-01 1.388999829623847049e+00 8.906015189643389299e-04
1.000000000000000056e-01 1.431136335831287631e+00 7.667456502773833645e-04
1.000000000000000056e-01 1.473272842038728658e+00 6.569597082846772565e-04
1.000000000000000056e-01 1.515409348246169241e+00 5.589840322982577098e-04
1.000000000000000056e-01 1.557545854453609824e+00 4.701874751297549873e-04
1.000000000000000056e-01 1.599682360661050406e+00 3.883881497855920604e-04
1.000000000000000056e-01 1.641818866868490989e+00 3.222386170290309783e-04
1.000000000000000056e-01 1.683955373075931572e+00 2.475800209082712738e-04
1.000000000000000056e-01 1.726091879283372599e+00 2.036547877962101283e-04
1.000000000000000056e-01 1.768228385490813181e+00 1.507460477144185670e-04
1.000000000000000056e-01 1.810364891698253764e+00 1.136284729435118175e-04
1.000000000000000056e-01 1.852501397905694347e+00 7.415468634925365793e-05
1.000000000000000056e-01 1.894637904113134930e+00 4.409373725813214775e-05
1.000000000000000056e-01 1.936774410320575512e+00 1.288347901478079654e-05
1.000000000000000056e-01 1.956337788202601624e+00 0.000000000000000000e+00
2.000000000000000111e-01 3.135121930636057264e-01 9.400554769150882076e-03
2.000000000000000111e-01 3.585293284778670597e-01 9.275836535491119306e-03
2.000000000000000111e-01 4.035464638921283931e-01 9.167260759603142531e-03
2.000000000000000111e-01 4.485635993063897264e-01 9.023115801857002627e-03
2.000000000000000111e-01 4.935807347206510598e-01 8.796182022888921273e-03
2.000000000000000111e-01 5.225203217726762661e-01 8.753344289517855578e-03
2.000000000000000111e-01 5.385978701349123376e-01 8.713910405743948914e-03
2.000000000000000111e-01 5.406794459165353839e-01 8.708475703877061047e-03
2.000000000000000111e-01 5.594696532468884653e-01 8.659384740596227578e-03
2.000000000000000111e-01 5.789128757680060966e-01 8.604581382362778627e-03
2.000000000000000111e-01 5.836150055491737820e-01 8.590691629526220341e-03
2.000000000000000111e-01 5.990318076860707830e-01 8.543731705461177911e-03
2.000000000000000111e-01 6.198499318979444617e-01 8.476539287201500378e-03
2.000000000000000111e-01 6.286321409634350044e-01 8.422275716891603273e-03
2.000000000000000111e-01 6.413915474004977524e-01 8.360187823617408476e-03
2.000000000000000111e-01 6.636817976524960194e-01 8.256802732883327528e-03
2.000000000000000111e-01 6.736492763776964487e-01 8.208718827582317176e-03
2.000000000000000111e-01 6.867466999221429891e-01 8.141011720910315899e-03
2.000000000000000111e-01 7.106131756545399636e-01 7.979636971480581764e-03
2.000000000000000111e-01 7.186664117919576711e-01 7.958785684348988407e-03
2.000000000000000111e-01 7.353090818945019480e-01 7.913508112723626961e-03
2.000000000000000111e-01 7.608632438014114596e-01 7.691182222097926388e-03
2.000000000000000111e-01 7.636835472062191155e-01 7.644344649053299787e-03
2.000000000000000111e-01 7.873054882940575538e-01 7.248934809674271486e-03
2.000000000000000111e-01 8.087006826204803378e-01 6.814897001566103465e-03
2.000000000000000111e-01 8.146666788647342061e-01 6.725848019460217708e-03
2.000000000000000111e-01 8.429787516032298811e-01 6.316170416319310046e-03
2.000000000000000111e-01 8.537178180347417822e-01 6.164622328722595829e-03
2.000000000000000111e-01 8.722747524727580970e-01 5.894119390097945013e-03
2.000000000000000111e-01 8.987349534490030045e-01 5.398574489875441161e-03
2.000000000000000111e-01 9.025888758813362944e-01 5.355832749154455959e-03
2.000000000000000111e-01 9.339565045936336629e-01 5.014058332987472721e-03
2.000000000000000111e-01 9.437520888632644489e-01 4.909554925203710521e-03
2.000000000000000111e-01 9.664142510298746602e-01 4.647912164203390172e-03
2.000000000000000111e-01 9.887692242775256712e-01 4.398529274126527881e-03
2.000000000000000111e-01 1.000000000000000000e+00 4.278597807475369857e-03
2.000000000000000111e-01 1.033786359691787116e+00 3.880024479162177964e-03
2.000000000000000111e-01 1.078803495106048338e+00 3.481777811413250528e-03
2.000000000000000111e-01 1.123820630520309782e+00 3.087696428775192018e-03
2.000000000000000111e-01 1.168837765934571005e+00 2.744343907285627486e-03
2.000000000000000111e-01 1.213854901348832449e+00 2.370730121857851647e-03
2.000000000000000111e-01 1.258872036763093671e+00 2.115272903414622263e-03
2.000000000000000111e-01 1.303889172177355116e+00 1.869013380436711528e-03
2.000000000000000111e-01 1.348906307591616560e+00 1.630504822453255958e-03
2.000000000000000111e-01 1.393923443005877782e+00 1.430708103689273467e-03
2.000000000000000111e-01 1.438940578420139005e+00 1.217197697314476284e-03
2.000000000000000111e-01 1.483957713834400449e+00 1.061703280682050514e-03
2.000000000000000111e-01 1.528974849248661894e+00 8.947462101030316268e-04
2.000000000000000111e-01 1.573991984662923116e+00 7.787968417194168248e-04
2.000000000000000111e-01 1.619009120077184338e+00 6.518121232455040661e-04
2.000000000000000111e-01 1.664026255491445783e+00 5.533306276556455459e-04
2.000000000000000111e-01 1.709043390905707227e+00 4.484237775959398807e-04
2.000000000000000111e-01 1.754060526319968449e+00 3.744338862650007033e-04
2.000000000000000111e-01 1.799077661734229672e+00 3.016540116504911684e-04
2.000000000000000111e-01 1.844094797148491116e+00 2.247394234555567295e-04
2.000000000000000111e-01 1.889111932562752560e+00 1.807558239839693261e-04
2.000000000000000111e-01 1.934129067977013783e+00 1.287639202424096727e-04
2.000000000000000111e-01 1.979146203391275005e+00 8.746824400300596159e-05
2.000000000000000111e-01 2.024163338805536227e+00 4.991549706954241992e-05
2.000000000000000111e-01 2.069180474219797894e+00 1.463758431104238531e-05
2.000000000000000111e-01 2.090081287090705064e+00 0.000000000000000000e+00
3.000000000000000444e-01 3.481388278378417245e-01 1.573211810309043876e-02
3.000000000000000444e-01 3.981279928607113217e-01 1.561165098172668034e-02
3.000000000000000444e-01 4.481171578835809188e-01 1.527683721230256239e-02
3.000000000000000444e-01 4.981063229064505160e-01 1.479020924690520496e-02
3.000000000000000444e-01 5.480954879293200577e-01 1.461553574493646215e-02
3.000000000000000444e-01 5.802313797297362630e-01 1.448672538872735824e-02
3.000000000000000444e-01 5.970947516243141351e-01 1.433531267469452357e-02
3.000000000000000444e-01 5.980846529521897104e-01 1.433078696675894013e-02
3.000000000000000444e-01 6.144482268149035198e-01 1.425552325313982939e-02
3.000000000000000444e-01 6.323060492642339492e-01 1.416768573003763902e-02
3.000000000000000444e-01 6.480738179750592520e-01 1.408485227918852833e-02
3.000000000000000444e-01 6.506828769099579635e-01 1.407061452961252783e-02
3.000000000000000444e-01 6.695937936960810744e-01 1.393137104769587298e-02
3.000000000000000444e-01 6.890543219540629094e-01 1.369237556653062245e-02
3.000000000000000444e-01 6.980629829979287937e-01 1.370397608674558607e-02
3.000000000000000444e-01 7.090804351437526298e-01 1.365746655589292029e-02
3.000000000000000444e-01 7.296885709646174778e-01 1.356864993633885921e-02
3.000000000000000444e-01 7.480521480207984464e-01 1.348667992517147557e-02
3.000000000000000444e-01 7.508956448480239576e-01 1.345236996479575418e-02
3.000000000000000444e-01 7.727190638416487900e-01 1.283997453218766772e-02
3.000000000000000444e-01 7.951767408974145246e-01 1.222654463985088993e-02
3.000000000000000444e-01 7.980413130436680991e-01 1.214938905998090915e-02
3.000000000000000444e-01 8.182871095746779844e-01 1.138084735453846232e-02
3.000000000000000444e-01 8.420691391707408879e-01 1.085689659554955368e-02
3.000000000000000444e-01 8.480304780665376407e-01 1.072844737759455144e-02
3.000000000000000444e-01 8.665423502911002718e-01 1.033538578040955717e-02
3.000000000000000444e-01 8.917268308722209325e-01 9.812927126122609686e-03
3.000000000000000444e-01 8.980196430894071824e-01 9.676310543953936180e-03
3.000000000000000444e-01 9.176432526699800363e-01 9.268719315766718245e-03
3.000000000000000444e-01 9.443128882273189584e-01 8.686175832426394280e-03
3.000000000000000444e-01 9.480088081122768351e-01 8.620729507197217104e-03
3.000000000000000444e-01 9.717576283350282118e-01 8.202428729487117737e-03
3.000000000000000444e-01 9.979979731351464878e-01 7.738599429784041341e-03
3.000000000000000444e-01 1.000000000000000000e+00 7.701215117924716837e-03
3.000000000000000444e-01 1.047987138158015918e+00 6.772918220972727263e-03
3.000000000000000444e-01 1.097976303180885571e+00 6.097507114692177037e-03
3.000000000000000444e-01 1.147965468203755224e+00 5.445084610132695443e-03
3.000000000000000444e-01 1.197954633226624654e+00 4.792266823703213163e-03
3.000000000000000444e-01 1.247943798249494307e+00 4.253066196113771714e-03
3.000000000000000444e-01 1.297932963272363960e+00 3.751002375313155796e-03
3.000000000000000444e-01 1.347922128295233613e+00 3.302380169257319257e-03
3.000000000000000444e-01 1.397911293318103043e+00 2.841234841087862759e-03
3.000000000000000444e-01 1.447900458340972696e+00 2.509372637962886676e-03
3.000000000000000444e-01 1.497889623363842349e+00 2.204403634752984727e-03
3.000000000000000444e-01 1.547878788386711779e+00 1.896258695390641178e-03
3.000000000000000444e-01 1.597867953409581432e+00 1.645243435231713959e-03
3.000000000000000444e-01 1.647857118432451085e+00 1.387886304121831952e-03
3.000000000000000444e-01 1.697846283455320515e+00 1.204183545836864586e-03
3.000000000000000444e-01 1.747835448478190168e+00 9.957906661745648171e-04
3.000000000000000444e-01 1.797824613501059821e+00 8.537507187732122985e-04
3.000000000000000444e-01 1.847813778523929473e+00 7.068865810988576122e-04
3.000000000000000444e-01 1.897802943546798904e+00 5.877918118826065512e-04
3.000000000000000444e-01 1.947792108569668557e+00 4.686106944460308459e-04
3.000000000000000444e-01 1.997781273592538209e+00 3.795384143100647822e-04
3.000000000000000444e-01 2.047770438615407862e+00 2.984753595765257585e-04
3.000000000000000444e-01 2.097759603638277515e+00 2.183556959517059248e-04
3.000000000000000444e-01 2.147748768661147167e+00 1.620271577509728195e-04
3.000000000000000444e-01 2.197737933684016820e+00 1.068791433804518843e-04
3.000000000000000444e-01 2.247727098706886029e+00 6.259813576830280891e-05
3.000000000000000444e-01 2.297716263729755681e+00 2.200228994774695461e-05
3.000000000000000444e-01 2.320925518918945052e+00 0.000000000000000000e+00
4.000000000000000222e-01 3.977936700971160811e-01 3.083404259768852962e-02
4.000000000000000222e-01 4.549127611879840161e-01 3.080463025658903772e-02
4.000000000000000222e-01 5.120318522788519511e-01 2.982166548246286547e-02
4.000000000000000222e-01 5.691509433697199416e-01 2.806333121649915233e-02
4.000000000000000222e-01 6.262700344605878211e-01 2.788454030612490600e-02
4.000000000000000222e-01 6.629894501618601721e-01 2.772995682172615939e-02
4.000000000000000222e-01 6.774870626113608241e-01 2.766139343019964267e-02
4.000000000000000222e-01 6.833891255514558116e-01 2.694585616453590640e-02
4.000000000000000222e-01 6.923016948364922873e-01 2.689980560782006397e-02
4.000000000000000222e-01 7.074402791192762052e-01 2.688809822910468925e-02
4.000000000000000222e-01 7.229098993301767972e-01 2.687991904095404436e-02
4.000000000000000222e-01 7.387177942428903021e-01 2.685349583592318984e-02
4.000000000000000222e-01 7.405082166423238021e-01 2.684962639792640507e-02
4.000000000000000222e-01 7.548713609216191056e-01 2.656804628645483002e-02
4.000000000000000222e-01 7.713781581824155076e-01 2.572523421019029186e-02
4.000000000000000222e-01 7.882459101302150550e-01 2.395777693405248820e-02
4.000000000000000222e-01 7.976273077331916816e-01 2.357177280446752510e-02
4.000000000000000222e-01 8.054825097732136729e-01 2.343600233708692873e-02
4.000000000000000222e-01 8.230960227162811282e-01 2.269825167629354809e-02
4.000000000000000222e-01 8.410946909351385559e-01 2.195726845682119399e-02
4.000000000000000222e-01 8.547463988240596722e-01 2.140428772743767014e-02
4.000000000000000222e-01 8.594869366330649685e-01 2.125046336357508045e-02
4.000000000000000222e-01 8.782813661819403039e-01 2.044857299086307381e-02
4.000000000000000222e-01 8.974867741494654272e-01 1.968940588970330766e-02
4.000000000000000222e-01 9.118654899149276627e-01 1.913667795612307432e-02
4.000000000000000222e-01 9.171121474144471319e-01 1.893753458262248390e-02
4.000000000000000222e-01 9.371666693720708263e-01 1.788351799185216445e-02
4.000000000000000222e-01 9.576597242311316593e-01 1.725019881747859307e-02
4.000000000000000222e-01 9.689845810057955422e-01 1.689504832475806698e-02
4.000000000000000222e-01 9.786009014052314825e-01 1.659662108610695727e-02
4.000000000000000222e-01 1.000000000000000000e+00 1.595152034596139870e-02
4.000000000000000222e-01 1.026103672096663644e+00 1.518411173915053605e-02
4.000000000000000222e-01 1.083222763187531523e+00 1.347620342553812640e-02
4.000000000000000222e-01 1.140341854278399403e+00 1.204150579610816819e-02
4.000000000000000222e-01 1.197460945369267282e+00 1.069447218496367459e-02
4.000000000000000222e-01 1.254580036460135162e+00 9.421517233683028569e-03
4.000000000000000222e-01 1.311699127551003263e+00 8.377455401266860682e-03
4.000000000000000222e-01 1.368818218641871365e+00 7.307433649879002506e-03
4.000000000000000222e-01 1.425937309732739244e+00 6.486347272067827414e-03
4.000000000000000222e-01 1.483056400823607124e+00 5.648119156977420702e-03
4.000000000000000222e-01 1.540175491914475003e+00 4.971359947806912663e-03
4.000000000000000222e-01 1.597294583005343105e+00 4.328614146898053343e-03
4.000000000000000222e-01 1.654413674096210984e+00 3.723562029958421300e-03
4.000000000000000222e-01 1.711532765187078864e+00 3.228695545556943113e-03
4.000000000000000222e-01 1.768651856277946965e+00 2.767434673752959713e-03
4.000000000000000222e-01 1.825770947368814845e+00 2.381428803334177061e-03
4.000000000000000222e-01 1.882890038459682724e+00 1.991340041465022252e-03
4.000000000000000222e-01 1.940009129550550604e+00 1.697681562612613111e-03
4.000000000000000222e-01 1.997128220641418705e+00 1.459248176549634950e-03
4.000000000000000222e-01 2.054247311732286363e+00 1.185614445679134855e-03
4.000000000000000222e-01 2.111366402823154687e+00 9.861255048933736597e-04
4.000000000000000222e-01 2.168485493914022566e+00 8.068273508959299123e-04
4.000000000000000222e-01 2.225604585004890446e+00 6.241973792190405558e-04
4.000000000000000222e-01 2.282723676095758325e+00 5.092611964381616374e-04
4.000000000000000222e-01 2.339842767186626205e+00 3.932760922869342458e-04
4.000000000000000222e-01 2.396961858277494528e+00 2.971726706612714793e-04
4.000000000000000222e-01 2.454080949368362408e+00 2.099886228810181224e-04
4.000000000000000222e-01 2.511200040459230287e+00 1.369831960923719946e-04
4.000000000000000222e-01 2.568319131550098167e+00 8.085146935869314910e-05
4.000000000000000222e-01 2.625438222640966046e+00 2.583927924979889743e-05
4.000000000000000222e-01 2.651957800647440688e+00 0.000000000000000000e+00
5.000000000000000000e-01 4.607615059411972469e-01 6.412209590324823016e-02
5.000000000000000000e-01 5.269221324353179359e-01 6.181548069139383705e-02
5.000000000000000000e-01 5.930827589294385138e-01 6.240533363925852145e-02
5.000000000000000000e-01 6.592433854235590918e-01 5.702839085117234613e-02
5.000000000000000000e-01 7.254040119176797807e-01 5.742593170657402102e-02
5.000000000000000000e-01 7.679358432353288189e-01 5.592694017984577159e-02
5.000000000000000000e-01 7.786825962323702388e-01 5.293068478154545203e-02
5.000000000000000000e-01 7.895797429126820699e-01 5.205328834931410853e-02
5.000000000000000000e-01 7.915646384118004697e-01 5.189339603047160576e-02
5.000000000000000000e-01 8.006293879361527921e-01 5.116363304842631160e-02
5.000000000000000000e-01 8.118336654159912236e-01 5.026459868895213901e-02
5.000000000000000000e-01 8.231947393309053673e-01 4.935409347403951069e-02
5.000000000000000000e-01 8.347148039430505317e-01 4.842174283428142545e-02
5.000000000000000000e-01 8.463960842218263281e-01 4.746224644253231595e-02
5.000000000000000000e-01 8.577252649059210476e-01 4.655850997675006764e-02
5.000000000000000000e-01 8.582408362736037022e-01 4.651695981867996071e-02
5.000000000000000000e-01 8.702513477774668216e-01 4.557311558436330512e-02
5.000000000000000000e-01 8.824299384270517521e-01 4.462931734971951198e-02
5.000000000000000000e-01 8.947789603785690771e-01 4.181935228807942551e-02
5.000000000000000000e-01 9.073007987050961676e-01 4.103263131125314822e-02
5.000000000000000000e-01 9.199978718572268122e-01 4.060379340349189181e-02
5.000000000000000000e-01 9.238858914000416256e-01 4.035220007133642761e-02
5.000000000000000000e-01 9.328726321301674673e-01 3.977486317256574005e-02
5.000000000000000000e-01 9.459275661373702793e-01 3.894466169475545997e-02
5.000000000000000000e-01 9.591651952907939149e-01 3.811856648681483106e-02
5.000000000000000000e-01 9.725880762878857944e-01 3.725970744046815802e-02
5.000000000000000000e-01 9.861988016053789829e-01 3.641217468796118656e-02
5.000000000000000000e-01 9.900465178941623146e-01 3.617789745903134124e-02
5.000000000000000000e-01 1.000000000000000000e+00 3.561160828866115347e-02
5.000000000000000000e-01 1.056207144388282781e+00 3.250512233629142267e-02
5.000000000000000000e-01 1.122367770882403581e+00 2.865453777674495037e-02
5.000000000000000000e-01 1.188528397376524381e+00 2.564439466394123623e-02
5.000000000000000000e-01 1.254689023870644959e+00 2.272501806034842725e-02
5.000000000000000000e-01 1.320849650364765537e+00 2.022137934664277811e-02
5.000000000000000000e-01 1.387010276858886115e+00 1.771476097973404343e-02
5.000000000000000000e-01 1.453170903353006693e+00 1.574828840240445962e-02
5.000000000000000000e-01 1.519331529847127271e+00 1.387831098407921009e-02
5.000000000000000000e-01 1.585492156341247849e+00 1.210098369473605086e-02
5.000000000000000000e-01 1.651652782835368427e+00 1.061266857364116453e-02
5.000000000000000000e-01 1.717813409329489449e+00 9.215580646236365761e-03
5.000000000000000000e-01 1.783974035823610027e+00 8.015726610424031562e-03
5.000000000000000000e-01 1.850134662317730605e+00 6.919931782945202420e-03
5.000000000000000000e-01 1.916295288811851183e+00 5.904495843712510503e-03
5.000000000000000000e-01 1.982455915305971761e+00 5.075431471610243085e-03
5.000000000000000000e-01 2.048616541800092339e+00 4.304561855459879301e-03
5.000000000000000000e-01 2.114777168294212917e+00 3.662694568340835958e-03
5.000000000000000000e-01 2.180937794788333495e+00 3.027551144113606752e-03
5.000000000000000000e-01 2.247098421282454517e+00 2.555923262177927247e-03
5.000000000000000000e-01 2.313259047776575095e+00 2.085885215348013289e-03
5.000000000000000000e-01 2.379419674270695673e+00 1.738707276655177426e-03
5.000000000000000000e-01 2.445580300764816251e+00 1.424108923821756391e-03
5.000000000000000000e-01 2.511740927258936829e+00 1.153710374806170540e-03
5.000000000000000000e-01 2.577901553753057406e+00 8.819365361662741872e-04
5.000000000000000000e-01 2.644062180247177984e+00 7.060330636850951826e-04
5.000000000000000000e-01 2.710222806741298562e+00 5.408116250779718961e-04
5.000000000000000000e-01 2.776383433235419140e+00 4.005290806033566173e-04
5.000000000000000000e-01 2.842544059729539718e+00 2.792931971623015784e-04
5.000000000000000000e-01 2.908704686223660740e+00 1.769122295426231526e-04
5.000000000000000000e-01 2.974865312717781318e+00 1.032778638170538235e-04
5.000000000000000000e-01 3.041025939211901896e+00 3.240586226336334330e-05
5.000000000000000000e-01 3.071743372941315275e+00 0.000000000000000000e+00
6.000000000000000888e-01 5.319647609337903038e-01 1.278011348580875839e-01
6.000000000000000888e-01 6.083494445550525764e-01 1.237268718258116434e-01
6.000000000000000888e-01 6.847341281763147380e-01 1.258328555301917173e-01
6.000000000000000888e-01 7.611188117975768996e-01 1.128109815513183706e-01
6.000000000000000888e-01 8.375034954188391723e-01 1.015394888254926159e-01
6.000000000000000888e-01 8.866079348896506174e-01 9.158230738687046790e-02
6.000000000000000888e-01 8.922418331868020580e-01 9.087128325191244638e-02
6.000000000000000888e-01 8.979115317613632907e-01 9.016107109051700597e-02
6.000000000000000888e-01 9.036172581041042040e-01 8.944404889401391667e-02
6.000000000000000888e-01 9.093592411513718998e-01 8.872296689221119415e-02
6.000000000000000888e-01 9.138881790401014449e-01 8.815951332306012911e-02
6.000000000000000888e-01 9.151377112942759018e-01 8.800214159629926591e-02
6.000000000000000888e-01 9.209529003879328712e-01 8.728211648873272777e-02
6.000000000000000888e-01 9.268050417607687219e-01 8.655482098839477334e-02
6.000000000000000888e-01 9.326943702238815748e-01 8.582779682520755293e-02
6.000000000000000888e-01 9.386211220804631106e-01 8.510092853852205264e-02
6.000000000000000888e-01 9.445855351352794305e-01 8.436988002167657152e-02
6.000000000000000888e-01 9.505878487042132008e-01 8.361955018759223424e-02
6.000000000000000888e-01 9.566283036238661941e-01 8.286318155735221402e-02
6.000000000000000888e-01 9.627071422612220042e-01 8.211559475699892197e-02
6.000000000000000888e-01 9.688246085233710447e-01 8.137503364714898657e-02
6.000000000000000888e-01 9.749809478672971652e-01 8.063474155807447141e-02
6.000000000000000888e-01 9.811764073097263283e-01 7.651372531859111648e-02
6.000000000000000888e-01 9.874112354370376821e-01 7.590820861867289548e-02
6.000000000000000888e-01 9.902728626613636065e-01 7.563322606878122856e-02
6.000000000000000888e-01 9.936856824152382472e-01 7.533341420100234109e-02
6.000000000000000888e-01 1.000000000000000000e+00 7.478805000546565052e-02
6.000000000000000888e-01 1.066657546282625768e+00 6.941232456523464822e-02
6.000000000000000888e-01 1.143042229903888041e+00 6.251271054665627491e-02
6.000000000000000888e-01 1.219426913525150313e+00 5.509143746764743471e-02
6.000000000000000888e-01 1.295811597146412364e+00 4.946561118983795746e-02
6.000000000000000888e-01 1.372196280767674637e+00 4.402782756059762936e-02
6.000000000000000888e-01 1.448580964388936909e+00 3.920435946123157489e-02
6.000000000000000888e-01 1.524965648010199182e+00 3.475163427536170913e-02
6.000000000000000888e-01 1.601350331631461232e+00 3.062054792424932087e-02
6.000000000000000888e-01 1.677735015252723505e+00 2.702681793409970196e-02
6.000000000000000888e-01 1.754119698873985778e+00 2.353816147436409503e-02
6.000000000000000888e-01 1.830504382495248050e+00 2.061831243531456540e-02
6.000000000000000888e-01 1.906889066116510323e+00 1.784449391188615633e-02
6.000000000000000888e-01 1.983273749737772373e+00 1.546810573297487633e-02
6.000000000000000888e-01 2.059658433359034646e+00 1.329425456594846879e-02
6.000000000000000888e-01 2.136043116980296919e+00 1.131958811790437225e-02
6.000000000000000888e-01 2.212427800601559191e+00 9.652387412366901162e-03
6.000000000000000888e-01 2.288812484222821020e+00 8.139819954160989329e-03
6.000000000000000888e-01 2.365197167844083737e+00 6.865267804657598782e-03
6.000000000000000888e-01 2.441581851465345565e+00 5.731994651357391439e-03
6.000000000000000888e-01 2.517966535086608282e+00 4.730452620647820038e-03
6.000000000000000888e-01 2.594351218707870110e+00 3.913275152300107335e-03
6.000000000000000888e-01 2.670735902329131939e+00 3.173188974657049043e-03
6.000000000000000888e-01 2.747120585950394656e+00 2.586109112915824758e-03
6.000000000000000888e-01 2.823505269571656484e+00 2.066674074903181862e-03
6.000000000000000888e-01 2.899889953192919201e+00 1.650270314526410681e-03
6.000000000000000888e-01 2.976274636814181029e+00 1.263337152801151300e-03
6.000000000000000888e-01 3.052659320435443746e+00 9.847436723700231029e-04
6.000000000000000888e-01 3.129044004056705575e+00 7.415679419093195801e-04
6.000000000000000888e-01 3.205428687677968291e+00 5.169626097791317444e-04
6.000000000000000888e-01 3.281813371299230120e+00 3.711309241486354443e-04
6.000000000000000888e-01 3.358198054920491948e+00 2.383396813445892921e-04
6.000000000000000888e-01 3.434582738541754665e+00 1.340985775929119509e-04
6.000000000000000888e-01 3.510967422163016494e+00 4.319423435850296822e-05
6.000000000000000888e-01 3.546431739558602469e+00 0.000000000000000000e+00
7.000000000000000666e-01 6.030506167862784705e-01 2.075753958022600043e-01
7.000000000000000666e-01 6.896425002222569267e-01 2.145133521869236337e-01
7.000000000000000666e-01 7.762343836582353829e-01 1.911295291714613931e-01
7.000000000000000666e-01 8.628262670942137280e-01 1.739509146532910167e-01
7.000000000000000666e-01 9.494181505301921842e-01 1.527811136884647536e-01
7.000000000000000666e-01 1.000000000000000000e+00 1.442199303572267999e-01
7.000000000000000666e-01 1.000266955604759422e+00 1.441797097485547352e-01
7.000000000000000666e-01 1.000533982474813621e+00 1.441404328382631661e-01
7.000000000000000666e-01 1.000801080629187600e+00 1.440997493045227118e-01
7.000000000000000666e-01 1.001068250086910805e+00 1.440608829734447704e-01
7.000000000000000666e-01 1.001335490867018008e+00 1.440191599102930708e-01
7.000000000000000666e-01 1.001602802988549534e+00 1.439787610094777903e-01
7.000000000000000666e-01 1.001870186470549928e+00 1.439372292108739293e-01
7.000000000000000666e-01 1.002137641332069506e+00 1.438992399603370997e-01
7.000000000000000666e-01 1.002405167592163471e+00 1.438589528794538830e-01
7.000000000000000666e-01 1.002672765269891908e+00 1.438184907596597728e-01
7.000000000000000666e-01 1.002940434384320456e+00 1.437779552229904723e-01
7.000000000000000666e-01 1.003208174954518972e+00 1.437368141633236507e-01
7.000000000000000666e-01 1.003475986999563530e+00 1.436996680795974979e-01
7.000000000000000666e-01 1.003743870538534422e+00 1.436563632633013898e-01
7.000000000000000666e-01 1.004011825590517715e+00 1.436170451089182065e-01
7.000000000000000666e-01 1.004279852174603693e+00 1.435782640244613606e-01
7.000000000000000666e-01 1.004547950309888638e+00 1.435364092263232971e-01
7.000000000000000666e-01 1.004816120015473491e+00 1.434945700974688265e-01
7.000000000000000666e-01 1.005084361310464081e+00 1.434556107159241645e-01
7.000000000000000666e-01 1.036010033966170640e+00 1.335840466071890609e-01
7.000000000000000666e-01 1.122601917402149097e+00 1.235652185561222638e-01
7.000000000000000666e-01 1.209193800838127553e+00 1.122714605823082884e-01
7.000000000000000666e-01 1.295785684274106009e+00 1.000182292635430625e-01
7.000000000000000666e-01 1.382377567710084465e+00 9.067384348731798160e-02
7.000000000000000666e-01 1.468969451146062921e+00 8.125640611422671467e-02
7.000000000000000666e-01 1.555561334582041377e+00 7.294901138637206739e-02
7.000000000000000666e-01 1.642153218018019611e+00 6.474385169493031278e-02
7.000000000000000666e-01 1.728745101453998068e+00 5.770734043374978195e-02
7.000000000000000666e-01 1.815336984889976524e+00 5.105883638385524947e-02
7.000000000000000666e-01 1.901928868325954980e+00 4.477122109890988022e-02
7.000000000000000666e-01 1.988520751761933436e+00 3.919566211772636949e-02
7.000000000000000666e-01 2.075112635197911892e+00 3.401611097318355675e-02
7.000000000000000666e-01 2.161704518633890348e+00 2.943216608014541727e-02
7.000000000000000666e-01 2.248296402069868805e+00 2.524188028996687469e-02
7.000000000000000666e-01 2.334888285505847261e+00 2.149265189531492440e-02
7.000000000000000666e-01 2.421480168941825717e+00 1.825670059686116536e-02
7.000000000000000666e-01 2.508072052377804173e+00 1.536543123515376683e-02
7.000000000000000666e-01 2.594663935813782629e+00 1.284383031445324522e-02
7.000000000000000666e-01 2.681255819249761085e+00 1.058338662115613192e-02
7.000000000000000666e-01 2.767847702685739542e+00 8.764370383859508909e-03
7.000000000000000666e-01 2.854439586121717998e+00 7.245336092709193411e-03
7.000000000000000666e-01 2.941031469557696454e+00 5.792049917187225977e-03
7.000000000000000666e-01 3.027623352993674910e+00 4.682333484908783594e-03
7.000000000000000666e-01 3.114215236429653366e+00 3.725351864006191688e-03
7.000000000000000666e-01 3.200807119865631822e+00 2.937688238997167040e-03
7.000000000000000666e-01 3.287399003301610279e+00 2.261185898661016019e-03
7.000000000000000666e-01 3.373990886737588735e+00 1.756946419934913781e-03
7.000000000000000666e-01 3.460582770173567191e+00 1.316510027541333266e-03
7.000000000000000666e-01 3.547174653609545647e+00 9.373284147804715472e-04
7.000000000000000666e-01 3.633766537045524103e+00 6.985066347689459533e-04
7.000000000000000666e-01 3.720358420481502559e+00 4.680693186569385034e-04
7.000000000000000666e-01 3.806950303917481016e+00 2.940556501010518648e-04
7.000000000000000666e-01 3.893542187353459472e+00 1.498489043133180009e-04
7.000000000000000666e-01 3.980134070789437928e+00 5.539128846037330296e-05
7.000000000000000666e-01 4.020337445241856322e+00 0.000000000000000000e+00
8.000000000000000444e-01 6.639456412166740984e-01 2.931917445608264727e-01
8.000000000000000444e-01 7.592814255965042447e-01 2.738608474426630357e-01
8.000000000000000444e-01 8.546172099763342800e-01 2.545427084215257652e-01
8.000000000000000444e-01 9.499529943561644263e-01 2.276668586865790711e-01
8.000000000000000444e-01 1.000000000000000000e+00 2.179932383499099957e-01
8.000000000000000444e-01 1.005344262805140554e+00 2.170927537202401725e-01
8.000000000000000444e-01 1.010717086755211769e+00 2.161890002925128396e-01
8.000000000000000444e-01 1.016118624488477673e+00 2.152771270337478782e-01
8.000000000000000444e-01 1.021549029458941993e+00 2.143557763169300912e-01
8.000000000000000444e-01 1.027008455940707110e+00 2.134270066031429547e-01
8.000000000000000444e-01 1.032497059032355891e+00 2.124897484234675449e-01
8.000000000000000444e-01 1.038014994661359491e+00 2.115418517538583953e-01
8.000000000000000444e-01 1.043562419588506485e+00 2.105917465981499981e-01
8.000000000000000444e-01 1.045288778735994573e+00 2.102926337640726451e-01
8.000000000000000444e-01 1.049139491412355962e+00 2.028734110271631086e-01
8.000000000000000444e-01 1.054746368573715065e+00 2.021398250453116663e-01
8.000000000000000444e-01 1.060383210360140716e+00 2.013921493389876083e-01
8.000000000000000444e-01 1.066050176910463998e+00 2.006371611807034883e-01
8.000000000000000444e-01 1.071747429219340297e+00 1.998679217027462263e-01
8.000000000000000444e-01 1.077475129141822308e+00 2.004552022676268086e-01
8.000000000000000444e-01 1.083233439397959019e+00 1.996132457431031015e-01
8.000000000000000444e-01 1.089022523577418022e+00 1.987622715208554880e-01
8.000000000000000444e-01 1.094842546144133344e+00 1.978999448472135436e-01
8.000000000000000444e-01 1.100693672440976822e+00 1.970244017398656566e-01
8.000000000000000444e-01 1.106576068694456794e+00 1.960985435278019551e-01
8.000000000000000444e-01 1.140624563115824719e+00 1.908690704932495541e-01
8.000000000000000444e-01 1.235960347495654865e+00 1.760598066067266265e-01
8.000000000000000444e-01 1.331296131875484789e+00 1.597226473315444262e-01
8.000000000000000444e-01 1.426631916255315158e+00 1.467175078516203546e-01
8.000000000000000444e-01 1.521967700635145082e+00 1.332925379865761428e-01
8.000000000000000444e-01 1.617303485014975450e+00 1.212644815479288068e-01
8.000000000000000444e-01 1.712639269394805375e+00 1.089781698777459451e-01
8.000000000000000444e-01 1.807975053774635299e+00 9.802808939703301638e-02
8.000000000000000444e-01 1.903310838154465667e+00 8.789300316833806304e-02
8.000000000000000444e-01 1.998646622534295592e+00 7.733213242972274137e-02
8.000000000000000444e-01 2.093982406914125960e+00 6.809273564332460338e-02
8.000000000000000444e-01 2.189318191293955884e+00 5.948926550390453566e-02
8.000000000000000444e-01 2.284653975673786253e+00 5.159580404241548290e-02
8.000000000000000444e-01 2.379989760053616177e+00 4.427870533132392122e-02
8.000000000000000444e-01 2.475325544433446545e+00 3.793867240228071536e-02
8.000000000000000444e-01 2.570661328813276469e+00 3.217987440932325305e-02
8.000000000000000444e-01 2.665997113193106394e+00 2.709199337106100655e-02
8.000000000000000444e-01 2.761332897572936762e+00 2.261397272904274586e-02
8.000000000000000444e-01 2.856668681952766686e+00 1.868950038411970604e-02
8.000000000000000444e-01 2.952004466332596611e+00 1.535912327629497878e-02
8.000000000000000444e-01 3.047340250712426979e+00 1.244821401495892557e-02
8.000000000000000444e-01 3.142676035092256903e+00 1.009384020304500244e-02
8.000000000000000444e-01 3.238011819472087272e+00 8.068409222548072329e-03
8.000000000000000444e-01 3.333347603851917196e+00 6.400573555700783679e-03
8.000000000000000444e-01 3.428683388231747564e+00 5.015913682534023539e-03
8.000000000000000444e-01 3.524019172611577488e+00 3.884137206182447163e-03
8.000000000000000444e-01 3.619354956991407857e+00 2.982701470406740399e-03
8.000000000000000444e-01 3.714690741371237781e+00 2.252494503853630977e-03
8.000000000000000444e-01 3.810026525751067705e+00 1.634531799128239975e-03
8.000000000000000444e-01 3.905362310130898074e+00 1.200663254286304937e-03
8.000000000000000444e-01 4.000698094510727998e+00 8.416845544003177413e-04
8.000000000000000444e-01 4.096033878890558810e+00 5.570722935130404058e-04
8.000000000000000444e-01 4.191369663270388735e+00 3.527651086972152382e-04
8.000000000000000444e-01 4.286705447650218659e+00 1.928436908207959636e-04
8.000000000000000444e-01 4.382041232030048583e+00 5.435236048402670029e-05
8.000000000000000444e-01 4.426304274777827175e+00 0.000000000000000000e+00
9.000000000000000222e-01 7.051257814567669646e-01 3.448281677396611844e-01
9.000000000000000222e-01 8.063746116146617293e-01 3.143361265942869465e-01
9.000000000000000222e-01 9.076234417725563830e-01 2.870204840373667410e-01
9.000000000000000222e-01 1.000000000000000000e+00 2.704789120580128881e-01
9.000000000000000222e-01 1.008533390144082054e+00 2.691591489745795429e-01
9.000000000000000222e-01 1.008872271930451259e+00 2.690999413411976349e-01
9.000000000000000222e-01 1.017139599035515429e+00 2.592387201735660840e-01
9.000000000000000222e-01 1.025819248065080735e+00 2.583072486180293392e-01
9.000000000000000222e-01 1.034572963926128963e+00 2.573362272064586009e-01
9.000000000000000222e-01 1.043401378659830181e+00 2.580864082541096116e-01
9.000000000000000222e-01 1.052305129700807695e+00 2.569359959143941996e-01
9.000000000000000222e-01 1.061284859923163681e+00 2.557526039434209197e-01
9.000000000000000222e-01 1.070341217686895607e+00 2.545316777403965336e-01
9.000000000000000222e-01 1.079474856884709677e+00 2.532833909314080589e-01
9.000000000000000222e-01 1.088686436989234174e+00 2.520015746003080870e-01
9.000000000000000222e-01 1.097976623100634042e+00 2.506821042430642521e-01
9.000000000000000222e-01 1.107346085994633578e+00 2.493375677764737008e-01
9.000000000000000222e-01 1.110121102088345912e+00 2.489350748107872768e-01
9.000000000000000222e-01 1.116795502170948140e+00 2.479652965910410234e-01
9.000000000000000222e-01 1.126325553902129073e+00 2.465605538433853772e-01
9.000000000000000222e-01 1.135936929282825414e+00 2.451360471943486996e-01
9.000000000000000222e-01 1.145630322279466373e+00 2.436842625600507684e-01
9.000000000000000222e-01 1.155406432780367476e+00 2.421027446290797136e-01
9.000000000000000222e-01 1.165265966646264584e+00 2.405168347226552261e-01
9.000000000000000222e-01 1.175209635761278237e+00 2.389433000448205613e-01
9.000000000000000222e-01 1.211369932246240566e+00 2.332442487174872514e-01
9.000000000000000222e-01 1.312618762404135442e+00 2.153861021337695192e-01
9.000000000000000222e-01 1.413867592562030095e+00 2.008929748174233254e-01
9.000000000000000222e-01 1.515116422719924749e+00 1.852051340033906146e-01
9.000000000000000222e-01 1.616365252877819625e+00 1.707737072970202385e-01
9.000000000000000222e-01 1.717614083035714501e+00 1.556864031272339188e-01
9.000000000000000222e-01 1.818862913193608932e+00 1.416620711647733344e-01
9.000000000000000222e-01 1.920111743351503808e+00 1.274848778790736714e-01
9.000000000000000222e-01 2.021360573509398684e+00 1.143959683214844092e-01
9.000000000000000222e-01 2.122609403667293115e+00 1.014408756663533334e-01
9.000000000000000222e-01 2.223858233825187991e+00 8.951804509907389240e-02
9.000000000000000222e-01 2.325107063983082867e+00 7.822450482671496064e-02
9.000000000000000222e-01 2.426355894140977298e+00 6.778306149997850860e-02
9.000000000000000222e-01 2.527604724298872174e+00 5.835820689410293333e-02
9.000000000000000222e-01 2.628853554456767050e+00 4.965626239209743054e-02
9.000000000000000222e-01 2.730102384614661926e+00 4.207768897727009322e-02
9.000000000000000222e-01 2.831351214772556357e+00 3.501918626809483182e-02
9.000000000000000222e-01 2.932600044930451233e+00 2.919206305869353341e-02
9.000000000000000222e-01 3.033848875088346109e+00 2.412455173331563146e-02
9.000000000000000222e-01 3.135097705246240540e+00 1.958686292499052517e-02
9.000000000000000222e-01 3.236346535404135416e+00 1.583131222152520112e-02
9.000000000000000222e-01 3.337595365562030292e+00 1.265359210273913661e-02
9.000000000000000222e-01 3.438844195719925168e+00 1.004562166287552641e-02
9.000000000000000222e-01 3.540093025877819599e+00 7.831872109061534248e-03
9.000000000000000222e-01 3.641341856035714475e+00 6.110719823826799013e-03
9.000000000000000222e-01 3.742590686193609351e+00 4.667051910901906173e-03
9.000000000000000222e-01 3.843839516351503782e+00 3.558599119063119570e-03
9.000000000000000222e-01 3.945088346509398658e+00 2.607738724291117603e-03
9.000000000000000222e-01 4.046337176667293534e+00 1.935424841870333253e-03
9.000000000000000222e-01 4.147586006825187965e+00 1.380686539213219974e-03
9.000000000000000222e-01 4.248834836983082397e+00 9.414974691312774603e-04
9.000000000000000222e-01 4.350083667140977717e+00 6.352775687031979876e-04
9.000000000000000222e-01 4.451332497298872148e+00 3.839120650568871571e-04
9.000000000000000222e-01 4.552581327456766580e+00 2.048723938356159608e-04
9.000000000000000222e-01 4.653830157614661900e+00 6.007429503638024950e-05
9.000000000000000222e-01 4.700838543045112949e+00 0.000000000000000000e+00
1.000000000000000000e+00 7.196647088895882227e-01 3.303048111535126230e-01
1.000000000000000000e+00 8.230011799096316194e-01 3.157873313447339680e-01
1.000000000000000000e+00 9.263376509296750161e-01 3.001051522754936696e-01
1.000000000000000000e+00 1.000000000000000000e+00 2.809326768745153968e-01
1.000000000000000000e+00 1.009617308036852457e+00 2.799448593664843887e-01
1.000000000000000000e+00 1.019327108687580585e+00 2.789035313922406112e-01
1.000000000000000000e+00 1.029130291482143189e+00 2.778057455420094302e-01
1.000000000000000000e+00 1.029674121949718524e+00 2.777382793448334164e-01
1.000000000000000000e+00 1.039027754505382539e+00 2.766590842144195928e-01
1.000000000000000000e+00 1.049020404479299895e+00 2.754675165176322937e-01
1.000000000000000000e+00 1.059109156846120836e+00 2.742231470468353138e-01
1.000000000000000000e+00 1.069294935852161066e+00 2.729491702650109763e-01
1.000000000000000000e+00 1.079578674632497792e+00 2.716147959906846654e-01
1.000000000000000000e+00 1.089961315296455346e+00 2.702499021988435945e-01
1.000000000000000000e+00 1.100443809013914143e+00 2.688384872165861528e-01
1.000000000000000000e+00 1.111027116102448087e+00 2.673913387949459208e-01
1.000000000000000000e+00 1.121712206115301091e+00 2.659012580187701813e-01
1.000000000000000000e+00 1.132500057930209358e+00 2.643863786695133111e-01
1.000000000000000000e+00 1.133010592969761809e+00 2.643140305457037931e-01
1.000000000000000000e+00 1.143391659839077423e+00 2.628351541950393888e-01
1.000000000000000000e+00 1.154388009638517731e+00 2.556906450913037920e-01
1.000000000000000000e+00 1.165490114721260406e+00 2.544028318694966373e-01
1.000000000000000000e+00 1.176698992168441205e+00 2.530776984254862749e-01
1.000000000000000000e+00 1.188015668842778760e+00 2.517036786922527414e-01
1.000000000000000000e+00 1.199441181482647112e+00 2.502895142577128418e-01
1.000000000000000000e+00 1.236347063989805317e+00 2.455602259881988492e-01
1.000000000000000000e+00 1.339683535009848825e+00 2.316915862185207620e-01
1.000000000000000000e+00 1.443020006029892333e+00 2.159456978743292399e-01
1.000000000000000000e+00 1.546356477049935618e+00 2.010587620409719500e-01
1.000000000000000000e+00 1.649692948069978904e+00 1.849095117819732625e-01
1.000000000000000000e+00 1.753029419090022412e+00 1.701594729271472539e-01
1.000000000000000000e+00 1.856365890110065919e+00 1.543677873220658525e-01
1.000000000000000000e+00 1.959702361130109427e+00 1.400084174168010065e-01
1.000000000000000000e+00 2.063038832150152935e+00 1.253652523092756987e-01
1.000000000000000000e+00 2.166375303170195998e+00 1.118067683734153134e-01
1.000000000000000000e+00 2.269711774190239506e+00 9.789633652071240422e-02
1.000000000000000000e+00 2.373048245210283014e+00 8.601025101173272180e-02
1.000000000000000000e+00 2.476384716230326521e+00 7.434529280644353033e-02
1.000000000000000000e+00 2.579721187250370029e+00 6.416569527292612096e-02
1.000000000000000000e+00 2.683057658270413093e+00 5.483106218303566981e-02
1.000000000000000000e+00 2.786394129290456601e+00 4.588342596268189799e-02
1.000000000000000000e+00 2.889730600310500108e+00 3.859697344275143938e-02
1.000000000000000000e+00 2.993067071330543616e+00 3.167045316403672983e-02
1.000000000000000000e+00 3.096403542350587124e+00 2.620999945417939320e-02
1.000000000000000000e+00 3.199740013370630631e+00 2.119758977532471000e-02
1.000000000000000000e+00 3.303076484390673695e+00 1.724170763780886323e-02
1.000000000000000000e+00 3.406412955410717203e+00 1.338158500193942224e-02
1.000000000000000000e+00 3.509749426430760710e+00 1.073901816295250514e-02
1.000000000000000000e+00 3.613085897450804218e+00 8.530975654983966039e-03
1.000000000000000000e+00 3.716422368470847726e+00 6.555891252885669325e-03
1.000000000000000000e+00 3.819758839490890789e+00 5.124710810159754590e-03
1.000000000000000000e+00 3.923095310510934297e+00 3.699460232179317774e-03
1.000000000000000000e+00 4.026431781530977361e+00 2.749554701265359124e-03
1.000000000000000000e+00 4.129768252551021313e+00 1.975602682888053744e-03
1.000000000000000000e+00 4.233104723571065264e+00 1.415645846044348392e-03
1.000000000000000000e+00 4.336441194591108328e+00 1.075147663920637472e-03
1.000000000000000000e+00 4.439777665611151392e+00 6.407049090017370241e-04
1.000000000000000000e+00 4.543114136631194455e+00 4.065823970217151504e-04
1.000000000000000000e+00 4.646450607651238407e+00 1.822907453466936711e-04
1.000000000000000000e+00 4.749787078671282359e+00 2.725317448951305327e-05
1.000000000000000000e+00 4.797764725930588448e+00 0.000000000000000000e+00
