# mx [GeV]: 1.0
# sigma_p [cm^2]: 7.41310241301e-28
# depth [m]: 0.3
# loc: MPI
# Columns: gamma/pi, v [km/s], f(v, gamma) [s/km]
0.000000000000000000e+00 1.000000000000000000e+00 5.975890886325367461e-03
0.000000000000000000e+00 1.154537286035391297e+00 5.470415156898466615e-03
0.000000000000000000e+00 1.332956344845966923e+00 4.880611741048031076e-03
0.000000000000000000e+00 1.538947800782118014e+00 3.991045279777595545e-03
0.000000000000000000e+00 1.776772617265120591e+00 3.856582532806167134e-03
0.000000000000000000e+00 2.051350235439271419e+00 3.593189304172379663e-03
0.000000000000000000e+00 2.368360333532117501e+00 3.168418677087437435e-03
0.000000000000000000e+00 2.734360311830045021e+00 2.932762560008766572e-03
0.000000000000000000e+00 3.156920933463146284e+00 2.625463671165172673e-03
0.000000000000000000e+00 3.644782926748855623e+00 2.359758395439621580e-03
0.000000000000000000e+00 4.208037788436754134e+00 2.215373824537849971e-03
0.000000000000000000e+00 4.858336527796139670e+00 2.036687269798434594e-03
0.000000000000000000e+00 5.609130669448362028e+00 1.814177292233870066e-03
0.000000000000000000e+00 6.475950500122790388e+00 1.675999393029209503e-03
0.000000000000000000e+00 7.476726314911300797e+00 1.465068170984132161e-03
0.000000000000000000e+00 8.632159308047084423e+00 1.386427859653321807e-03
0.000000000000000000e+00 9.202430571844972818e+00 1.251351685733246167e-03
0.000000000000000000e+00 9.966149780137824266e+00 1.208951193306196130e-03
0.000000000000000000e+00 1.052380521805861058e+01 1.173652356625741596e-03
0.000000000000000000e+00 1.150629151938253614e+01 1.081448083437519308e-03
0.000000000000000000e+00 1.184517986427224656e+01 1.063124141457631993e-03
0.000000000000000000e+00 1.316655451048588432e+01 9.877522997108199084e-04
0.000000000000000000e+00 1.328444258311995441e+01 9.230199466759920124e-04
0.000000000000000000e+00 1.448792915669952208e+01 8.922054913096256600e-04
0.000000000000000000e+00 1.533738428640828921e+01 8.526029886796737678e-04
0.000000000000000000e+00 1.580930380291315807e+01 8.300913279290659868e-04
0.000000000000000000e+00 1.713067844912679760e+01 7.424558708549779118e-04
0.000000000000000000e+00 1.845205309534043181e+01 6.878742414413081298e-04
0.000000000000000000e+00 1.977342774155406957e+01 6.233870375102729773e-04
0.000000000000000000e+00 2.109480238776770733e+01 5.690637131726001543e-04
0.000000000000000000e+00 2.241617703398134154e+01 5.297608919943623757e-04
0.000000000000000000e+00 2.373755168019498285e+01 4.684387621649066568e-04
0.000000000000000000e+00 2.505892632640861706e+01 4.360680820796972190e-04
0.000000000000000000e+00 2.638030097262225837e+01 3.887507436063586614e-04
0.000000000000000000e+00 2.770167561883589258e+01 3.603029349608608011e-04
0.000000000000000000e+00 2.902305026504952679e+01 3.245517662006520412e-04
0.000000000000000000e+00 3.034442491126316810e+01 2.989791793814313109e-04
0.000000000000000000e+00 3.166579955747680231e+01 2.611991213249349525e-04
0.000000000000000000e+00 3.298717420369044362e+01 2.401678110471816509e-04
0.000000000000000000e+00 3.430854884990407783e+01 2.108040605700570364e-04
0.000000000000000000e+00 3.562992349611771203e+01 1.878811008603525803e-04
0.000000000000000000e+00 3.695129814233135335e+01 1.718610395689595591e-04
0.000000000000000000e+00 3.827267278854498755e+01 1.472410770387273891e-04
0.000000000000000000e+00 3.959404743475862887e+01 1.343944977731800165e-04
0.000000000000000000e+00 4.091542208097226307e+01 1.184129474871191352e-04
0.000000000000000000e+00 4.223679672718589728e+01 1.018300461183302706e-04
0.000000000000000000e+00 4.355817137339953860e+01 9.242993235629548662e-05
0.000000000000000000e+00 4.487954601961317280e+01 7.741168421924279517e-05
0.000000000000000000e+00 4.620092066582680701e+01 6.712988732224135899e-05
0.000000000000000000e+00 4.752229531204044832e+01 5.513112374869335143e-05
0.000000000000000000e+00 4.884366995825408253e+01 4.593064887278361787e-05
0.000000000000000000e+00 5.016504460446772384e+01 3.924144962465384641e-05
0.000000000000000000e+00 5.148641925068135805e+01 3.113411552085110820e-05
0.000000000000000000e+00 5.280779389689499226e+01 2.614928117548549608e-05
0.000000000000000000e+00 5.412916854310863357e+01 2.033115934233280470e-05
0.000000000000000000e+00 5.545054318932226778e+01 1.599710498856784030e-05
0.000000000000000000e+00 5.677191783553590909e+01 1.305643906119499225e-05
0.000000000000000000e+00 5.809329248174954330e+01 8.403843140836234242e-06
0.000000000000000000e+00 5.941466712796317751e+01 4.355706576735144764e-06
0.000000000000000000e+00 6.073604177417681882e+01 1.692007185914763159e-06
0.000000000000000000e+00 6.134953714563314975e+01 0.000000000000000000e+00
1.000000000000000056e-01 1.000000000000000000e+00 6.672027084374909482e-03
1.000000000000000056e-01 1.156186647419181091e+00 6.175760977450468411e-03
1.000000000000000056e-01 1.336767563670405945e+00 5.435739719776572741e-03
1.000000000000000056e-01 1.545552807818793228e+00 4.883303106800073422e-03
1.000000000000000056e-01 1.786947519281312680e+00 4.275880248840058934e-03
1.000000000000000056e-01 2.066044861431883373e+00 3.995921078752591622e-03
1.000000000000000056e-01 2.388733481756555754e+00 3.626388407586549935e-03
1.000000000000000056e-01 2.761821755850060178e+00 3.222715684261816173e-03
1.000000000000000056e-01 3.193181436665637030e+00 2.904657149635161192e-03
1.000000000000000056e-01 3.691913739859606913e+00 2.682615967389330273e-03
1.000000000000000056e-01 4.268541369449089018e+00 2.452169270934071322e-03
1.000000000000000056e-01 4.935230535313423594e+00 2.217776356084433503e-03
1.000000000000000056e-01 5.706047646864798040e+00 1.986310083555823530e-03
1.000000000000000056e-01 6.597256098842717797e+00 1.824803351480910408e-03
1.000000000000000056e-01 7.627659411086709085e+00 1.646366544320426208e-03
1.000000000000000056e-01 8.818997962159707882e+00 1.480800975988206050e-03
1.000000000000000056e-01 9.455451918616940787e+00 1.415639961944475033e-03
1.000000000000000056e-01 1.019640768746602077e+01 1.325305301747076907e-03
1.000000000000000056e-01 1.081315783513629647e+01 1.273031235920416221e-03
1.000000000000000056e-01 1.178895041989050441e+01 1.201871921089097328e-03
1.000000000000000056e-01 1.217086375165565215e+01 1.164695354715497523e-03
1.000000000000000056e-01 1.352856966817500606e+01 1.064773874929892837e-03
1.000000000000000056e-01 1.363022706256414907e+01 1.058743168244534200e-03
1.000000000000000056e-01 1.488627558469436352e+01 9.681412442958606127e-04
1.000000000000000056e-01 1.575908653102823642e+01 9.169976350249667632e-04
1.000000000000000056e-01 1.624398150121371742e+01 8.914706451951522970e-04
1.000000000000000056e-01 1.760168741773307488e+01 8.159716829479145544e-04
1.000000000000000056e-01 1.895939333425242879e+01 7.456486245750716885e-04
1.000000000000000056e-01 2.031709925077178269e+01 6.860305306225973100e-04
1.000000000000000056e-01 2.167480516729114015e+01 6.243834316077722562e-04
1.000000000000000056e-01 2.303251108381049761e+01 5.715981715616102804e-04
1.000000000000000056e-01 2.439021700032985152e+01 5.209484662790689856e-04
1.000000000000000056e-01 2.574792291684920542e+01 4.752705927630526943e-04
1.000000000000000056e-01 2.710562883336856288e+01 4.286381955708104259e-04
1.000000000000000056e-01 2.846333474988791679e+01 3.912786996036003695e-04
1.000000000000000056e-01 2.982104066640727424e+01 3.506236595767037948e-04
1.000000000000000056e-01 3.117874658292662815e+01 3.186476353126590079e-04
1.000000000000000056e-01 3.253645249944598561e+01 2.861453644599372924e-04
1.000000000000000056e-01 3.389415841596533596e+01 2.573219785971169946e-04
1.000000000000000056e-01 3.525186433248469342e+01 2.284526959888084159e-04
1.000000000000000056e-01 3.660957024900405088e+01 2.049885211723730496e-04
1.000000000000000056e-01 3.796727616552340123e+01 1.812259286512061997e-04
1.000000000000000056e-01 3.932498208204276580e+01 1.610562492884853327e-04
1.000000000000000056e-01 4.068268799856211615e+01 1.427882267381011972e-04
1.000000000000000056e-01 4.204039391508146650e+01 1.236057184998288810e-04
1.000000000000000056e-01 4.339809983160083107e+01 1.091526745783134980e-04
1.000000000000000056e-01 4.475580574812018142e+01 9.495003654635990938e-05
1.000000000000000056e-01 4.611351166463953177e+01 8.200873372269847506e-05
1.000000000000000056e-01 4.747121758115889634e+01 7.073895300818892440e-05
1.000000000000000056e-01 4.882892349767824669e+01 6.009195225504490215e-05
1.000000000000000056e-01 5.018662941419761125e+01 5.069564217352733477e-05
1.000000000000000056e-01 5.154433533071696161e+01 4.211786819466548245e-05
1.000000000000000056e-01 5.290204124723631196e+01 3.507227892870974525e-05
1.000000000000000056e-01 5.425974716375567652e+01 2.833305427637330392e-05
1.000000000000000056e-01 5.561745308027502688e+01 2.229242666992312645e-05
1.000000000000000056e-01 5.697515899679437723e+01 1.697292718004120188e-05
1.000000000000000056e-01 5.833286491331374179e+01 1.230942600085834308e-05
1.000000000000000056e-01 5.969057082983309215e+01 8.346473819079718132e-06
1.000000000000000056e-01 6.104827674635244250e+01 4.632128317404686293e-06
1.000000000000000056e-01 6.240598266287180707e+01 1.360005085807088592e-06
1.000000000000000056e-01 6.303634612411293858e+01 0.000000000000000000e+00
2.000000000000000111e-01 1.000000000000000000e+00 8.937274828651413372e-03
2.000000000000000111e-01 1.160918195755811677e+00 8.530625912045810416e-03
2.000000000000000111e-01 1.347731057236928986e+00 7.681267818193645951e-03
2.000000000000000111e-01 1.564605507331567891e+00 6.760960222519117602e-03
2.000000000000000111e-01 1.816379002640970075e+00 5.997986496255739916e-03
2.000000000000000111e-01 2.108667434554695852e+00 5.415765265824989960e-03
2.000000000000000111e-01 2.447990393572272882e+00 4.956011921622516768e-03
2.000000000000000111e-01 2.841916590933482478e+00 4.453289901296063856e-03
2.000000000000000111e-01 3.299232681235005682e+00 3.985504884186124447e-03
2.000000000000000111e-01 3.830139251677951329e+00 3.609077573380198387e-03
2.000000000000000111e-01 4.446478349551481912e+00 3.286971478205260189e-03
2.000000000000000111e-01 5.161997623028585558e+00 2.985727265294045498e-03
2.000000000000000111e-01 5.992656967022132797e+00 2.688641880370471696e-03
2.000000000000000111e-01 6.956984513938828663e+00 2.424470103499150406e-03
2.000000000000000111e-01 8.076489909822987201e+00 2.185368069446603882e-03
2.000000000000000111e-01 9.376144094151719344e+00 1.941162087317573927e-03
2.000000000000000111e-01 1.021837875501199555e+01 1.838950772041168628e-03
2.000000000000000111e-01 1.088493628492912357e+01 1.759768405934347864e-03
2.000000000000000111e-01 1.168563314034705058e+01 1.653335688841259341e-03
2.000000000000000111e-01 1.263652059281688445e+01 1.557515117107759238e-03
2.000000000000000111e-01 1.315288752568210739e+01 1.512168373215188070e-03
2.000000000000000111e-01 1.462014191101716243e+01 1.373983330933218391e-03
2.000000000000000111e-01 1.466996668724413766e+01 1.368248670223104306e-03
2.000000000000000111e-01 1.608739629635221746e+01 1.258031519996823762e-03
2.000000000000000111e-01 1.703063125835332414e+01 1.183803286227268865e-03
2.000000000000000111e-01 1.755465068168727427e+01 1.140638158392249862e-03
2.000000000000000111e-01 1.902190506702233108e+01 1.052073691137622984e-03
2.000000000000000111e-01 2.048915945235738434e+01 9.594900596683965431e-04
2.000000000000000111e-01 2.195641383769244115e+01 8.758333318314030823e-04
2.000000000000000111e-01 2.342366822302749796e+01 8.017402746451281507e-04
2.000000000000000111e-01 2.489092260836255122e+01 7.289179797904711284e-04
2.000000000000000111e-01 2.635817699369761158e+01 6.642044243922702942e-04
2.000000000000000111e-01 2.782543137903266484e+01 6.018698986168350166e-04
2.000000000000000111e-01 2.929268576436771809e+01 5.470256305503223794e-04
2.000000000000000111e-01 3.075994014970277846e+01 4.899814245393093164e-04
2.000000000000000111e-01 3.222719453503783171e+01 4.443322902509609347e-04
2.000000000000000111e-01 3.369444892037288497e+01 4.014149352427027291e-04
2.000000000000000111e-01 3.516170330570794533e+01 3.576033292332692938e-04
2.000000000000000111e-01 3.662895769104299859e+01 3.203454558251352157e-04
2.000000000000000111e-01 3.809621207637805185e+01 2.855791902271876781e-04
2.000000000000000111e-01 3.956346646171311221e+01 2.533013041359312759e-04
2.000000000000000111e-01 4.103072084704816547e+01 2.237506364307509453e-04
2.000000000000000111e-01 4.249797523238322583e+01 1.979717232111142514e-04
2.000000000000000111e-01 4.396522961771827909e+01 1.732510712236082543e-04
2.000000000000000111e-01 4.543248400305333234e+01 1.515271830018821632e-04
2.000000000000000111e-01 4.689973838838839271e+01 1.323156125521338360e-04
2.000000000000000111e-01 4.836699277372344596e+01 1.137785946072491605e-04
2.000000000000000111e-01 4.983424715905849922e+01 9.843237363272359204e-05
2.000000000000000111e-01 5.130150154439355958e+01 8.416826987141636310e-05
2.000000000000000111e-01 5.276875592972861284e+01 7.111512513949366961e-05
2.000000000000000111e-01 5.423601031506366610e+01 5.983101931796303827e-05
2.000000000000000111e-01 5.570326470039872646e+01 4.973805948155936421e-05
2.000000000000000111e-01 5.717051908573377972e+01 4.079906027364072006e-05
2.000000000000000111e-01 5.863777347106883298e+01 3.260734304172865087e-05
2.000000000000000111e-01 6.010502785640389334e+01 2.549112902783038888e-05
2.000000000000000111e-01 6.157228224173894660e+01 1.957716959275988868e-05
2.000000000000000111e-01 6.303953662707399985e+01 1.403131445884935250e-05
2.000000000000000111e-01 6.450679101240905311e+01 9.378378832115905598e-06
2.000000000000000111e-01 6.597404539774410637e+01 5.189913208355247008e-06
2.000000000000000111e-01 6.744129978307917384e+01 1.526382686485926486e-06
2.000000000000000111e-01 6.812252503341331078e+01 0.000000000000000000e+00
3.000000000000000444e-01 1.000000000000000000e+00 1.520217808302542356e-02
3.000000000000000444e-01 1.168067145144692898e+00 1.316762909466706946e-02
3.000000000000000444e-01 1.364380855566473150e+00 1.228171183169054180e-02
3.000000000000000444e-01 1.593688450851604044e+00 1.079811153628351672e-02
3.000000000000000444e-01 1.861535119036301422e+00 9.400367302904869340e-03
3.000000000000000444e-01 2.174398012079318487e+00 8.267367386638619850e-03
3.000000000000000444e-01 2.539842878377785773e+00 7.701636196601255660e-03
3.000000000000000444e-01 2.966707020062819389e+00 6.910760166571524969e-03
3.000000000000000444e-01 3.465312999405496974e+00 6.137293259082087643e-03
3.000000000000000444e-01 4.047718262248372056e+00 5.533795754893569736e-03
3.000000000000000444e-01 4.728006714934492649e+00 5.041226409791929770e-03
3.000000000000000444e-01 5.522629305738471217e+00 4.538692461450058273e-03
3.000000000000000444e-01 6.450801846846355048e+00 4.095303347238578827e-03
3.000000000000000444e-01 7.534969697139934475e+00 3.627732461591493592e-03
3.000000000000000444e-01 8.801350542890014950e+00 3.299203912883208380e-03
3.000000000000000444e-01 1.028056840205123024e+01 2.926656766353747958e-03
3.000000000000000444e-01 1.148258347444397032e+01 2.710006934457287204e-03
3.000000000000000444e-01 1.200839418384872026e+01 2.626205573034705570e-03
3.000000000000000444e-01 1.313136469128720663e+01 2.449118459857355448e-03
3.000000000000000444e-01 1.402661071210031452e+01 2.315566526085235943e-03
3.000000000000000444e-01 1.478014590813044293e+01 2.226525461085337911e-03
3.000000000000000444e-01 1.638402313053897785e+01 2.034113799167754696e-03
3.000000000000000444e-01 1.642892712497368279e+01 2.029387300481651831e-03
3.000000000000000444e-01 1.807770834181691555e+01 1.851143109288641694e-03
3.000000000000000444e-01 1.913763912407328149e+01 1.745810159079653513e-03
3.000000000000000444e-01 1.972648955866015541e+01 1.685868793242818959e-03
3.000000000000000444e-01 2.137527077550339172e+01 1.544310272464194346e-03
3.000000000000000444e-01 2.302405199234662803e+01 1.409975061724163268e-03
3.000000000000000444e-01 2.467283320918986433e+01 1.280917550810033341e-03
3.000000000000000444e-01 2.632161442603310064e+01 1.172112305083874073e-03
3.000000000000000444e-01 2.797039564287633695e+01 1.064214622742277409e-03
3.000000000000000444e-01 2.961917685971957326e+01 9.648673791923902728e-04
3.000000000000000444e-01 3.126795807656281312e+01 8.738107612998068704e-04
3.000000000000000444e-01 3.291673929340605298e+01 7.892517792884247343e-04
3.000000000000000444e-01 3.456552051024928573e+01 7.097531118130289210e-04
3.000000000000000444e-01 3.621430172709251849e+01 6.353842956580597889e-04
3.000000000000000444e-01 3.786308294393575835e+01 5.707942782790172446e-04
3.000000000000000444e-01 3.951186416077899821e+01 5.063338497479627281e-04
3.000000000000000444e-01 4.116064537762223097e+01 4.520961787027655060e-04
3.000000000000000444e-01 4.280942659446546372e+01 3.999932124704153567e-04
3.000000000000000444e-01 4.445820781130870358e+01 3.541226292012336586e-04
3.000000000000000444e-01 4.610698902815194344e+01 3.087587309015692085e-04
3.000000000000000444e-01 4.775577024499517620e+01 2.719653242501087940e-04
3.000000000000000444e-01 4.940455146183841606e+01 2.372282853425366806e-04
3.000000000000000444e-01 5.105333267868165592e+01 2.055888057660118398e-04
3.000000000000000444e-01 5.270211389552488868e+01 1.775016583666179978e-04
3.000000000000000444e-01 5.435089511236812854e+01 1.530066942025090540e-04
3.000000000000000444e-01 5.599967632921136129e+01 1.296534033899101798e-04
3.000000000000000444e-01 5.764845754605460115e+01 1.104004463206615814e-04
3.000000000000000444e-01 5.929723876289783391e+01 9.292296163264249578e-05
3.000000000000000444e-01 6.094601997974107377e+01 7.712455551302066341e-05
3.000000000000000444e-01 6.259480119658430652e+01 6.352950444051288744e-05
3.000000000000000444e-01 6.424358241342754638e+01 5.151415153694151869e-05
3.000000000000000444e-01 6.589236363027077914e+01 4.117996707940505468e-05
3.000000000000000444e-01 6.754114484711402611e+01 3.172211429983144606e-05
3.000000000000000444e-01 6.918992606395725886e+01 2.390650682146581879e-05
3.000000000000000444e-01 7.083870728080049162e+01 1.724377261609699602e-05
3.000000000000000444e-01 7.248748849764373858e+01 1.128424308853149954e-05
3.000000000000000444e-01 7.413626971448695713e+01 6.132695022221987541e-06
3.000000000000000444e-01 7.578505093133020409e+01 1.766046030877286225e-06
3.000000000000000444e-01 7.655055649629314019e+01 0.000000000000000000e+00
4.000000000000000222e-01 1.000000000000000000e+00 2.304286734416812615e-02
4.000000000000000222e-01 1.176586167943730388e+00 2.016937213886658975e-02
4.000000000000000222e-01 1.384355010596511892e+00 1.959553886284621724e-02
4.000000000000000222e-01 1.628812956991452232e+00 1.735980368875061214e-02
4.000000000000000222e-01 1.916438795363668568e+00 1.488023492279998312e-02
4.000000000000000222e-01 2.254855378335637539e+00 1.322754748392771483e-02
4.000000000000000222e-01 2.653031648863238168e+00 1.217108853544779552e-02
4.000000000000000222e-01 3.121520341169433443e+00 1.092214208620453930e-02
4.000000000000000222e-01 3.672737656374949200e+00 9.695217021649927408e-03
4.000000000000000222e-01 4.321292324976838906e+00 8.732636772690869839e-03
4.000000000000000222e-01 5.084372777209150485e+00 7.947738686531598262e-03
4.000000000000000222e-01 5.982202682333936927e+00 7.155818255653184808e-03
4.000000000000000222e-01 7.038576929869991616e+00 6.465834292706203190e-03
4.000000000000000222e-01 8.281492257692878667e+00 5.767309089455757015e-03
4.000000000000000222e-01 9.743889240334535629e+00 5.206769453641313730e-03
4.000000000000000222e-01 1.146452530215335486e+01 4.631663438766508642e-03
4.000000000000000222e-01 1.318263663568504818e+01 4.234124852727627793e-03
4.000000000000000222e-01 1.348900189255455473e+01 4.167083170328712317e-03
4.000000000000000222e-01 1.507552805003982499e+01 3.822906691630697205e-03
4.000000000000000222e-01 1.587097304614649040e+01 3.691590125905107756e-03
4.000000000000000222e-01 1.696841946439460003e+01 3.507807362199606618e-03
4.000000000000000222e-01 1.867356735790373179e+01 3.230330293842384459e-03
4.000000000000000222e-01 1.886131087874937862e+01 3.198944888859376300e-03
4.000000000000000222e-01 2.075420229310415365e+01 2.931925097763198301e-03
4.000000000000000222e-01 2.197106105947508325e+01 2.765350718821638250e-03
4.000000000000000222e-01 2.264709370745892869e+01 2.677311336936399715e-03
4.000000000000000222e-01 2.453998512181370728e+01 2.457608891192632726e-03
4.000000000000000222e-01 2.643287653616847876e+01 2.243594763887748426e-03
4.000000000000000222e-01 2.832576795052325735e+01 2.046791963770586403e-03
4.000000000000000222e-01 3.021865936487803594e+01 1.868065489187995584e-03
4.000000000000000222e-01 3.211155077923280743e+01 1.694267813634752840e-03
4.000000000000000222e-01 3.400444219358758602e+01 1.535377000394198225e-03
4.000000000000000222e-01 3.589733360794236461e+01 1.385118453276141083e-03
4.000000000000000222e-01 3.779022502229713609e+01 1.249239222742614362e-03
4.000000000000000222e-01 3.968311643665191468e+01 1.117852091283305259e-03
4.000000000000000222e-01 4.157600785100669327e+01 9.998127873909565689e-04
4.000000000000000222e-01 4.346889926536146476e+01 8.918677691755372457e-04
4.000000000000000222e-01 4.536179067971624335e+01 7.891368835708144564e-04
4.000000000000000222e-01 4.725468209407102194e+01 6.990392671242453984e-04
4.000000000000000222e-01 4.914757350842579342e+01 6.143598923882737138e-04
4.000000000000000222e-01 5.104046492278057201e+01 5.385944735417666582e-04
4.000000000000000222e-01 5.293335633713535060e+01 4.677160391468521204e-04
4.000000000000000222e-01 5.482624775149012208e+01 4.079707268655630311e-04
4.000000000000000222e-01 5.671913916584490067e+01 3.518291862176722048e-04
4.000000000000000222e-01 5.861203058019967926e+01 3.026288903718593474e-04
4.000000000000000222e-01 6.050492199455445075e+01 2.584914639892899849e-04
4.000000000000000222e-01 6.239781340890922934e+01 2.197902781197807673e-04
4.000000000000000222e-01 6.429070482326400793e+01 1.846497354759519508e-04
4.000000000000000222e-01 6.618359623761877231e+01 1.551488770074430665e-04
4.000000000000000222e-01 6.807648765197355090e+01 1.289349714872355286e-04
4.000000000000000222e-01 6.996937906632832949e+01 1.058514690354973582e-04
4.000000000000000222e-01 7.186227048068310808e+01 8.605226995810892241e-05
4.000000000000000222e-01 7.375516189503788667e+01 6.895268337138571045e-05
4.000000000000000222e-01 7.564805330939266526e+01 5.434153215383208174e-05
4.000000000000000222e-01 7.754094472374742963e+01 4.140702757488662030e-05
4.000000000000000222e-01 7.943383613810220822e+01 3.052333156753737496e-05
4.000000000000000222e-01 8.132672755245698681e+01 2.182865303137956000e-05
4.000000000000000222e-01 8.321961896681176540e+01 1.409791108037198438e-05
4.000000000000000222e-01 8.511251038116652978e+01 7.414543374270408402e-06
4.000000000000000222e-01 8.700540179552130837e+01 2.245331288941197934e-06
4.000000000000000222e-01 8.788424423790031881e+01 0.000000000000000000e+00
5.000000000000000000e-01 1.000000000000000000e+00 3.248676984301159670e-02
5.000000000000000000e-01 1.185375157717428518e+00 3.217337029254411368e-02
5.000000000000000000e-01 1.405114264533618540e+00 2.775151126443658675e-02
5.000000000000000000e-01 1.665587542932546850e+00 2.479581942821498450e-02
5.000000000000000000e-01 1.974346096395851902e+00 2.109689387606042410e-02
5.000000000000000000e-01 2.340340815404022390e+00 1.908599977087862762e-02
5.000000000000000000e-01 2.774181863172078266e+00 1.744664800792303586e-02
5.000000000000000000e-01 3.288446263594432484e+00 1.566165009821397433e-02
5.000000000000000000e-01 3.898042508353538604e+00 1.394055924139553544e-02
5.000000000000000000e-01 4.620642753128817226e+00 1.265941136153537344e-02
5.000000000000000000e-01 5.477195132245964437e+00 1.160708988993187397e-02
5.000000000000000000e-01 6.492531043735191965e+00 1.052349392274501069e-02
5.000000000000000000e-01 7.696085009952904343e+00 9.551378143766704396e-03
5.000000000000000000e-01 9.122747982479662454e+00 8.656260691780567548e-03
5.000000000000000000e-01 1.081387882854818194e+01 7.818652631048089371e-03
5.000000000000000000e-01 1.281850332192746578e+01 7.064555741935745620e-03
5.000000000000000000e-01 1.518489719717084796e+01 6.429358655554240701e-03
5.000000000000000000e-01 1.519473539693114894e+01 6.427025798935863052e-03
5.000000000000000000e-01 1.736529269214922522e+01 5.907123493691859330e-03
5.000000000000000000e-01 1.801146186761184964e+01 5.769821288647294932e-03
5.000000000000000000e-01 1.954568818712760248e+01 5.446985293680780757e-03
5.000000000000000000e-01 2.135033945204185102e+01 5.095363275205340610e-03
5.000000000000000000e-01 2.172608368210598329e+01 5.025457441866543022e-03
5.000000000000000000e-01 2.390647917708436054e+01 4.635264311104836388e-03
5.000000000000000000e-01 2.530816199528475607e+01 4.407238945987177435e-03
5.000000000000000000e-01 2.608687467206273780e+01 4.285943775902468535e-03
5.000000000000000000e-01 2.826727016704111861e+01 3.950353204716500026e-03
5.000000000000000000e-01 3.044766566201949587e+01 3.627353804195019432e-03
5.000000000000000000e-01 3.262806115699787313e+01 3.333115601718952652e-03
5.000000000000000000e-01 3.480845665197625038e+01 3.046572729102171861e-03
5.000000000000000000e-01 3.698885214695462764e+01 2.774342392054742791e-03
5.000000000000000000e-01 3.916924764193301201e+01 2.515730311559409658e-03
5.000000000000000000e-01 4.134964313691138216e+01 2.276169680133853946e-03
5.000000000000000000e-01 4.353003863188976652e+01 2.045678858747303729e-03
5.000000000000000000e-01 4.571043412686814378e+01 1.832667291648647136e-03
5.000000000000000000e-01 4.789082962184652104e+01 1.636383441868010215e-03
5.000000000000000000e-01 5.007122511682489829e+01 1.449819354340871726e-03
5.000000000000000000e-01 5.225162061180327555e+01 1.283203739128946971e-03
5.000000000000000000e-01 5.443201610678165281e+01 1.126959252934139856e-03
5.000000000000000000e-01 5.661241160176003007e+01 9.858617517891547864e-04
5.000000000000000000e-01 5.879280709673840732e+01 8.546912778758756091e-04
5.000000000000000000e-01 6.097320259171679169e+01 7.420025982301361794e-04
5.000000000000000000e-01 6.315359808669516894e+01 6.373631601250561753e-04
5.000000000000000000e-01 6.533399358167355331e+01 5.454967683101014358e-04
5.000000000000000000e-01 6.751438907665192346e+01 4.632689429708113224e-04
5.000000000000000000e-01 6.969478457163029361e+01 3.918535266764303906e-04
5.000000000000000000e-01 7.187518006660867798e+01 3.273971723188407791e-04
5.000000000000000000e-01 7.405557556158706234e+01 2.735764053948742838e-04
5.000000000000000000e-01 7.623597105656543249e+01 2.260074119559646137e-04
5.000000000000000000e-01 7.841636655154381685e+01 1.845288676993797877e-04
5.000000000000000000e-01 8.059676204652220122e+01 1.498170712073036768e-04
5.000000000000000000e-01 8.277715754150057137e+01 1.193502592859053285e-04
5.000000000000000000e-01 8.495755303647894152e+01 9.433387940463092277e-05
5.000000000000000000e-01 8.713794853145734010e+01 7.302004986742070120e-05
5.000000000000000000e-01 8.931834402643571025e+01 5.525799443977073985e-05
5.000000000000000000e-01 9.149873952141408040e+01 4.035657459208559283e-05
5.000000000000000000e-01 9.367913501639245055e+01 2.811479537488192234e-05
5.000000000000000000e-01 9.585953051137084913e+01 1.783571731271793950e-05
5.000000000000000000e-01 9.803992600634921928e+01 9.448818995325411889e-06
5.000000000000000000e-01 1.002203215013276036e+02 2.743243402878234198e-06
5.000000000000000000e-01 1.012326479811389959e+02 0.000000000000000000e+00
6.000000000000000888e-01 1.000000000000000000e+00 3.734691488649532348e-02
6.000000000000000888e-01 1.193461432779480580e+00 3.719842131567972776e-02
6.000000000000000888e-01 1.424350191532050891e+00 3.228857610185690424e-02
6.000000000000000888e-01 1.699907020365569066e+00 2.880104093365210005e-02
6.000000000000000888e-01 2.028773468117389900e+00 2.459180662352745961e-02
6.000000000000000888e-01 2.421262890044376004e+00 2.231958930960606033e-02
6.000000000000000888e-01 2.889683877888147290e+00 2.077784294297497364e-02
6.000000000000000888e-01 3.448726261184154485e+00 1.868613708276660110e-02
6.000000000000000888e-01 4.115921784937062178e+00 1.681651961149235180e-02
6.000000000000000888e-01 4.912193910659262919e+00 1.554910820267809898e-02
6.000000000000000888e-01 5.862513982706045290e+00 1.439234912964452995e-02
6.000000000000000888e-01 6.996684337490096439e+00 1.321466443887788292e-02
6.000000000000000888e-01 8.350272914126680490e+00 1.216931390048881477e-02
6.000000000000000888e-01 9.965728676193316815e+00 1.120696785221579443e-02
6.000000000000000888e-01 1.189371282458123780e+01 1.031626883988871930e-02
6.000000000000000888e-01 1.419468754869240712e+01 9.589978327732921401e-03
6.000000000000000888e-01 1.694081213971949040e+01 8.870880123658202859e-03
6.000000000000000888e-01 1.727868329220205723e+01 8.801786226353348203e-03
6.000000000000000888e-01 1.975972499569773788e+01 8.271792704255997303e-03
6.000000000000000888e-01 2.021820592871764077e+01 8.175958667297179849e-03
6.000000000000000888e-01 2.224076669919341853e+01 7.764422203669956758e-03
6.000000000000000888e-01 2.412964901591794131e+01 7.403030091341273634e-03
6.000000000000000888e-01 2.472180840268909918e+01 7.288288968338938953e-03
6.000000000000000888e-01 2.720285010618477628e+01 6.850722472929484698e-03
6.000000000000000888e-01 2.879780548700342635e+01 6.570951127396500689e-03
6.000000000000000888e-01 2.968389180968046048e+01 6.417906286369724940e-03
6.000000000000000888e-01 3.216493351317613758e+01 5.996271068731422529e-03
6.000000000000000888e-01 3.464597521667181468e+01 5.582699059379797081e-03
6.000000000000000888e-01 3.712701692016749888e+01 5.168920453710612942e-03
6.000000000000000888e-01 3.960805862366318308e+01 4.773095643305160646e-03
6.000000000000000888e-01 4.208910032715886018e+01 4.379463056790181170e-03
6.000000000000000888e-01 4.457014203065453728e+01 4.001191534320143114e-03
6.000000000000000888e-01 4.705118373415021438e+01 3.626879233547304279e-03
6.000000000000000888e-01 4.953222543764590569e+01 3.281348101770954848e-03
6.000000000000000888e-01 5.201326714114158278e+01 2.953189593248138275e-03
6.000000000000000888e-01 5.449430884463725988e+01 2.629465403045955219e-03
6.000000000000000888e-01 5.697535054813293698e+01 2.333175732776803478e-03
6.000000000000000888e-01 5.945639225162861408e+01 2.059075957104181554e-03
6.000000000000000888e-01 6.193743395512430538e+01 1.801792892249006644e-03
6.000000000000000888e-01 6.441847565861998248e+01 1.571106405083258885e-03
6.000000000000000888e-01 6.689951736211565958e+01 1.358942091682745950e-03
6.000000000000000888e-01 6.938055906561133668e+01 1.166462862932080014e-03
6.000000000000000888e-01 7.186160076910702799e+01 9.963169755336064980e-04
6.000000000000000888e-01 7.434264247260270508e+01 8.447323889698974721e-04
6.000000000000000888e-01 7.682368417609838218e+01 7.093554833028048413e-04
6.000000000000000888e-01 7.930472587959405928e+01 5.931356046416375993e-04
6.000000000000000888e-01 8.178576758308975059e+01 4.906836998655703412e-04
6.000000000000000888e-01 8.426680928658542769e+01 4.042048993492588778e-04
6.000000000000000888e-01 8.674785099008110478e+01 3.287559267670351498e-04
6.000000000000000888e-01 8.922889269357678188e+01 2.645757743239460745e-04
6.000000000000000888e-01 9.170993439707247319e+01 2.111012092704744273e-04
6.000000000000000888e-01 9.419097610056815029e+01 1.662262554212247021e-04
6.000000000000000888e-01 9.667201780406382738e+01 1.276991259049252371e-04
6.000000000000000888e-01 9.915305950755950448e+01 9.814238854533251482e-05
6.000000000000000888e-01 1.016341012110551816e+02 7.283651983621211318e-05
6.000000000000000888e-01 1.041151429145508729e+02 5.240034543099175978e-05
6.000000000000000888e-01 1.065961846180465500e+02 3.564225562379949380e-05
6.000000000000000888e-01 1.090772263215422271e+02 2.214344145977452627e-05
6.000000000000000888e-01 1.115582680250379042e+02 1.165885802265042121e-05
6.000000000000000888e-01 1.140393097285335813e+02 3.241875820405363492e-06
6.000000000000000888e-01 1.151912219480137196e+02 0.000000000000000000e+00
7.000000000000000666e-01 1.000000000000000000e+00 3.441746649022888599e-02
7.000000000000000666e-01 1.200211034619758088e+00 3.070511341578910716e-02
7.000000000000000666e-01 1.440506527623029998e+00 3.027544009773083453e-02
7.000000000000000666e-01 1.728911829894951957e+00 2.672953334785822116e-02
7.000000000000000666e-01 2.075059056124559209e+00 2.326952193130495811e-02
7.000000000000000666e-01 2.490508776648356015e+00 2.138014011832629901e-02
7.000000000000000666e-01 2.989136115550711459e+00 2.008855768039787340e-02
7.000000000000000666e-01 3.587594149864403281e+00 1.818235256931618332e-02
7.000000000000000666e-01 4.305870086404547159e+00 1.674630234793486605e-02
7.000000000000000666e-01 5.167952791341869023e+00 1.570222233113062471e-02
7.000000000000000666e-01 6.202633966562490109e+00 1.470958256441978751e-02
7.000000000000000666e-01 7.444469730375620209e+00 1.377136739085494700e-02
7.000000000000000666e-01 8.934934717289594985e+00 1.288479575216876921e-02
7.000000000000000666e-01 1.072380724129813956e+01 1.216124065953295107e-02
7.000000000000000666e-01 1.287083178414128959e+01 1.152001895974190740e-02
7.000000000000000666e-01 1.544771433206108924e+01 1.107568916828467927e-02
7.000000000000000666e-01 1.854051720099350220e+01 1.059338873787842375e-02
7.000000000000000666e-01 1.923295171270109805e+01 1.049610603294699046e-02
7.000000000000000666e-01 2.199460631760176810e+01 1.009995978867978851e-02
7.000000000000000666e-01 2.225253333218982732e+01 1.006935435844198007e-02
7.000000000000000666e-01 2.475626092250244170e+01 9.735153733749451685e-03
7.000000000000000666e-01 2.670773605353821267e+01 9.486278558605247893e-03
7.000000000000000666e-01 2.751791552740311175e+01 9.377158421669808466e-03
7.000000000000000666e-01 3.027957013230378180e+01 9.008420969810197049e-03
7.000000000000000666e-01 3.205491952116850740e+01 8.740634943105852692e-03
7.000000000000000666e-01 3.304122473720445186e+01 8.599601169102804796e-03
7.000000000000000666e-01 3.580287934210512901e+01 8.187462402904355230e-03
7.000000000000000666e-01 3.856453394700579906e+01 7.740705652186560468e-03
7.000000000000000666e-01 4.132618855190646912e+01 7.289761016240128670e-03
7.000000000000000666e-01 4.408784315680713917e+01 6.818280700325941683e-03
7.000000000000000666e-01 4.684949776170780922e+01 6.331946530623925630e-03
7.000000000000000666e-01 4.961115236660847927e+01 5.840439252048424887e-03
7.000000000000000666e-01 5.237280697150914932e+01 5.357064499364721372e-03
7.000000000000000666e-01 5.513446157640981937e+01 4.868969741172516491e-03
7.000000000000000666e-01 5.789611618131048942e+01 4.402728832123151484e-03
7.000000000000000666e-01 6.065777078621115947e+01 3.947779709285450037e-03
7.000000000000000666e-01 6.341942539111182953e+01 3.510844080029307344e-03
7.000000000000000666e-01 6.618107999601249958e+01 3.100122727981006934e-03
7.000000000000000666e-01 6.894273460091316963e+01 2.722583784923065554e-03
7.000000000000000666e-01 7.170438920581383968e+01 2.363406004513084972e-03
7.000000000000000666e-01 7.446604381071450973e+01 2.039083973487277029e-03
7.000000000000000666e-01 7.722769841561519399e+01 1.746503476948876171e-03
7.000000000000000666e-01 7.998935302051586405e+01 1.482116068598220539e-03
7.000000000000000666e-01 8.275100762541653410e+01 1.246874444131798208e-03
7.000000000000000666e-01 8.551266223031720415e+01 1.039940333452333719e-03
7.000000000000000666e-01 8.827431683521787420e+01 8.615052357514123554e-04
7.000000000000000666e-01 9.103597144011854425e+01 7.064905199409993739e-04
7.000000000000000666e-01 9.379762604501921430e+01 5.733454531851734769e-04
7.000000000000000666e-01 9.655928064991988435e+01 4.606335126146407369e-04
7.000000000000000666e-01 9.932093525482055441e+01 3.658335384974562943e-04
7.000000000000000666e-01 1.020825898597212245e+02 2.880044010854252508e-04
7.000000000000000666e-01 1.048442444646218945e+02 2.226028219768206142e-04
7.000000000000000666e-01 1.076058990695225646e+02 1.693673282980441249e-04
7.000000000000000666e-01 1.103675536744232346e+02 1.268141347094342770e-04
7.000000000000000666e-01 1.131292082793239047e+02 9.195232505110265532e-05
7.000000000000000666e-01 1.158908628842245747e+02 6.533498449530985457e-05
7.000000000000000666e-01 1.186525174891252448e+02 4.313382776266883582e-05
7.000000000000000666e-01 1.214141720940259148e+02 2.669323089966384348e-05
7.000000000000000666e-01 1.241758266989265849e+02 1.386665024788833955e-05
7.000000000000000666e-01 1.269374813038272549e+02 3.687696248487009443e-06
7.000000000000000666e-01 1.282196780846740012e+02 0.000000000000000000e+00
8.000000000000000444e-01 1.000000000000000000e+00 2.924043674030194634e-02
8.000000000000000444e-01 1.205224641898582139e+00 2.554106363987547479e-02
8.000000000000000444e-01 1.452566437439565483e+00 2.422824126011469126e-02
8.000000000000000444e-01 1.750668864396999203e+00 2.123882784927213357e-02
8.000000000000000444e-01 2.109949255175870952e+00 1.912748694375929551e-02
8.000000000000000444e-01 2.542962835493518980e+00 1.794071699151488994e-02
8.000000000000000444e-01 3.064841472769078923e+00 1.664628539745229355e-02
8.000000000000000444e-01 3.693822466494036671e+00 1.528730962140753200e-02
8.000000000000000444e-01 4.451885859417211933e+00 1.437212451194315802e-02
8.000000000000000444e-01 5.365522540689470432e+00 1.361282615105732091e-02
8.000000000000000444e-01 6.466659982701237652e+00 1.296978170824526419e-02
8.000000000000000444e-01 7.793777961930989484e+00 1.235669507171073545e-02
8.000000000000000444e-01 9.393253253205337217e+00 1.186349967309720775e-02
8.000000000000000444e-01 1.132098028835709158e+01 1.145221123355510962e-02
8.000000000000000444e-01 1.364432441397608819e+01 1.125101980528099045e-02
8.000000000000000444e-01 1.644447600578240909e+01 1.109627807404096195e-02
8.000000000000000444e-01 1.981928770527892780e+01 1.099320548620834163e-02
8.000000000000000444e-01 2.081820594009485248e+01 1.095988124352298421e-02
8.000000000000000444e-01 2.380748679303155058e+01 1.087854065389871894e-02
8.000000000000000444e-01 2.388669392727976515e+01 1.087199470516282511e-02
8.000000000000000444e-01 2.679676764596824512e+01 1.078436034254515868e-02
8.000000000000000444e-01 2.878883213464678548e+01 1.068801226624683381e-02
8.000000000000000444e-01 2.978604849890494322e+01 1.063513381811165108e-02
8.000000000000000444e-01 3.277532935184164131e+01 1.045363558575602633e-02
8.000000000000000444e-01 3.469700990015807918e+01 1.030843427449050498e-02
8.000000000000000444e-01 3.576461020477833586e+01 1.020952889438246636e-02
8.000000000000000444e-01 3.875389105771503750e+01 9.907734555427111928e-03
8.000000000000000444e-01 4.174317191065172494e+01 9.547684046787716788e-03
8.000000000000000444e-01 4.473245276358842659e+01 9.135360948700380762e-03
8.000000000000000444e-01 4.772173361652512824e+01 8.666698900878084394e-03
8.000000000000000444e-01 5.071101446946181568e+01 8.168829745198573702e-03
8.000000000000000444e-01 5.370029532239851733e+01 7.628667400458246858e-03
8.000000000000000444e-01 5.668957617533521898e+01 7.071104438524692185e-03
8.000000000000000444e-01 5.967885702827190642e+01 6.494519111609221677e-03
8.000000000000000444e-01 6.266813788120860806e+01 5.914563674336977168e-03
8.000000000000000444e-01 6.565741873414530971e+01 5.335698954960560979e-03
8.000000000000000444e-01 6.864669958708199715e+01 4.776039427866922600e-03
8.000000000000000444e-01 7.163598044001869880e+01 4.229606690905829414e-03
8.000000000000000444e-01 7.462526129295540045e+01 3.722279651197389627e-03
8.000000000000000444e-01 7.761454214589208789e+01 3.240348294252237259e-03
8.000000000000000444e-01 8.060382299882878954e+01 2.792079416798718197e-03
8.000000000000000444e-01 8.359310385176549119e+01 2.388275308248042576e-03
8.000000000000000444e-01 8.658238470470217862e+01 2.022003878492689699e-03
8.000000000000000444e-01 8.957166555763888027e+01 1.693742266924504018e-03
8.000000000000000444e-01 9.256094641057558192e+01 1.406705779402183916e-03
8.000000000000000444e-01 9.555022726351226936e+01 1.155917644091679526e-03
8.000000000000000444e-01 9.853950811644897101e+01 9.395475830451032948e-04
8.000000000000000444e-01 1.015287889693856727e+02 7.562835079213405757e-04
8.000000000000000444e-01 1.045180698223223601e+02 6.018484383593827435e-04
8.000000000000000444e-01 1.075073506752590617e+02 4.730428609415076625e-04
8.000000000000000444e-01 1.104966315281957634e+02 3.671338452758025959e-04
8.000000000000000444e-01 1.134859123811324508e+02 2.810251718246669760e-04
8.000000000000000444e-01 1.164751932340691525e+02 2.118917205545781568e-04
8.000000000000000444e-01 1.194644740870058541e+02 1.558678349427441653e-04
8.000000000000000444e-01 1.224537549399425416e+02 1.124268202657472635e-04
8.000000000000000444e-01 1.254430357928792432e+02 7.820172261252265390e-05
8.000000000000000444e-01 1.284323166458159449e+02 5.152658954533591068e-05
8.000000000000000444e-01 1.314215974987526181e+02 3.089409873131260779e-05
8.000000000000000444e-01 1.344108783516893197e+02 1.596980010367581712e-05
8.000000000000000444e-01 1.374001592046260214e+02 4.321976634042766719e-06
8.000000000000000444e-01 1.387880396006323451e+02 0.000000000000000000e+00
9.000000000000000222e-01 1.000000000000000000e+00 2.035716456209511402e-02
9.000000000000000222e-01 1.208304412133809347e+00 2.068672609635617901e-02
9.000000000000000222e-01 1.459999552382030608e+00 1.895807038914422427e-02
9.000000000000000222e-01 1.764123900856594540e+00 1.663274022720555301e-02
9.000000000000000222e-01 2.131598692955730012e+00 1.513726771393249584e-02
9.000000000000000222e-01 2.575620105597069998e+00 1.457469654682215683e-02
9.000000000000000222e-01 3.112133137573487751e+00 1.344951901234530366e-02
9.000000000000000222e-01 3.760404201277880443e+00 1.254459527770857875e-02
9.000000000000000222e-01 4.543712987810576642e+00 1.196307388466170095e-02
9.000000000000000222e-01 5.490188450641213969e+00 1.144360819732104760e-02
9.000000000000000222e-01 6.633818928355862177e+00 1.099322760444645594e-02
9.000000000000000222e-01 8.015672680429165808e+00 1.065070227360667698e-02
9.000000000000000222e-01 9.685372665982999507e+00 1.037709778057500573e-02
9.000000000000000222e-01 1.170287852546745633e+01 1.026157969957448846e-02
9.000000000000000222e-01 1.414063975698833353e+01 1.033762394012054629e-02
9.000000000000000222e-01 1.708619740876376625e+01 1.046528822987363196e-02
9.000000000000000222e-01 2.064532771559851909e+01 1.064292695884410875e-02
9.000000000000000222e-01 2.185254963846264431e+01 1.070992594565495226e-02
9.000000000000000222e-01 2.494584056870610311e+01 1.086961615339949831e-02
9.000000000000000222e-01 2.499035163783164037e+01 1.087340908578399157e-02
9.000000000000000222e-01 2.812815363720063289e+01 1.098043883358130850e-02
9.000000000000000222e-01 3.014216922355417339e+01 1.105973795831415377e-02
9.000000000000000222e-01 3.126595563656962895e+01 1.107881023715286302e-02
9.000000000000000222e-01 3.440375763593862501e+01 1.108095691728609722e-02
9.000000000000000222e-01 3.642091606410441784e+01 1.104255807082034531e-02
9.000000000000000222e-01 3.754155963530762108e+01 1.100595091477514151e-02
9.000000000000000222e-01 4.067936163467661004e+01 1.085421834089743236e-02
9.000000000000000222e-01 4.381716363404561321e+01 1.060868508194848583e-02
9.000000000000000222e-01 4.695496563341460217e+01 1.029046215545673798e-02
9.000000000000000222e-01 5.009276763278360534e+01 9.878001015956532072e-03
9.000000000000000222e-01 5.323056963215259429e+01 9.414006854450502476e-03
9.000000000000000222e-01 5.636837163152159746e+01 8.886059405227898084e-03
9.000000000000000222e-01 5.950617363089058642e+01 8.305983372981613766e-03
9.000000000000000222e-01 6.264397563025957538e+01 7.689875879886803704e-03
9.000000000000000222e-01 6.578177762962857855e+01 7.048333968121702105e-03
9.000000000000000222e-01 6.891957962899756751e+01 6.399688342308583119e-03
9.000000000000000222e-01 7.205738162836657068e+01 5.751862018243442294e-03
9.000000000000000222e-01 7.519518362773555964e+01 5.125104551374256266e-03
9.000000000000000222e-01 7.833298562710456281e+01 4.508463268704886347e-03
9.000000000000000222e-01 8.147078762647355177e+01 3.935236388378083108e-03
9.000000000000000222e-01 8.460858962584255494e+01 3.397135761638340849e-03
9.000000000000000222e-01 8.774639162521154390e+01 2.901559067358149176e-03
9.000000000000000222e-01 9.088419362458054707e+01 2.455814246397658093e-03
9.000000000000000222e-01 9.402199562394953603e+01 2.050857384692239983e-03
9.000000000000000222e-01 9.715979762331852498e+01 1.700849638297912076e-03
9.000000000000000222e-01 1.002975996226875282e+02 1.391618644275410864e-03
9.000000000000000222e-01 1.034354016220565171e+02 1.127000001343824104e-03
9.000000000000000222e-01 1.065732036214255203e+02 9.028255605951490811e-04
9.000000000000000222e-01 1.097110056207945092e+02 7.130820554876832152e-04
9.000000000000000222e-01 1.128488076201635124e+02 5.563566127567224620e-04
9.000000000000000222e-01 1.159866096195325014e+02 4.298430207695594233e-04
9.000000000000000222e-01 1.191244116189015045e+02 3.255134765048270091e-04
9.000000000000000222e-01 1.222622136182704935e+02 2.443980050527282556e-04
9.000000000000000222e-01 1.254000156176394825e+02 1.770484842982378141e-04
9.000000000000000222e-01 1.285378176170084714e+02 1.263438137705078272e-04
9.000000000000000222e-01 1.316756196163774746e+02 8.713745870165415046e-05
9.000000000000000222e-01 1.348134216157464778e+02 5.651939443494826396e-05
9.000000000000000222e-01 1.379512236151154525e+02 3.418493562772570991e-05
9.000000000000000222e-01 1.410890256144844557e+02 1.693201443230786735e-05
9.000000000000000222e-01 1.442268276138534588e+02 4.729035992696904053e-06
9.000000000000000222e-01 1.456836642564176429e+02 0.000000000000000000e+00
1.000000000000000000e+00 1.000000000000000000e+00 1.896943950803488613e-02
1.000000000000000000e+00 1.209335453160411689e+00 1.881113174907847116e-02
1.000000000000000000e+00 1.462492238270698408e+00 1.699005535743122047e-02
1.000000000000000000e+00 1.768643713712680032e+00 1.694988847343642177e-02
1.000000000000000000e+00 2.138883547002037311e+00 1.394535285345469000e-02
1.000000000000000000e+00 2.586627703571057868e+00 1.326099582527116155e-02
1.000000000000000000e+00 3.128100586055380106e+00 1.212904955130622749e-02
1.000000000000000000e+00 3.782922939768633697e+00 1.132837698249944229e-02
1.000000000000000000e+00 4.574822827636016775e+00 1.107400850747482408e-02
1.000000000000000000e+00 5.532495437387798809e+00 1.060211398890514856e-02
1.000000000000000000e+00 6.690642876881284451e+00 1.025884756840727760e-02
1.000000000000000000e+00 8.091231635447709181e+00 9.957643257066025114e-03
1.000000000000000000e+00 9.785013276480013289e+00 9.798960964324570505e-03
1.000000000000000000e+00 1.183336346489260116e+01 9.772598906740226701e-03
1.000000000000000000e+00 1.431050596822776022e+01 9.860692213202411349e-03
1.000000000000000000e+00 1.730620222004149511e+01 1.007502500464511029e-02
1.000000000000000000e+00 2.092900390425960211e+01 1.036830601212482619e-02
1.000000000000000000e+00 2.220957071372211900e+01 1.050614022967465491e-02
1.000000000000000000e+00 2.531018642075381209e+01 1.068187647619799757e-02
1.000000000000000000e+00 2.539863727774375590e+01 1.069842068378125746e-02
1.000000000000000000e+00 2.858770384176539636e+01 1.099175863066929014e-02
1.000000000000000000e+00 3.060850576471680640e+01 1.109836867374094926e-02
1.000000000000000000e+00 3.177677040578703327e+01 1.111533062785886698e-02
1.000000000000000000e+00 3.496583696980867018e+01 1.120143367898584000e-02
1.000000000000000000e+00 3.701595118953687091e+01 1.123702470549536349e-02
1.000000000000000000e+00 3.815490353383030708e+01 1.123432466333022101e-02
1.000000000000000000e+00 4.134397009785195110e+01 1.110959613965986983e-02
1.000000000000000000e+00 4.453303666187358090e+01 1.095308748329092662e-02
1.000000000000000000e+00 4.772210322589522491e+01 1.065504355926474335e-02
1.000000000000000000e+00 5.091116978991685471e+01 1.028657604498728687e-02
1.000000000000000000e+00 5.410023635393849872e+01 9.858756485359550931e-03
1.000000000000000000e+00 5.728930291796012853e+01 9.307814180415674779e-03
1.000000000000000000e+00 6.047836948198177254e+01 8.752172741061610417e-03
1.000000000000000000e+00 6.366743604600341655e+01 8.111518399854305769e-03
1.000000000000000000e+00 6.685650261002504635e+01 7.459343611838375326e-03
1.000000000000000000e+00 7.004556917404669036e+01 6.807925717717108229e-03
1.000000000000000000e+00 7.323463573806832017e+01 6.110662670260559072e-03
1.000000000000000000e+00 7.642370230208996418e+01 5.468849875597339878e-03
1.000000000000000000e+00 7.961276886611159398e+01 4.817998142710971932e-03
1.000000000000000000e+00 8.280183543013323799e+01 4.190781232993095497e-03
1.000000000000000000e+00 8.599090199415486779e+01 3.638439161621560575e-03
1.000000000000000000e+00 8.917996855817651181e+01 3.093916338975195943e-03
1.000000000000000000e+00 9.236903512219814161e+01 2.627639259020033910e-03
1.000000000000000000e+00 9.555810168621978562e+01 2.199978900328447215e-03
1.000000000000000000e+00 9.874716825024142963e+01 1.805169870831095083e-03
1.000000000000000000e+00 1.019362348142630594e+02 1.488584236898813111e-03
1.000000000000000000e+00 1.051253013782847034e+02 1.196761406699533821e-03
1.000000000000000000e+00 1.083143679423063332e+02 9.569901602774025804e-04
1.000000000000000000e+00 1.115034345063279773e+02 7.651708671151622463e-04
1.000000000000000000e+00 1.146925010703496071e+02 5.904954205363056657e-04
1.000000000000000000e+00 1.178815676343712511e+02 4.548133673402415963e-04
1.000000000000000000e+00 1.210706341983928809e+02 3.383676173926394620e-04
1.000000000000000000e+00 1.242597007624145249e+02 2.488897090692929409e-04
1.000000000000000000e+00 1.274487673264361689e+02 1.828873621217634690e-04
1.000000000000000000e+00 1.306378338904578129e+02 1.253355193517575279e-04
1.000000000000000000e+00 1.338269004544794427e+02 8.858529565397980682e-05
1.000000000000000000e+00 1.370159670185010725e+02 5.619825167972552864e-05
1.000000000000000000e+00 1.402050335825227307e+02 3.447522826526715271e-05
1.000000000000000000e+00 1.433941001465443605e+02 1.620534063610257157e-05
1.000000000000000000e+00 1.465831667105659903e+02 5.195464578645678499e-06
1.000000000000000000e+00 1.480638047581474552e+02 0.000000000000000000e+00
