# mx [GeV]: 1000.0
# sigma_p [cm^2]: 1e-29
# depth [m]: 0.3
# loc: MPI
# Columns: gamma/pi, v [km/s], f(v, gamma) [s/km]
0.000000000000000000e+00 1.000000000000000000e+00 3.312826608394341035e-03
0.000000000000000000e+00 1.218459520193876378e+00 3.243325252724510183e-03
0.000000000000000000e+00 1.484643602351091385e+00 2.888272745128012565e-03
0.000000000000000000e+00 1.808978131379618715e+00 2.458749396090840773e-03
0.000000000000000000e+00 2.204166626002025620e+00 1.898190052091612611e-03
0.000000000000000000e+00 2.685687809545783455e+00 1.910251361773333692e-03
0.000000000000000000e+00 3.272401879809697434e+00 1.723231703383556242e-03
0.000000000000000000e+00 3.987289224354463091e+00 1.532743204488723737e-03
0.000000000000000000e+00 4.858350515181152574e+00 1.334875157500118974e-03
0.000000000000000000e+00 5.919703437661299361e+00 1.231055510570045657e-03
0.000000000000000000e+00 7.212919010342828230e+00 1.133948337268962398e-03
0.000000000000000000e+00 8.788649836539610405e+00 9.908716359233592664e-04
0.000000000000000000e+00 1.070861406298204166e+01 9.449850430358057874e-04
0.000000000000000000e+00 1.304801275312249587e+01 9.519038048310852779e-04
0.000000000000000000e+00 1.589847535865321504e+01 8.005558577845752442e-04
0.000000000000000000e+00 1.937164865731876517e+01 7.603864672696957492e-04
0.000000000000000000e+00 2.360356972836097356e+01 6.887623424405781621e-04
0.000000000000000000e+00 2.561900487665938542e+01 6.763365633818645270e-04
0.000000000000000000e+00 2.875999424608141553e+01 6.505028483078770284e-04
0.000000000000000000e+00 2.929763121792329628e+01 6.453403201716506913e-04
0.000000000000000000e+00 3.297625755918721069e+01 5.945215304841099634e-04
0.000000000000000000e+00 3.504288878985900624e+01 5.813469100175278591e-04
0.000000000000000000e+00 3.665488390045112510e+01 5.707425968306053957e-04
0.000000000000000000e+00 4.033351024171503241e+01 5.419656536918339993e-04
0.000000000000000000e+00 4.269834146109897688e+01 5.530543658359799797e-04
0.000000000000000000e+00 4.401213658297894682e+01 4.986204305485530475e-04
0.000000000000000000e+00 4.769076292424286123e+01 4.729730921750859365e-04
0.000000000000000000e+00 5.136938926550676854e+01 4.455322847720544644e-04
0.000000000000000000e+00 5.504801560677068295e+01 4.136730823908391953e-04
0.000000000000000000e+00 5.872664194803459736e+01 3.810462952670453079e-04
0.000000000000000000e+00 6.240526828929850467e+01 3.556057993140757513e-04
0.000000000000000000e+00 6.608389463056242619e+01 3.266172285796738726e-04
0.000000000000000000e+00 6.976252097182633349e+01 3.029511137621319103e-04
0.000000000000000000e+00 7.344114731309024080e+01 2.796559390376861156e-04
0.000000000000000000e+00 7.711977365435416232e+01 2.527391916142176370e-04
0.000000000000000000e+00 8.079839999561806962e+01 2.327627760817696414e-04
0.000000000000000000e+00 8.447702633688197693e+01 2.134749260433315180e-04
0.000000000000000000e+00 8.815565267814589845e+01 1.904225464039485227e-04
0.000000000000000000e+00 9.183427901940980576e+01 1.740868157002523520e-04
0.000000000000000000e+00 9.551290536067372727e+01 1.547732527318718924e-04
0.000000000000000000e+00 9.919153170193763458e+01 1.413516698455253564e-04
0.000000000000000000e+00 1.028701580432015419e+02 1.263557079494862846e-04
0.000000000000000000e+00 1.065487843844654634e+02 1.152407163715068751e-04
0.000000000000000000e+00 1.102274107257293707e+02 1.014219718747881295e-04
0.000000000000000000e+00 1.139060370669932780e+02 9.214736881820893497e-05
0.000000000000000000e+00 1.175846634082571995e+02 7.981535628804342793e-05
0.000000000000000000e+00 1.212632897495211068e+02 7.249603833862328334e-05
0.000000000000000000e+00 1.249419160907850141e+02 6.304424834198811578e-05
0.000000000000000000e+00 1.286205424320489215e+02 5.719100157550550885e-05
0.000000000000000000e+00 1.322991687733128288e+02 5.054587841656693403e-05
0.000000000000000000e+00 1.359777951145767361e+02 4.287220806209157518e-05
0.000000000000000000e+00 1.396564214558406718e+02 3.689237364662835921e-05
0.000000000000000000e+00 1.433350477971045791e+02 3.223151510764032929e-05
0.000000000000000000e+00 1.470136741383684864e+02 2.696716118840412381e-05
0.000000000000000000e+00 1.506923004796323937e+02 2.283251536437156092e-05
0.000000000000000000e+00 1.543709268208963010e+02 1.977688056773847195e-05
0.000000000000000000e+00 1.580495531621602083e+02 1.544401028568540276e-05
0.000000000000000000e+00 1.617281795034241156e+02 1.139249561931900115e-05
0.000000000000000000e+00 1.654068058446880514e+02 7.023018562457412750e-06
0.000000000000000000e+00 1.690854321859519587e+02 2.454518949483693067e-06
0.000000000000000000e+00 1.707933658443959075e+02 0.000000000000000000e+00
1.000000000000000056e-01 1.000000000000000000e+00 4.118378746461325707e-03
1.000000000000000056e-01 1.223554176857072351e+00 3.608787306030326967e-03
1.000000000000000056e-01 1.497084823704388112e+00 3.261990921166694340e-03
1.000000000000000056e-01 1.831764389152837902e+00 2.775000157158474725e-03
1.000000000000000056e-01 2.241262969365998448e+00 2.335257788310353064e-03
1.000000000000000056e-01 2.742306667602852244e+00 2.095790053836618476e-03
1.000000000000000056e-01 3.355360777368469272e+00 1.915126629426308884e-03
1.000000000000000056e-01 4.105465694011583011e+00 1.668305284745739492e-03
1.000000000000000056e-01 5.023259697851292671e+00 1.468135820654788669e-03
1.000000000000000056e-01 6.146230384743745390e+00 1.361394582192404024e-03
1.000000000000000056e-01 7.520245859179060410e+00 1.207406131912616958e-03
1.000000000000000056e-01 9.201428231990641748e+00 1.084161207797774583e-03
1.000000000000000056e-01 1.125844594630273754e+01 1.042953103480611775e-03
1.000000000000000056e-01 1.377531856251829190e+01 9.492652317773871314e-04
1.000000000000000056e-01 1.685484856470601045e+01 8.715114828267061858e-04
1.000000000000000056e-01 2.062282036163947296e+01 8.182021338509665219e-04
1.000000000000000056e-01 2.523313799205706331e+01 7.595578217253607213e-04
1.000000000000000056e-01 2.773269816025780443e+01 7.264752280767835602e-04
1.000000000000000056e-01 3.087411138539230393e+01 6.955432584963388816e-04
1.000000000000000056e-01 3.171482917814097746e+01 6.870853685995667072e-04
1.000000000000000056e-01 3.569696019602415049e+01 6.505894888532788491e-04
1.000000000000000056e-01 3.777614794234725082e+01 6.271955398196204156e-04
1.000000000000000056e-01 3.967909121390731997e+01 6.060758289635567340e-04
1.000000000000000056e-01 4.366122223179048945e+01 5.718298141152962713e-04
1.000000000000000056e-01 4.622116360042966221e+01 5.494103443483867866e-04
1.000000000000000056e-01 4.764335324967366603e+01 5.349392794430937823e-04
1.000000000000000056e-01 5.162548426755683550e+01 4.995737746202003494e-04
1.000000000000000056e-01 5.560761528544000498e+01 4.612378706278433401e-04
1.000000000000000056e-01 5.958974630332318156e+01 4.285731584245224880e-04
1.000000000000000056e-01 6.357187732120635104e+01 3.961595269276638686e-04
1.000000000000000056e-01 6.755400833908953473e+01 3.634125299005680010e-04
1.000000000000000056e-01 7.153613935697269710e+01 3.333254158913455433e-04
1.000000000000000056e-01 7.551827037485585947e+01 3.041446352776144835e-04
1.000000000000000056e-01 7.950040139273903605e+01 2.773414604601131942e-04
1.000000000000000056e-01 8.348253241062221264e+01 2.520725002238789693e-04
1.000000000000000056e-01 8.746466342850538922e+01 2.285878350328764076e-04
1.000000000000000056e-01 9.144679444638856580e+01 2.058944472662042207e-04
1.000000000000000056e-01 9.542892546427174238e+01 1.864834967351867935e-04
1.000000000000000056e-01 9.941105648215489055e+01 1.673675345489150049e-04
1.000000000000000056e-01 1.033931875000380671e+02 1.497297714374962424e-04
1.000000000000000056e-01 1.073753185179212437e+02 1.344505845356932204e-04
1.000000000000000056e-01 1.113574495358044203e+02 1.199830588948152735e-04
1.000000000000000056e-01 1.153395805536875969e+02 1.065745432331754972e-04
1.000000000000000056e-01 1.193217115715707735e+02 9.487054229188338691e-05
1.000000000000000056e-01 1.233038425894539216e+02 8.411931485819687309e-05
1.000000000000000056e-01 1.272859736073370982e+02 7.423594214736970603e-05
1.000000000000000056e-01 1.312681046252202748e+02 6.523889926312081077e-05
1.000000000000000056e-01 1.352502356431034514e+02 5.716558055716822922e-05
1.000000000000000056e-01 1.392323666609866279e+02 4.988543167873281316e-05
1.000000000000000056e-01 1.432144976788698045e+02 4.304248413420180922e-05
1.000000000000000056e-01 1.471966286967529811e+02 3.719886317287972202e-05
1.000000000000000056e-01 1.511787597146361293e+02 3.156902653500633820e-05
1.000000000000000056e-01 1.551608907325193059e+02 2.653795812531196594e-05
1.000000000000000056e-01 1.591430217504024824e+02 2.196187012381941702e-05
1.000000000000000056e-01 1.631251527682856590e+02 1.773240517839310776e-05
1.000000000000000056e-01 1.671072837861688356e+02 1.379328540795135844e-05
1.000000000000000056e-01 1.710894148040519838e+02 1.020608686023407139e-05
1.000000000000000056e-01 1.750715458219351603e+02 6.855143441784524617e-06
1.000000000000000056e-01 1.790536768398183369e+02 3.817624681915789730e-06
1.000000000000000056e-01 1.830358078577015135e+02 1.126437305771381720e-06
1.000000000000000056e-01 1.848846544017187057e+02 0.000000000000000000e+00
2.000000000000000111e-01 1.000000000000000000e+00 5.666515501386871698e-03
2.000000000000000111e-01 1.234250845911721184e+00 5.078931054595848746e-03
2.000000000000000111e-01 1.523375150633799135e+00 4.492530497570250414e-03
2.000000000000000111e-01 1.880227068310662109e+00 3.801956752427683960e-03
2.000000000000000111e-01 2.320671849568550105e+00 3.206040694509109355e-03
2.000000000000000111e-01 2.864291193413501357e+00 2.820510271910048328e-03
2.000000000000000111e-01 3.535253828408106980e+00 2.542457801814538947e-03
2.000000000000000111e-01 4.363390028225356154e+00 2.235190057340284610e-03
2.000000000000000111e-01 5.385517833379914521e+00 1.987568947412924909e-03
2.000000000000000111e-01 6.647079941521820245e+00 1.765601841892827260e-03
2.000000000000000111e-01 8.204164040666139357e+00 1.583089936315960943e-03
2.000000000000000111e-01 1.012599640719070493e+01 1.443021211376227997e-03
2.000000000000000111e-01 1.249801963127417714e+01 1.324830086193182080e-03
2.000000000000000111e-01 1.542569130212145190e+01 1.224698910093467794e-03
2.000000000000000111e-01 1.903917253841647295e+01 1.111634787251075977e-03
2.000000000000000111e-01 2.349911481099974608e+01 1.045307841922156001e-03
2.000000000000000111e-01 2.900380233365309124e+01 9.613321129156793743e-04
2.000000000000000111e-01 3.272024053899989582e+01 9.084419922427288026e-04
2.000000000000000111e-01 3.579796756496768495e+01 8.714430425050922850e-04
2.000000000000000111e-01 3.741853148818962183e+01 8.559136621297746498e-04
2.000000000000000111e-01 4.211682243737935494e+01 8.002814878101883111e-04
2.000000000000000111e-01 4.418367174898172323e+01 7.774299040655219348e-04
2.000000000000000111e-01 4.681511338656908094e+01 7.446630782692301902e-04
2.000000000000000111e-01 5.151340433575880695e+01 6.926496225269091877e-04
2.000000000000000111e-01 5.453373423166648593e+01 6.606968037950571027e-04
2.000000000000000111e-01 5.621169528494854006e+01 6.453296813766006912e-04
2.000000000000000111e-01 6.090998623413826607e+01 5.948986040626687635e-04
2.000000000000000111e-01 6.560827718332799918e+01 5.445947392480268582e-04
2.000000000000000111e-01 7.030656813251772519e+01 4.989079888406339810e-04
2.000000000000000111e-01 7.500485908170745120e+01 4.570265162496998609e-04
2.000000000000000111e-01 7.970315003089717720e+01 4.146892215058690261e-04
2.000000000000000111e-01 8.440144098008690321e+01 3.753004757468593488e-04
2.000000000000000111e-01 8.909973192927662922e+01 3.386613153681654223e-04
2.000000000000000111e-01 9.379802287846636943e+01 3.051232202393766211e-04
2.000000000000000111e-01 9.849631382765610965e+01 2.735229080476954682e-04
2.000000000000000111e-01 1.031946047768458357e+02 2.452479958857651621e-04
2.000000000000000111e-01 1.078928957260355617e+02 2.187206913521555030e-04
2.000000000000000111e-01 1.125911866752252877e+02 1.937198977354720811e-04
2.000000000000000111e-01 1.172894776244150137e+02 1.727321775190784696e-04
2.000000000000000111e-01 1.219877685736047397e+02 1.531369190122857651e-04
2.000000000000000111e-01 1.266860595227944657e+02 1.349192754292010126e-04
2.000000000000000111e-01 1.313843504719841917e+02 1.185113815120951403e-04
2.000000000000000111e-01 1.360826414211739177e+02 1.045972150154402279e-04
2.000000000000000111e-01 1.407809323703636437e+02 9.149060868529223947e-05
2.000000000000000111e-01 1.454792233195533697e+02 7.980093493149478670e-05
2.000000000000000111e-01 1.501775142687431241e+02 6.945855660758292556e-05
2.000000000000000111e-01 1.548758052179328502e+02 6.019449175387428145e-05
2.000000000000000111e-01 1.595740961671225762e+02 5.185391578969812329e-05
2.000000000000000111e-01 1.642723871163123022e+02 4.432413032272561776e-05
2.000000000000000111e-01 1.689706780655020282e+02 3.760088132682579495e-05
2.000000000000000111e-01 1.736689690146917542e+02 3.179718998889891535e-05
2.000000000000000111e-01 1.783672599638814802e+02 2.628756228786874302e-05
2.000000000000000111e-01 1.830655509130712062e+02 2.175857866874359968e-05
2.000000000000000111e-01 1.877638418622609322e+02 1.750153894092735821e-05
2.000000000000000111e-01 1.924621328114506582e+02 1.387018918335678640e-05
2.000000000000000111e-01 1.971604237606403842e+02 1.053133054617180870e-05
2.000000000000000111e-01 2.018587147098301102e+02 7.721131783544415454e-06
2.000000000000000111e-01 2.065570056590198362e+02 5.102379209127681663e-06
2.000000000000000111e-01 2.112552966082095907e+02 2.860832143224285027e-06
2.000000000000000111e-01 2.159535875573993167e+02 8.571005418652295136e-07
2.000000000000000111e-01 2.181349369266659721e+02 0.000000000000000000e+00
3.000000000000000444e-01 1.000000000000000000e+00 8.481194253017337176e-03
3.000000000000000444e-01 1.247741806930816599e+00 7.577080075986432350e-03
3.000000000000000444e-01 1.556859616762979126e+00 6.694750472489748028e-03
3.000000000000000444e-01 1.942558831357458438e+00 5.797724878002629562e-03
3.000000000000000444e-01 2.423811866307370444e+00 4.765113044843561664e-03
3.000000000000000444e-01 3.024291397726713182e+00 4.159258693553017847e-03
3.000000000000000444e-01 3.773534813284854295e+00 3.718397487188653157e-03
3.000000000000000444e-01 4.708397146444385228e+00 3.254978739935496072e-03
3.000000000000000444e-01 5.874863963252418664e+00 2.872836930857579091e-03
3.000000000000000444e-01 7.330313376981311357e+00 2.542906313452497624e-03
3.000000000000000444e-01 9.146338458363796775e+00 2.265019860080256641e-03
3.000000000000000444e-01 1.141226887483966124e+01 2.052392034290841539e-03
3.000000000000000444e-01 1.423956498707275919e+01 1.885492415119294739e-03
3.000000000000000444e-01 1.776730054687896043e+01 1.730670309527007015e-03
3.000000000000000444e-01 2.216900368864563475e+01 1.594044207560215516e-03
3.000000000000000444e-01 2.766119272032663545e+01 1.473161956536500139e-03
3.000000000000000444e-01 3.451402658672191137e+01 1.349551296312118337e-03
3.000000000000000444e-01 4.022731629104566053e+01 1.261013859612556548e-03
3.000000000000000444e-01 4.306459389777465674e+01 1.223421680942588701e-03
3.000000000000000444e-01 4.600354632258041931e+01 1.175932598944287371e-03
3.000000000000000444e-01 5.177977635411518520e+01 1.098356085899802230e-03
3.000000000000000444e-01 5.373349420475115323e+01 1.070466354741026003e-03
3.000000000000000444e-01 5.755600638564995108e+01 1.015553169300848716e-03
3.000000000000000444e-01 6.333223641718470986e+01 9.407438480341753957e-04
3.000000000000000444e-01 6.704552715174278887e+01 8.878029293576141217e-04
3.000000000000000444e-01 6.910846644871946864e+01 8.636936264364768146e-04
3.000000000000000444e-01 7.488469648025423453e+01 7.904055144173232923e-04
3.000000000000000444e-01 8.066092651178900041e+01 7.143991442260987307e-04
3.000000000000000444e-01 8.643715654332376630e+01 6.475670470205720491e-04
3.000000000000000444e-01 9.221338657485853219e+01 5.852153639778775009e-04
3.000000000000000444e-01 9.798961660639328386e+01 5.250939157847864594e-04
3.000000000000000444e-01 1.037658466379280355e+02 4.697602049266355042e-04
3.000000000000000444e-01 1.095420766694628014e+02 4.182197097446611021e-04
3.000000000000000444e-01 1.153183067009975673e+02 3.709818390677803619e-04
3.000000000000000444e-01 1.210945367325323332e+02 3.285328899811567824e-04
3.000000000000000444e-01 1.268707667640670991e+02 2.898724351051725325e-04
3.000000000000000444e-01 1.326469967956018650e+02 2.559212349869035164e-04
3.000000000000000444e-01 1.384232268271366308e+02 2.246151028746679892e-04
3.000000000000000444e-01 1.441994568586713967e+02 1.962902683257415420e-04
3.000000000000000444e-01 1.499756868902061342e+02 1.717464971964399354e-04
3.000000000000000444e-01 1.557519169217409001e+02 1.495948756639949191e-04
3.000000000000000444e-01 1.615281469532756660e+02 1.302129055845776423e-04
3.000000000000000444e-01 1.673043769848104318e+02 1.127020061666391456e-04
3.000000000000000444e-01 1.730806070163451977e+02 9.753309490138575713e-05
3.000000000000000444e-01 1.788568370478799636e+02 8.429535153796841789e-05
3.000000000000000444e-01 1.846330670794147295e+02 7.209715703757155637e-05
3.000000000000000444e-01 1.904092971109494954e+02 6.188287428771851735e-05
3.000000000000000444e-01 1.961855271424842613e+02 5.262330784528902223e-05
3.000000000000000444e-01 2.019617571740189987e+02 4.451950874461114098e-05
3.000000000000000444e-01 2.077379872055537646e+02 3.746465798430895764e-05
3.000000000000000444e-01 2.135142172370885305e+02 3.123626269506483543e-05
3.000000000000000444e-01 2.192904472686232964e+02 2.594601508627445915e-05
3.000000000000000444e-01 2.250666773001580623e+02 2.101682666898754964e-05
3.000000000000000444e-01 2.308429073316928282e+02 1.694125908105468785e-05
3.000000000000000444e-01 2.366191373632275941e+02 1.321379142959283640e-05
3.000000000000000444e-01 2.423953673947623599e+02 1.002681570731772692e-05
3.000000000000000444e-01 2.481715974262971258e+02 7.128958279208885752e-06
3.000000000000000444e-01 2.539478274578318633e+02 4.737741566868616810e-06
3.000000000000000444e-01 2.597240574893666007e+02 2.696104834386989310e-06
3.000000000000000444e-01 2.655002875209013951e+02 7.909987442307448234e-07
3.000000000000000444e-01 2.681821086069710987e+02 0.000000000000000000e+00
4.000000000000000222e-01 1.000000000000000000e+00 1.212144188035671477e-02
4.000000000000000222e-01 1.261546056233350033e+00 1.079400383126894770e-02
4.000000000000000222e-01 1.591498451997918506e+00 9.798472076828388180e-03
4.000000000000000222e-01 2.007748595619455401e+00 8.410533416386671221e-03
4.000000000000000222e-01 2.532867322711771063e+00 6.784191689562446385e-03
4.000000000000000222e-01 3.195328781929358541e+00 5.904097175032856776e-03
4.000000000000000222e-01 4.031054423211895887e+00 5.266607719787178184e-03
4.000000000000000222e-01 5.085360810064969428e+00 4.588029560038011170e-03
4.000000000000000222e-01 6.415416874461095098e+00 4.059896656711022705e-03
4.000000000000000222e-01 8.093343857069278613e+00 3.572662592792391883e-03
4.000000000000000222e-01 1.021012602462615781e+01 3.163528413446004949e-03
4.000000000000000222e-01 1.288054422001261834e+01 2.898486795657045055e-03
4.000000000000000222e-01 1.624939976289619281e+01 2.662328713844040566e-03
4.000000000000000222e-01 2.049936618704083102e+01 2.454270723179120903e-03
4.000000000000000222e-01 2.586089456854463720e+01 2.261658127774529830e-03
4.000000000000000222e-01 3.262470955361393976e+01 2.117153136246521968e-03
4.000000000000000222e-01 4.115757367312016868e+01 1.953894464949816352e-03
4.000000000000000222e-01 4.958043644478679823e+01 1.814353340982775972e-03
4.000000000000000222e-01 5.192217475145831429e+01 1.776234284457946146e-03
4.000000000000000222e-01 5.669967860096131318e+01 1.701602472483643332e-03
4.000000000000000222e-01 6.381892075713582813e+01 1.584415701305378179e-03
4.000000000000000222e-01 6.550221478876103731e+01 1.555190720744189939e-03
4.000000000000000222e-01 7.093816291331033597e+01 1.461914986698514265e-03
4.000000000000000222e-01 7.805740506948485802e+01 1.347953674817227313e-03
4.000000000000000222e-01 8.263406074131133039e+01 1.271529933126164854e-03
4.000000000000000222e-01 8.517664722565936586e+01 1.229776029733473412e-03
4.000000000000000222e-01 9.229588938183388791e+01 1.113799905096594413e-03
4.000000000000000222e-01 9.941513153800839575e+01 1.007000130463357214e-03
4.000000000000000222e-01 1.065343736941829036e+02 9.048237915421271111e-04
4.000000000000000222e-01 1.136536158503574256e+02 8.048954277081063697e-04
4.000000000000000222e-01 1.207728580065319335e+02 7.154581038795715907e-04
4.000000000000000222e-01 1.278921001627064555e+02 6.352057416214124076e-04
4.000000000000000222e-01 1.350113423188809634e+02 5.584635920358211204e-04
4.000000000000000222e-01 1.421305844750554854e+02 4.904362023054470443e-04
4.000000000000000222e-01 1.492498266312300075e+02 4.328525939459273346e-04
4.000000000000000222e-01 1.563690687874045011e+02 3.765582293213886830e-04
4.000000000000000222e-01 1.634883109435790232e+02 3.292475285569526145e-04
4.000000000000000222e-01 1.706075530997535452e+02 2.857696622063113866e-04
4.000000000000000222e-01 1.777267952559280388e+02 2.482062170991210172e-04
4.000000000000000222e-01 1.848460374121025893e+02 2.148473354752985804e-04
4.000000000000000222e-01 1.919652795682770829e+02 1.855945480528570831e-04
4.000000000000000222e-01 1.990845217244515766e+02 1.596536676470067153e-04
4.000000000000000222e-01 2.062037638806261270e+02 1.375374378334627307e-04
4.000000000000000222e-01 2.133230060368006207e+02 1.180143668162369027e-04
4.000000000000000222e-01 2.204422481929751143e+02 1.007461773634150932e-04
4.000000000000000222e-01 2.275614903491496648e+02 8.555078443453086024e-05
4.000000000000000222e-01 2.346807325053241584e+02 7.293127268974374780e-05
4.000000000000000222e-01 2.417999746614986520e+02 6.165457669327997921e-05
4.000000000000000222e-01 2.489192168176732025e+02 5.193129480341965337e-05
4.000000000000000222e-01 2.560384589738476961e+02 4.320060782108296147e-05
4.000000000000000222e-01 2.631577011300222466e+02 3.581626903517578055e-05
4.000000000000000222e-01 2.702769432861967402e+02 2.936357684990427601e-05
4.000000000000000222e-01 2.773961854423712339e+02 2.381910310132799536e-05
4.000000000000000222e-01 2.845154275985457843e+02 1.902799309218079210e-05
4.000000000000000222e-01 2.916346697547202780e+02 1.483551438155286101e-05
4.000000000000000222e-01 2.987539119108947716e+02 1.118608634228109396e-05
4.000000000000000222e-01 3.058731540670693221e+02 7.979648962743973769e-06
4.000000000000000222e-01 3.129923962232438157e+02 5.333921806895149911e-06
4.000000000000000222e-01 3.201116383794183662e+02 2.928822711368898232e-06
4.000000000000000222e-01 3.272308805355928598e+02 8.331332298187622267e-07
4.000000000000000222e-01 3.305362429652453216e+02 0.000000000000000000e+00
5.000000000000000000e-01 1.000000000000000000e+00 1.481745219080658933e-02
5.000000000000000000e-01 1.273527749340829240e+00 1.319353940043600792e-02
5.000000000000000000e-01 1.621872928341117737e+00 1.206020524607332584e-02
5.000000000000000000e-01 2.065500180147083586e+00 1.035387235353541630e-02
5.000000000000000000e-01 2.630471795685792369e+00 8.281634214932007479e-03
5.000000000000000000e-01 3.349978825664256643e+00 7.265124604102193157e-03
5.000000000000000000e-01 4.266290994187634134e+00 6.473953879402050485e-03
5.000000000000000000e-01 5.433239967860826525e+00 5.625457300839895036e-03
5.000000000000000000e-01 6.919381867898437122e+00 5.023991257393002965e-03
5.000000000000000000e-01 8.812024817054439296e+00 4.411364025599972746e-03
5.000000000000000000e-01 1.122235813239887392e+01 3.953506323806866597e-03
5.000000000000000000e-01 1.429198449465068421e+01 3.662112837482148220e-03
5.000000000000000000e-01 1.820123884708651119e+01 3.391281232130203410e-03
5.000000000000000000e-01 2.317978274414495843e+01 3.171839241384113734e-03
5.000000000000000000e-01 2.952009654836031061e+01 2.991290706143738716e-03
5.000000000000000000e-01 3.759466211755729859e+01 2.840752620429076811e-03
5.000000000000000000e-01 4.787784543380166724e+01 2.685386931728029475e-03
5.000000000000000000e-01 5.933501902114294779e+01 2.521638813061969405e-03
5.000000000000000000e-01 6.097376473859751655e+01 2.494640486811295927e-03
5.000000000000000000e-01 6.785491918828142843e+01 2.389229882782615763e-03
5.000000000000000000e-01 7.637481935541990197e+01 2.243744059764676488e-03
5.000000000000000000e-01 7.765178137638334022e+01 2.213584829692062227e-03
5.000000000000000000e-01 8.489471952255837550e+01 2.084395826882527464e-03
5.000000000000000000e-01 9.341461968969684904e+01 1.930835015361360724e-03
5.000000000000000000e-01 9.889169836857155360e+01 1.821305229758105396e-03
5.000000000000000000e-01 1.019345198568353226e+02 1.762537792422305509e-03
5.000000000000000000e-01 1.104544200239737961e+02 1.600677713938319707e-03
5.000000000000000000e-01 1.189743201911122696e+02 1.443281378165436933e-03
5.000000000000000000e-01 1.274942203582507432e+02 1.296366220102920450e-03
5.000000000000000000e-01 1.360141205253892167e+02 1.152800344739123798e-03
5.000000000000000000e-01 1.445340206925276902e+02 1.021724643354464217e-03
5.000000000000000000e-01 1.530539208596661638e+02 9.007111485729576506e-04
5.000000000000000000e-01 1.615738210268046657e+02 7.934111198663991926e-04
5.000000000000000000e-01 1.700937211939431393e+02 6.946071262523455725e-04
5.000000000000000000e-01 1.786136213610816128e+02 6.072296893768581528e-04
5.000000000000000000e-01 1.871335215282200863e+02 5.296833898814674738e-04
5.000000000000000000e-01 1.956534216953585599e+02 4.595267285713234206e-04
5.000000000000000000e-01 2.041733218624970334e+02 3.985327329805167214e-04
5.000000000000000000e-01 2.126932220296355069e+02 3.436910984455165225e-04
5.000000000000000000e-01 2.212131221967739805e+02 2.953176806755435091e-04
5.000000000000000000e-01 2.297330223639124540e+02 2.545720456074317866e-04
5.000000000000000000e-01 2.382529225310509275e+02 2.181916457026990307e-04
5.000000000000000000e-01 2.467728226981894011e+02 1.869907905884573272e-04
5.000000000000000000e-01 2.552927228653278746e+02 1.593941552660143050e-04
5.000000000000000000e-01 2.638126230324663766e+02 1.355751977740245087e-04
5.000000000000000000e-01 2.723325231996048501e+02 1.147710204517592397e-04
5.000000000000000000e-01 2.808524233667433236e+02 9.705261709798683771e-05
5.000000000000000000e-01 2.893723235338817972e+02 8.170229625323167477e-05
5.000000000000000000e-01 2.978922237010202707e+02 6.822976750236956075e-05
5.000000000000000000e-01 3.064121238681587442e+02 5.649178989373143558e-05
5.000000000000000000e-01 3.149320240352972178e+02 4.689521854874008350e-05
5.000000000000000000e-01 3.234519242024356913e+02 3.797022971430725216e-05
5.000000000000000000e-01 3.319718243695741648e+02 3.072553830655075759e-05
5.000000000000000000e-01 3.404917245367126384e+02 2.415388084789923958e-05
5.000000000000000000e-01 3.490116247038511119e+02 1.880530877261094816e-05
5.000000000000000000e-01 3.575315248709895855e+02 1.407829326295695482e-05
5.000000000000000000e-01 3.660514250381280590e+02 1.009761852638951506e-05
5.000000000000000000e-01 3.745713252052665325e+02 6.626844671255742716e-06
5.000000000000000000e-01 3.830912253724050061e+02 3.571496169757138610e-06
5.000000000000000000e-01 3.916111255395434796e+02 1.015990042927290140e-06
5.000000000000000000e-01 3.955667934742863281e+02 0.000000000000000000e+00
6.000000000000000888e-01 1.000000000000000000e+00 1.467253670159997594e-02
6.000000000000000888e-01 1.282728396283682182e+00 1.309009053842298022e-02
6.000000000000000888e-01 1.645392138632506995e+00 1.197993900038340186e-02
6.000000000000000888e-01 2.110591219245853800e+00 1.017465378667686826e-02
6.000000000000000888e-01 2.707315289873655217e+00 8.193120869703382145e-03
6.000000000000000888e-01 3.472750200013925870e+00 7.301849141690415490e-03
6.000000000000000888e-01 4.454595294757699442e+00 6.494699611266972414e-03
6.000000000000000888e-01 5.714035878537379709e+00 5.685753673903107784e-03
6.000000000000000888e-01 7.329556078783673989e+00 5.104942578587190645e-03
6.000000000000000888e-01 9.401829714409494443e+00 4.518366555111535954e-03
6.000000000000000888e-01 1.205999395169676092e+01 4.144209419056518913e-03
6.000000000000000888e-01 1.546969670085089632e+01 3.884277278260565847e-03
6.000000000000000888e-01 1.984341924007743430e+01 3.668110432322670318e-03
6.000000000000000888e-01 2.545371733860928032e+01 3.518343605004371853e-03
6.000000000000000888e-01 3.265020602121244764e+01 3.419178128862865405e-03
6.000000000000000888e-01 4.188134640792166863e+01 3.370249896248906328e-03
6.000000000000000888e-01 5.372239231203469956e+01 3.312537741578529434e-03
6.000000000000000888e-01 6.803160569439684480e+01 3.210961277484588282e-03
6.000000000000000888e-01 6.891123813493906880e+01 3.207437799101867625e-03
6.000000000000000888e-01 7.780024651205383179e+01 3.101986588332588529e-03
6.000000000000000888e-01 8.756888732971080458e+01 2.958599812101683768e-03
6.000000000000000888e-01 8.839440197875333638e+01 2.950757123448741713e-03
6.000000000000000888e-01 9.733752814736779158e+01 2.794545941984805972e-03
6.000000000000000888e-01 1.071061689650247786e+02 2.615231918332526322e-03
6.000000000000000888e-01 1.133860094906614222e+02 2.479105700405999368e-03
6.000000000000000888e-01 1.168748097826817656e+02 2.407949008860225427e-03
6.000000000000000888e-01 1.266434506003387526e+02 2.206740615616437605e-03
6.000000000000000888e-01 1.364120914179957254e+02 2.000936442571333348e-03
6.000000000000000888e-01 1.461807322356527266e+02 1.804856504932416707e-03
6.000000000000000888e-01 1.559493730533096993e+02 1.617383664894454830e-03
6.000000000000000888e-01 1.657180138709666721e+02 1.442676233419226163e-03
6.000000000000000888e-01 1.754866546886236733e+02 1.276598076484160901e-03
6.000000000000000888e-01 1.852552955062806461e+02 1.126100640169207679e-03
6.000000000000000888e-01 1.950239363239376189e+02 9.899373745349032867e-04
6.000000000000000888e-01 2.047925771415946201e+02 8.660989661453895360e-04
6.000000000000000888e-01 2.145612179592516213e+02 7.515279489454443481e-04
6.000000000000000888e-01 2.243298587769085657e+02 6.555484012917919432e-04
6.000000000000000888e-01 2.340984995945655669e+02 5.699590692203490528e-04
6.000000000000000888e-01 2.438671404122225681e+02 4.912438620957574513e-04
6.000000000000000888e-01 2.536357812298795125e+02 4.232643025409018548e-04
6.000000000000000888e-01 2.634044220475365137e+02 3.633830017973778935e-04
6.000000000000000888e-01 2.731730628651935149e+02 3.110842430273762097e-04
6.000000000000000888e-01 2.829417036828504592e+02 2.647220764334710474e-04
6.000000000000000888e-01 2.927103445005074605e+02 2.258474888389616002e-04
6.000000000000000888e-01 3.024789853181644617e+02 1.921887016331472902e-04
6.000000000000000888e-01 3.122476261358214060e+02 1.622189129383055440e-04
6.000000000000000888e-01 3.220162669534784072e+02 1.362726520529391214e-04
6.000000000000000888e-01 3.317849077711354084e+02 1.138282367506287943e-04
6.000000000000000888e-01 3.415535485887923528e+02 9.516706127491033566e-05
6.000000000000000888e-01 3.513221894064493540e+02 7.786083461479509837e-05
6.000000000000000888e-01 3.610908302241063552e+02 6.407256607664346530e-05
6.000000000000000888e-01 3.708594710417632996e+02 5.186022029765890746e-05
6.000000000000000888e-01 3.806281118594203008e+02 4.138840029224424090e-05
6.000000000000000888e-01 3.903967526770773020e+02 3.262780815331704423e-05
6.000000000000000888e-01 4.001653934947342464e+02 2.488225856522209301e-05
6.000000000000000888e-01 4.099340343123912476e+02 1.864977165340929576e-05
6.000000000000000888e-01 4.197026751300482488e+02 1.316523550401080370e-05
6.000000000000000888e-01 4.294713159477051931e+02 8.461357545446455443e-06
6.000000000000000888e-01 4.392399567653621943e+02 4.640754057431189104e-06
6.000000000000000888e-01 4.490085975830191956e+02 1.358596185188986637e-06
6.000000000000000888e-01 4.535440379626456320e+02 0.000000000000000000e+00
7.000000000000000666e-01 1.000000000000000000e+00 1.197587728060701788e-02
7.000000000000000666e-01 1.289186261055331739e+00 1.072742309430079269e-02
7.000000000000000666e-01 1.662001215693825751e+00 9.613777080135837635e-03
7.000000000000000666e-01 2.142629133129739127e+00 8.104569669500105364e-03
7.000000000000000666e-01 2.762248040967754559e+00 6.702082741266637313e-03
7.000000000000000666e-01 3.561052224042634329e+00 6.030418861330717750e-03
7.000000000000000666e-01 4.590859602136297291e+00 5.357037919610032478e-03
7.000000000000000666e-01 5.918473125508060484e+00 4.775776246711207693e-03
7.000000000000000666e-01 7.630014239830199330e+00 4.281377826488600054e-03
7.000000000000000666e-01 9.836509529645633521e+00 3.876666679481877847e-03
7.000000000000000666e-01 1.268109294235899220e+01 3.653032604794665371e-03
7.000000000000000666e-01 1.634829079645494687e+01 3.487296952247327837e-03
7.000000000000000666e-01 2.107599188652703859e+01 3.372149876364863991e-03
7.000000000000000666e-01 2.717087917822429333e+01 3.327308878382621588e-03
7.000000000000000666e-01 3.502832413736114603e+01 3.366148702291417959e-03
7.000000000000000666e-01 4.515803422567885406e+01 3.457477402294265208e-03
7.000000000000000666e-01 5.821711730001160845e+01 3.584070835776654879e-03
7.000000000000000666e-01 7.484261494430174366e+01 3.646269443261613338e-03
7.000000000000000666e-01 7.505270778142161703e+01 3.637417603719645016e-03
7.000000000000000666e-01 8.558924683373994924e+01 3.613916699163743831e-03
7.000000000000000666e-01 9.633587872317814060e+01 3.527509977941288132e-03
7.000000000000000666e-01 9.675691972680935748e+01 3.521192946920380460e-03
7.000000000000000666e-01 1.070825106126163462e+02 3.392880534971311635e-03
7.000000000000000666e-01 1.178291425020545375e+02 3.225468079514855636e-03
7.000000000000000666e-01 1.247376915738362442e+02 3.101794716511997469e-03
7.000000000000000666e-01 1.285757743914927573e+02 3.027632816514657689e-03
7.000000000000000666e-01 1.393224062809309487e+02 2.806469101499441468e-03
7.000000000000000666e-01 1.500690381703691401e+02 2.572432342158264759e-03
7.000000000000000666e-01 1.608156700598073598e+02 2.349433194472557579e-03
7.000000000000000666e-01 1.715623019492455512e+02 2.124012339299066049e-03
7.000000000000000666e-01 1.823089338386837426e+02 1.907155843064673199e-03
7.000000000000000666e-01 1.930555657281219624e+02 1.699839733695440638e-03
7.000000000000000666e-01 2.038021976175601537e+02 1.511603618431835291e-03
7.000000000000000666e-01 2.145488295069983451e+02 1.335442989214673552e-03
7.000000000000000666e-01 2.252954613964365365e+02 1.173765560858273894e-03
7.000000000000000666e-01 2.360420932858747562e+02 1.025365644578238962e-03
7.000000000000000666e-01 2.467887251753129476e+02 8.988022464751749914e-04
7.000000000000000666e-01 2.575353570647511106e+02 7.805429193427920612e-04
7.000000000000000666e-01 2.682819889541893872e+02 6.755622324705558204e-04
7.000000000000000666e-01 2.790286208436275501e+02 5.828111381709714369e-04
7.000000000000000666e-01 2.897752527330657131e+02 5.028453651240942903e-04
7.000000000000000666e-01 3.005218846225039897e+02 4.297017167776905305e-04
7.000000000000000666e-01 3.112685165119421526e+02 3.669888706046552118e-04
7.000000000000000666e-01 3.220151484013803156e+02 3.122029345236371082e-04
7.000000000000000666e-01 3.327617802908185922e+02 2.637689465336876373e-04
7.000000000000000666e-01 3.435084121802567552e+02 2.233449480640183993e-04
7.000000000000000666e-01 3.542550440696949181e+02 1.864319324871161192e-04
7.000000000000000666e-01 3.650016759591331947e+02 1.550388884443681795e-04
7.000000000000000666e-01 3.757483078485713577e+02 1.288326386377937739e-04
7.000000000000000666e-01 3.864949397380095206e+02 1.050033894195365587e-04
7.000000000000000666e-01 3.972415716274477973e+02 8.551235079407804788e-05
7.000000000000000666e-01 4.079882035168859602e+02 6.908169974105994734e-05
7.000000000000000666e-01 4.187348354063241231e+02 5.455746399181048113e-05
7.000000000000000666e-01 4.294814672957623998e+02 4.262839729349341810e-05
7.000000000000000666e-01 4.402280991852005627e+02 3.239288962584764309e-05
7.000000000000000666e-01 4.509747310746387257e+02 2.371287034518089056e-05
7.000000000000000666e-01 4.617213629640770023e+02 1.663683417310598487e-05
7.000000000000000666e-01 4.724679948535151652e+02 1.086952733007699159e-05
7.000000000000000666e-01 4.832146267429533282e+02 5.828494474560026254e-06
7.000000000000000666e-01 4.939612586323915480e+02 1.685204536820430308e-06
7.000000000000000666e-01 4.989507662953449767e+02 0.000000000000000000e+00
8.000000000000000444e-01 1.000000000000000000e+00 8.798015115806996980e-03
8.000000000000000444e-01 1.293346618119941782e+00 7.913646947960577965e-03
8.000000000000000444e-01 1.672745474602290505e+00 7.009614915687072990e-03
8.000000000000000444e-01 2.163439702552309551e+00 5.760976540172940349e-03
8.000000000000000444e-01 2.798077422802442538e+00 4.958352959899279058e-03
8.000000000000000444e-01 3.618883972019301343e+00 4.483603711366843970e-03
8.000000000000000444e-01 4.680471346579625269e+00 3.976303394898250861e-03
8.000000000000000444e-01 6.053471787306048846e+00 3.601758913450842786e-03
8.000000000000000444e-01 7.829237263996757790e+00 3.251818016172116667e-03
8.000000000000000444e-01 1.012591753784883331e+01 3.021425068675290173e-03
8.000000000000000444e-01 1.309632120293819391e+01 2.886305374303857474e-03
8.000000000000000444e-01 1.693808273763260530e+01 2.824787837898269476e-03
8.000000000000000444e-01 2.190681202615289180e+01 2.814551323291121510e-03
8.000000000000000444e-01 2.833310124781412043e+01 2.879495553724315243e-03
8.000000000000000444e-01 3.664452067971028981e+01 3.021066332830704606e-03
8.000000000000000444e-01 4.739406689372958681e+01 3.244831536899202718e-03
8.000000000000000444e-01 6.129695613595544756e+01 3.525069240710059122e-03
8.000000000000000444e-01 7.927821091948436560e+01 3.776475058701115640e-03
8.000000000000000444e-01 7.956736113008003031e+01 3.768687679820679082e-03
8.000000000000000444e-01 9.099241811286074721e+01 3.835473381717237080e-03
8.000000000000000444e-01 1.024174750956414783e+02 3.829534725886191756e-03
8.000000000000000444e-01 1.025342059833145925e+02 3.831305808994878593e-03
8.000000000000000444e-01 1.138425320784222095e+02 3.764401340723476461e-03
8.000000000000000444e-01 1.252675890612029264e+02 3.631178650726471502e-03
8.000000000000000444e-01 1.326122685501333933e+02 3.524785031290009977e-03
8.000000000000000444e-01 1.366926460439836433e+02 3.464893483747525250e-03
8.000000000000000444e-01 1.481177030267643886e+02 3.252172882943432999e-03
8.000000000000000444e-01 1.595427600095451055e+02 3.024435565514899896e-03
8.000000000000000444e-01 1.709678169923258224e+02 2.780978359089841551e-03
8.000000000000000444e-01 1.823928739751065393e+02 2.539459673267993427e-03
8.000000000000000444e-01 1.938179309578872562e+02 2.298794135121050904e-03
8.000000000000000444e-01 2.052429879406680016e+02 2.068608470599896283e-03
8.000000000000000444e-01 2.166680449234487185e+02 1.854975042247666329e-03
8.000000000000000444e-01 2.280931019062294354e+02 1.643307406090636046e-03
8.000000000000000444e-01 2.395181588890101807e+02 1.457127154277313699e-03
8.000000000000000444e-01 2.509432158717908976e+02 1.283792113886155677e-03
8.000000000000000444e-01 2.623682728545716145e+02 1.124727807697672045e-03
8.000000000000000444e-01 2.737933298373523030e+02 9.822212972765930177e-04
8.000000000000000444e-01 2.852183868201330483e+02 8.534916767680115904e-04
8.000000000000000444e-01 2.966434438029137937e+02 7.405429378542382384e-04
8.000000000000000444e-01 3.080685007856944821e+02 6.382443809410653099e-04
8.000000000000000444e-01 3.194935577684752275e+02 5.466728346206819198e-04
8.000000000000000444e-01 3.309186147512559728e+02 4.681891635282367276e-04
8.000000000000000444e-01 3.423436717340366613e+02 3.970264811122368315e-04
8.000000000000000444e-01 3.537687287168174066e+02 3.350272386375734092e-04
8.000000000000000444e-01 3.651937856995981520e+02 2.815068936973778727e-04
8.000000000000000444e-01 3.766188426823788404e+02 2.361575021991914347e-04
8.000000000000000444e-01 3.880438996651595858e+02 1.959517465544191768e-04
8.000000000000000444e-01 3.994689566479403311e+02 1.611026117515916209e-04
8.000000000000000444e-01 4.108940136307210196e+02 1.314335005985898164e-04
8.000000000000000444e-01 4.223190706135017649e+02 1.068104669361087856e-04
8.000000000000000444e-01 4.337441275962824534e+02 8.549103202129244936e-05
8.000000000000000444e-01 4.451691845790631987e+02 6.727700500942748361e-05
8.000000000000000444e-01 4.565942415618439441e+02 5.211275020120256313e-05
8.000000000000000444e-01 4.680192985446246325e+02 3.939914674262972558e-05
8.000000000000000444e-01 4.794443555274053779e+02 2.873058445476639073e-05
8.000000000000000444e-01 4.908694125101860664e+02 2.008338279334753721e-05
8.000000000000000444e-01 5.022944694929668117e+02 1.274431531899383475e-05
8.000000000000000444e-01 5.137195264757475570e+02 6.804586761858349072e-06
8.000000000000000444e-01 5.251445834585282455e+02 1.953080832613924732e-06
8.000000000000000444e-01 5.304490742005335733e+02 0.000000000000000000e+00
9.000000000000000222e-01 1.000000000000000000e+00 6.721539670489873157e-03
9.000000000000000222e-01 1.295640428709727843e+00 5.817035792026040153e-03
9.000000000000000222e-01 1.678684120507127675e+00 5.192220058088748216e-03
9.000000000000000222e-01 2.174971013562067235e+00 4.252027036558398039e-03
9.000000000000000222e-01 2.817980376442788426e+00 3.740087299498865824e-03
9.000000000000000222e-01 3.651089303029934729e+00 3.433008415661014702e-03
9.000000000000000222e-01 4.730498909835206156e+00 3.032450756090947566e-03
9.000000000000000222e-01 6.129025635549787410e+00 2.758187549478035173e-03
9.000000000000000222e-01 7.941013402016639411e+00 2.532306609192117985e-03
9.000000000000000222e-01 1.028869800857853711e+01 2.392647862595414718e-03
9.000000000000000222e-01 1.333045309869961592e+01 2.352861706272481399e-03
9.000000000000000222e-01 1.727147396769408516e+01 2.315435865328795400e-03
9.000000000000000222e-01 2.237761993595207599e+01 2.361132792754429104e-03
9.000000000000000222e-01 2.899334908732031124e+01 2.480941186371638137e-03
9.000000000000000222e-01 3.756495524122647822e+01 2.681327639624758383e-03
9.000000000000000222e-01 4.867067471320439864e+01 2.996663660958500276e-03
9.000000000000000222e-01 6.305969385100787861e+01 3.374262088708718590e-03
9.000000000000000222e-01 8.170268877542406472e+01 3.738739311607114715e-03
9.000000000000000222e-01 8.229180375002412973e+01 3.748561437655022113e-03
9.000000000000000222e-01 9.410806275002759946e+01 3.882847738393403747e-03
9.000000000000000222e-01 1.058573067117279436e+02 3.935507567836836126e-03
9.000000000000000222e-01 1.059243217500310550e+02 3.937745327642100390e-03
9.000000000000000222e-01 1.177405807500345247e+02 3.912393265587962334e-03
9.000000000000000222e-01 1.295568397500379945e+02 3.827449215114281985e-03
9.000000000000000222e-01 1.371530062500402494e+02 3.740369288165715147e-03
9.000000000000000222e-01 1.413730987500414642e+02 3.687834876192785504e-03
9.000000000000000222e-01 1.531893577500449055e+02 3.496085014797532028e-03
9.000000000000000222e-01 1.650056167500483753e+02 3.281755514985402761e-03
9.000000000000000222e-01 1.768218757500518450e+02 3.048842875679921762e-03
9.000000000000000222e-01 1.886381347500553147e+02 2.797263307470451363e-03
9.000000000000000222e-01 2.004543937500587845e+02 2.551910594551805040e-03
9.000000000000000222e-01 2.122706527500622542e+02 2.311474500370008442e-03
9.000000000000000222e-01 2.240869117500657239e+02 2.079262075652487871e-03
9.000000000000000222e-01 2.359031707500691937e+02 1.858237953211616623e-03
9.000000000000000222e-01 2.477194297500726634e+02 1.653960239657564302e-03
9.000000000000000222e-01 2.595356887500761331e+02 1.456690308127338599e-03
9.000000000000000222e-01 2.713519477500796029e+02 1.286161575706772477e-03
9.000000000000000222e-01 2.831682067500830726e+02 1.126713577134871467e-03
9.000000000000000222e-01 2.949844657500865424e+02 9.801260967086525885e-04
9.000000000000000222e-01 3.068007247500900121e+02 8.492438020787586219e-04
9.000000000000000222e-01 3.186169837500934818e+02 7.351713675537944331e-04
9.000000000000000222e-01 3.304332427500968947e+02 6.308121375267109572e-04
9.000000000000000222e-01 3.422495017501004213e+02 5.382373316735150452e-04
9.000000000000000222e-01 3.540657607501038910e+02 4.579717455700350144e-04
9.000000000000000222e-01 3.658820197501073039e+02 3.873571006203814504e-04
9.000000000000000222e-01 3.776982787501107737e+02 3.262655203276051746e-04
9.000000000000000222e-01 3.895145377501142434e+02 2.721880112172198919e-04
9.000000000000000222e-01 4.013307967501177131e+02 2.253699676799518514e-04
9.000000000000000222e-01 4.131470557501211829e+02 1.852516827180982471e-04
9.000000000000000222e-01 4.249633147501246526e+02 1.514545918045661038e-04
9.000000000000000222e-01 4.367795737501281224e+02 1.217919165874442768e-04
9.000000000000000222e-01 4.485958327501315921e+02 9.726406318860579211e-05
9.000000000000000222e-01 4.604120917501350618e+02 7.581657622765781382e-05
9.000000000000000222e-01 4.722283507501385316e+02 5.848716706753247430e-05
9.000000000000000222e-01 4.840446097501420013e+02 4.401840415335359682e-05
9.000000000000000222e-01 4.958608687501454710e+02 3.232698977056500887e-05
9.000000000000000222e-01 5.076771277501489408e+02 2.237678940723916907e-05
9.000000000000000222e-01 5.194933867501523537e+02 1.418345497261417549e-05
9.000000000000000222e-01 5.313096457501558234e+02 7.425564787398833889e-06
9.000000000000000222e-01 5.431259047501592931e+02 2.134109452460527169e-06
9.000000000000000222e-01 5.486120250001608838e+02 0.000000000000000000e+00
1.000000000000000000e+00 1.000000000000000000e+00 6.021580630754322372e-03
1.000000000000000000e+00 1.296369985346988774e+00 5.268772309783192713e-03
1.000000000000000000e+00 1.680575138908552146e+00 4.583084917534775010e-03
1.000000000000000000e+00 2.178647168201393480e+00 3.827366981886142286e-03
1.000000000000000000e+00 2.824332797517499216e+00 3.394231191351263551e-03
1.000000000000000000e+00 3.661380267332780658e+00 3.069706292768322776e-03
1.000000000000000000e+00 4.746503483511951949e+00 2.756140944860458342e-03
1.000000000000000000e+00 6.153224651369819220e+00 2.492653377882570343e-03
1.000000000000000000e+00 7.976855751133023809e+00 2.339563445153147216e-03
1.000000000000000000e+00 1.034095637321136074e+01 2.167343440974016811e-03
1.000000000000000000e+00 1.340570546201386470e+01 2.152855103778266756e-03
1.000000000000000000e+00 1.737875419335696492e+01 2.093596580965759960e-03
1.000000000000000000e+00 2.252929531899109250e+01 2.203658485354829076e-03
1.000000000000000000e+00 2.920630224255846841e+01 2.308290132800222810e-03
1.000000000000000000e+00 3.786217361022523420e+01 2.565636471405441637e-03
1.000000000000000000e+00 4.908338544829284444e+01 2.881384582032723955e-03
1.000000000000000000e+00 6.363022767438400251e+01 3.278409526236121009e-03
1.000000000000000000e+00 8.248831731786675903e+01 3.701206054447281173e-03
1.000000000000000000e+00 8.317668920088402729e+01 3.716948686778606074e-03
1.000000000000000000e+00 9.512000867588275810e+01 3.878004420146877792e-03
1.000000000000000000e+00 1.069353787126606647e+02 3.958517540006084058e-03
1.000000000000000000e+00 1.070633281508814889e+02 3.956658388921673562e-03
1.000000000000000000e+00 1.190066476258802197e+02 3.955514928313695264e-03
1.000000000000000000e+00 1.309499671008789505e+02 3.881165592852087089e-03
1.000000000000000000e+00 1.386278153348066837e+02 3.805799951902570557e-03
1.000000000000000000e+00 1.428932865758776813e+02 3.751122201143760031e-03
1.000000000000000000e+00 1.548366060508764122e+02 3.572846071109513424e-03
1.000000000000000000e+00 1.667799255258751714e+02 3.362600406926530110e-03
1.000000000000000000e+00 1.787232450008738738e+02 3.125497406942098159e-03
1.000000000000000000e+00 1.906665644758726330e+02 2.886121827817611507e-03
1.000000000000000000e+00 2.026098839508713354e+02 2.632112389734786364e-03
1.000000000000000000e+00 2.145532034258700946e+02 2.391896452499786899e-03
1.000000000000000000e+00 2.264965229008688254e+02 2.155823127246332682e-03
1.000000000000000000e+00 2.384398423758675563e+02 1.928013363793453167e-03
1.000000000000000000e+00 2.503831618508662871e+02 1.715095713415316653e-03
1.000000000000000000e+00 2.623264813258650179e+02 1.520907811359525951e-03
1.000000000000000000e+00 2.742698008008637771e+02 1.339006963824190604e-03
1.000000000000000000e+00 2.862131202758624795e+02 1.171757975515019725e-03
1.000000000000000000e+00 2.981564397508611819e+02 1.025751701245205009e-03
1.000000000000000000e+00 3.100997592258599411e+02 8.890274947284599379e-04
1.000000000000000000e+00 3.220430787008587004e+02 7.674757594365074886e-04
1.000000000000000000e+00 3.339863981758574027e+02 6.607314287008675706e-04
1.000000000000000000e+00 3.459297176508561620e+02 5.648815570005103186e-04
1.000000000000000000e+00 3.578730371258548644e+02 4.823208146987822899e-04
1.000000000000000000e+00 3.698163566008536236e+02 4.050444172170654411e-04
1.000000000000000000e+00 3.817596760758523260e+02 3.401784134805500999e-04
1.000000000000000000e+00 3.937029955508510852e+02 2.841874408464362687e-04
1.000000000000000000e+00 4.056463150258497876e+02 2.337127369305978580e-04
1.000000000000000000e+00 4.175896345008485468e+02 1.940747910201995091e-04
1.000000000000000000e+00 4.295329539758472492e+02 1.554449434613511965e-04
1.000000000000000000e+00 4.414762734508460085e+02 1.286943468337215445e-04
1.000000000000000000e+00 4.534195929258447109e+02 9.996422420667347073e-05
1.000000000000000000e+00 4.653629124008434701e+02 7.792287715306780776e-05
1.000000000000000000e+00 4.773062318758422293e+02 6.036561635785985376e-05
1.000000000000000000e+00 4.892495513508409317e+02 4.711579670343229005e-05
1.000000000000000000e+00 5.011928708258396910e+02 3.332695393248749855e-05
1.000000000000000000e+00 5.131361903008383933e+02 2.166405625524553966e-05
1.000000000000000000e+00 5.250795097758370957e+02 1.345839945854627539e-05
1.000000000000000000e+00 5.370228292508359118e+02 7.628279709515961930e-06
1.000000000000000000e+00 5.489661487258346142e+02 2.111137573315193904e-06
1.000000000000000000e+00 5.545112613392268486e+02 0.000000000000000000e+00
