# mx [GeV]: 10000.0
# sigma_p [cm^2]: 4.46683592151e-28
# depth [m]: 0.3
# loc: MPI
# Columns: gamma/pi, v [km/s], f(v, gamma) [s/km]
0.000000000000000000e+00 1.000000000000000000e+00 6.961616867115729378e-03
0.000000000000000000e+00 1.037293883610549194e+00 6.807197575011796065e-03
0.000000000000000000e+00 1.075978600975855626e+00 6.641955934255820877e-03
0.000000000000000000e+00 1.116106021688090921e+00 8.315971226842711408e-03
0.000000000000000000e+00 1.157729949757959620e+00 5.913412090167858258e-03
0.000000000000000000e+00 1.200906195756680006e+00 5.793221047694422504e-03
0.000000000000000000e+00 1.203055810851636709e+00 5.787096233760466966e-03
0.000000000000000000e+00 1.245692651648417026e+00 5.661876560705927583e-03
0.000000000000000000e+00 1.292149368413509691e+00 5.520981921904838385e-03
0.000000000000000000e+00 1.340338636566567709e+00 5.371753200372149373e-03
0.000000000000000000e+00 1.375802286255974227e+00 5.080370148215758962e-03
0.000000000000000000e+00 1.390325069677403658e+00 5.044658093686804450e-03
0.000000000000000000e+00 1.442175691006781335e+00 4.914955459743186594e-03
0.000000000000000000e+00 1.495960023373151815e+00 4.777233889806439121e-03
0.000000000000000000e+00 1.548548761660311968e+00 4.641627534920543356e-03
0.000000000000000000e+00 1.551750182370864595e+00 4.633280804267340264e-03
0.000000000000000000e+00 1.609620973064852079e+00 4.484147450026875099e-03
0.000000000000000000e+00 1.669649990291431685e+00 4.075127883701338237e-03
0.000000000000000000e+00 1.721295237064649486e+00 3.985375118978665664e-03
0.000000000000000000e+00 1.731917722699715112e+00 3.966519554572513727e-03
0.000000000000000000e+00 1.796507660673125839e+00 3.850208779750667609e-03
0.000000000000000000e+00 1.863506408275729331e+00 3.727224396301707498e-03
0.000000000000000000e+00 1.894041712468987004e+00 3.670859663484816841e-03
0.000000000000000000e+00 1.933003799373476994e+00 3.596871689596577073e-03
0.000000000000000000e+00 2.005093018086061107e+00 3.309175410346766252e-03
0.000000000000000000e+00 2.066788187873324745e+00 3.220173901063436758e-03
0.000000000000000000e+00 2.239534663277662041e+00 2.885182761813360249e-03
0.000000000000000000e+00 2.412281138681999781e+00 2.660482588658289252e-03
0.000000000000000000e+00 2.585027614086337522e+00 2.304213803512440446e-03
0.000000000000000000e+00 2.757774089490674818e+00 2.129530030812103007e-03
0.000000000000000000e+00 2.930520564895012114e+00 1.904335624353686212e-03
0.000000000000000000e+00 3.103267040299350299e+00 1.749715059391632882e-03
0.000000000000000000e+00 3.276013515703687595e+00 1.535551687077398031e-03
0.000000000000000000e+00 3.448759991108024892e+00 1.408389605334355683e-03
0.000000000000000000e+00 3.621506466512363076e+00 1.210327218451156444e-03
0.000000000000000000e+00 3.794252941916700372e+00 1.110467050544376158e-03
0.000000000000000000e+00 3.966999417321037669e+00 9.820233889664810398e-04
0.000000000000000000e+00 4.139745892725375853e+00 8.969378750230347103e-04
0.000000000000000000e+00 4.312492368129713149e+00 7.607378013394735551e-04
0.000000000000000000e+00 4.485238843534050446e+00 6.946772687148004008e-04
0.000000000000000000e+00 4.657985318938387742e+00 5.947123418532156104e-04
0.000000000000000000e+00 4.830731794342725927e+00 5.419187552327937949e-04
0.000000000000000000e+00 5.003478269747063223e+00 4.720322879331013488e-04
0.000000000000000000e+00 5.176224745151400519e+00 4.285246978858675906e-04
0.000000000000000000e+00 5.348971220555738704e+00 3.531201373237662978e-04
0.000000000000000000e+00 5.521717695960076000e+00 3.204194834022778518e-04
0.000000000000000000e+00 5.694464171364413296e+00 2.748371970234053468e-04
0.000000000000000000e+00 5.867210646768750593e+00 2.213375212221511588e-04
0.000000000000000000e+00 6.039957122173088777e+00 2.006536982192392259e-04
0.000000000000000000e+00 6.212703597577426073e+00 1.626168199592154646e-04
0.000000000000000000e+00 6.385450072981763370e+00 1.471956712733018125e-04
0.000000000000000000e+00 6.558196548386101554e+00 1.227436415139746462e-04
0.000000000000000000e+00 6.730943023790438851e+00 9.243599319689082465e-05
0.000000000000000000e+00 6.903689499194776147e+00 7.524334062088236822e-05
0.000000000000000000e+00 7.076435974599114331e+00 6.802161626933649725e-05
0.000000000000000000e+00 7.249182450003451628e+00 4.814853993214148446e-05
0.000000000000000000e+00 7.421928925407788924e+00 3.375794789334627549e-05
0.000000000000000000e+00 7.594675400812127108e+00 2.663469799416122791e-05
0.000000000000000000e+00 7.767421876216464405e+00 1.241559429771772081e-05
0.000000000000000000e+00 7.940168351620801701e+00 3.696525897246425515e-06
0.000000000000000000e+00 8.020372072344244430e+00 0.000000000000000000e+00
1.000000000000000056e-01 1.000000000000000000e+00 8.013668354719080331e-03
1.000000000000000056e-01 1.038727223248224085e+00 7.473105579865160948e-03
1.000000000000000056e-01 1.078954244316965960e+00 7.294072174936581249e-03
1.000000000000000056e-01 1.120739146211248149e+00 7.053710846550689285e-03
1.000000000000000056e-01 1.164142261329595307e+00 6.833482045105150615e-03
1.000000000000000056e-01 1.209226258576798996e+00 6.614958929394081436e-03
1.000000000000000056e-01 1.235037129198488293e+00 6.492990856875637852e-03
1.000000000000000056e-01 1.256056233850317394e+00 6.395455423459916848e-03
1.000000000000000056e-01 1.304699804030962307e+00 6.002804210262033952e-03
1.000000000000000056e-01 1.355227204613583591e+00 5.825177259464828922e-03
1.000000000000000056e-01 1.407711391118720679e+00 5.645367332298908102e-03
1.000000000000000056e-01 1.412375793903912324e+00 5.629481264290153546e-03
1.000000000000000056e-01 1.462228144431643395e+00 5.460510866984858921e-03
1.000000000000000056e-01 1.518856180220884200e+00 5.270127648169847974e-03
1.000000000000000056e-01 1.577677262594243235e+00 4.983369333733583817e-03
1.000000000000000056e-01 1.589714458609336356e+00 4.945906924297692117e-03
1.000000000000000056e-01 1.638776322156377585e+00 4.798927472041267760e-03
1.000000000000000056e-01 1.702241578638431285e+00 4.616047781220816194e-03
1.000000000000000056e-01 1.767053123314760388e+00 4.434511673587116995e-03
1.000000000000000056e-01 1.768164668276771323e+00 4.431472786568514850e-03
1.000000000000000056e-01 1.836640776124747854e+00 4.240490264022202943e-03
1.000000000000000056e-01 1.907768773488522696e+00 3.986156471974197819e-03
1.000000000000000056e-01 1.944391788020184197e+00 3.908352653280162958e-03
1.000000000000000056e-01 1.981651360685403596e+00 3.830940385841570192e-03
1.000000000000000056e-01 2.058395215330814043e+00 3.674677269875193698e-03
1.000000000000000056e-01 2.121730452725608451e+00 3.533778825357966006e-03
1.000000000000000056e-01 2.299069117431032261e+00 3.156766108614149878e-03
1.000000000000000056e-01 2.476407782136456071e+00 2.843411607666061248e-03
1.000000000000000056e-01 2.653746446841880324e+00 2.562295730980147096e-03
1.000000000000000056e-01 2.831085111547304578e+00 2.301170485885545292e-03
1.000000000000000056e-01 3.008423776252728388e+00 2.054124209343240279e-03
1.000000000000000056e-01 3.185762440958152197e+00 1.857501085610492554e-03
1.000000000000000056e-01 3.363101105663576007e+00 1.664389251114590336e-03
1.000000000000000056e-01 3.540439770369000705e+00 1.484484070564401651e-03
1.000000000000000056e-01 3.717778435074424515e+00 1.330501140322249472e-03
1.000000000000000056e-01 3.895117099779848324e+00 1.192179401037837729e-03
1.000000000000000056e-01 4.072455764485272134e+00 1.050862997312204889e-03
1.000000000000000056e-01 4.249794429190695944e+00 9.411351522390798028e-04
1.000000000000000056e-01 4.427133093896120641e+00 8.335312589358160251e-04
1.000000000000000056e-01 4.604471758601544451e+00 7.403119407405307295e-04
1.000000000000000056e-01 4.781810423306968261e+00 6.464005873296739275e-04
1.000000000000000056e-01 4.959149088012392070e+00 5.776457807398371501e-04
1.000000000000000056e-01 5.136487752717816768e+00 4.977737788186780256e-04
1.000000000000000056e-01 5.313826417423240578e+00 4.407957172481080307e-04
1.000000000000000056e-01 5.491165082128664388e+00 3.837686604447721568e-04
1.000000000000000056e-01 5.668503746834088197e+00 3.330579183138711731e-04
1.000000000000000056e-01 5.845842411539512895e+00 2.852839432588399589e-04
1.000000000000000056e-01 6.023181076244936705e+00 2.460891198418161665e-04
1.000000000000000056e-01 6.200519740950360514e+00 2.118484320571054199e-04
1.000000000000000056e-01 6.377858405655784324e+00 1.759550847613018914e-04
1.000000000000000056e-01 6.555197070361209022e+00 1.494682314212699911e-04
1.000000000000000056e-01 6.732535735066632832e+00 1.235579676902333606e-04
1.000000000000000056e-01 6.909874399772056641e+00 1.018757172422286183e-04
1.000000000000000056e-01 7.087213064477480451e+00 8.206741113722338602e-05
1.000000000000000056e-01 7.264551729182904261e+00 6.476709418972721028e-05
1.000000000000000056e-01 7.441890393888328958e+00 4.931189149796366981e-05
1.000000000000000056e-01 7.619229058593752768e+00 3.498857643050261849e-05
1.000000000000000056e-01 7.796567723299176578e+00 2.320020605354746965e-05
1.000000000000000056e-01 7.973906388004600387e+00 1.355427730718075930e-05
1.000000000000000056e-01 8.151245052710024197e+00 4.491507776069038633e-06
1.000000000000000056e-01 8.233580861323256173e+00 0.000000000000000000e+00
2.000000000000000111e-01 1.000000000000000000e+00 1.102375170879302431e-02
2.000000000000000111e-01 1.042998127386143725e+00 1.055316889903832808e-02
2.000000000000000111e-01 1.087845093731002688e+00 1.013714772570352765e-02
2.000000000000000111e-01 1.134620395647639945e+00 9.728478799270350030e-03
2.000000000000000111e-01 1.183406947954614097e+00 9.324132756323303198e-03
2.000000000000000111e-01 1.234291230652414084e+00 8.738782628135471214e-03
2.000000000000000111e-01 1.287363442219606968e+00 8.443050109585620647e-03
2.000000000000000111e-01 1.335175318227815877e+00 8.182144019062758886e-03
2.000000000000000111e-01 1.342717659500430205e+00 8.140991007406523511e-03
2.000000000000000111e-01 1.400452004467254596e+00 7.834533474332473768e-03
2.000000000000000111e-01 1.460668818153517901e+00 7.504403007215283694e-03
2.000000000000000111e-01 1.523474842065451140e+00 7.040027208020543416e-03
2.000000000000000111e-01 1.526892799819502322e+00 7.026304787878260606e-03
2.000000000000000111e-01 1.588981407394166823e+00 6.778250778972168440e-03
2.000000000000000111e-01 1.657304632363515218e+00 6.511422243770164861e-03
2.000000000000000111e-01 1.718610281411188545e+00 6.277475776975108626e-03
2.000000000000000111e-01 1.728565628063527759e+00 6.239866344456332543e-03
2.000000000000000111e-01 1.802890713134313261e+00 5.944501292497886627e-03
2.000000000000000111e-01 1.880411637680958092e+00 5.639100923926497998e-03
2.000000000000000111e-01 1.910327763002874990e+00 5.543704983881811085e-03
2.000000000000000111e-01 1.961265816816351037e+00 5.383963636404840575e-03
2.000000000000000111e-01 2.045596574245910126e+00 5.115782655949163184e-03
2.000000000000000111e-01 2.102045244594561435e+00 4.943627922732060816e-03
2.000000000000000111e-01 2.133553396325995166e+00 4.848760688644497031e-03
2.000000000000000111e-01 2.225292197046359721e+00 4.556045411603093509e-03
2.000000000000000111e-01 2.293762726186248102e+00 4.391991125398242608e-03
2.000000000000000111e-01 2.485480207777934325e+00 3.947576722380191638e-03
2.000000000000000111e-01 2.677197689369620548e+00 3.514448814890087577e-03
2.000000000000000111e-01 2.868915170961306771e+00 3.172166852528378322e-03
2.000000000000000111e-01 3.060632652552993438e+00 2.837818843555454419e-03
2.000000000000000111e-01 3.252350134144680105e+00 2.548429404621794896e-03
2.000000000000000111e-01 3.444067615736366328e+00 2.261232126050320961e-03
2.000000000000000111e-01 3.635785097328052551e+00 2.033154639153537946e-03
2.000000000000000111e-01 3.827502578919738774e+00 1.814560148585154381e-03
2.000000000000000111e-01 4.019220060511424997e+00 1.617645539631302988e-03
2.000000000000000111e-01 4.210937542103112108e+00 1.435197398027876969e-03
2.000000000000000111e-01 4.402655023694798331e+00 1.278496510867452134e-03
2.000000000000000111e-01 4.594372505286484554e+00 1.120184681265883097e-03
2.000000000000000111e-01 4.786089986878170777e+00 9.981651937166419793e-04
2.000000000000000111e-01 4.977807468469857000e+00 8.836934575317869365e-04
2.000000000000000111e-01 5.169524950061544111e+00 7.754761571802234674e-04
2.000000000000000111e-01 5.361242431653230334e+00 6.792824744426713673e-04
2.000000000000000111e-01 5.552959913244916557e+00 5.926909615483277145e-04
2.000000000000000111e-01 5.744677394836602780e+00 5.180620227924702913e-04
2.000000000000000111e-01 5.936394876428289002e+00 4.474578478603347923e-04
2.000000000000000111e-01 6.128112358019976114e+00 3.878275755530597325e-04
2.000000000000000111e-01 6.319829839611662337e+00 3.340289837655926368e-04
2.000000000000000111e-01 6.511547321203348559e+00 2.857503723219111287e-04
2.000000000000000111e-01 6.703264802795034782e+00 2.414338895359197947e-04
2.000000000000000111e-01 6.894982284386721005e+00 2.036540927858522965e-04
2.000000000000000111e-01 7.086699765978408116e+00 1.725794051927648817e-04
2.000000000000000111e-01 7.278417247570094339e+00 1.402202833019230543e-04
2.000000000000000111e-01 7.470134729161780562e+00 1.172254900815338841e-04
2.000000000000000111e-01 7.661852210753466785e+00 9.308792252539237926e-05
2.000000000000000111e-01 7.853569692345153008e+00 7.365162586248925186e-05
2.000000000000000111e-01 8.045287173936840119e+00 5.422513748495623020e-05
2.000000000000000111e-01 8.237004655528526342e+00 4.002703435283501090e-05
2.000000000000000111e-01 8.428722137120212565e+00 2.589391810860741029e-05
2.000000000000000111e-01 8.620439618711898788e+00 1.451586448826952603e-05
2.000000000000000111e-01 8.812157100303585011e+00 4.657918559330529193e-06
2.000000000000000111e-01 8.901168788185438885e+00 0.000000000000000000e+00
3.000000000000000444e-01 1.000000000000000000e+00 1.802927980576260816e-02
3.000000000000000444e-01 1.049902889398356409e+00 1.721199294723232617e-02
3.000000000000000444e-01 1.102296077167017385e+00 1.617388702313190749e-02
3.000000000000000444e-01 1.157303836390125351e+00 1.549974506245339542e-02
3.000000000000000444e-01 1.215056641737795262e+00 1.480532364612420146e-02
3.000000000000000444e-01 1.275691478943175028e+00 1.411534012653978959e-02
3.000000000000000444e-01 1.339352169723301955e+00 1.343624691648262134e-02
3.000000000000000444e-01 1.406189712914452716e+00 1.249564365998165685e-02
3.000000000000000444e-01 1.476362642631129152e+00 1.197306772797579119e-02
3.000000000000000444e-01 1.513508059787307625e+00 1.170396855127769746e-02
3.000000000000000444e-01 1.550037404298215682e+00 1.144381530185477509e-02
3.000000000000000444e-01 1.627388749448225091e+00 1.091379462966441706e-02
3.000000000000000444e-01 1.708600150220069391e+00 1.038118406809470685e-02
3.000000000000000444e-01 1.730832294013177508e+00 1.024078137774599856e-02
3.000000000000000444e-01 1.793864234542516645e+00 9.701896452393036011e-03
3.000000000000000444e-01 1.883383243034559174e+00 9.245192378522119198e-03
3.000000000000000444e-01 1.948156528239047169e+00 8.924620496711338155e-03
3.000000000000000444e-01 1.977369508706430912e+00 8.782859785814544143e-03
3.000000000000000444e-01 2.076045960599090190e+00 8.305614109898539280e-03
3.000000000000000444e-01 2.165480762464917053e+00 7.861293987998169489e-03
3.000000000000000444e-01 2.179646652556771258e+00 7.803995533929995038e-03
3.000000000000000444e-01 2.288417318386809729e+00 7.374515414501288217e-03
3.000000000000000444e-01 2.382804996690786936e+00 6.997861162351326145e-03
3.000000000000000444e-01 2.402615954723549940e+00 6.922800332099524750e-03
3.000000000000000444e-01 2.522513432978846115e+00 6.481743474864236354e-03
3.000000000000000444e-01 2.600129230916656820e+00 6.170718140295933241e-03
3.000000000000000444e-01 2.817453465142526703e+00 5.543405732738294033e-03
3.000000000000000444e-01 3.034777699368396142e+00 4.948324709462473617e-03
3.000000000000000444e-01 3.252101933594266470e+00 4.411020364222330119e-03
3.000000000000000444e-01 3.469426167820135909e+00 3.923987157553707368e-03
3.000000000000000444e-01 3.686750402046006236e+00 3.513747421801034429e-03
3.000000000000000444e-01 3.904074636271875676e+00 3.126707179222948819e-03
3.000000000000000444e-01 4.121398870497745115e+00 2.771345813882894384e-03
3.000000000000000444e-01 4.338723104723615442e+00 2.470095277055460014e-03
3.000000000000000444e-01 4.556047338949484882e+00 2.185789241061495032e-03
3.000000000000000444e-01 4.773371573175355209e+00 1.936553204387608329e-03
3.000000000000000444e-01 4.990695807401224648e+00 1.704840117548842623e-03
3.000000000000000444e-01 5.208020041627094976e+00 1.505786093678140175e-03
3.000000000000000444e-01 5.425344275852964415e+00 1.307524489897026387e-03
3.000000000000000444e-01 5.642668510078833854e+00 1.153790701390931686e-03
3.000000000000000444e-01 5.859992744304704182e+00 1.012380320049051288e-03
3.000000000000000444e-01 6.077316978530573621e+00 8.799614819009226631e-04
3.000000000000000444e-01 6.294641212756443949e+00 7.671898828023422309e-04
3.000000000000000444e-01 6.511965446982313388e+00 6.568882218399593829e-04
3.000000000000000444e-01 6.729289681208182827e+00 5.699023582447323337e-04
3.000000000000000444e-01 6.946613915434053155e+00 4.860920425458706696e-04
3.000000000000000444e-01 7.163938149659922594e+00 4.171316002563253862e-04
3.000000000000000444e-01 7.381262383885792921e+00 3.543328095966216305e-04
3.000000000000000444e-01 7.598586618111662361e+00 3.004213909327530093e-04
3.000000000000000444e-01 7.815910852337532688e+00 2.488534470628190535e-04
3.000000000000000444e-01 8.033235086563403016e+00 2.086921692087597292e-04
3.000000000000000444e-01 8.250559320789273343e+00 1.719371256054935801e-04
3.000000000000000444e-01 8.467883555015141894e+00 1.372065284435347674e-04
3.000000000000000444e-01 8.685207789241012222e+00 1.110883210690679837e-04
3.000000000000000444e-01 8.902532023466882549e+00 8.607545241031323727e-05
3.000000000000000444e-01 9.119856257692751100e+00 6.539295864131913143e-05
3.000000000000000444e-01 9.337180491918621428e+00 4.573867813689172154e-05
3.000000000000000444e-01 9.554504726144491755e+00 3.085673874071911407e-05
3.000000000000000444e-01 9.771828960370360306e+00 1.703439185829101068e-05
3.000000000000000444e-01 9.989153194596230634e+00 5.574320792837425235e-06
3.000000000000000444e-01 1.009005373191538446e+01 0.000000000000000000e+00
4.000000000000000222e-01 1.000000000000000000e+00 3.294181219053517184e-02
4.000000000000000222e-01 1.058983396118449827e+00 3.049534249963530008e-02
4.000000000000000222e-01 1.121445833254565594e+00 2.901810834572247227e-02
4.000000000000000222e-01 1.187592517062804776e+00 2.753335338972495022e-02
4.000000000000000222e-01 1.257640756924027103e+00 2.603376906574442554e-02
4.000000000000000222e-01 1.331820679864383905e+00 2.443138345975232051e-02
4.000000000000000222e-01 1.410375986583568109e+00 2.314108801859965717e-02
4.000000000000000222e-01 1.493564752076176338e+00 2.186137195667474040e-02
4.000000000000000222e-01 1.581660273476439560e+00 2.060108596481918450e-02
4.000000000000000222e-01 1.674951967911716189e+00 1.919999251238458868e-02
4.000000000000000222e-01 1.773746323314429940e+00 1.821551447672279181e-02
4.000000000000000222e-01 1.782563936887005429e+00 1.812868096181131580e-02
4.000000000000000222e-01 1.878367905316129072e+00 1.720017516869705790e-02
4.000000000000000222e-01 1.989160423531573185e+00 1.619742624360609451e-02
4.000000000000000222e-01 2.038521835516934555e+00 1.577149206334844955e-02
4.000000000000000222e-01 2.106487860735879014e+00 1.507282252932468786e-02
4.000000000000000222e-01 2.230735668644369785e+00 1.419877187166629015e-02
4.000000000000000222e-01 2.294479734146863237e+00 1.376727967978613396e-02
4.000000000000000222e-01 2.362312034223575719e+00 1.332141952884632538e-02
4.000000000000000222e-01 2.501649220693565656e+00 1.242678862066163431e-02
4.000000000000000222e-01 2.550437632776792363e+00 1.210159441074379512e-02
4.000000000000000222e-01 2.649204987627145513e+00 1.155956684035579392e-02
4.000000000000000222e-01 2.805464094811330522e+00 1.074169741696984377e-02
4.000000000000000222e-01 2.806395531406721489e+00 1.073688240659558153e-02
4.000000000000000222e-01 2.970939894811675863e+00 9.928770662715970599e-03
4.000000000000000222e-01 3.062353430036650614e+00 9.470649217320123089e-03
4.000000000000000222e-01 3.318311328666579740e+00 8.452323643129294045e-03
4.000000000000000222e-01 3.574269227296508422e+00 7.513405977706103488e-03
4.000000000000000222e-01 3.830227125926437548e+00 6.663359169583411325e-03
4.000000000000000222e-01 4.086185024556366230e+00 5.920331195426777222e-03
4.000000000000000222e-01 4.342142923186296244e+00 5.251711740286523107e-03
4.000000000000000222e-01 4.598100821816224482e+00 4.641876804940312830e-03
4.000000000000000222e-01 4.854058720446153607e+00 4.089314046515386304e-03
4.000000000000000222e-01 5.110016619076082733e+00 3.614974192579072879e-03
4.000000000000000222e-01 5.365974517706010971e+00 3.174609980077998904e-03
4.000000000000000222e-01 5.621932416335940985e+00 2.791504347971289577e-03
4.000000000000000222e-01 5.877890314965869223e+00 2.431824991032201146e-03
4.000000000000000222e-01 6.133848213595799237e+00 2.128976372984334262e-03
4.000000000000000222e-01 6.389806112225727475e+00 1.852022029960979921e-03
4.000000000000000222e-01 6.645764010855657489e+00 1.600290480087552484e-03
4.000000000000000222e-01 6.901721909485585726e+00 1.391312833053453060e-03
4.000000000000000222e-01 7.157679808115513964e+00 1.195951005074304694e-03
4.000000000000000222e-01 7.413637706745443978e+00 1.030470220260117781e-03
4.000000000000000222e-01 7.669595605375372216e+00 8.746258867921651676e-04
4.000000000000000222e-01 7.925553504005302230e+00 7.502672018475124369e-04
4.000000000000000222e-01 8.181511402635230468e+00 6.468021392974166242e-04
4.000000000000000222e-01 8.437469301265160482e+00 5.382606895117220645e-04
4.000000000000000222e-01 8.693427199895088719e+00 4.531453873893665288e-04
4.000000000000000222e-01 8.949385098525016957e+00 3.797148588619508143e-04
4.000000000000000222e-01 9.205342997154946971e+00 3.097835440914130899e-04
4.000000000000000222e-01 9.461300895784875209e+00 2.580132164697317588e-04
4.000000000000000222e-01 9.717258794414805223e+00 2.105731114019262357e-04
4.000000000000000222e-01 9.973216693044733461e+00 1.696397097691131322e-04
4.000000000000000222e-01 1.022917459167466170e+01 1.328734017177755130e-04
4.000000000000000222e-01 1.048513249030459171e+01 1.009464313074571621e-04
4.000000000000000222e-01 1.074109038893451995e+01 7.731698377137996786e-05
4.000000000000000222e-01 1.099704828756444996e+01 5.541373586535254547e-05
4.000000000000000222e-01 1.125300618619437820e+01 3.597985101947690954e-05
4.000000000000000222e-01 1.150896408482430822e+01 2.013858043741421675e-05
4.000000000000000222e-01 1.176492198345423645e+01 6.018322119956827818e-06
4.000000000000000222e-01 1.188375957924670345e+01 0.000000000000000000e+00
5.000000000000000000e-01 1.000000000000000000e+00 5.907313945596944643e-02
5.000000000000000000e-01 1.069452897658374591e+00 5.512528497676048855e-02
5.000000000000000000e-01 1.143729500309893732e+00 5.176484159197462104e-02
5.000000000000000000e-01 1.223164828243780367e+00 4.811839684289068858e-02
5.000000000000000000e-01 1.308117169879118968e+00 4.537598768162452723e-02
5.000000000000000000e-01 1.398969697803895906e+00 4.264468040670811588e-02
5.000000000000000000e-01 1.496132197052636892e+00 3.988878558907518745e-02
5.000000000000000000e-01 1.600042913417932811e+00 3.754442176111331964e-02
5.000000000000000000e-01 1.711170530132555712e+00 3.523518289408415077e-02
5.000000000000000000e-01 1.830016281837878678e+00 3.303726567754542570e-02
5.000000000000000000e-01 1.957116215373523760e+00 3.085318681702060167e-02
5.000000000000000000e-01 2.093043607585406196e+00 2.897705936270510499e-02
5.000000000000000000e-01 2.148932723749485962e+00 2.824681056441857158e-02
5.000000000000000000e-01 2.238411551057550408e+00 2.712474079124953946e-02
5.000000000000000000e-01 2.393875719430473836e+00 2.515958386685843845e-02
5.000000000000000000e-01 2.457497422544284049e+00 2.451743107365665642e-02
5.000000000000000000e-01 2.560137324778946066e+00 2.351310893297073670e-02
5.000000000000000000e-01 2.737946280388203313e+00 2.184813198246423130e-02
5.000000000000000000e-01 2.766062121339081692e+00 2.159790652070039951e-02
5.000000000000000000e-01 2.928104583194131916e+00 2.018798330461974919e-02
5.000000000000000000e-01 3.074626820133879779e+00 1.905988477306637049e-02
5.000000000000000000e-01 3.131469931143731511e+00 1.863841351097515406e-02
5.000000000000000000e-01 3.348959591791734081e+00 1.710789112585077432e-02
5.000000000000000000e-01 3.383191518928677866e+00 1.687698504236784247e-02
5.000000000000000000e-01 3.581554539582477048e+00 1.557838061391068722e-02
5.000000000000000000e-01 3.691756217723475952e+00 1.494582200516811170e-02
5.000000000000000000e-01 4.000320916518274039e+00 1.326690289216132107e-02
5.000000000000000000e-01 4.308885615313071682e+00 1.172534295338973492e-02
5.000000000000000000e-01 4.617450314107870213e+00 1.039075522692652943e-02
5.000000000000000000e-01 4.926015012902667856e+00 9.166899019415516991e-03
5.000000000000000000e-01 5.234579711697465498e+00 8.076852430434605309e-03
5.000000000000000000e-01 5.543144410492264029e+00 7.069563577961093977e-03
5.000000000000000000e-01 5.851709109287061672e+00 6.210149649649215377e-03
5.000000000000000000e-01 6.160273808081859315e+00 5.425484581615360423e-03
5.000000000000000000e-01 6.468838506876657846e+00 4.722898412129842953e-03
5.000000000000000000e-01 6.777403205671456377e+00 4.093205928058041808e-03
5.000000000000000000e-01 7.085967904466253131e+00 3.544273952799989209e-03
5.000000000000000000e-01 7.394532603261051662e+00 3.060628365282593369e-03
5.000000000000000000e-01 7.703097302055850193e+00 2.614830295478791020e-03
5.000000000000000000e-01 8.011662000850646947e+00 2.248573061382031640e-03
5.000000000000000000e-01 8.320226699645445478e+00 1.920672244093615984e-03
5.000000000000000000e-01 8.628791398440244009e+00 1.634532397188299567e-03
5.000000000000000000e-01 8.937356097235040764e+00 1.387048892463997119e-03
5.000000000000000000e-01 9.245920796029839295e+00 1.165171195256285751e-03
5.000000000000000000e-01 9.554485494824637826e+00 9.847104642997052057e-04
5.000000000000000000e-01 9.863050193619434580e+00 8.199053950281696848e-04
5.000000000000000000e-01 1.017161489241423311e+01 6.868787527803285565e-04
5.000000000000000000e-01 1.048017959120903164e+01 5.692472710958514353e-04
5.000000000000000000e-01 1.078874429000382840e+01 4.711959947550219433e-04
5.000000000000000000e-01 1.109730898879862693e+01 3.810581337064330065e-04
5.000000000000000000e-01 1.140587368759342546e+01 3.135885863712699058e-04
5.000000000000000000e-01 1.171443838638822221e+01 2.510194494813655967e-04
5.000000000000000000e-01 1.202300308518302074e+01 2.001186992852239618e-04
5.000000000000000000e-01 1.233156778397781927e+01 1.555525328860216225e-04
5.000000000000000000e-01 1.264013248277261603e+01 1.169422380084153914e-04
5.000000000000000000e-01 1.294869718156741456e+01 8.862598142500003782e-05
5.000000000000000000e-01 1.325726188036221309e+01 6.260459548244148604e-05
5.000000000000000000e-01 1.356582657915700985e+01 4.015809140386080947e-05
5.000000000000000000e-01 1.387439127795180838e+01 2.212973950397303916e-05
5.000000000000000000e-01 1.418295597674660691e+01 6.478116712677334475e-06
5.000000000000000000e-01 1.432621815832990642e+01 0.000000000000000000e+00
6.000000000000000888e-01 1.000000000000000000e+00 9.276828752183832738e-02
6.000000000000000888e-01 1.080341628544339683e+00 8.711832730328793184e-02
6.000000000000000888e-01 1.167138034365836186e+00 8.121468157610074734e-02
6.000000000000000888e-01 1.260907804782827046e+00 7.536993994073801217e-02
6.000000000000000888e-01 1.362211191263347887e+00 7.108810772433425684e-02
6.000000000000000888e-01 1.471653456790770198e+00 6.683407394787793665e-02
6.000000000000000888e-01 1.589888492162248035e+00 6.252871015445957137e-02
6.000000000000000888e-01 1.717622722826467774e+00 5.885944965351692926e-02
6.000000000000000888e-01 1.855619329603109158e+00 5.528762828446608796e-02
6.000000000000000888e-01 2.004702808501778843e+00 5.154822170035568141e-02
6.000000000000000888e-01 2.165763896884223438e+00 4.858979985526626355e-02
6.000000000000000888e-01 2.339764895402437705e+00 4.557960910962132600e-02
6.000000000000000888e-01 2.527745417509946524e+00 4.261961083171456055e-02
6.000000000000000888e-01 2.605027779981336611e+00 4.131819926613999189e-02
6.000000000000000888e-01 2.730828600898187464e+00 3.965787381187138583e-02
6.000000000000000888e-01 2.950227817969808708e+00 3.693220005353668040e-02
6.000000000000000888e-01 2.979083050953015732e+00 3.658808676993428877e-02
6.000000000000000888e-01 3.187253925442316671e+00 3.415463341334395303e-02
6.000000000000000888e-01 3.353138321924694853e+00 3.243718455161914010e-02
6.000000000000000888e-01 3.443323096396692318e+00 3.153852876764236951e-02
6.000000000000000888e-01 3.719965281565541293e+00 2.891180791094136518e-02
6.000000000000000888e-01 3.727193592896373975e+00 2.884613989804469397e-02
6.000000000000000888e-01 4.018833350414920957e+00 2.630880993972514736e-02
6.000000000000000888e-01 4.101248863868052652e+00 2.565090146502992455e-02
6.000000000000000888e-01 4.341712966635561166e+00 2.380506535724732226e-02
6.000000000000000888e-01 4.475304134839731773e+00 2.282032999808130888e-02
6.000000000000000888e-01 4.849359405811410895e+00 2.020785204745198516e-02
6.000000000000000888e-01 5.223414676783090016e+00 1.788657469828861327e-02
6.000000000000000888e-01 5.597469947754769137e+00 1.577135661519779228e-02
6.000000000000000888e-01 5.971525218726448259e+00 1.384182287736706631e-02
6.000000000000000888e-01 6.345580489698127380e+00 1.209290840645117771e-02
6.000000000000000888e-01 6.719635760669806501e+00 1.054804049728257261e-02
6.000000000000000888e-01 7.093691031641485623e+00 9.145150215927582565e-03
6.000000000000000888e-01 7.467746302613164744e+00 7.905847242656889942e-03
6.000000000000000888e-01 7.841801573584843865e+00 6.786214346222884178e-03
6.000000000000000888e-01 8.215856844556522987e+00 5.825912291411711533e-03
6.000000000000000888e-01 8.589912115528202108e+00 4.972080939899784988e-03
6.000000000000000888e-01 8.963967386499881229e+00 4.217117012361316225e-03
6.000000000000000888e-01 9.338022657471560350e+00 3.580317730129462493e-03
6.000000000000000888e-01 9.712077928443239472e+00 3.014537959737162865e-03
6.000000000000000888e-01 1.008613319941491859e+01 2.538110565595184942e-03
6.000000000000000888e-01 1.046018847038659771e+01 2.122373276375173062e-03
6.000000000000000888e-01 1.083424374135827684e+01 1.769271359424042173e-03
6.000000000000000888e-01 1.120829901232995596e+01 1.474626880273599821e-03
6.000000000000000888e-01 1.158235428330163508e+01 1.215801132088631126e-03
6.000000000000000888e-01 1.195640955427331420e+01 1.007883901312231880e-03
6.000000000000000888e-01 1.233046482524499332e+01 8.247554518004292495e-04
6.000000000000000888e-01 1.270452009621667244e+01 6.758020216894630294e-04
6.000000000000000888e-01 1.307857536718835156e+01 5.443221687649917517e-04
6.000000000000000888e-01 1.345263063816003068e+01 4.427024074590318512e-04
6.000000000000000888e-01 1.382668590913170981e+01 3.542899168356071450e-04
6.000000000000000888e-01 1.420074118010338893e+01 2.819692845595223995e-04
6.000000000000000888e-01 1.457479645107506805e+01 2.192816726458277803e-04
6.000000000000000888e-01 1.494885172204674717e+01 1.720773902173600785e-04
6.000000000000000888e-01 1.532290699301842629e+01 1.284877902072992174e-04
6.000000000000000888e-01 1.569696226399010541e+01 9.436797234690570983e-05
6.000000000000000888e-01 1.607101753496178631e+01 6.367893981567243785e-05
6.000000000000000888e-01 1.644507280593346366e+01 4.205629673069594154e-05
6.000000000000000888e-01 1.681912807690514455e+01 2.127711731613183527e-05
6.000000000000000888e-01 1.719318334787682190e+01 6.929130154138224956e-06
6.000000000000000888e-01 1.736685186654224466e+01 0.000000000000000000e+00
7.000000000000000666e-01 1.000000000000000000e+00 1.195854675068822037e-01
7.000000000000000666e-01 1.090543064174078536e+00 1.127857040308079539e-01
7.000000000000000666e-01 1.189284174818188378e+00 1.056022614414930533e-01
7.000000000000000666e-01 1.296965608179967644e+00 9.867109710666847888e-02
7.000000000000000666e-01 1.414396848472979196e+00 9.346703330166869494e-02
7.000000000000000666e-01 1.542460673091882617e+00 8.827699359347436492e-02
7.000000000000000666e-01 1.682119788801633264e+00 8.330015493175850494e-02
7.000000000000000666e-01 1.834424068787587236e+00 7.887014912156116442e-02
7.000000000000000666e-01 2.000518444970295739e+00 7.463063881216414064e-02
7.000000000000000666e-01 2.181651514914669132e+00 7.042223961434096458e-02
7.000000000000000666e-01 2.379184928035063873e+00 6.668463782732431122e-02
7.000000000000000666e-01 2.594603621656142778e+00 6.294253469101394882e-02
7.000000000000000666e-01 2.829526983878051460e+00 5.916757825252343811e-02
7.000000000000000666e-01 3.085721027161608898e+00 5.561747434197870238e-02
7.000000000000000666e-01 3.114331441505906017e+00 5.523767190237546809e-02
7.000000000000000666e-01 3.365111664147206305e+00 5.201982986912863371e-02
7.000000000000000666e-01 3.561517494645215720e+00 4.969125923825737368e-02
7.000000000000000666e-01 3.669799185507026884e+00 4.845357843083947236e-02
7.000000000000000666e-01 4.002074048666370842e+00 4.475052218936025061e-02
7.000000000000000666e-01 4.008703547784524979e+00 4.468273645223706791e-02
7.000000000000000666e-01 4.364434096084183423e+00 4.116343673508571221e-02
7.000000000000000666e-01 4.455889600923834237e+00 4.028680465531800370e-02
7.000000000000000666e-01 4.759603332529469988e+00 3.743209383604053503e-02
7.000000000000000666e-01 4.903075654063144384e+00 3.612550182885637673e-02
7.000000000000000666e-01 5.190552402509843510e+00 3.361484427428634847e-02
7.000000000000000666e-01 5.350261707202453643e+00 3.226906101259777865e-02
7.000000000000000666e-01 5.797447760341762901e+00 2.867777547428258800e-02
7.000000000000000666e-01 6.244633813481073048e+00 2.535832560056872076e-02
7.000000000000000666e-01 6.691819866620382307e+00 2.225795056168610245e-02
7.000000000000000666e-01 7.139005919759691565e+00 1.946525808692086898e-02
7.000000000000000666e-01 7.586191972899001712e+00 1.689451112399729601e-02
7.000000000000000666e-01 8.033378026038310082e+00 1.459408093088270832e-02
7.000000000000000666e-01 8.480564079177620229e+00 1.251348893700549893e-02
7.000000000000000666e-01 8.927750132316930376e+00 1.069612644049979834e-02
7.000000000000000666e-01 9.374936185456238746e+00 9.077841337209190814e-03
7.000000000000000666e-01 9.822122238595548893e+00 7.663526675512929813e-03
7.000000000000000666e-01 1.026930829173485904e+01 6.453729700642103426e-03
7.000000000000000666e-01 1.071649434487416741e+01 5.396367940252825256e-03
7.000000000000000666e-01 1.116368039801347756e+01 4.502184871225290916e-03
7.000000000000000666e-01 1.161086645115278593e+01 3.729525071199958717e-03
7.000000000000000666e-01 1.205805250429209607e+01 3.087658179493761069e-03
7.000000000000000666e-01 1.250523855743140622e+01 2.546872081528127069e-03
7.000000000000000666e-01 1.295242461057071459e+01 2.085539580657763160e-03
7.000000000000000666e-01 1.339961066371002474e+01 1.709062715023427310e-03
7.000000000000000666e-01 1.384679671684933489e+01 1.392265894987749445e-03
7.000000000000000666e-01 1.429398276998864326e+01 1.133987094831633360e-03
7.000000000000000666e-01 1.474116882312795340e+01 9.095446392104250197e-04
7.000000000000000666e-01 1.518835487626726355e+01 7.375471125900504195e-04
7.000000000000000666e-01 1.563554092940657192e+01 5.897705730235523140e-04
7.000000000000000666e-01 1.608272698254588207e+01 4.716547797488908973e-04
7.000000000000000666e-01 1.652991303568519399e+01 3.700569056908315857e-04
7.000000000000000666e-01 1.697709908882450236e+01 2.918871013653090017e-04
7.000000000000000666e-01 1.742428514196381073e+01 2.244558683983126010e-04
7.000000000000000666e-01 1.787147119510312265e+01 1.738077921785748515e-04
7.000000000000000666e-01 1.831865724824243102e+01 1.294680566893809874e-04
7.000000000000000666e-01 1.876584330138173939e+01 9.186623867700322824e-05
7.000000000000000666e-01 1.921302935452105132e+01 6.481168408745897522e-05
7.000000000000000666e-01 1.966021540766035969e+01 4.140920809139704892e-05
7.000000000000000666e-01 2.010740146079966806e+01 2.238186799591547406e-05
7.000000000000000666e-01 2.055458751393897998e+01 6.542010402278404949e-06
7.000000000000000666e-01 2.076220961003937404e+01 0.000000000000000000e+00
8.000000000000000444e-01 1.000000000000000000e+00 1.268845952099771635e-01
8.000000000000000444e-01 1.098930418966262090e+00 1.203084725551769596e-01
8.000000000000000444e-01 1.207648065729364451e+00 1.138151990542158043e-01
8.000000000000000444e-01 1.327121194835766849e+00 1.075281457599278900e-01
8.000000000000000444e-01 1.458413850659875610e+00 1.025840442982957623e-01
8.000000000000000444e-01 1.602695343931856753e+00 9.773157751317954056e-02
8.000000000000000444e-01 1.761250665782313263e+00 9.351878442096700494e-02
8.000000000000000444e-01 1.935491932052765485e+00 8.953308887448627185e-02
8.000000000000000444e-01 2.126970959796565808e+00 8.558777441129879204e-02
8.000000000000000444e-01 2.337393087978313133e+00 8.216184778697017965e-02
8.000000000000000444e-01 2.568632365460852718e+00 7.936173760928962040e-02
8.000000000000000444e-01 2.822748241546196191e+00 7.510284925810156720e-02
8.000000000000000444e-01 3.102003907718641429e+00 7.172604828550495359e-02
8.000000000000000444e-01 3.408886453944229178e+00 6.823997538418923037e-02
8.000000000000000444e-01 3.602342121951348286e+00 6.617162793270198184e-02
8.000000000000000444e-01 3.746129019041346986e+00 6.466672817446199317e-02
8.000000000000000444e-01 4.116735132396780017e+00 6.088146923958605988e-02
8.000000000000000444e-01 4.119601503564875422e+00 6.085284703033345260e-02
8.000000000000000444e-01 4.524005463817925232e+00 5.690967323036646291e-02
8.000000000000000444e-01 4.636860885178402114e+00 5.582867336885982690e-02
8.000000000000000444e-01 4.971567219759092104e+00 5.257353964901628068e-02
8.000000000000000444e-01 5.154120266791928806e+00 5.088218334906789014e-02
8.000000000000000444e-01 5.463406447728794468e+00 4.800244606072374964e-02
8.000000000000000444e-01 5.671379648405455498e+00 4.606999464826627699e-02
8.000000000000000444e-01 6.003903536585580625e+00 4.307644148991749550e-02
8.000000000000000444e-01 6.188639030018983078e+00 4.143295269025618760e-02
8.000000000000000444e-01 6.705898411632509770e+00 3.687442965698559116e-02
8.000000000000000444e-01 7.223157793246036462e+00 3.262151810908169719e-02
8.000000000000000444e-01 7.740417174859564042e+00 2.858932824785352655e-02
8.000000000000000444e-01 8.257676556473089846e+00 2.484499323454526440e-02
8.000000000000000444e-01 8.774935938086617426e+00 2.141963666366272778e-02
8.000000000000000444e-01 9.292195319700145006e+00 1.833109388153466093e-02
8.000000000000000444e-01 9.809454701313670810e+00 1.555006627693417826e-02
8.000000000000000444e-01 1.032671408292719839e+01 1.314021386585310230e-02
8.000000000000000444e-01 1.084397346454072597e+01 1.102079228824600320e-02
8.000000000000000444e-01 1.136123284615425177e+01 9.190245890501085729e-03
8.000000000000000444e-01 1.187849222776777935e+01 7.619302283695139101e-03
8.000000000000000444e-01 1.239575160938130693e+01 6.285052455612311073e-03
8.000000000000000444e-01 1.291301099099483274e+01 5.166324643970800212e-03
8.000000000000000444e-01 1.343027037260836032e+01 4.220743798165200490e-03
8.000000000000000444e-01 1.394752975422188612e+01 3.445561864474495656e-03
8.000000000000000444e-01 1.446478913583541370e+01 2.798666055031412588e-03
8.000000000000000444e-01 1.498204851744894128e+01 2.270094717789613616e-03
8.000000000000000444e-01 1.549930789906246709e+01 1.833723072980585544e-03
8.000000000000000444e-01 1.601656728067599289e+01 1.471064474820091674e-03
8.000000000000000444e-01 1.653382666228952047e+01 1.182824477887776948e-03
8.000000000000000444e-01 1.705108604390304805e+01 9.467528886966834409e-04
8.000000000000000444e-01 1.756834542551657563e+01 7.533598153050795202e-04
8.000000000000000444e-01 1.808560480713010321e+01 5.954360274394028237e-04
8.000000000000000444e-01 1.860286418874362724e+01 4.728966390305481431e-04
8.000000000000000444e-01 1.912012357035715482e+01 3.684277288654479784e-04
8.000000000000000444e-01 1.963738295197068240e+01 2.881985925201977633e-04
8.000000000000000444e-01 2.015464233358420998e+01 2.212288961192846154e-04
8.000000000000000444e-01 2.067190171519773756e+01 1.648092170239183951e-04
8.000000000000000444e-01 2.118916109681126514e+01 1.248202426018360956e-04
8.000000000000000444e-01 2.170642047842478917e+01 8.958766336895408224e-05
8.000000000000000444e-01 2.222367986003831675e+01 6.000532412744227865e-05
8.000000000000000444e-01 2.274093924165184433e+01 3.874210662081971308e-05
8.000000000000000444e-01 2.325819862326537191e+01 2.058582740668426795e-05
8.000000000000000444e-01 2.377545800487889949e+01 5.795731870796785297e-06
8.000000000000000444e-01 2.401561414634232250e+01 0.000000000000000000e+00
9.000000000000000222e-01 1.000000000000000000e+00 1.204307967676622182e-01
9.000000000000000222e-01 1.104468706906677644e+00 1.145267563815114409e-01
9.000000000000000222e-01 1.219851124536108555e+00 1.089525874492631857e-01
9.000000000000000222e-01 1.347287394135052496e+00 1.048660476566263405e-01
9.000000000000000222e-01 1.488036766032008629e+00 1.007383036648689389e-01
9.000000000000000222e-01 1.643490042808966933e+00 9.713405990122996048e-02
9.000000000000000222e-01 1.815183322395220067e+00 9.395420529987882907e-02
9.000000000000000222e-01 2.004813176884415515e+00 9.081624133019093603e-02
9.000000000000000222e-01 2.214253417062999052e+00 8.822360728827881304e-02
9.000000000000000222e-01 2.445573608307262781e+00 8.527000498046982679e-02
9.000000000000000222e-01 2.701059520812219894e+00 8.295882315284396069e-02
9.000000000000000222e-01 2.983235716229443391e+00 8.027023553642641251e-02
9.000000000000000222e-01 3.294890493901749817e+00 7.778195736780951774e-02
9.000000000000000222e-01 3.639103443198770105e+00 7.500993166678802948e-02
9.000000000000000222e-01 3.963383927139256357e+00 7.245018099148203827e-02
9.000000000000000222e-01 4.019275874209383481e+00 7.202535810432511565e-02
9.000000000000000222e-01 4.439164427489243892e+00 6.869295041205460139e-02
9.000000000000000222e-01 4.532485208984892822e+00 6.793240803812884698e-02
9.000000000000000222e-01 4.902918194975167232e+00 6.486157300071963838e-02
9.000000000000000222e-01 5.101586490830530174e+00 6.317799934285960040e-02
9.000000000000000222e-01 5.415119718873444121e+00 6.047224841790772160e-02
9.000000000000000222e-01 5.670687772676167526e+00 5.826135193919678573e-02
9.000000000000000222e-01 5.980830273649004880e+00 5.549083180936299070e-02
9.000000000000000222e-01 6.239789054521803990e+00 5.309700565651930687e-02
9.000000000000000222e-01 6.605639878565426670e+00 4.981055348273252803e-02
9.000000000000000222e-01 6.808890336367440455e+00 4.798016184441598886e-02
9.000000000000000222e-01 7.377991618213077807e+00 4.285887483551960309e-02
9.000000000000000222e-01 7.947092900058715159e+00 3.784330912098909233e-02
9.000000000000000222e-01 8.516194181904351623e+00 3.308154482853439132e-02
9.000000000000000222e-01 9.085295463749988087e+00 2.864158293496975316e-02
9.000000000000000222e-01 9.654396745595626328e+00 2.453104594964541918e-02
9.000000000000000222e-01 1.022349802744126279e+01 2.086251209432436401e-02
9.000000000000000222e-01 1.079259930928689926e+01 1.757794955830455433e-02
9.000000000000000222e-01 1.136170059113253572e+01 1.471367733120927668e-02
9.000000000000000222e-01 1.193080187297817218e+01 1.220910330623100649e-02
9.000000000000000222e-01 1.249990315482381043e+01 1.009969448841661378e-02
9.000000000000000222e-01 1.306900443666944689e+01 8.288025653984634755e-03
9.000000000000000222e-01 1.363810571851508335e+01 6.773145159859934698e-03
9.000000000000000222e-01 1.420720700036071982e+01 5.509425065457675824e-03
9.000000000000000222e-01 1.477630828220635806e+01 4.472549153774455118e-03
9.000000000000000222e-01 1.534540956405199452e+01 3.603150755278137184e-03
9.000000000000000222e-01 1.591451084589763099e+01 2.905614128838696596e-03
9.000000000000000222e-01 1.648361212774327100e+01 2.328929456837749903e-03
9.000000000000000222e-01 1.705271340958890391e+01 1.867112263432064772e-03
9.000000000000000222e-01 1.762181469143454393e+01 1.491227077926292723e-03
9.000000000000000222e-01 1.819091597328017684e+01 1.185910747064104244e-03
9.000000000000000222e-01 1.876001725512581686e+01 9.411470362716920640e-04
9.000000000000000222e-01 1.932911853697145332e+01 7.416127212898019749e-04
9.000000000000000222e-01 1.989821981881708979e+01 5.887813207911881275e-04
9.000000000000000222e-01 2.046732110066272980e+01 4.600535417160170771e-04
9.000000000000000222e-01 2.103642238250836272e+01 3.596921029994365601e-04
9.000000000000000222e-01 2.160552366435400273e+01 2.772349866687536532e-04
9.000000000000000222e-01 2.217462494619963564e+01 2.135133720996827992e-04
9.000000000000000222e-01 2.274372622804527566e+01 1.621168818582674172e-04
9.000000000000000222e-01 2.331282750989090857e+01 1.163414215942362771e-04
9.000000000000000222e-01 2.388192879173654859e+01 8.560468958101539300e-05
9.000000000000000222e-01 2.445103007358218150e+01 5.919045030854341139e-05
9.000000000000000222e-01 2.502013135542782152e+01 3.737741638362182767e-05
9.000000000000000222e-01 2.558923263727346153e+01 2.038938553444856092e-05
9.000000000000000222e-01 2.615833391911909445e+01 5.183949857574141324e-06
9.000000000000000222e-01 2.642255951426171023e+01 0.000000000000000000e+00
1.000000000000000000e+00 1.000000000000000000e+00 1.119907218312846814e-01
1.000000000000000000e+00 1.106406992144522983e+00 1.093718386057206393e-01
1.000000000000000000e+00 1.224136432266290209e+00 1.058747421531762017e-01
1.000000000000000000e+00 1.354393107998273615e+00 1.014921066668007937e-01
1.000000000000000000e+00 1.498510004801641982e+00 9.852802083068852579e-02
1.000000000000000000e+00 1.657961947111059375e+00 9.380034747460996858e-02
1.000000000000000000e+00 1.834380690993223428e+00 9.227769054492135359e-02
1.000000000000000000e+00 2.029571622769803962e+00 9.025541221370385336e-02
1.000000000000000000e+00 2.245532234490617007e+00 8.732092622435300155e-02
1.000000000000000000e+00 2.484472565326333093e+00 8.564116686899853059e-02
1.000000000000000000e+00 2.748837818068294858e+00 8.336318194260602943e-02
1.000000000000000000e+00 3.041333382182055178e+00 8.153533943410895546e-02
1.000000000000000000e+00 3.364952519488776161e+00 7.889391648797218493e-02
1.000000000000000000e+00 3.723006995796710683e+00 7.692994306840973684e-02
1.000000000000000000e+00 4.097647287313304965e+00 7.454998561773294730e-02
1.000000000000000000e+00 4.119160971952456229e+00 7.440819456400377119e-02
1.000000000000000000e+00 4.557468501137026173e+00 7.120776924371324812e-02
1.000000000000000000e+00 4.686027410619830746e+00 7.031309966302803915e-02
1.000000000000000000e+00 5.042415016136423844e+00 6.756536886432043532e-02
1.000000000000000000e+00 5.274407533926356528e+00 6.580095945877434405e-02
1.000000000000000000e+00 5.578963231147875845e+00 6.335108574491944700e-02
1.000000000000000000e+00 5.862787657232882310e+00 6.073970591647150086e-02
1.000000000000000000e+00 6.172603927859209527e+00 5.815860970382083495e-02
1.000000000000000000e+00 6.451167780539408980e+00 5.573829204937583853e-02
1.000000000000000000e+00 6.829412145522175237e+00 5.226805498415198342e-02
1.000000000000000000e+00 7.039547903845933874e+00 5.038796972803129964e-02
1.000000000000000000e+00 7.627928027152460544e+00 4.495503144714379368e-02
1.000000000000000000e+00 8.216308150458985438e+00 3.978901105507610947e-02
1.000000000000000000e+00 8.804688273765512108e+00 3.463400803431073566e-02
1.000000000000000000e+00 9.393068397072038778e+00 2.999851819318944540e-02
1.000000000000000000e+00 9.981448520378563671e+00 2.564466481711525497e-02
1.000000000000000000e+00 1.056982864368508857e+01 2.178163639676764310e-02
1.000000000000000000e+00 1.115820876699161701e+01 1.822640886798104765e-02
1.000000000000000000e+00 1.174658889029814191e+01 1.524762877628078536e-02
1.000000000000000000e+00 1.233496901360466680e+01 1.257587519852079207e-02
1.000000000000000000e+00 1.292334913691119169e+01 1.038798806757620756e-02
1.000000000000000000e+00 1.351172926021772014e+01 8.488442913265942594e-03
1.000000000000000000e+00 1.410010938352424503e+01 6.942551968134122280e-03
1.000000000000000000e+00 1.468848950683076993e+01 5.575105758855288841e-03
1.000000000000000000e+00 1.527686963013729837e+01 4.531859983874965934e-03
1.000000000000000000e+00 1.586524975344382327e+01 3.636392125634062191e-03
1.000000000000000000e+00 1.645362987675034816e+01 2.942740957547013148e-03
1.000000000000000000e+00 1.704201000005687305e+01 2.315082476979216965e-03
1.000000000000000000e+00 1.763039012336340150e+01 1.870635368227098385e-03
1.000000000000000000e+00 1.821877024666992639e+01 1.463016821523794664e-03
1.000000000000000000e+00 1.880715036997645129e+01 1.181981801354135093e-03
1.000000000000000000e+00 1.939553049328297973e+01 9.294422488961951541e-04
1.000000000000000000e+00 1.998391061658950463e+01 7.511569349989952226e-04
1.000000000000000000e+00 2.057229073989602952e+01 5.643785379303094913e-04
1.000000000000000000e+00 2.116067086320255441e+01 4.577614721725154932e-04
1.000000000000000000e+00 2.174905098650907931e+01 3.535629489650454608e-04
1.000000000000000000e+00 2.233743110981560775e+01 2.874787054667193040e-04
1.000000000000000000e+00 2.292581123312213265e+01 2.047691192771581008e-04
1.000000000000000000e+00 2.351419135642865754e+01 1.570726952706549492e-04
1.000000000000000000e+00 2.410257147973518599e+01 1.158928580361203391e-04
1.000000000000000000e+00 2.469095160304171088e+01 8.652297011286368036e-05
1.000000000000000000e+00 2.527933172634823578e+01 5.169622884711618492e-05
1.000000000000000000e+00 2.586771184965476067e+01 3.452083061390639882e-05
1.000000000000000000e+00 2.645609197296128912e+01 1.587673736843095087e-05
1.000000000000000000e+00 2.704447209626781401e+01 8.558737448275452787e-06
1.000000000000000000e+00 2.731764858208870095e+01 0.000000000000000000e+00
