# mx [GeV]: 10.0
# sigma_p [cm^2]: 3.31131121483e-29
# depth [m]: 0.3
# loc: MPI
# Columns: gamma/pi, v [km/s], f(v, gamma) [s/km]
0.000000000000000000e+00 1.000000000000000000e+00 6.226852626110978770e-03
0.000000000000000000e+00 1.037260905779608722e+00 6.110877757174393299e-03
0.000000000000000000e+00 1.075910186658734391e+00 5.983051871258407949e-03
0.000000000000000000e+00 1.115999574751146861e+00 5.844922147084934301e-03
0.000000000000000000e+00 1.157582729756032824e+00 5.698279659364430781e-03
0.000000000000000000e+00 1.200715310781574674e+00 5.354907788144234668e-03
0.000000000000000000e+00 1.202329311240171394e+00 5.350739271863642031e-03
0.000000000000000000e+00 1.245455050844740619e+00 5.233041592035447484e-03
0.000000000000000000e+00 1.291861834147004284e+00 5.102439778761793179e-03
0.000000000000000000e+00 1.339997776229428617e+00 4.964533799030588362e-03
0.000000000000000000e+00 1.374971468751580606e+00 4.863852697847299150e-03
0.000000000000000000e+00 1.389927307114398491e+00 4.820804474735989817e-03
0.000000000000000000e+00 1.441717257545293673e+00 4.357669862524600132e-03
0.000000000000000000e+00 1.495436948439524683e+00 4.266285919368469244e-03
0.000000000000000000e+00 1.547613626262989817e+00 4.172191294885189625e-03
0.000000000000000000e+00 1.551158283674675564e+00 4.165697920674991429e-03
0.000000000000000000e+00 1.608955846331937334e+00 4.056774365866992922e-03
0.000000000000000000e+00 1.668906998525662377e+00 3.940738435622669067e-03
0.000000000000000000e+00 1.720255783774399028e+00 3.837979013377643654e-03
0.000000000000000000e+00 1.731091984952656704e+00 3.816762135824645387e-03
0.000000000000000000e+00 1.795594040299813621e+00 3.517153136466679830e-03
0.000000000000000000e+00 1.862499500653852058e+00 3.420408546979595947e-03
0.000000000000000000e+00 1.892897941285808461e+00 3.375407734869328557e-03
0.000000000000000000e+00 1.931897919062283808e+00 3.316885032870406369e-03
0.000000000000000000e+00 2.003882185400285731e+00 3.207428489734555441e-03
0.000000000000000000e+00 2.065540098797217450e+00 3.031683434256758885e-03
0.000000000000000000e+00 2.238182256308626883e+00 2.802075550272239892e-03
0.000000000000000000e+00 2.410824413820035872e+00 2.438584247120688647e-03
0.000000000000000000e+00 2.583466571331445305e+00 2.263833156204607660e-03
0.000000000000000000e+00 2.756108728842854738e+00 2.035078323315028456e-03
0.000000000000000000e+00 2.928750886354263727e+00 1.878108618443793650e-03
0.000000000000000000e+00 3.101393043865672716e+00 1.659767627269187690e-03
0.000000000000000000e+00 3.274035201377082593e+00 1.529971024173540318e-03
0.000000000000000000e+00 3.446677358888491582e+00 1.324770958783576692e-03
0.000000000000000000e+00 3.619319516399900571e+00 1.222538795538725184e-03
0.000000000000000000e+00 3.791961673911309560e+00 1.088455085050099233e-03
0.000000000000000000e+00 3.964603831422719438e+00 9.994971666597604436e-04
0.000000000000000000e+00 4.137245988934128427e+00 8.545354628017421501e-04
0.000000000000000000e+00 4.309888146445537416e+00 7.847725294670677238e-04
0.000000000000000000e+00 4.482530303956947293e+00 6.765823303358003884e-04
0.000000000000000000e+00 4.655172461468356282e+00 6.198297441438292569e-04
0.000000000000000000e+00 4.827814618979765271e+00 5.433463308116703730e-04
0.000000000000000000e+00 5.000456776491174260e+00 4.954620371106151526e-04
0.000000000000000000e+00 5.173098934002584137e+00 4.113350418882668127e-04
0.000000000000000000e+00 5.345741091513993126e+00 3.748504075539953575e-04
0.000000000000000000e+00 5.518383249025402115e+00 3.232679029901636201e-04
0.000000000000000000e+00 5.691025406536811104e+00 2.620089468447157400e-04
0.000000000000000000e+00 5.863667564048220981e+00 2.383076690272376561e-04
0.000000000000000000e+00 6.036309721559629970e+00 1.941897245947315402e-04
0.000000000000000000e+00 6.208951879071038960e+00 1.761677988649205267e-04
0.000000000000000000e+00 6.381594036582447949e+00 1.474734265437568470e-04
0.000000000000000000e+00 6.554236194093857826e+00 1.116443551336717142e-04
0.000000000000000000e+00 6.726878351605266815e+00 1.010574367335240382e-04
0.000000000000000000e+00 6.899520509116675804e+00 8.244772840034567390e-05
0.000000000000000000e+00 7.072162666628085681e+00 5.860332813203895686e-05
0.000000000000000000e+00 7.244804824139494670e+00 4.803946553594600004e-05
0.000000000000000000e+00 7.417446981650903659e+00 3.253147196341803807e-05
0.000000000000000000e+00 7.590089139162312648e+00 1.955372913044805934e-05
0.000000000000000000e+00 7.762731296673722525e+00 1.373405256689762498e-05
0.000000000000000000e+00 7.935373454185131514e+00 4.096219384490653857e-06
0.000000000000000000e+00 8.015528741601142926e+00 0.000000000000000000e+00
1.000000000000000056e-01 1.000000000000000000e+00 7.176383173295430677e-03
1.000000000000000056e-01 1.038524642433284351e+00 6.955695119915665525e-03
1.000000000000000056e-01 1.078533432941181092e+00 7.011258504082158206e-03
1.000000000000000056e-01 1.120083547797582568e+00 6.369797395131418863e-03
1.000000000000000056e-01 1.163234365971889117e+00 6.196515941518098390e-03
1.000000000000000056e-01 1.208047553987064315e+00 6.019276367529514254e-03
1.000000000000000056e-01 1.230468685336733925e+00 5.930697196206754368e-03
1.000000000000000056e-01 1.254587154046819641e+00 5.835587239335609210e-03
1.000000000000000056e-01 1.302919675557865142e+00 5.642800957403732581e-03
1.000000000000000056e-01 1.353114190178022591e+00 5.371643542875879397e-03
1.000000000000000056e-01 1.405242430526034036e+00 5.184863419373567615e-03
1.000000000000000056e-01 1.407151368359444543e+00 5.178230980295265781e-03
1.000000000000000056e-01 1.459378892694128904e+00 5.003369111950753054e-03
1.000000000000000056e-01 1.515600942709852461e+00 4.820566143199002222e-03
1.000000000000000056e-01 1.573988927099298385e+00 4.630194057320302821e-03
1.000000000000000056e-01 1.583834051382154939e+00 4.596779586779677421e-03
1.000000000000000056e-01 1.634626287709747494e+00 4.401816773478921772e-03
1.000000000000000056e-01 1.697599680955812484e+00 4.233701134432842766e-03
1.000000000000000056e-01 1.760516734404865558e+00 4.090532911694441318e-03
1.000000000000000056e-01 1.762999101659492585e+00 4.084954036910868475e-03
1.000000000000000056e-01 1.830918011661126110e+00 3.934423768458340624e-03
1.000000000000000056e-01 1.901453473385030790e+00 3.762469366670284469e-03
1.000000000000000056e-01 1.937199417427576176e+00 3.676976561723467856e-03
1.000000000000000056e-01 1.974706288550715616e+00 3.584524127609265125e-03
1.000000000000000056e-01 2.050781142227890097e+00 3.425151099939917863e-03
1.000000000000000056e-01 2.113882100450286572e+00 3.319436240709778760e-03
1.000000000000000056e-01 2.290564783472997412e+00 2.970524233504696476e-03
1.000000000000000056e-01 2.467247466495707364e+00 2.702708657721336876e-03
1.000000000000000056e-01 2.643930149518418204e+00 2.412875383880437943e-03
1.000000000000000056e-01 2.820612832541129045e+00 2.193963102890198694e-03
1.000000000000000056e-01 2.997295515563838997e+00 1.983295968901056978e-03
1.000000000000000056e-01 3.173978198586549837e+00 1.790415119421319467e-03
1.000000000000000056e-01 3.350660881609260677e+00 1.607843494387472877e-03
1.000000000000000056e-01 3.527343564631970629e+00 1.453879590451837966e-03
1.000000000000000056e-01 3.704026247654681470e+00 1.293695871392722173e-03
1.000000000000000056e-01 3.880708930677392310e+00 1.168168123724319879e-03
1.000000000000000056e-01 4.057391613700102262e+00 1.043291244744550374e-03
1.000000000000000056e-01 4.234074296722813102e+00 9.382332713523818760e-04
1.000000000000000056e-01 4.410756979745523942e+00 8.287986042028634703e-04
1.000000000000000056e-01 4.587439662768233894e+00 7.396280101329177122e-04
1.000000000000000056e-01 4.764122345790944735e+00 6.631667217926236896e-04
1.000000000000000056e-01 4.940805028813655575e+00 5.778971136805072413e-04
1.000000000000000056e-01 5.117487711836365527e+00 5.121788496790627464e-04
1.000000000000000056e-01 5.294170394859076367e+00 4.500748087121496702e-04
1.000000000000000056e-01 5.470853077881787208e+00 3.932710968004565896e-04
1.000000000000000056e-01 5.647535760904497160e+00 3.398570967252162109e-04
1.000000000000000056e-01 5.824218443927208000e+00 2.941744534096739209e-04
1.000000000000000056e-01 6.000901126949918840e+00 2.549266091250995811e-04
1.000000000000000056e-01 6.177583809972628792e+00 2.141296013969635288e-04
1.000000000000000056e-01 6.354266492995339632e+00 1.869367696541043248e-04
1.000000000000000056e-01 6.530949176018050473e+00 1.531073063572442161e-04
1.000000000000000056e-01 6.707631859040760425e+00 1.277784051688225331e-04
1.000000000000000056e-01 6.884314542063471265e+00 1.077145082381915147e-04
1.000000000000000056e-01 7.060997225086182105e+00 8.375036015626951592e-05
1.000000000000000056e-01 7.237679908108892057e+00 6.645367718489212793e-05
1.000000000000000056e-01 7.414362591131602898e+00 4.930257617516904835e-05
1.000000000000000056e-01 7.591045274154313738e+00 3.634513432658474554e-05
1.000000000000000056e-01 7.767727957177023690e+00 2.387644693571361034e-05
1.000000000000000056e-01 7.944410640199734530e+00 1.292654483810575974e-05
1.000000000000000056e-01 8.121093323222444482e+00 3.673915373428131383e-06
1.000000000000000056e-01 8.203124568911560388e+00 0.000000000000000000e+00
2.000000000000000111e-01 1.000000000000000000e+00 9.640375945439583899e-03
2.000000000000000111e-01 1.042214924311703150e+00 9.351030464056081515e-03
2.000000000000000111e-01 1.086211948458049026e+00 9.047562091934770873e-03
2.000000000000000111e-01 1.132066303648673111e+00 8.740510558656518561e-03
2.000000000000000111e-01 1.179856396973031352e+00 8.431047801165712438e-03
2.000000000000000111e-01 1.229663945469926745e+00 8.126234299741427400e-03
2.000000000000000111e-01 1.281574115856769946e+00 7.669445631856813828e-03
2.000000000000000111e-01 1.316254049221490474e+00 7.498435672652794919e-03
2.000000000000000111e-01 1.335675670157501438e+00 7.405653695980651471e-03
2.000000000000000111e-01 1.392061117478183618e+00 7.141731318895450098e-03
2.000000000000000111e-01 1.450826872189789896e+00 6.872653667304468028e-03
2.000000000000000111e-01 1.505254630648166003e+00 6.625358005974840876e-03
2.000000000000000111e-01 1.512073418788666856e+00 6.593922954841505667e-03
2.000000000000000111e-01 1.575905483716568689e+00 6.300383527662102925e-03
2.000000000000000111e-01 1.642432214434061510e+00 6.042239328911415061e-03
2.000000000000000111e-01 1.694255212074841532e+00 5.851782691983792133e-03
2.000000000000000111e-01 1.711767366053498218e+00 5.788807493567020568e-03
2.000000000000000111e-01 1.784029495850690372e+00 5.530572015334062237e-03
2.000000000000000111e-01 1.859342165987873052e+00 5.201811189280770506e-03
2.000000000000000111e-01 1.883255793501517061e+00 5.141344628835261589e-03
2.000000000000000111e-01 1.937834154794609187e+00 5.004052260179927235e-03
2.000000000000000111e-01 2.019639676967896591e+00 4.799871380868295928e-03
2.000000000000000111e-01 2.072256374928192812e+00 4.669378930516090466e-03
2.000000000000000111e-01 2.104898613068008739e+00 4.573752993268394122e-03
2.000000000000000111e-01 2.193756748702484050e+00 4.341301451667389788e-03
2.000000000000000111e-01 2.261256956354868120e+00 4.166094306414216443e-03
2.000000000000000111e-01 2.450257537781543871e+00 3.756576235248599866e-03
2.000000000000000111e-01 2.639258119208219178e+00 3.388960753660600830e-03
2.000000000000000111e-01 2.828258700634894929e+00 3.056466963120635632e-03
2.000000000000000111e-01 3.017259282061570680e+00 2.737631827278404553e-03
2.000000000000000111e-01 3.206259863488245987e+00 2.478400123720040250e-03
2.000000000000000111e-01 3.395260444914921294e+00 2.230617062555841860e-03
2.000000000000000111e-01 3.584261026341597045e+00 2.012564683856501047e-03
2.000000000000000111e-01 3.773261607768272796e+00 1.799503919906324982e-03
2.000000000000000111e-01 3.962262189194948547e+00 1.620130550843677754e-03
2.000000000000000111e-01 4.151262770621623410e+00 1.445951886603614751e-03
2.000000000000000111e-01 4.340263352048299161e+00 1.289720847245886355e-03
2.000000000000000111e-01 4.529263933474974912e+00 1.153759715028599992e-03
2.000000000000000111e-01 4.718264514901650664e+00 1.027881516453616438e-03
2.000000000000000111e-01 4.907265096328326415e+00 9.090247882131465831e-04
2.000000000000000111e-01 5.096265677755001278e+00 7.986916399637534591e-04
2.000000000000000111e-01 5.285266259181677029e+00 7.087075816723229817e-04
2.000000000000000111e-01 5.474266840608352780e+00 6.189025736114627495e-04
2.000000000000000111e-01 5.663267422035028531e+00 5.434044263279237457e-04
2.000000000000000111e-01 5.852268003461704282e+00 4.746411673323754250e-04
2.000000000000000111e-01 6.041268584888380033e+00 4.112808764914332310e-04
2.000000000000000111e-01 6.230269166315054896e+00 3.507448637111316428e-04
2.000000000000000111e-01 6.419269747741730647e+00 3.052006219166763525e-04
2.000000000000000111e-01 6.608270329168406398e+00 2.583701494612562592e-04
2.000000000000000111e-01 6.797270910595082150e+00 2.185714119975077567e-04
2.000000000000000111e-01 6.986271492021757012e+00 1.831791941274013580e-04
2.000000000000000111e-01 7.175272073448432764e+00 1.484082033446761052e-04
2.000000000000000111e-01 7.364272654875108515e+00 1.239776342440122587e-04
2.000000000000000111e-01 7.553273236301784266e+00 9.959275818097430638e-05
2.000000000000000111e-01 7.742273817728460017e+00 7.642828408542744450e-05
2.000000000000000111e-01 7.931274399155134880e+00 5.824561933134148311e-05
2.000000000000000111e-01 8.120274980581809743e+00 4.218079687866663625e-05
2.000000000000000111e-01 8.309275562008485494e+00 2.782544932110530154e-05
2.000000000000000111e-01 8.498276143435161245e+00 1.574469380587569027e-05
2.000000000000000111e-01 8.687276724861836996e+00 4.471329238339075169e-06
2.000000000000000111e-01 8.775026994809936198e+00 0.000000000000000000e+00
3.000000000000000444e-01 1.000000000000000000e+00 1.593359418507449971e-02
3.000000000000000444e-01 1.048041171558249385e+00 1.522077923849071875e-02
3.000000000000000444e-01 1.098390297281188088e+00 1.451850725377843918e-02
3.000000000000000444e-01 1.151158253990790081e+00 1.375594991528665892e-02
3.000000000000000444e-01 1.206461245161456475e+00 1.326899525951188985e-02
3.000000000000000444e-01 1.264421056818637368e+00 1.274277201585288267e-02
3.000000000000000444e-01 1.325165325731124444e+00 1.220164092625472714e-02
3.000000000000000444e-01 1.388827820487616993e+00 1.166741511821698697e-02
3.000000000000000444e-01 1.455548736076532235e+00 1.098502523725677221e-02
3.000000000000000444e-01 1.463321606452283152e+00 1.093868054601185823e-02
3.000000000000000444e-01 1.525475002617777909e+00 1.056474746100457933e-02
3.000000000000000444e-01 1.598760608926359517e+00 1.010815868950544830e-02
3.000000000000000444e-01 1.673439580712098085e+00 9.659752920889250888e-03
3.000000000000000444e-01 1.675566941620362238e+00 9.647147098486177560e-03
3.000000000000000444e-01 1.756063140520077281e+00 9.176325061986193021e-03
3.000000000000000444e-01 1.840426471120920615e+00 8.715210353161778611e-03
3.000000000000000444e-01 1.883557554971913239e+00 8.509320328937917607e-03
3.000000000000000444e-01 1.928842714960384397e+00 8.297556285894991043e-03
3.000000000000000444e-01 2.021506578738675675e+00 7.875932768051705987e-03
3.000000000000000444e-01 2.093675529231728394e+00 7.548443619361243015e-03
3.000000000000000444e-01 2.118622123093990339e+00 7.426555708759874190e-03
3.000000000000000444e-01 2.220403211976651470e+00 7.003615938718022078e-03
3.000000000000000444e-01 2.303793503491543326e+00 6.728271457512632024e-03
3.000000000000000444e-01 2.327073983611709806e+00 6.652415853388219530e-03
3.000000000000000444e-01 2.438869344087138735e+00 6.288200104957175629e-03
3.000000000000000444e-01 2.513911477751358259e+00 6.048283294697433775e-03
3.000000000000000444e-01 2.724029452011173191e+00 5.407560148821089624e-03
3.000000000000000444e-01 2.934147426270988568e+00 4.877322477270154728e-03
3.000000000000000444e-01 3.144265400530803500e+00 4.389354744189777335e-03
3.000000000000000444e-01 3.354383374790618433e+00 3.940199702650631387e-03
3.000000000000000444e-01 3.564501349050433365e+00 3.533196336429116936e-03
3.000000000000000444e-01 3.774619323310248742e+00 3.190149296570096368e-03
3.000000000000000444e-01 3.984737297570063674e+00 2.853489604054106933e-03
3.000000000000000444e-01 4.194855271829878163e+00 2.558470472943483610e-03
3.000000000000000444e-01 4.404973246089694427e+00 2.281356997300470080e-03
3.000000000000000444e-01 4.615091220349508916e+00 2.042028420401314440e-03
3.000000000000000444e-01 4.825209194609323404e+00 1.797509240671981779e-03
3.000000000000000444e-01 5.035327168869138781e+00 1.607599408051456910e-03
3.000000000000000444e-01 5.245445143128954157e+00 1.425444974348615999e-03
3.000000000000000444e-01 5.455563117388768646e+00 1.258858474884507438e-03
3.000000000000000444e-01 5.665681091648583134e+00 1.108508419529182247e-03
3.000000000000000444e-01 5.875799065908399399e+00 9.648206293039998833e-04
3.000000000000000444e-01 6.085917040168213887e+00 8.492535118335172014e-04
3.000000000000000444e-01 6.296035014428028376e+00 7.313001500359234044e-04
3.000000000000000444e-01 6.506152988687844640e+00 6.391974823690616718e-04
3.000000000000000444e-01 6.716270962947659129e+00 5.504230690586793193e-04
3.000000000000000444e-01 6.926388937207473617e+00 4.728848598885972512e-04
3.000000000000000444e-01 7.136506911467289882e+00 3.985323878197552039e-04
3.000000000000000444e-01 7.346624885727104370e+00 3.406978337993748617e-04
3.000000000000000444e-01 7.556742859986918859e+00 2.862910204376355660e-04
3.000000000000000444e-01 7.766860834246735124e+00 2.376573607371642932e-04
3.000000000000000444e-01 7.976978808506549612e+00 1.953219132901782749e-04
3.000000000000000444e-01 8.187096782766364100e+00 1.554621089436013833e-04
3.000000000000000444e-01 8.397214757026180365e+00 1.272228547341126663e-04
3.000000000000000444e-01 8.607332731285994853e+00 9.844347163294075618e-05
3.000000000000000444e-01 8.817450705545809342e+00 7.268484348034635694e-05
3.000000000000000444e-01 9.027568679805623830e+00 5.220501862977482556e-05
3.000000000000000444e-01 9.237686654065440095e+00 3.352597295232881294e-05
3.000000000000000444e-01 9.447804628325254583e+00 1.911191916787214292e-05
3.000000000000000444e-01 9.657922602585069072e+00 5.187772919339532554e-06
3.000000000000000444e-01 9.755477376348554941e+00 0.000000000000000000e+00
4.000000000000000222e-01 1.000000000000000000e+00 2.855293854723377905e-02
4.000000000000000222e-01 1.055398380984440720e+00 2.723510933569538162e-02
4.000000000000000222e-01 1.113865742584578600e+00 2.592133135839494451e-02
4.000000000000000222e-01 1.175572101357795773e+00 2.464520062882927937e-02
4.000000000000000222e-01 1.240696892503494464e+00 2.340309962559022211e-02
4.000000000000000222e-01 1.309429491640614618e+00 2.209281835259421442e-02
4.000000000000000222e-01 1.381969765490783875e+00 2.113921104075250357e-02
4.000000000000000222e-01 1.458528653068420278e+00 2.016521049111074521e-02
4.000000000000000222e-01 1.539328779067827835e+00 1.918741509574554277e-02
4.000000000000000222e-01 1.624605101230941040e+00 1.823026642548353921e-02
4.000000000000000222e-01 1.671334196355748203e+00 1.753226442588961750e-02
4.000000000000000222e-01 1.714605593578198528e+00 1.714670292152984873e-02
4.000000000000000222e-01 1.809591967489296627e+00 1.631451643393820941e-02
4.000000000000000222e-01 1.909840432730652182e+00 1.545612644423535048e-02
4.000000000000000222e-01 1.911320645063240287e+00 1.544353787630279272e-02
4.000000000000000222e-01 2.015642500642553792e+00 1.458315191037993890e-02
4.000000000000000222e-01 2.127305831821580728e+00 1.377827179499356222e-02
4.000000000000000222e-01 2.151307093770732592e+00 1.361696200050293258e-02
4.000000000000000222e-01 2.245155130763254903e+00 1.298495592668722290e-02
4.000000000000000222e-01 2.369533090066449077e+00 1.219729361718979721e-02
4.000000000000000222e-01 2.391293542478224232e+00 1.206251978973285621e-02
4.000000000000000222e-01 2.500801386945189275e+00 1.140032505600248151e-02
4.000000000000000222e-01 2.631279991185716760e+00 1.077310306256360276e-02
4.000000000000000222e-01 2.639341734945596318e+00 1.073511910804351641e-02
4.000000000000000222e-01 2.785556993926247227e+00 1.006179354046887568e-02
4.000000000000000222e-01 2.871266439893208400e+00 9.669710008346871569e-03
4.000000000000000222e-01 3.111252888600700928e+00 8.650991177940749177e-03
4.000000000000000222e-01 3.351239337308192567e+00 7.785721616444273886e-03
4.000000000000000222e-01 3.591225786015685095e+00 6.996995694007386926e-03
4.000000000000000222e-01 3.831212234723176735e+00 6.276725669160551982e-03
4.000000000000000222e-01 4.071198683430669263e+00 5.621283219534304286e-03
4.000000000000000222e-01 4.311185132138160903e+00 5.048303435437971783e-03
4.000000000000000222e-01 4.551171580845653430e+00 4.514016626067174701e-03
4.000000000000000222e-01 4.791158029553145070e+00 4.029151729369365165e-03
4.000000000000000222e-01 5.031144478260637598e+00 3.579344408265211063e-03
4.000000000000000222e-01 5.271130926968129238e+00 3.190957176877575428e-03
4.000000000000000222e-01 5.511117375675621766e+00 2.815200792413618570e-03
4.000000000000000222e-01 5.751103824383114294e+00 2.485986883799455420e-03
4.000000000000000222e-01 5.991090273090605933e+00 2.194645631908524481e-03
4.000000000000000222e-01 6.231076721798097573e+00 1.926484808403102064e-03
4.000000000000000222e-01 6.471063170505590101e+00 1.683130161450736373e-03
4.000000000000000222e-01 6.711049619213082629e+00 1.455422463824689646e-03
4.000000000000000222e-01 6.951036067920574268e+00 1.269111457533727552e-03
4.000000000000000222e-01 7.191022516628065908e+00 1.092344533549667205e-03
4.000000000000000222e-01 7.431008965335558436e+00 9.414719056850386156e-04
4.000000000000000222e-01 7.670995414043050964e+00 8.007635110532368558e-04
4.000000000000000222e-01 7.910981862750542604e+00 6.854632064519396162e-04
4.000000000000000222e-01 8.150968311458033355e+00 5.711874158170289397e-04
4.000000000000000222e-01 8.390954760165525883e+00 4.828389827106551206e-04
4.000000000000000222e-01 8.630941208873018411e+00 4.005218707491485486e-04
4.000000000000000222e-01 8.870927657580510939e+00 3.328016208940819988e-04
4.000000000000000222e-01 9.110914106288001690e+00 2.666147300793876031e-04
4.000000000000000222e-01 9.350900554995494218e+00 2.179398434040041627e-04
4.000000000000000222e-01 9.590887003702986746e+00 1.695482149522294069e-04
4.000000000000000222e-01 9.830873452410479274e+00 1.306962461766673184e-04
4.000000000000000222e-01 1.007085990111797003e+01 9.652082825201664467e-05
4.000000000000000222e-01 1.031084634982546255e+01 6.894168928880439523e-05
4.000000000000000222e-01 1.055083279853295508e+01 4.490002105364755458e-05
4.000000000000000222e-01 1.079081924724044583e+01 2.412362714079639936e-05
4.000000000000000222e-01 1.103080569594793836e+01 7.354339329983439858e-06
4.000000000000000222e-01 1.114222797570498891e+01 0.000000000000000000e+00
5.000000000000000000e-01 1.000000000000000000e+00 5.249582214531885171e-02
5.000000000000000000e-01 1.063430072611720067e+00 4.966623176137954093e-02
5.000000000000000000e-01 1.130883519334968002e+00 4.618314896569766098e-02
5.000000000000000000e-01 1.202615543081782645e+00 4.381267878698601875e-02
5.000000000000000000e-01 1.278897534303443217e+00 4.153242367133435503e-02
5.000000000000000000e-01 1.360018097767260237e+00 3.950370718422885341e-02
5.000000000000000000e-01 1.446284144461891019e+00 3.711030764185378056e-02
5.000000000000000000e-01 1.538022052762287872e+00 3.536699946325193300e-02
5.000000000000000000e-01 1.635578903247426608e+00 3.358645724885302164e-02
5.000000000000000000e-01 1.739323791842608324e+00 3.180750404507327184e-02
5.000000000000000000e-01 1.849649226254477030e+00 2.984544377333840648e-02
5.000000000000000000e-01 1.930283343472609880e+00 2.878951664857089948e-02
5.000000000000000000e-01 1.966972610982010261e+00 2.831576243298521145e-02
5.000000000000000000e-01 2.091737826521863575e+00 2.673828683261117792e-02
5.000000000000000000e-01 2.207452233817394749e+00 2.535882772450311420e-02
5.000000000000000000e-01 2.224416908742826937e+00 2.515930055924860478e-02
5.000000000000000000e-01 2.365511834783121881e+00 2.366534359767674331e-02
5.000000000000000000e-01 2.484621124162179839e+00 2.249629768148759396e-02
5.000000000000000000e-01 2.515556422227298583e+00 2.220512640200429308e-02
5.000000000000000000e-01 2.675118348748054764e+00 2.076998567626200942e-02
5.000000000000000000e-01 2.761790014506964930e+00 1.999230540168205408e-02
5.000000000000000000e-01 2.844801299854088583e+00 1.939191354427010142e-02
5.000000000000000000e-01 3.025247252869748937e+00 1.812864164503616773e-02
5.000000000000000000e-01 3.038958904851750020e+00 1.803554597367682671e-02
5.000000000000000000e-01 3.217138905787683356e+00 1.683317423097975898e-02
5.000000000000000000e-01 3.316127795196535111e+00 1.619214725562867149e-02
5.000000000000000000e-01 3.593296685541320201e+00 1.458458106352806399e-02
5.000000000000000000e-01 3.870465575886105292e+00 1.310810684017498819e-02
5.000000000000000000e-01 4.147634466230890382e+00 1.181328231489768392e-02
5.000000000000000000e-01 4.424803356575675473e+00 1.056234778530150409e-02
5.000000000000000000e-01 4.701972246920460563e+00 9.515155635122994962e-03
5.000000000000000000e-01 4.979141137265245654e+00 8.527232794361854981e-03
5.000000000000000000e-01 5.256310027610029856e+00 7.613481779908982949e-03
5.000000000000000000e-01 5.533478917954814946e+00 6.768077854389230319e-03
5.000000000000000000e-01 5.810647808299600037e+00 6.019864722459143495e-03
5.000000000000000000e-01 6.087816698644385127e+00 5.327964263040219951e-03
5.000000000000000000e-01 6.364985588989170218e+00 4.675658690791347806e-03
5.000000000000000000e-01 6.642154479333955308e+00 4.123893287816810319e-03
5.000000000000000000e-01 6.919323369678740399e+00 3.607923642454430226e-03
5.000000000000000000e-01 7.196492260023525489e+00 3.146130109485283273e-03
5.000000000000000000e-01 7.473661150368310579e+00 2.727311261924837346e-03
5.000000000000000000e-01 7.750830040713095670e+00 2.348282787310033287e-03
5.000000000000000000e-01 8.027998931057881649e+00 2.026125348076793231e-03
5.000000000000000000e-01 8.305167821402665851e+00 1.722511195677751267e-03
5.000000000000000000e-01 8.582336711747450053e+00 1.470749077223102406e-03
5.000000000000000000e-01 8.859505602092236032e+00 1.241510024265842513e-03
5.000000000000000000e-01 9.136674492437020234e+00 1.045190196075180709e-03
5.000000000000000000e-01 9.413843382781806213e+00 8.655026692655890018e-04
5.000000000000000000e-01 9.691012273126590415e+00 7.199912227210775954e-04
5.000000000000000000e-01 9.968181163471376394e+00 5.906739486011135676e-04
5.000000000000000000e-01 1.024535005381616060e+01 4.810042553026098815e-04
5.000000000000000000e-01 1.052251894416094657e+01 3.833330748423399779e-04
5.000000000000000000e-01 1.079968783450573078e+01 3.062696545111891341e-04
5.000000000000000000e-01 1.107685672485051498e+01 2.367307055275508698e-04
5.000000000000000000e-01 1.135402561519530096e+01 1.799566186541120389e-04
5.000000000000000000e-01 1.163119450554008516e+01 1.275634728996092270e-04
5.000000000000000000e-01 1.190836339588487114e+01 9.180938590247538162e-05
5.000000000000000000e-01 1.218553228622965534e+01 5.865863151360704619e-05
5.000000000000000000e-01 1.246270117657444132e+01 3.103313833403897935e-05
5.000000000000000000e-01 1.273987006691922552e+01 9.421939184288050705e-06
5.000000000000000000e-01 1.286855562315073342e+01 0.000000000000000000e+00
6.000000000000000888e-01 1.000000000000000000e+00 8.438538764161129802e-02
6.000000000000000888e-01 1.071198760713700127e+00 7.995106455725801975e-02
6.000000000000000888e-01 1.147466784954566998e+00 7.396933776243803937e-02
6.000000000000000888e-01 1.229164998003466014e+00 7.028685296181219622e-02
6.000000000000000888e-01 1.316680022573970543e+00 6.674582920822129395e-02
6.000000000000000888e-01 1.410426008437724033e+00 6.382981391405154192e-02
6.000000000000000888e-01 1.510846592316860804e+00 5.984519229617214081e-02
6.000000000000000888e-01 1.618416997318338213e+00 5.712914288347793051e-02
6.000000000000000888e-01 1.733646281845391712e+00 5.433174823126555447e-02
6.000000000000000888e-01 1.857079748628697624e+00 5.154512453007104728e-02
6.000000000000000888e-01 1.989301525277570759e+00 4.859116350579121418e-02
6.000000000000000888e-01 2.130937328563207167e+00 4.611146419073283015e-02
6.000000000000000888e-01 2.216574945905493532e+00 4.467076709277014585e-02
6.000000000000000888e-01 2.282657425515470795e+00 4.358641817373059418e-02
6.000000000000000888e-01 2.445179805346097357e+00 4.105798335826580520e-02
6.000000000000000888e-01 2.534852374035513112e+00 3.984303098815925037e-02
6.000000000000000888e-01 2.619273577208906190e+00 3.873907015861803582e-02
6.000000000000000888e-01 2.805762609876320646e+00 3.639386078364956895e-02
6.000000000000000888e-01 2.853129802165532691e+00 3.582620472385585064e-02
6.000000000000000888e-01 3.005529430556351578e+00 3.407065211966246038e-02
6.000000000000000888e-01 3.171407230295552271e+00 3.242617700125403901e-02
6.000000000000000888e-01 3.219519401300516392e+00 3.195530579546827094e-02
6.000000000000000888e-01 3.448745192766827117e+00 2.979785517841571432e-02
6.000000000000000888e-01 3.489684658425571850e+00 2.942503562159519068e-02
6.000000000000000888e-01 3.694291576509156183e+00 2.757468751463735407e-02
6.000000000000000888e-01 3.807962086555591430e+00 2.667266651911300371e-02
6.000000000000000888e-01 4.126239514685611454e+00 2.421467192867201093e-02
6.000000000000000888e-01 4.444516942815630145e+00 2.197107694286865032e-02
6.000000000000000888e-01 4.762794370945650613e+00 1.986009534660920089e-02
6.000000000000000888e-01 5.081071799075669304e+00 1.795986025749601867e-02
6.000000000000000888e-01 5.399349227205689772e+00 1.617836750975605586e-02
6.000000000000000888e-01 5.717626655335708463e+00 1.453394532383460620e-02
6.000000000000000888e-01 6.035904083465728931e+00 1.297791873126873975e-02
6.000000000000000888e-01 6.354181511595747622e+00 1.157056872443914565e-02
6.000000000000000888e-01 6.672458939725768090e+00 1.027363422400891235e-02
6.000000000000000888e-01 6.990736367855786781e+00 9.042109889601218642e-03
6.000000000000000888e-01 7.309013795985807249e+00 7.972413882925966089e-03
6.000000000000000888e-01 7.627291224115825941e+00 6.972468279711555028e-03
6.000000000000000888e-01 7.945568652245846408e+00 6.077287844710394307e-03
6.000000000000000888e-01 8.263846080375865100e+00 5.251934508447974465e-03
6.000000000000000888e-01 8.582123508505885567e+00 4.520230915916668979e-03
6.000000000000000888e-01 8.900400936635904259e+00 3.876195140995167179e-03
6.000000000000000888e-01 9.218678364765924726e+00 3.287998590521357383e-03
6.000000000000000888e-01 9.536955792895943418e+00 2.789925519657689233e-03
6.000000000000000888e-01 9.855233221025963886e+00 2.342246522529073047e-03
6.000000000000000888e-01 1.017351064915598258e+01 1.957890958642919278e-03
6.000000000000000888e-01 1.049178807728600304e+01 1.610554377958538967e-03
6.000000000000000888e-01 1.081006550541602174e+01 1.334674209239967687e-03
6.000000000000000888e-01 1.112834293354604220e+01 1.084176789461567363e-03
6.000000000000000888e-01 1.144662036167606267e+01 8.799403876992071107e-04
6.000000000000000888e-01 1.176489778980608136e+01 6.966169575281170711e-04
6.000000000000000888e-01 1.208317521793610005e+01 5.545422410450533742e-04
6.000000000000000888e-01 1.240145264606612052e+01 4.307157769790913890e-04
6.000000000000000888e-01 1.271973007419614099e+01 3.264321547401459163e-04
6.000000000000000888e-01 1.303800750232615968e+01 2.456931884040775569e-04
6.000000000000000888e-01 1.335628493045617837e+01 1.749579055090092448e-04
6.000000000000000888e-01 1.367456235858619884e+01 1.206622780774627401e-04
6.000000000000000888e-01 1.399283978671621931e+01 7.404108572770068636e-05
6.000000000000000888e-01 1.431111721484623800e+01 3.930387593621644302e-05
6.000000000000000888e-01 1.462939464297625847e+01 1.039942366712465222e-05
6.000000000000000888e-01 1.477716630603662473e+01 0.000000000000000000e+00
7.000000000000000666e-01 1.000000000000000000e+00 1.114686929075187627e-01
7.000000000000000666e-01 1.077917373860013184e+00 1.061529018357040416e-01
7.000000000000000666e-01 1.161905864869267502e+00 9.872651827626344190e-02
7.000000000000000666e-01 1.252438518532428047e+00 9.427625105725458143e-02
7.000000000000000666e-01 1.350025238817600171e+00 9.042447930851647830e-02
7.000000000000000666e-01 1.455215660071004891e+00 8.685150104221592282e-02
7.000000000000000666e-01 1.568602242703702965e+00 8.205312121064048392e-02
7.000000000000000666e-01 1.690823610086102491e+00 7.879802424140218420e-02
7.000000000000000666e-01 1.822568145444518617e+00 7.535433581682536575e-02
7.000000000000000666e-01 1.964577869018469869e+00 7.186141807791848746e-02
7.000000000000000666e-01 2.117652617315890051e+00 6.854055204652201305e-02
7.000000000000000666e-01 2.282654548004927619e+00 6.540757039906607007e-02
7.000000000000000666e-01 2.460512995815086867e+00 6.224901700552184364e-02
7.000000000000000666e-01 2.496176079748702037e+00 6.161456647121710956e-02
7.000000000000000666e-01 2.652229706797432307e+00 5.924889241472906104e-02
7.000000000000000666e-01 2.854601362994669600e+00 5.637633931120899361e-02
7.000000000000000666e-01 2.858884480424600749e+00 5.631807586647567115e-02
7.000000000000000666e-01 3.081641251308433915e+00 5.329836912560007717e-02
7.000000000000000666e-01 3.213026646240637163e+00 5.177519220283075679e-02
7.000000000000000666e-01 3.321754644789071786e+00 5.053767827148292896e-02
7.000000000000000666e-01 3.571451929486604726e+00 4.776532567137319746e-02
7.000000000000000666e-01 3.580577043318337704e+00 4.766514827671637644e-02
7.000000000000000666e-01 3.859566203437152510e+00 4.468941037449362941e-02
7.000000000000000666e-01 3.929877212732572289e+00 4.401006785708673485e-02
7.000000000000000666e-01 4.160293466247837024e+00 4.178670622850746974e-02
7.000000000000000666e-01 4.288302495978539852e+00 4.057459502516495148e-02
7.000000000000000666e-01 4.646727779224507415e+00 3.737391501672734928e-02
7.000000000000000666e-01 5.005153062470474978e+00 3.425222466359900686e-02
7.000000000000000666e-01 5.363578345716442541e+00 3.138315189857760618e-02
7.000000000000000666e-01 5.722003628962410104e+00 2.862623598159305324e-02
7.000000000000000666e-01 6.080428912208377668e+00 2.598579973064673448e-02
7.000000000000000666e-01 6.438854195454345231e+00 2.343554869982939978e-02
7.000000000000000666e-01 6.797279478700311905e+00 2.111461880649491071e-02
7.000000000000000666e-01 7.155704761946279469e+00 1.888390382027320749e-02
7.000000000000000666e-01 7.514130045192247032e+00 1.677768881505371443e-02
7.000000000000000666e-01 7.872555328438214595e+00 1.486089036385343856e-02
7.000000000000000666e-01 8.230980611684181270e+00 1.304243388495394604e-02
7.000000000000000666e-01 8.589405894930148833e+00 1.140218734392509613e-02
7.000000000000000666e-01 8.947831178176116396e+00 9.858597436577789738e-03
7.000000000000000666e-01 9.306256461422083959e+00 8.521024731794068358e-03
7.000000000000000666e-01 9.664681744668051522e+00 7.296799899946707947e-03
7.000000000000000666e-01 1.002310702791401908e+01 6.193768014733637590e-03
7.000000000000000666e-01 1.038153231115998665e+01 5.230039937936392311e-03
7.000000000000000666e-01 1.073995759440595421e+01 4.380614269433410167e-03
7.000000000000000666e-01 1.109838287765192177e+01 3.643029903701442557e-03
7.000000000000000666e-01 1.145680816089788934e+01 2.993434453517941629e-03
7.000000000000000666e-01 1.181523344414385690e+01 2.455773076108105132e-03
7.000000000000000666e-01 1.217365872738982446e+01 1.989758311682313097e-03
7.000000000000000666e-01 1.253208401063579203e+01 1.601983069959402820e-03
7.000000000000000666e-01 1.289050929388175959e+01 1.265123370239575485e-03
7.000000000000000666e-01 1.324893457712772715e+01 1.000995295951696493e-03
7.000000000000000666e-01 1.360735986037369472e+01 7.721409276794263766e-04
7.000000000000000666e-01 1.396578514361966228e+01 5.888589554721748416e-04
7.000000000000000666e-01 1.432421042686562984e+01 4.432979962481853960e-04
7.000000000000000666e-01 1.468263571011159740e+01 3.222206105496061134e-04
7.000000000000000666e-01 1.504106099335756497e+01 2.289948983072243927e-04
7.000000000000000666e-01 1.539948627660353253e+01 1.500538251577169570e-04
7.000000000000000666e-01 1.575791155984950009e+01 9.526444564793405689e-05
7.000000000000000666e-01 1.611633684309546766e+01 4.892444892034406218e-05
7.000000000000000666e-01 1.647476212634143522e+01 1.400200696571220955e-05
7.000000000000000666e-01 1.664117386499134810e+01 0.000000000000000000e+00
8.000000000000000444e-01 1.000000000000000000e+00 1.206806326987755335e-01
8.000000000000000444e-01 1.083033321497453016e+00 1.154810095507296935e-01
8.000000000000000444e-01 1.172961175473805406e+00 1.088812253407443476e-01
8.000000000000000444e-01 1.270356037860952192e+00 1.048553299560306129e-01
8.000000000000000444e-01 1.375837919168890977e+00 1.014520813981489022e-01
8.000000000000000444e-01 1.490078311439628322e+00 9.813705319139200134e-02
8.000000000000000444e-01 1.613804462929776751e+00 9.408000984753553397e-02
8.000000000000000444e-01 1.747804007734249376e+00 9.097189453659146330e-02
8.000000000000000444e-01 1.892929979822983944e+00 8.784652245323050501e-02
8.000000000000000444e-01 2.050106243409793194e+00 8.455581471279371986e-02
8.000000000000000444e-01 2.220333374222773770e+00 8.168090470108096968e-02
8.000000000000000444e-01 2.404695029116137750e+00 7.878769065883262090e-02
8.000000000000000444e-01 2.604364844572065074e+00 7.598727623940031151e-02
8.000000000000000444e-01 2.731151587767144395e+00 7.435287648530694571e-02
8.000000000000000444e-01 2.820613908008081872e+00 7.325128172373486513e-02
8.000000000000000444e-01 3.054818849451903962e+00 7.040130464765129159e-02
8.000000000000000444e-01 3.123316943959349778e+00 6.971580192590498548e-02
8.000000000000000444e-01 3.308470605094922856e+00 6.784256958474936539e-02
8.000000000000000444e-01 3.515482300151555162e+00 6.575728022707043319e-02
8.000000000000000444e-01 3.583183908512642901e+00 6.503078100984366339e-02
8.000000000000000444e-01 3.880707569972673188e+00 6.207492140016781373e-02
8.000000000000000444e-01 3.907647656343760545e+00 6.183008020160003781e-02
8.000000000000000444e-01 4.202935609267814066e+00 5.911190563550187960e-02
8.000000000000000444e-01 4.299813012535965484e+00 5.820673942124857808e-02
8.000000000000000444e-01 4.551919312945241103e+00 5.594430500384122568e-02
8.000000000000000444e-01 4.691978368728171311e+00 5.467157314892176490e-02
8.000000000000000444e-01 5.084143724920377139e+00 5.107897191259656161e-02
8.000000000000000444e-01 5.476309081112582078e+00 4.769763551563452331e-02
8.000000000000000444e-01 5.868474437304787017e+00 4.422735936374184301e-02
8.000000000000000444e-01 6.260639793496992844e+00 4.083871352802021654e-02
8.000000000000000444e-01 6.652805149689198672e+00 3.746823427712666493e-02
8.000000000000000444e-01 7.044970505881403611e+00 3.418103075182980094e-02
8.000000000000000444e-01 7.437135862073608550e+00 3.094026553461542289e-02
8.000000000000000444e-01 7.829301218265813489e+00 2.786205491251787444e-02
8.000000000000000444e-01 8.221466574458020204e+00 2.490710002833669903e-02
8.000000000000000444e-01 8.613631930650225144e+00 2.209375577947786037e-02
8.000000000000000444e-01 9.005797286842430083e+00 1.945496640705767985e-02
8.000000000000000444e-01 9.397962643034635022e+00 1.697143669406473918e-02
8.000000000000000444e-01 9.790127999226841737e+00 1.473179772454284199e-02
8.000000000000000444e-01 1.018229335541904668e+01 1.264162139328595114e-02
8.000000000000000444e-01 1.057445871161125162e+01 1.080425931080662878e-02
8.000000000000000444e-01 1.096662406780345655e+01 9.121957363391268447e-03
8.000000000000000444e-01 1.135878942399566327e+01 7.667710079936786681e-03
8.000000000000000444e-01 1.175095478018786821e+01 6.339892710296998919e-03
8.000000000000000444e-01 1.214312013638007315e+01 5.242615301106169461e-03
8.000000000000000444e-01 1.253528549257227809e+01 4.274395456658688572e-03
8.000000000000000444e-01 1.292745084876448303e+01 3.462597896720670358e-03
8.000000000000000444e-01 1.331961620495668974e+01 2.755526046690649506e-03
8.000000000000000444e-01 1.371178156114889468e+01 2.194223682492325595e-03
8.000000000000000444e-01 1.410394691734109962e+01 1.714208175064488348e-03
8.000000000000000444e-01 1.449611227353330634e+01 1.330289524096923970e-03
8.000000000000000444e-01 1.488827762972551128e+01 1.017250474065268737e-03
8.000000000000000444e-01 1.528044298591771621e+01 7.611369621228808620e-04
8.000000000000000444e-01 1.567260834210992115e+01 5.618182625783461719e-04
8.000000000000000444e-01 1.606477369830212609e+01 4.043996532510426710e-04
8.000000000000000444e-01 1.645693905449433458e+01 2.742683922986963326e-04
8.000000000000000444e-01 1.684910441068653952e+01 1.879710391726671648e-04
8.000000000000000444e-01 1.724126976687874446e+01 1.121597681952088416e-04
8.000000000000000444e-01 1.763343512307094940e+01 5.442411503934270912e-05
8.000000000000000444e-01 1.802560047926315434e+01 1.614769456705440395e-05
8.000000000000000444e-01 1.820767725178096441e+01 0.000000000000000000e+00
9.000000000000000222e-01 1.000000000000000000e+00 1.158866084659533197e-01
9.000000000000000222e-01 1.086219032985921373e+00 1.101744625729412647e-01
9.000000000000000222e-01 1.179871787620870416e+00 1.065138858708810643e-01
9.000000000000000222e-01 1.281599192196912318e+00 1.032486514194099758e-01
9.000000000000000222e-01 1.392097435223668134e+00 1.007347052508603125e-01
9.000000000000000222e-01 1.512122729910834185e+00 9.773777032420737088e-02
9.000000000000000222e-01 1.642496489439777996e+00 9.523054767723183878e-02
9.000000000000000222e-01 1.784110948442046540e+00 9.281984986861627207e-02
9.000000000000000222e-01 1.937935269156314755e+00 9.015694060364375095e-02
9.000000000000000222e-01 2.105022174052283646e+00 8.808099170791711119e-02
9.000000000000000222e-01 2.286515150312993683e+00 8.590383364255212151e-02
9.000000000000000222e-01 2.483656275480639053e+00 8.368467457010238253e-02
9.000000000000000222e-01 2.697794717821994759e+00 8.171602631631785796e-02
9.000000000000000222e-01 2.887899055629204792e+00 7.993894962874251164e-02
9.000000000000000222e-01 2.930395969587133553e+00 7.966435916595764055e-02
9.000000000000000222e-01 3.183051876350778464e+00 7.777514470086013820e-02
9.000000000000000222e-01 3.302571740540065193e+00 7.689774081385609972e-02
9.000000000000000222e-01 3.457491531073765501e+00 7.571291982581558611e-02
9.000000000000000222e-01 3.717244425450925149e+00 7.376076527126336491e-02
9.000000000000000222e-01 3.755593107439958001e+00 7.350748239196128186e-02
9.000000000000000222e-01 4.079396713452022816e+00 7.119089740671576128e-02
9.000000000000000222e-01 4.131917110361785106e+00 7.077330967703328313e-02
9.000000000000000222e-01 4.431118353251801700e+00 6.863029805254675098e-02
9.000000000000000222e-01 4.546589795272645063e+00 6.779486021547886931e-02
9.000000000000000222e-01 4.813165092715341764e+00 6.573386056249340414e-02
9.000000000000000222e-01 4.961262480183505019e+00 6.457711521335150751e-02
9.000000000000000222e-01 5.375935165094365864e+00 6.138192092358533275e-02
9.000000000000000222e-01 5.790607850005226709e+00 5.796661675771630495e-02
9.000000000000000222e-01 6.205280534916086665e+00 5.440628221549509425e-02
9.000000000000000222e-01 6.619953219826946622e+00 5.074751465590181254e-02
9.000000000000000222e-01 7.034625904737806579e+00 4.701398782855880504e-02
9.000000000000000222e-01 7.449298589648666535e+00 4.320795185188996967e-02
9.000000000000000222e-01 7.863971274559526492e+00 3.944402733669892525e-02
9.000000000000000222e-01 8.278643959470386449e+00 3.569660533706201649e-02
9.000000000000000222e-01 8.693316644381248182e+00 3.206004834419651922e-02
9.000000000000000222e-01 9.107989329292108138e+00 2.849812484991375017e-02
9.000000000000000222e-01 9.522662014202968095e+00 2.518257709143588083e-02
9.000000000000000222e-01 9.937334699113828052e+00 2.201849504352480086e-02
9.000000000000000222e-01 1.035200738402468801e+01 1.909478183579029625e-02
9.000000000000000222e-01 1.076668006893554796e+01 1.639857260636639821e-02
9.000000000000000222e-01 1.118135275384640792e+01 1.396879291357807328e-02
9.000000000000000222e-01 1.159602543875726965e+01 1.177043083836621686e-02
9.000000000000000222e-01 1.201069812366812961e+01 9.831737512529165057e-03
9.000000000000000222e-01 1.242537080857898957e+01 8.137813873429442305e-03
9.000000000000000222e-01 1.284004349348984952e+01 6.667621259123974325e-03
9.000000000000000222e-01 1.325471617840070948e+01 5.400116174198790753e-03
9.000000000000000222e-01 1.366938886331156944e+01 4.335165475891421087e-03
9.000000000000000222e-01 1.408406154822242939e+01 3.456414103944257816e-03
9.000000000000000222e-01 1.449873423313329113e+01 2.700731590211121781e-03
9.000000000000000222e-01 1.491340691804415108e+01 2.097010178627204454e-03
9.000000000000000222e-01 1.532807960295501104e+01 1.612549984849973288e-03
9.000000000000000222e-01 1.574275228786587100e+01 1.205870351822426172e-03
9.000000000000000222e-01 1.615742497277673095e+01 9.030650275761539130e-04
9.000000000000000222e-01 1.657209765768758913e+01 6.621321889317253627e-04
9.000000000000000222e-01 1.698677034259845087e+01 4.592886442269140273e-04
9.000000000000000222e-01 1.740144302750930905e+01 3.264635775417933420e-04
9.000000000000000222e-01 1.781611571242017078e+01 2.087692920266757967e-04
9.000000000000000222e-01 1.823078839733103251e+01 1.288782757708978116e-04
9.000000000000000222e-01 1.864546108224189069e+01 6.211772230301259624e-05
9.000000000000000222e-01 1.906013376715275243e+01 1.742418976947513595e-05
9.000000000000000222e-01 1.925266037086136706e+01 0.000000000000000000e+00
1.000000000000000000e+00 1.000000000000000000e+00 1.099354726340634053e-01
1.000000000000000000e+00 1.087294767690935915e+00 1.069855678464034510e-01
1.000000000000000000e+00 1.182209911848086215e+00 1.040181491704904176e-01
1.000000000000000000e+00 1.285410651464786724e+00 9.912177402565461315e-02
1.000000000000000000e+00 1.397620275671859869e+00 9.800693407322447204e-02
1.000000000000000000e+00 1.519625212956776661e+00 9.626152886142524956e-02
1.000000000000000000e+00 1.652280542899127624e+00 9.424480615358218905e-02
1.000000000000000000e+00 1.796515989051760354e+00 9.137861596266468045e-02
1.000000000000000000e+00 1.953342434969085772e+00 8.986501270138490260e-02
1.000000000000000000e+00 2.123859009050559354e+00 8.749062487990975912e-02
1.000000000000000000e+00 2.309260787853928854e+00 8.610736113123002022e-02
1.000000000000000000e+00 2.510847171867425232e+00 8.456406603052639415e-02
1.000000000000000000e+00 2.730030992443035931e+00 8.234622065428477689e-02
1.000000000000000000e+00 2.942726597118455523e+00 8.134394174509253228e-02
1.000000000000000000e+00 2.968348413717405876e+00 8.121155797086676564e-02
1.000000000000000000e+00 3.227469698918624896e+00 7.972844696297809453e-02
1.000000000000000000e+00 3.365271954653413111e+00 7.838296277307776894e-02
1.000000000000000000e+00 3.509210916515260958e+00 7.775082662641810693e-02
1.000000000000000000e+00 3.787817312188371144e+00 7.630466492032844661e-02
1.000000000000000000e+00 3.815546668250957119e+00 7.615243778805531882e-02
1.000000000000000000e+00 4.148623928269849159e+00 7.410088073615964110e-02
1.000000000000000000e+00 4.210362669723329176e+00 7.375050873026382792e-02
1.000000000000000000e+00 4.510777090325222893e+00 7.136118457445754515e-02
1.000000000000000000e+00 4.632908027258286765e+00 7.074341117159953229e-02
1.000000000000000000e+00 4.904544328530760389e+00 6.916421255114403588e-02
1.000000000000000000e+00 5.055453384793244354e+00 6.818667909502833246e-02
1.000000000000000000e+00 5.477998742328201942e+00 6.507001592254132993e-02
1.000000000000000000e+00 5.900544099863159531e+00 6.144535202517217160e-02
1.000000000000000000e+00 6.323089457398117119e+00 5.828371369264739171e-02
1.000000000000000000e+00 6.745634814933074708e+00 5.468234431625547398e-02
1.000000000000000000e+00 7.168180172468033184e+00 5.068605497436114854e-02
1.000000000000000000e+00 7.590725530002990773e+00 4.687053223417212561e-02
1.000000000000000000e+00 8.013270887537949250e+00 4.286014610687754328e-02
1.000000000000000000e+00 8.435816245072906838e+00 3.895349907993524152e-02
1.000000000000000000e+00 8.858361602607864427e+00 3.491319708754384715e-02
1.000000000000000000e+00 9.280906960142822015e+00 3.121791538794011986e-02
1.000000000000000000e+00 9.703452317677779604e+00 2.748717333543128707e-02
1.000000000000000000e+00 1.012599767521273719e+01 2.414461812979621161e-02
1.000000000000000000e+00 1.054854303274769478e+01 2.091551492368031243e-02
1.000000000000000000e+00 1.097108839028265237e+01 1.802282443217891050e-02
1.000000000000000000e+00 1.139363374781760996e+01 1.522960596950258087e-02
1.000000000000000000e+00 1.181617910535256755e+01 1.289741687727328362e-02
1.000000000000000000e+00 1.223872446288752514e+01 1.073905446176550045e-02
1.000000000000000000e+00 1.266126982042248272e+01 8.919643403625861569e-03
1.000000000000000000e+00 1.308381517795744031e+01 7.215945581420104421e-03
1.000000000000000000e+00 1.350636053549239790e+01 5.890476397756421942e-03
1.000000000000000000e+00 1.392890589302735549e+01 4.666649443658551881e-03
1.000000000000000000e+00 1.435145125056231663e+01 3.742359364427341392e-03
1.000000000000000000e+00 1.477399660809727422e+01 2.920947061210008109e-03
1.000000000000000000e+00 1.519654196563223181e+01 2.297960528034919542e-03
1.000000000000000000e+00 1.561908732316718940e+01 1.711878212083506583e-03
1.000000000000000000e+00 1.604163268070214698e+01 1.281605087623977198e-03
1.000000000000000000e+00 1.646417803823710457e+01 9.853739454254355299e-04
1.000000000000000000e+00 1.688672339577206216e+01 6.822812433473292347e-04
1.000000000000000000e+00 1.730926875330701975e+01 4.932764724273445978e-04
1.000000000000000000e+00 1.773181411084197734e+01 3.426659115638904787e-04
1.000000000000000000e+00 1.815435946837693493e+01 2.377019817122604135e-04
1.000000000000000000e+00 1.857690482591189252e+01 1.349087460165758153e-04
1.000000000000000000e+00 1.899945018344685010e+01 4.790716801489626714e-05
1.000000000000000000e+00 1.942199554098180769e+01 2.349065627735778919e-05
1.000000000000000000e+00 1.961817731412303800e+01 0.000000000000000000e+00
