# mx [GeV]: 100.0
# sigma_p [cm^2]: 6.3095734448e-32
# depth [m]: 0.3
# loc: MPI
# Columns: gamma/pi, v [km/s], f(v, gamma) [s/km]
0.000000000000000000e+00 1.000000000000000000e+00 3.110184953522111091e-04
0.000000000000000000e+00 1.276426603240975899e+00 1.082246191574492685e-04
0.000000000000000000e+00 1.629264873461295560e+00 -2.709017820525880062e-05
0.000000000000000000e+00 2.079637028212039773e+00 -5.880535949101297737e-05
0.000000000000000000e+00 2.654504027894851514e+00 -8.607953881943529792e-06
0.000000000000000000e+00 3.388279559615313907e+00 2.088142392938936365e-05
0.000000000000000000e+00 4.324890169110604532e+00 3.055793640934939976e-05
0.000000000000000000e+00 5.520404867948139227e+00 2.786677175574903619e-05
0.000000000000000000e+00 7.046391634109990143e+00 2.606660738811710456e-05
0.000000000000000000e+00 8.994201738632643384e+00 2.712813857487364068e-05
0.000000000000000000e+00 1.148043837410694579e+01 2.791088357573021621e-05
0.000000000000000000e+00 1.465393695757867754e+01 3.115485982927742567e-05
0.000000000000000000e+00 1.870467497486955111e+01 3.634555724049842604e-05
0.000000000000000000e+00 2.387514474289922362e+01 4.630209317514529790e-05
0.000000000000000000e+00 3.047486990606551061e+01 6.096321642432461400e-05
0.000000000000000000e+00 3.889893467840983021e+01 8.327086114023609872e-05
0.000000000000000000e+00 4.965163506125525572e+01 1.152812563578790942e-04
0.000000000000000000e+00 6.195442727079453960e+01 1.546784510678711770e-04
0.000000000000000000e+00 6.337666788659858241e+01 1.593196455670022776e-04
0.000000000000000000e+00 7.085044759685735016e+01 1.832150781220757301e-04
0.000000000000000000e+00 7.974646792292014652e+01 2.114524288423614369e-04
0.000000000000000000e+00 8.089566491522245428e+01 2.150516686367974983e-04
0.000000000000000000e+00 8.864248824898295709e+01 2.380957868802819515e-04
0.000000000000000000e+00 9.753850857504576766e+01 2.627585727934377696e-04
0.000000000000000000e+00 1.032573787846575755e+02 2.770455791945869461e-04
0.000000000000000000e+00 1.064345289011085782e+02 2.846077495774315723e-04
0.000000000000000000e+00 1.153305492271713888e+02 3.031810239454417900e-04
0.000000000000000000e+00 1.242265695532341852e+02 3.189798897039175778e-04
0.000000000000000000e+00 1.331225898792969815e+02 3.313127344669489042e-04
0.000000000000000000e+00 1.420186102053598063e+02 3.399970934512204805e-04
0.000000000000000000e+00 1.509146305314226311e+02 3.451880559907466147e-04
0.000000000000000000e+00 1.598106508574854274e+02 3.470039092008871833e-04
0.000000000000000000e+00 1.687066711835482238e+02 3.459556827382260927e-04
0.000000000000000000e+00 1.776026915096110201e+02 3.415002392809692857e-04
0.000000000000000000e+00 1.864987118356738165e+02 3.348365191238682182e-04
0.000000000000000000e+00 1.953947321617366697e+02 3.255303777113585369e-04
0.000000000000000000e+00 2.042907524877994661e+02 3.143323802319911956e-04
0.000000000000000000e+00 2.131867728138622624e+02 3.013739855945426279e-04
0.000000000000000000e+00 2.220827931399250588e+02 2.871126552342159093e-04
0.000000000000000000e+00 2.309788134659878551e+02 2.716075929355667379e-04
0.000000000000000000e+00 2.398748337920507083e+02 2.555478996155722605e-04
0.000000000000000000e+00 2.487708541181135047e+02 2.389331124419604303e-04
0.000000000000000000e+00 2.576668744441763010e+02 2.226081621931184809e-04
0.000000000000000000e+00 2.665628947702390974e+02 2.052618256982264926e-04
0.000000000000000000e+00 2.754589150963018938e+02 1.889537548572709066e-04
0.000000000000000000e+00 2.843549354223646901e+02 1.723652556920271832e-04
0.000000000000000000e+00 2.932509557484275433e+02 1.571841537041953317e-04
0.000000000000000000e+00 3.021469760744903397e+02 1.424002232448932665e-04
0.000000000000000000e+00 3.110429964005531360e+02 1.270627263955504782e-04
0.000000000000000000e+00 3.199390167266159324e+02 1.118547617221286948e-04
0.000000000000000000e+00 3.288350370526787856e+02 9.769241110868786280e-05
0.000000000000000000e+00 3.377310573787415819e+02 8.396425746297692051e-05
0.000000000000000000e+00 3.466270777048043783e+02 7.244974635572551077e-05
0.000000000000000000e+00 3.555230980308671747e+02 6.137543510177455698e-05
0.000000000000000000e+00 3.644191183569299710e+02 5.091967552838967399e-05
0.000000000000000000e+00 3.733151386829928242e+02 4.192739981730301749e-05
0.000000000000000000e+00 3.822111590090556206e+02 3.377270129179250175e-05
0.000000000000000000e+00 3.911071793351184169e+02 2.441500458435183517e-05
0.000000000000000000e+00 4.000031996611812133e+02 1.781623197453552126e-05
0.000000000000000000e+00 4.088992199872440096e+02 7.155764379967946706e-06
0.000000000000000000e+00 4.130295151386303019e+02 0.000000000000000000e+00
1.000000000000000056e-01 1.000000000000000000e+00 3.769152874947959467e-04
1.000000000000000056e-01 1.286328221808713979e+00 1.526326218455807909e-04
1.000000000000000056e-01 1.654640294221567887e+00 -2.432336434448428787e-05
1.000000000000000056e-01 2.128410507399076668e+00 -5.971239202156985581e-05
1.000000000000000056e-01 2.737834503261636687e+00 -1.307195675945301599e-05
1.000000000000000056e-01 3.521753788187084844e+00 2.383911282407205550e-05
1.000000000000000056e-01 4.530131288006795209e+00 3.351181750905227950e-05
1.000000000000000056e-01 5.827235724261799810e+00 3.024906505333547837e-05
1.000000000000000056e-01 7.495737767249893935e+00 2.924608722173102198e-05
1.000000000000000056e-01 9.641979033290976275e+00 2.975959094308522796e-05
1.000000000000000056e-01 1.240274974461008028e+01 3.125158404501636591e-05
1.000000000000000056e-01 1.595400702452277031e+01 3.482655610755157739e-05
1.000000000000000056e-01 2.052208948657810339e+01 4.195817711609291744e-05
1.000000000000000056e-01 2.639814287706932205e+01 5.376290132908317855e-05
1.000000000000000056e-01 3.395667618611293648e+01 7.214025185257908564e-05
1.000000000000000056e-01 4.367943089701697090e+01 1.000495278697603307e-04
1.000000000000000056e-01 5.618608467537642781e+01 1.402181283496484871e-04
1.000000000000000056e-01 7.175223179561126585e+01 1.927290957296907937e-04
1.000000000000000056e-01 7.227374639087076957e+01 1.945563016589521295e-04
1.000000000000000056e-01 8.205511636113493523e+01 2.270004871949930769e-04
1.000000000000000056e-01 9.235800092665860461e+01 2.592349821919384093e-04
1.000000000000000056e-01 9.296775967842278021e+01 2.611675185107089530e-04
1.000000000000000056e-01 1.026608854921822740e+02 2.887269884458080050e-04
1.000000000000000056e-01 1.129637700577059434e+02 3.148469275938439401e-04
1.000000000000000056e-01 1.195870529926854147e+02 3.292299688568383459e-04
1.000000000000000056e-01 1.232666546232296128e+02 3.364397541033748600e-04
1.000000000000000056e-01 1.335695391887532821e+02 3.539257090166312105e-04
1.000000000000000056e-01 1.438724237542769515e+02 3.665458271067716036e-04
1.000000000000000056e-01 1.541753083198006209e+02 3.747903961664348976e-04
1.000000000000000056e-01 1.644781928853242903e+02 3.779106626826630490e-04
1.000000000000000056e-01 1.747810774508479597e+02 3.772092745471690022e-04
1.000000000000000056e-01 1.850839620163716290e+02 3.721760107347309708e-04
1.000000000000000056e-01 1.953868465818952984e+02 3.639736380210911661e-04
1.000000000000000056e-01 2.056897311474189678e+02 3.521089696367335465e-04
1.000000000000000056e-01 2.159926157129426372e+02 3.387288306171560561e-04
1.000000000000000056e-01 2.262955002784663066e+02 3.216528571384558231e-04
1.000000000000000056e-01 2.365983848439899759e+02 3.037585738788020650e-04
1.000000000000000056e-01 2.469012694095136453e+02 2.846438818856841671e-04
1.000000000000000056e-01 2.572041539750373431e+02 2.643763397405682835e-04
1.000000000000000056e-01 2.675070385405609841e+02 2.442608706244351171e-04
1.000000000000000056e-01 2.778099231060846250e+02 2.239598612334514182e-04
1.000000000000000056e-01 2.881128076716083228e+02 2.039140124954078384e-04
1.000000000000000056e-01 2.984156922371320206e+02 1.844792096934584863e-04
1.000000000000000056e-01 3.087185768026556616e+02 1.651399434569066668e-04
1.000000000000000056e-01 3.190214613681793026e+02 1.450341150433542587e-04
1.000000000000000056e-01 3.293243459337029435e+02 1.264466506714178435e-04
1.000000000000000056e-01 3.396272304992266982e+02 1.089356547260418145e-04
1.000000000000000056e-01 3.499301150647503391e+02 9.257751643849612558e-05
1.000000000000000056e-01 3.602329996302739801e+02 7.739830231833692929e-05
1.000000000000000056e-01 3.705358841957976210e+02 6.342512987575209022e-05
1.000000000000000056e-01 3.808387687613213757e+02 5.209457359435223169e-05
1.000000000000000056e-01 3.911416533268450166e+02 4.229170188102045230e-05
1.000000000000000056e-01 4.014445378923686576e+02 3.383429655185933067e-05
1.000000000000000056e-01 4.117474224578922986e+02 2.648305404981331112e-05
1.000000000000000056e-01 4.220503070234160532e+02 2.030956456746077938e-05
1.000000000000000056e-01 4.323531915889396942e+02 1.507977960382676921e-05
1.000000000000000056e-01 4.426560761544633351e+02 1.058651253565831023e-05
1.000000000000000056e-01 4.529589607199869761e+02 6.799902039086871051e-06
1.000000000000000056e-01 4.632618452855107307e+02 3.637571261312073145e-06
1.000000000000000056e-01 4.735647298510343717e+02 1.067803934213400471e-06
1.000000000000000056e-01 4.783482119707417723e+02 0.000000000000000000e+00
2.000000000000000111e-01 1.000000000000000000e+00 5.779513118034528994e-04
2.000000000000000111e-01 1.295808431899786228e+00 3.137597859126710310e-04
2.000000000000000111e-01 1.679119492182582940e+00 3.121829149732186377e-05
2.000000000000000111e-01 2.175817196137478149e+00 -7.244096026861397870e-05
2.000000000000000111e-01 2.819442269027495396e+00 -3.767583698717770729e-05
2.000000000000000111e-01 3.653457065460494313e+00 1.971166064970753887e-05
2.000000000000000111e-01 4.734180471007557678e+00 3.924785517491633988e-05
2.000000000000000111e-01 6.134590972466894776e+00 3.932468282340643079e-05
2.000000000000000111e-01 7.949254708378910905e+00 3.756740038882809139e-05
2.000000000000000111e-01 1.030071127843647183e+01 3.759245592599586570e-05
2.000000000000000111e-01 1.334774852916320498e+01 3.924653963910879940e-05
2.000000000000000111e-01 1.729612509096765294e+01 4.337715244295040187e-05
2.000000000000000111e-01 2.241246473206933842e+01 5.210399953219084664e-05
2.000000000000000111e-01 2.904226077947203066e+01 6.672571465932270981e-05
2.000000000000000111e-01 3.763320639947231427e+01 9.023348899718603377e-05
2.000000000000000111e-01 4.876542617186122186e+01 1.262503878820254955e-04
2.000000000000000111e-01 6.319065041868428523e+01 1.788904624173041989e-04
2.000000000000000111e-01 8.188297762976284844e+01 2.510075914500116650e-04
2.000000000000000111e-01 8.249478228965112692e+01 2.533388774828703610e-04
2.000000000000000111e-01 9.434018692611385859e+01 2.980817702640394082e-04
2.000000000000000111e-01 1.061046528417083294e+02 3.398419407273478143e-04
2.000000000000000111e-01 1.061855915625765761e+02 3.401173233563899189e-04
2.000000000000000111e-01 1.180309961990392935e+02 3.781685666532961869e-04
2.000000000000000111e-01 1.298764008355020110e+02 4.111562828207846734e-04
2.000000000000000111e-01 1.374913038160851784e+02 4.298472733177476860e-04
2.000000000000000111e-01 1.417218054719647569e+02 4.389660432959496144e-04
2.000000000000000111e-01 1.535672101084274743e+02 4.600690757426339149e-04
2.000000000000000111e-01 1.654126147448902202e+02 4.750901690762476381e-04
2.000000000000000111e-01 1.772580193813529377e+02 4.838575409435298506e-04
2.000000000000000111e-01 1.891034240178156551e+02 4.854198752255726892e-04
2.000000000000000111e-01 2.009488286542783726e+02 4.829068659027986967e-04
2.000000000000000111e-01 2.127942332907410901e+02 4.733355774645521628e-04
2.000000000000000111e-01 2.246396379272038075e+02 4.605123602101967922e-04
2.000000000000000111e-01 2.364850425636665250e+02 4.426795475984079378e-04
2.000000000000000111e-01 2.483304472001292993e+02 4.212040019892243246e-04
2.000000000000000111e-01 2.601758518365920168e+02 3.981272481505751396e-04
2.000000000000000111e-01 2.720212564730547342e+02 3.726998398874847461e-04
2.000000000000000111e-01 2.838666611095174517e+02 3.458178203142521262e-04
2.000000000000000111e-01 2.957120657459801691e+02 3.186047310080410470e-04
2.000000000000000111e-01 3.075574703824428866e+02 2.902534432333505492e-04
2.000000000000000111e-01 3.194028750189056041e+02 2.594363700964619278e-04
2.000000000000000111e-01 3.312482796553683215e+02 2.297650642600364398e-04
2.000000000000000111e-01 3.430936842918310958e+02 2.026962869200507188e-04
2.000000000000000111e-01 3.549390889282938133e+02 1.778395282078943100e-04
2.000000000000000111e-01 3.667844935647565308e+02 1.551948143301307712e-04
2.000000000000000111e-01 3.786298982012192482e+02 1.336402558735352516e-04
2.000000000000000111e-01 3.904753028376819657e+02 1.141067345415314763e-04
2.000000000000000111e-01 4.023207074741446831e+02 9.690600339360948691e-05
2.000000000000000111e-01 4.141661121106074575e+02 8.131379715950267273e-05
2.000000000000000111e-01 4.260115167470701749e+02 6.745480308434743065e-05
2.000000000000000111e-01 4.378569213835328924e+02 5.554197349280678140e-05
2.000000000000000111e-01 4.497023260199956098e+02 4.496274466908766534e-05
2.000000000000000111e-01 4.615477306564583273e+02 3.577636517810599335e-05
2.000000000000000111e-01 4.733931352929210448e+02 2.790022231580081277e-05
2.000000000000000111e-01 4.852385399293837622e+02 2.121522685921040880e-05
2.000000000000000111e-01 4.970839445658464797e+02 1.556484238319879497e-05
2.000000000000000111e-01 5.089293492023091972e+02 1.085749630796800965e-05
2.000000000000000111e-01 5.207747538387719715e+02 6.895433959474773957e-06
2.000000000000000111e-01 5.326201584752346889e+02 3.652525279016036111e-06
2.000000000000000111e-01 5.444655631116974064e+02 9.832156936995107568e-07
2.000000000000000111e-01 5.499652152643408272e+02 0.000000000000000000e+00
3.000000000000000444e-01 1.000000000000000000e+00 8.911530358907605214e-04
3.000000000000000444e-01 1.303844688433509091e+00 6.002220372286865783e-04
3.000000000000000444e-01 1.700010971556274564e+00 1.570960906674973153e-04
3.000000000000000444e-01 2.216550275542338078e+00 -8.838702811664860958e-05
3.000000000000000444e-01 2.890037303411708614e+00 -7.623063687703580298e-05
3.000000000000000444e-01 3.768159787428058571e+00 8.581460493098977987e-06
3.000000000000000444e-01 4.913095124006814807e+00 4.925340171977120156e-05
3.000000000000000444e-01 6.405912981204859413e+00 5.433990129652655046e-05
3.000000000000000444e-01 8.352315615111221447e+00 5.081956512089508949e-05
3.000000000000000444e-01 1.089012235088302205e+01 5.049513685242833255e-05
3.000000000000000444e-01 1.419902818358987062e+01 5.172415583739863065e-05
3.000000000000000444e-01 1.851332747809135526e+01 5.617458978287603492e-05
3.000000000000000444e-01 2.413850369753953728e+01 6.645962738450146893e-05
3.000000000000000444e-01 3.147285983276955079e+01 8.449036307384490032e-05
3.000000000000000444e-01 4.103572112276892625e+01 1.142694442400636260e-04
3.000000000000000444e-01 5.350420702196100819e+01 1.612694184793758440e-04
3.000000000000000444e-01 6.976117613443074106e+01 2.322514838410221752e-04
3.000000000000000444e-01 9.095773896175201401e+01 3.334637651274776943e-04
3.000000000000000444e-01 9.277749250975804785e+01 3.422757151669256377e-04
3.000000000000000444e-01 1.060993888701335663e+02 4.064237126448038947e-04
3.000000000000000444e-01 1.185947648172019626e+02 4.645644858284154132e-04
3.000000000000000444e-01 1.194212852305090706e+02 4.682383648995349030e-04
3.000000000000000444e-01 1.327431815908846033e+02 5.251686249111351106e-04
3.000000000000000444e-01 1.460650779512600934e+02 5.768572591438622492e-04
3.000000000000000444e-01 1.546291541829300229e+02 6.059830584915491033e-04
3.000000000000000444e-01 1.593869743116356119e+02 6.210414052053196210e-04
3.000000000000000444e-01 1.727088706720111304e+02 6.566719279538201772e-04
3.000000000000000444e-01 1.860307670323866205e+02 6.837845149321019472e-04
3.000000000000000444e-01 1.993526633927621674e+02 7.016183378049352729e-04
3.000000000000000444e-01 2.126745597531376575e+02 7.109821401901451681e-04
3.000000000000000444e-01 2.259964561135131760e+02 7.083364299461562081e-04
3.000000000000000444e-01 2.393183524738886945e+02 7.003951865596516569e-04
3.000000000000000444e-01 2.526402488342642130e+02 6.828295330452220343e-04
3.000000000000000444e-01 2.659621451946397315e+02 6.591682389695637705e-04
3.000000000000000444e-01 2.792840415550152215e+02 6.289183016681426262e-04
3.000000000000000444e-01 2.926059379153907685e+02 5.951699935827043861e-04
3.000000000000000444e-01 3.059278342757662585e+02 5.561587398113072237e-04
3.000000000000000444e-01 3.192497306361417486e+02 5.121285209002450706e-04
3.000000000000000444e-01 3.325716269965172955e+02 4.683643995319273752e-04
3.000000000000000444e-01 3.458935233568927856e+02 4.240607667360764602e-04
3.000000000000000444e-01 3.592154197172683325e+02 3.820220577227721281e-04
3.000000000000000444e-01 3.725373160776438226e+02 3.397953613227722614e-04
3.000000000000000444e-01 3.858592124380193127e+02 2.995856345636546594e-04
3.000000000000000444e-01 3.991811087983948028e+02 2.620402895301038359e-04
3.000000000000000444e-01 4.125030051587704065e+02 2.271427318625956744e-04
3.000000000000000444e-01 4.258249015191458966e+02 1.947407000568303988e-04
3.000000000000000444e-01 4.391467978795213867e+02 1.651470586776542166e-04
3.000000000000000444e-01 4.524686942398968768e+02 1.381444758322306976e-04
3.000000000000000444e-01 4.657905906002723668e+02 1.151288343883352932e-04
3.000000000000000444e-01 4.791124869606479706e+02 9.458072162123784109e-05
3.000000000000000444e-01 4.924343833210234607e+02 7.663486831030221207e-05
3.000000000000000444e-01 5.057562796813989507e+02 6.145745512139668331e-05
3.000000000000000444e-01 5.190781760417744408e+02 4.812531451265021463e-05
3.000000000000000444e-01 5.324000724021499309e+02 3.693153524014205959e-05
3.000000000000000444e-01 5.457219687625255347e+02 2.773470666173849002e-05
3.000000000000000444e-01 5.590438651229010247e+02 2.005503364052171078e-05
3.000000000000000444e-01 5.723657614832765148e+02 1.381880099136806339e-05
3.000000000000000444e-01 5.856876578436520049e+02 8.576836546903660483e-06
3.000000000000000444e-01 5.990095542040274950e+02 4.533770214106791645e-06
3.000000000000000444e-01 6.123314505644030987e+02 1.259180278577788893e-06
3.000000000000000444e-01 6.185166167317203190e+02 0.000000000000000000e+00
4.000000000000000222e-01 1.000000000000000000e+00 1.205668290354387686e-03
4.000000000000000222e-01 1.309815421238963440e+00 9.288464862680334251e-04
4.000000000000000222e-01 1.715616437715403286e+00 3.253720828946353168e-04
4.000000000000000222e-01 2.247140867050690716e+00 -9.034159156477497023e-05
4.000000000000000222e-01 2.943339761359290652e+00 -1.207717473598087096e-04
4.000000000000000222e-01 3.855231809374209728e+00 -7.765075993919618632e-06
4.000000000000000222e-01 5.049642076369330823e+00 5.896133594806665418e-05
4.000000000000000222e-01 6.614099063365689091e+00 6.835511075673108953e-05
4.000000000000000222e-01 8.663248950798564607e+00 6.498946541798703849e-05
4.000000000000000222e-01 1.134725707378823145e+01 6.404712887678640459e-05
4.000000000000000222e-01 1.486281230401074183e+01 6.485702272319564558e-05
4.000000000000000222e-01 1.946754075877348100e+01 6.943365863163044683e-05
4.000000000000000222e-01 2.549888509943956549e+01 8.124809803698051667e-05
4.000000000000000222e-01 3.339883292764636735e+01 1.029458872186836909e-04
4.000000000000000222e-01 4.374630642001488923e+01 1.397046786056241297e-04
4.000000000000000222e-01 5.729958677118057864e+01 1.998689958188329841e-04
4.000000000000000222e-01 7.505188238351243513e+01 2.945774617502306303e-04
4.000000000000000222e-01 9.830411293893749303e+01 4.368207955587505320e-04
4.000000000000000222e-01 1.011912912318435360e+02 4.551989101314477199e-04
4.000000000000000222e-01 1.157213227933390129e+02 5.495932460727675443e-04
4.000000000000000222e-01 1.287602430986370621e+02 6.338638599139492097e-04
4.000000000000000222e-01 1.302513543548344899e+02 6.436928824300288581e-04
4.000000000000000222e-01 1.447813859163299810e+02 7.342399411158635454e-04
4.000000000000000222e-01 1.593114174778254437e+02 8.194022195411608577e-04
4.000000000000000222e-01 1.686521520530726548e+02 8.683295068873538546e-04
4.000000000000000222e-01 1.738414490393209348e+02 8.955764813845190847e-04
4.000000000000000222e-01 1.883714806008164260e+02 9.605967273301510524e-04
4.000000000000000222e-01 2.029015121623119171e+02 1.013282683446922001e-03
4.000000000000000222e-01 2.174315437238073798e+02 1.052220996737294675e-03
4.000000000000000222e-01 2.319615752853028710e+02 1.077002677769382799e-03
4.000000000000000222e-01 2.464916068467983337e+02 1.087687813325685822e-03
4.000000000000000222e-01 2.610216384082938248e+02 1.082950990267718362e-03
4.000000000000000222e-01 2.755516699697893159e+02 1.066829947803760647e-03
4.000000000000000222e-01 2.900817015312848071e+02 1.036360091120606996e-03
4.000000000000000222e-01 3.046117330927802413e+02 9.937944419443067723e-04
4.000000000000000222e-01 3.191417646542757325e+02 9.435872127012808136e-04
4.000000000000000222e-01 3.336717962157712236e+02 8.832818080850389627e-04
4.000000000000000222e-01 3.482018277772667147e+02 8.193851186851211412e-04
4.000000000000000222e-01 3.627318593387622059e+02 7.503098690822115804e-04
4.000000000000000222e-01 3.772618909002576402e+02 6.808938688912172374e-04
4.000000000000000222e-01 3.917919224617531313e+02 6.129017983027978955e-04
4.000000000000000222e-01 4.063219540232486224e+02 5.434474769049958166e-04
4.000000000000000222e-01 4.208519855847441136e+02 4.774634806155256955e-04
4.000000000000000222e-01 4.353820171462396047e+02 4.151816209284292600e-04
4.000000000000000222e-01 4.499120487077350958e+02 3.582708355859534535e-04
4.000000000000000222e-01 4.644420802692305301e+02 3.047934442143012280e-04
4.000000000000000222e-01 4.789721118307260213e+02 2.562443753005510887e-04
4.000000000000000222e-01 4.935021433922215124e+02 2.138225605673738376e-04
4.000000000000000222e-01 5.080321749537170035e+02 1.752489312287455097e-04
4.000000000000000222e-01 5.225622065152124378e+02 1.424643038127930081e-04
4.000000000000000222e-01 5.370922380767078721e+02 1.141297743003129718e-04
4.000000000000000222e-01 5.516222696382034201e+02 9.021719751710658656e-05
4.000000000000000222e-01 5.661523011996989680e+02 7.035893411842160405e-05
4.000000000000000222e-01 5.806823327611944023e+02 5.322660591369194987e-05
4.000000000000000222e-01 5.952123643226898366e+02 3.938768413695389620e-05
4.000000000000000222e-01 6.097423958841852709e+02 2.801600479599013373e-05
4.000000000000000222e-01 6.242724274456809326e+02 1.909201535064339046e-05
4.000000000000000222e-01 6.388024590071763669e+02 1.170458242247282957e-05
4.000000000000000222e-01 6.533324905686718012e+02 6.157264536766069730e-06
4.000000000000000222e-01 6.678625221301673491e+02 1.715757288870952749e-06
4.000000000000000222e-01 6.746086082122902781e+02 0.000000000000000000e+00
5.000000000000000000e-01 1.000000000000000000e+00 1.343105774060013389e-03
5.000000000000000000e-01 1.313565418860099143e+00 1.079618558497615413e-03
5.000000000000000000e-01 1.725454109625107924e+00 4.049629278765558391e-04
5.000000000000000000e-01 2.266496850233584492e+00 -9.057607359995057815e-05
5.000000000000000000e-01 2.977191884422174084e+00 -1.399941020447965782e-04
5.000000000000000000e-01 3.910736304687901121e+00 -1.376258820934524985e-05
5.000000000000000000e-01 5.137007972118759369e+00 6.393567891789860176e-05
5.000000000000000000e-01 6.747796028583847416e+00 7.491319733905201991e-05
5.000000000000000000e-01 8.863671516669256789e+00 7.141306029110997022e-05
5.000000000000000000e-01 1.164301238843198050e+01 7.032143933627353085e-05
5.000000000000000000e-01 1.529385844480398049e+01 7.108663531307702515e-05
5.000000000000000000e-01 2.008948357403600582e+01 7.614381113717133890e-05
5.000000000000000000e-01 2.638885090561169022e+01 8.960135977434911803e-05
5.000000000000000000e-01 3.466348199306653299e+01 1.146129880203705079e-04
5.000000000000000000e-01 4.553275124337194768e+01 1.580215151407995077e-04
5.000000000000000000e-01 5.981024745885257943e+01 2.312200526607610315e-04
5.000000000000000000e-01 7.856467275541388062e+01 3.509377099382565159e-04
5.000000000000000000e-01 1.031998372755718663e+02 5.397213215937903940e-04
5.000000000000000000e-01 1.068399500038666901e+02 5.709759090989154377e-04
5.000000000000000000e-01 1.221810710300629381e+02 7.011203865304632991e-04
5.000000000000000000e-01 1.355597374771805619e+02 8.191054831283950226e-04
5.000000000000000000e-01 1.375221920562591720e+02 8.360996160058870117e-04
5.000000000000000000e-01 1.528633130824554200e+02 9.705373261000865446e-04
5.000000000000000000e-01 1.682044341086516681e+02 1.100254228051941643e-03
5.000000000000000000e-01 1.780665833397779068e+02 1.178632339772815989e-03
5.000000000000000000e-01 1.835455551348479162e+02 1.221266966262917267e-03
5.000000000000000000e-01 1.988866761610441358e+02 1.330964226194979866e-03
5.000000000000000000e-01 2.142277971872403839e+02 1.423532011893983117e-03
5.000000000000000000e-01 2.295689182134366320e+02 1.494534841990795282e-03
5.000000000000000000e-01 2.449100392396328516e+02 1.548448520845944511e-03
5.000000000000000000e-01 2.602511602658291281e+02 1.578387781124890570e-03
5.000000000000000000e-01 2.755922812920253477e+02 1.589094883888281674e-03
5.000000000000000000e-01 2.909334023182216242e+02 1.577165783251948923e-03
5.000000000000000000e-01 3.062745233444178439e+02 1.543317954779358653e-03
5.000000000000000000e-01 3.216156443706140635e+02 1.490469902125130799e-03
5.000000000000000000e-01 3.369567653968103400e+02 1.422367956957482343e-03
5.000000000000000000e-01 3.522978864230065597e+02 1.340454144162822343e-03
5.000000000000000000e-01 3.676390074492028361e+02 1.248716118317042770e-03
5.000000000000000000e-01 3.829801284753990558e+02 1.146736568586512487e-03
5.000000000000000000e-01 3.983212495015953323e+02 1.042469937577252242e-03
5.000000000000000000e-01 4.136623705277915519e+02 9.374696270692219795e-04
5.000000000000000000e-01 4.290034915539878284e+02 8.325680258274262453e-04
5.000000000000000000e-01 4.443446125801840481e+02 7.300927370366348508e-04
5.000000000000000000e-01 4.596857336063802677e+02 6.348463224346489672e-04
5.000000000000000000e-01 4.750268546325765442e+02 5.442068322965891653e-04
5.000000000000000000e-01 4.903679756587727638e+02 4.632717464586766799e-04
5.000000000000000000e-01 5.057090966849690403e+02 3.871140191197155024e-04
5.000000000000000000e-01 5.210502177111652600e+02 3.201964175008281482e-04
5.000000000000000000e-01 5.363913387373614796e+02 2.622682000645078378e-04
5.000000000000000000e-01 5.517324597635576993e+02 2.112797401895077031e-04
5.000000000000000000e-01 5.670735807897539189e+02 1.686504982207053123e-04
5.000000000000000000e-01 5.824147018159502522e+02 1.322359664935909666e-04
5.000000000000000000e-01 5.977558228421464719e+02 1.017276306016131877e-04
5.000000000000000000e-01 6.130969438683426915e+02 7.714699903414864394e-05
5.000000000000000000e-01 6.284380648945389112e+02 5.623779378129369668e-05
5.000000000000000000e-01 6.437791859207351308e+02 4.026497424429253220e-05
5.000000000000000000e-01 6.591203069469313505e+02 2.705059852707143123e-05
5.000000000000000000e-01 6.744614279731276838e+02 1.679813399117057666e-05
5.000000000000000000e-01 6.898025489993239034e+02 8.727696295358740582e-06
5.000000000000000000e-01 7.051436700255201231e+02 2.418017485013151647e-06
5.000000000000000000e-01 7.122663333591112860e+02 0.000000000000000000e+00
6.000000000000000888e-01 1.000000000000000000e+00 1.208890815156414599e-03
6.000000000000000888e-01 1.315440706810890426e+00 9.239432562442629910e-04
6.000000000000000888e-01 1.730384253135134998e+00 3.081548059414151585e-04
6.000000000000000888e-01 2.276217884998517071e+00 -9.968818766987716832e-05
6.000000000000000888e-01 2.994229663498039429e+00 -1.153778692109943762e-04
6.000000000000000888e-01 3.938731584905995398e+00 4.950228772343897947e-07
6.000000000000000888e-01 5.181167859987121815e+00 6.163856696053434238e-05
6.000000000000000888e-01 6.815519111847327949e+00 6.849338369065633748e-05
6.000000000000000888e-01 8.965411277771581311e+00 6.507197264512985726e-05
6.000000000000000888e-01 1.179346694808217499e+01 6.454240398711271712e-05
6.000000000000000888e-01 1.551360649793609525e+01 6.600654217532732999e-05
6.000000000000000888e-01 2.040722949683108567e+01 7.227558532514316689e-05
6.000000000000000888e-01 2.684450039336352845e+01 8.728865489427290727e-05
6.000000000000000888e-01 3.531234857143134320e+01 1.149461787405648772e-04
6.000000000000000888e-01 4.645130076395619056e+01 1.636354097198081852e-04
6.000000000000000888e-01 6.110393190922380313e+01 2.472728458282396832e-04
6.000000000000000888e-01 8.037859937959386514e+01 3.879285653924045558e-04
6.000000000000000888e-01 1.057332815803623305e+02 6.177017071879330103e-04
6.000000000000000888e-01 1.097755232873773394e+02 6.585298548010638450e-04
6.000000000000000888e-01 1.255381625286417773e+02 8.240367574145306129e-04
6.000000000000000888e-01 1.390858626555067019e+02 9.739046655723579068e-04
6.000000000000000888e-01 1.413008017699062293e+02 9.984699301904341028e-04
6.000000000000000888e-01 1.570634410111706529e+02 1.176175761975421135e-03
6.000000000000000888e-01 1.728260802524350765e+02 1.351586875925575451e-03
6.000000000000000888e-01 1.829592054789623035e+02 1.459716963568344914e-03
6.000000000000000888e-01 1.885887194936995286e+02 1.518899833881056640e-03
6.000000000000000888e-01 2.043513587349639806e+02 1.671195893125111080e-03
6.000000000000000888e-01 2.201139979762284042e+02 1.809139753202941179e-03
6.000000000000000888e-01 2.358766372174928279e+02 1.923107484494700073e-03
6.000000000000000888e-01 2.516392764587572515e+02 2.007775613040319734e-03
6.000000000000000888e-01 2.674019157000217319e+02 2.067835107041780026e-03
6.000000000000000888e-01 2.831645549412861556e+02 2.095618783124763435e-03
6.000000000000000888e-01 2.989271941825505792e+02 2.094243587472563190e-03
6.000000000000000888e-01 3.146898334238150028e+02 2.066267826848029818e-03
6.000000000000000888e-01 3.304524726650794832e+02 2.007193031120643820e-03
6.000000000000000888e-01 3.462151119063439069e+02 1.923646367337467295e-03
6.000000000000000888e-01 3.619777511476083305e+02 1.818258069696034865e-03
6.000000000000000888e-01 3.777403903888727541e+02 1.701872477377599363e-03
6.000000000000000888e-01 3.935030296301371777e+02 1.571548184102399860e-03
6.000000000000000888e-01 4.092656688714016582e+02 1.432573497247949983e-03
6.000000000000000888e-01 4.250283081126660818e+02 1.292543229738498571e-03
6.000000000000000888e-01 4.407909473539305054e+02 1.149042051722145739e-03
6.000000000000000888e-01 4.565535865951949859e+02 1.010834161623143639e-03
6.000000000000000888e-01 4.723162258364594095e+02 8.779787365916163306e-04
6.000000000000000888e-01 4.880788650777238331e+02 7.530826827186871096e-04
6.000000000000000888e-01 5.038415043189882567e+02 6.376216652463323042e-04
6.000000000000000888e-01 5.196041435602527372e+02 5.354370407462037641e-04
6.000000000000000888e-01 5.353667828015171608e+02 4.435992443379427070e-04
6.000000000000000888e-01 5.511294220427815844e+02 3.614574759896859043e-04
6.000000000000000888e-01 5.668920612840460080e+02 2.921021708624244452e-04
6.000000000000000888e-01 5.826547005253105453e+02 2.320521732649529563e-04
6.000000000000000888e-01 5.984173397665749690e+02 1.817827558092188019e-04
6.000000000000000888e-01 6.141799790078393926e+02 1.393427780873909947e-04
6.000000000000000888e-01 6.299426182491038162e+02 1.051395221003039056e-04
6.000000000000000888e-01 6.457052574903682398e+02 7.733812116554740046e-05
6.000000000000000888e-01 6.614678967316326634e+02 5.519258468213854329e-05
6.000000000000000888e-01 6.772305359728970870e+02 3.734182037871924245e-05
6.000000000000000888e-01 6.929931752141616244e+02 2.317058606524887891e-05
6.000000000000000888e-01 7.087558144554260480e+02 1.203687645963307343e-05
6.000000000000000888e-01 7.245184536966904716e+02 3.277766892699118499e-06
6.000000000000000888e-01 7.318368219158489865e+02 0.000000000000000000e+00
7.000000000000000666e-01 1.000000000000000000e+00 8.957317269221652363e-04
7.000000000000000666e-01 1.316213268190305152e+00 5.891300772696988781e-04
7.000000000000000666e-01 1.732417367360203908e+00 1.314725869426509668e-04
7.000000000000000666e-01 2.280230724962818645e+00 -9.687159910638294029e-05
7.000000000000000666e-01 3.001269934731259692e+00 -6.569503114990996300e-05
7.000000000000000666e-01 3.950311309513935498e+00 2.008459648177458303e-05
7.000000000000000666e-01 5.199452159064460233e+00 5.223931905876555860e-05
7.000000000000000666e-01 6.843587919081371318e+00 5.349736337453146653e-05
7.000000000000000666e-01 9.007621221121780763e+00 5.107745273900515917e-05
7.000000000000000666e-01 1.185595056607304443e+01 5.132238014764432799e-05
7.000000000000000666e-01 1.560495944207370300e+01 5.411520223539845745e-05
7.000000000000000666e-01 2.053945466722898061e+01 6.184251699146855140e-05
7.000000000000000666e-01 2.703430275440008046e+01 7.825720509010568489e-05
7.000000000000000666e-01 3.558290798161508661e+01 1.077935250845790102e-04
7.000000000000000666e-01 4.683469560619649030e+01 1.600114577211323959e-04
7.000000000000000666e-01 6.164444776852998586e+01 2.507658541331750650e-04
7.000000000000000666e-01 8.113724006320343562e+01 4.061686310157514696e-04
7.000000000000000666e-01 1.067939119155303160e+02 6.660437004816636194e-04
7.000000000000000666e-01 1.110069766384803387e+02 7.141564724318736485e-04
7.000000000000000666e-01 1.269464399506723851e+02 9.053992659214751436e-04
7.000000000000000666e-01 1.405635638251677619e+02 1.079339535874553838e-03
7.000000000000000666e-01 1.428859032628644457e+02 1.109772337131178415e-03
7.000000000000000666e-01 1.588253665750564778e+02 1.320882542094553710e-03
7.000000000000000666e-01 1.747648298872485384e+02 1.531445481619536555e-03
7.000000000000000666e-01 1.850116277308006261e+02 1.662804608849954759e-03
7.000000000000000666e-01 1.907042931994405990e+02 1.735625970281172220e-03
7.000000000000000666e-01 2.066437565116326311e+02 1.925705230928127744e-03
7.000000000000000666e-01 2.225832198238246633e+02 2.096405764336548884e-03
7.000000000000000666e-01 2.385226831360167239e+02 2.241646847239577890e-03
7.000000000000000666e-01 2.544621464482087845e+02 2.359444089543184971e-03
7.000000000000000666e-01 2.704016097604008451e+02 2.438161115123409824e-03
7.000000000000000666e-01 2.863410730725928488e+02 2.482719661421440172e-03
7.000000000000000666e-01 3.022805363847849094e+02 2.494131397961415249e-03
7.000000000000000666e-01 3.182199996969769700e+02 2.466045677921427804e-03
7.000000000000000666e-01 3.341594630091690306e+02 2.404075270461771777e-03
7.000000000000000666e-01 3.500989263213610343e+02 2.316660098802726317e-03
7.000000000000000666e-01 3.660383896335530949e+02 2.200961012283873981e-03
7.000000000000000666e-01 3.819778529457451555e+02 2.062865754040167209e-03
7.000000000000000666e-01 3.979173162579372161e+02 1.909062581580515299e-03
7.000000000000000666e-01 4.138567795701292766e+02 1.745375591596942623e-03
7.000000000000000666e-01 4.297962428823213372e+02 1.575152029974647783e-03
7.000000000000000666e-01 4.457357061945133410e+02 1.405044665095410645e-03
7.000000000000000666e-01 4.616751695067054015e+02 1.236176787663319839e-03
7.000000000000000666e-01 4.776146328188974621e+02 1.075672546030773721e-03
7.000000000000000666e-01 4.935540961310895227e+02 9.234865958828068029e-04
7.000000000000000666e-01 5.094935594432815833e+02 7.834663292070120433e-04
7.000000000000000666e-01 5.254330227554735302e+02 6.584208498012201170e-04
7.000000000000000666e-01 5.413724860676655908e+02 5.449366612936564326e-04
7.000000000000000666e-01 5.573119493798576514e+02 4.449415442436335257e-04
7.000000000000000666e-01 5.732514126920497119e+02 3.589653551719143836e-04
7.000000000000000666e-01 5.891908760042417725e+02 2.853057223974435341e-04
7.000000000000000666e-01 6.051303393164338331e+02 2.239261487215215857e-04
7.000000000000000666e-01 6.210698026286258937e+02 1.718239744059965482e-04
7.000000000000000666e-01 6.370092659408178406e+02 1.296131300829576915e-04
7.000000000000000666e-01 6.529487292530099012e+02 9.497733879948347217e-05
7.000000000000000666e-01 6.688881925652019618e+02 6.785086496362880716e-05
7.000000000000000666e-01 6.848276558773940224e+02 4.565046481861816411e-05
7.000000000000000666e-01 7.007671191895860829e+02 2.822094830761769145e-05
7.000000000000000666e-01 7.167065825017781435e+02 1.467169812370475908e-05
7.000000000000000666e-01 7.326460458139702041e+02 4.092056757789941138e-06
7.000000000000000666e-01 7.400465109232022769e+02 0.000000000000000000e+00
8.000000000000000444e-01 1.000000000000000000e+00 5.821147396429741504e-04
8.000000000000000444e-01 1.316530767304109339e+00 2.975788814284343123e-04
8.000000000000000444e-01 1.733253261258346667e+00 8.374278129427847550e-06
8.000000000000000444e-01 2.281881245976800976e+00 -7.322800932288638673e-05
8.000000000000000444e-01 3.004166867662694695e+00 -2.063737095123091659e-05
8.000000000000000444e-01 3.955078111393549367e+00 2.931175983560814041e-05
8.000000000000000444e-01 5.206982020740637651e+00 4.118734436808042191e-05
8.000000000000000444e-01 6.855152035104373986e+00 3.866747429004635224e-05
8.000000000000000444e-01 9.025018568762286364e+00 3.799263430770925403e-05
8.000000000000000444e-01 1.188171462126644506e+01 3.929456525064009748e-05
8.000000000000000444e-01 1.564264286722436559e+01 4.297322169145745843e-05
8.000000000000000444e-01 2.059402061665105421e+01 5.199313864212715201e-05
8.000000000000000444e-01 2.711266176431625397e+01 6.916246843566685606e-05
8.000000000000000444e-01 3.569465339623205580e+01 1.000019897625553010e-04
8.000000000000000444e-01 4.699310942439563377e+01 1.544050758936282516e-04
8.000000000000000444e-01 6.186787440850554987e+01 2.494967049745443828e-04
8.000000000000000444e-01 8.145096016650406057e+01 4.142898186413367708e-04
8.000000000000000444e-01 1.072326950856640764e+02 6.937049500086514553e-04
8.000000000000000444e-01 1.115168510824494348e+02 7.460701127675516348e-04
8.000000000000000444e-01 1.275295271353139697e+02 9.541163474128311122e-04
8.000000000000000444e-01 1.411751423412168265e+02 1.143898945710345718e-03
8.000000000000000444e-01 1.435422031881785188e+02 1.178266406011148392e-03
8.000000000000000444e-01 1.595548792410430394e+02 1.409447031739570477e-03
8.000000000000000444e-01 1.755675552939075601e+02 1.643043601849648741e-03
8.000000000000000444e-01 1.858614184707491006e+02 1.790190407348270013e-03
8.000000000000000444e-01 1.915802313467721092e+02 1.870356033756449777e-03
8.000000000000000444e-01 2.075929073996366583e+02 2.084248290588346271e-03
8.000000000000000444e-01 2.236055834525011790e+02 2.273963020270075488e-03
8.000000000000000444e-01 2.396182595053656996e+02 2.438697775500085242e-03
8.000000000000000444e-01 2.556309355582302487e+02 2.571008618046446547e-03
8.000000000000000444e-01 2.716436116110947978e+02 2.664419543574133957e-03
8.000000000000000444e-01 2.876562876639592901e+02 2.722099736528072866e-03
8.000000000000000444e-01 3.036689637168238391e+02 2.735229778488351519e-03
8.000000000000000444e-01 3.196816397696883882e+02 2.713365576797361310e-03
8.000000000000000444e-01 3.356943158225529373e+02 2.651196586654167714e-03
8.000000000000000444e-01 3.517069918754174296e+02 2.552832969533251097e-03
8.000000000000000444e-01 3.677196679282819787e+02 2.430095309181836121e-03
8.000000000000000444e-01 3.837323439811465278e+02 2.279262963968799963e-03
8.000000000000000444e-01 3.997450200340110769e+02 2.114877723215174629e-03
8.000000000000000444e-01 4.157576960868755691e+02 1.930915722656568762e-03
8.000000000000000444e-01 4.317703721397401182e+02 1.746910724628500822e-03
8.000000000000000444e-01 4.477830481926046673e+02 1.557638336936702575e-03
8.000000000000000444e-01 4.637957242454691595e+02 1.372045114410104559e-03
8.000000000000000444e-01 4.798084002983337086e+02 1.193922160602944827e-03
8.000000000000000444e-01 4.958210763511982577e+02 1.026655403947597175e-03
8.000000000000000444e-01 5.118337524040628068e+02 8.711212956655036733e-04
8.000000000000000444e-01 5.278464284569273559e+02 7.310166517850279905e-04
8.000000000000000444e-01 5.438591045097919050e+02 6.040683819515818304e-04
8.000000000000000444e-01 5.598717805626564541e+02 4.937241585018014916e-04
8.000000000000000444e-01 5.758844566155210032e+02 3.986617934862659749e-04
8.000000000000000444e-01 5.918971326683854386e+02 3.158437399978708190e-04
8.000000000000000444e-01 6.079098087212499877e+02 2.471315706124002556e-04
8.000000000000000444e-01 6.239224847741145368e+02 1.900416508952765119e-04
8.000000000000000444e-01 6.399351608269790859e+02 1.427899894609750589e-04
8.000000000000000444e-01 6.559478368798436350e+02 1.043091682016616988e-04
8.000000000000000444e-01 6.719605129327081841e+02 7.381681948564352788e-05
8.000000000000000444e-01 6.879731889855727331e+02 4.945523835038384314e-05
8.000000000000000444e-01 7.039858650384371686e+02 3.039521931411728816e-05
8.000000000000000444e-01 7.199985410913017176e+02 1.566234855901682760e-05
8.000000000000000444e-01 7.360112171441662667e+02 4.355386759653054549e-06
8.000000000000000444e-01 7.434456738829962887e+02 0.000000000000000000e+00
9.000000000000000222e-01 1.000000000000000000e+00 3.801868161597719495e-04
9.000000000000000222e-01 1.316665600019666593e+00 1.339788831576577740e-04
9.000000000000000222e-01 1.733608302275148505e+00 -4.098521516259326944e-05
9.000000000000000222e-01 2.282582415514184060e+00 -5.421906414485603627e-05
9.000000000000000222e-01 3.005397745717322877e+00 4.215165348607500478e-06
9.000000000000000222e-01 3.957103826162652105e+00 3.065768153016488524e-05
9.000000000000000222e-01 5.210182483614567595e+00 3.198012166039513243e-05
9.000000000000000222e-01 6.860068046000329822e+00 2.979340832313993564e-05
9.000000000000000222e-01 9.032415609962766823e+00 3.012881975562404902e-05
9.000000000000000222e-01 1.189267091871862725e+01 3.184687031128994060e-05
9.000000000000000222e-01 1.565867069103110154e+01 3.626814418994539653e-05
9.000000000000000222e-01 2.061723304091683318e+01 4.589482449395754828e-05
9.000000000000000222e-01 2.714600151256405880e+01 6.360492405423087497e-05
9.000000000000000222e-01 3.574220636967493903e+01 9.501031538358945645e-05
9.000000000000000222e-01 4.706053359575478368e+01 1.506125121969130031e-04
9.000000000000000222e-01 6.196298570410014861e+01 2.482377978117763346e-04
9.000000000000000222e-01 8.158453175109904976e+01 4.182594981542323096e-04
9.000000000000000222e-01 1.074195464503843880e+02 7.082023406176566997e-04
9.000000000000000222e-01 1.117340505318104107e+02 7.633044092843883043e-04
9.000000000000000222e-01 1.277779141979165161e+02 9.805823453569902093e-04
9.000000000000000222e-01 1.414356215809357309e+02 1.179132990346275526e-03
9.000000000000000222e-01 1.438217778640226356e+02 1.214049800206050758e-03
9.000000000000000222e-01 1.598656415301287552e+02 1.458189381619232018e-03
9.000000000000000222e-01 1.759095051962348464e+02 1.701991235726279562e-03
9.000000000000000222e-01 1.862234175530173843e+02 1.857752583152399257e-03
9.000000000000000222e-01 1.919533688623409375e+02 1.941615108762075785e-03
9.000000000000000222e-01 2.079972325284470571e+02 2.165676877412958320e-03
9.000000000000000222e-01 2.240410961945531767e+02 2.368312965530795528e-03
9.000000000000000222e-01 2.400849598606592963e+02 2.539732857076839462e-03
9.000000000000000222e-01 2.561288235267654159e+02 2.678186526985476892e-03
9.000000000000000222e-01 2.721726871928714786e+02 2.778814950571320552e-03
9.000000000000000222e-01 2.882165508589775982e+02 2.839696317417059711e-03
9.000000000000000222e-01 3.042604145250837178e+02 2.855880727862867511e-03
9.000000000000000222e-01 3.203042781911898373e+02 2.831281637111596715e-03
9.000000000000000222e-01 3.363481418572959569e+02 2.767953604744259957e-03
9.000000000000000222e-01 3.523920055234020197e+02 2.668985294288509381e-03
9.000000000000000222e-01 3.684358691895081392e+02 2.537825195574661564e-03
9.000000000000000222e-01 3.844797328556142588e+02 2.384445494243365646e-03
9.000000000000000222e-01 4.005235965217203784e+02 2.206611867448186014e-03
9.000000000000000222e-01 4.165674601878264411e+02 2.019007826896709271e-03
9.000000000000000222e-01 4.326113238539325607e+02 1.823002736524658969e-03
9.000000000000000222e-01 4.486551875200386803e+02 1.626967058100600499e-03
9.000000000000000222e-01 4.646990511861447999e+02 1.433103166694143105e-03
9.000000000000000222e-01 4.807429148522509195e+02 1.247671615569196637e-03
9.000000000000000222e-01 4.967867785183570390e+02 1.072273060968409247e-03
9.000000000000000222e-01 5.128306421844631586e+02 9.096601701179926787e-04
9.000000000000000222e-01 5.288745058505692214e+02 7.627112892054843316e-04
9.000000000000000222e-01 5.449183695166753978e+02 6.300013131710066388e-04
9.000000000000000222e-01 5.609622331827814605e+02 5.144523560388572373e-04
9.000000000000000222e-01 5.770060968488876370e+02 4.136995093255736982e-04
9.000000000000000222e-01 5.930499605149936997e+02 3.283370125445003208e-04
9.000000000000000222e-01 6.090938241810997624e+02 2.561012007972216301e-04
9.000000000000000222e-01 6.251376878472059389e+02 1.960980828288002610e-04
9.000000000000000222e-01 6.411815515133120016e+02 1.469089584649917375e-04
9.000000000000000222e-01 6.572254151794181780e+02 1.074343267321386337e-04
9.000000000000000222e-01 6.732692788455242408e+02 7.552242965530237061e-05
9.000000000000000222e-01 6.893131425116304172e+02 5.058749304035848796e-05
9.000000000000000222e-01 7.053570061777364799e+02 3.109296966707895835e-05
9.000000000000000222e-01 7.214008698438425427e+02 1.593536077161627495e-05
9.000000000000000222e-01 7.374447335099487191e+02 4.429739048321206223e-06
9.000000000000000222e-01 7.448936702120694235e+02 0.000000000000000000e+00
1.000000000000000000e+00 1.000000000000000000e+00 3.138968577811933835e-04
1.000000000000000000e+00 1.316703980115285777e+00 8.604583116281860455e-05
1.000000000000000000e+00 1.733709371251434650e+00 -4.147964660136655948e-05
1.000000000000000000e+00 2.282782029489933251e+00 -3.911532662316846069e-05
1.000000000000000000e+00 3.005748183965044618e+00 9.695517202515005457e-06
1.000000000000000000e+00 3.957680597051066673e+00 3.206292365116677361e-05
1.000000000000000000e+00 5.211093794162178661e+00 2.866466509752142849e-05
1.000000000000000000e+00 6.861467939527407189e+00 2.626720308604714948e-05
1.000000000000000000e+00 9.034522145409164651e+00 2.771200273885570693e-05
1.000000000000000000e+00 1.189579126729993774e+01 2.924084463054753814e-05
1.000000000000000000e+00 1.566323570827448641e+01 3.429564410132990548e-05
1.000000000000000000e+00 2.062384479856887864e+01 4.382640402838339845e-05
1.000000000000000000e+00 2.715549853155557258e+01 6.188280057866504878e-05
1.000000000000000000e+00 3.575575299851401212e+01 9.353252500849898064e-05
1.000000000000000000e+00 4.707974228516248161e+01 1.494375399220352620e-04
1.000000000000000000e+00 6.199008404967535313e+01 2.478406210525555594e-04
1.000000000000000000e+00 8.162259039588860787e+01 4.194816622216791628e-04
1.000000000000000000e+00 1.074727896415862176e+02 7.131518915514978600e-04
1.000000000000000000e+00 1.117959495336912710e+02 7.684548196771268580e-04
1.000000000000000000e+00 1.278487012616059246e+02 9.889297866210260655e-04
1.000000000000000000e+00 1.415098498751694649e+02 1.189996953189304636e-03
1.000000000000000000e+00 1.439014529895205783e+02 1.225815036521119786e-03
1.000000000000000000e+00 1.599542047174352035e+02 1.472102672278391032e-03
1.000000000000000000e+00 1.760069564453498572e+02 1.720711969631032786e-03
1.000000000000000000e+00 1.863265825561520899e+02 1.876544692205925997e-03
1.000000000000000000e+00 1.920597081732645108e+02 1.962594284568355656e-03
1.000000000000000000e+00 2.081124599011791361e+02 2.190396376459701356e-03
1.000000000000000000e+00 2.241652116290937897e+02 2.395686921598546345e-03
1.000000000000000000e+00 2.402179633570084434e+02 2.570817465044493780e-03
1.000000000000000000e+00 2.562707150849230970e+02 2.711525281398842815e-03
1.000000000000000000e+00 2.723234668128377507e+02 2.815693776936268114e-03
1.000000000000000000e+00 2.883762185407523475e+02 2.875369890868749011e-03
1.000000000000000000e+00 3.044289702686670580e+02 2.882881739595812010e-03
1.000000000000000000e+00 3.204817219965816548e+02 2.868842033538697347e-03
1.000000000000000000e+00 3.365344737244963085e+02 2.800668928198437897e-03
1.000000000000000000e+00 3.525872254524109621e+02 2.700117806016645063e-03
1.000000000000000000e+00 3.686399771803256158e+02 2.573584079325840022e-03
1.000000000000000000e+00 3.846927289082402694e+02 2.411874124674785735e-03
1.000000000000000000e+00 4.007454806361549231e+02 2.235761207848331166e-03
1.000000000000000000e+00 4.167982323640695768e+02 2.043191493015606829e-03
1.000000000000000000e+00 4.328509840919842304e+02 1.845903137020232484e-03
1.000000000000000000e+00 4.489037358198988272e+02 1.646598655455192928e-03
1.000000000000000000e+00 4.649564875478134809e+02 1.451371589233482881e-03
1.000000000000000000e+00 4.810092392757281345e+02 1.259692337382430560e-03
1.000000000000000000e+00 4.970619910036427882e+02 1.085016321631224320e-03
1.000000000000000000e+00 5.131147427315574987e+02 9.210451666222495282e-04
1.000000000000000000e+00 5.291674944594720955e+02 7.691789395962491402e-04
1.000000000000000000e+00 5.452202461873866923e+02 6.360904516916924753e-04
1.000000000000000000e+00 5.612729979153014028e+02 5.203293150265967532e-04
1.000000000000000000e+00 5.773257496432159996e+02 4.181791356641071950e-04
1.000000000000000000e+00 5.933785013711305965e+02 3.325136304007562742e-04
1.000000000000000000e+00 6.094312530990453070e+02 2.579830933146402892e-04
1.000000000000000000e+00 6.254840048269600175e+02 1.979794401762057703e-04
1.000000000000000000e+00 6.415367565548745006e+02 1.463277840274524681e-04
1.000000000000000000e+00 6.575895082827892111e+02 1.083973700260678637e-04
1.000000000000000000e+00 6.736422600107039216e+02 7.408342077228248371e-05
1.000000000000000000e+00 6.896950117386186321e+02 5.191519624481663473e-05
1.000000000000000000e+00 7.057477634665331152e+02 3.246739667980276078e-05
1.000000000000000000e+00 7.218005151944478257e+02 1.603433657437870150e-05
1.000000000000000000e+00 7.378532669223624225e+02 4.127567815792060419e-06
1.000000000000000000e+00 7.453063302246084731e+02 0.000000000000000000e+00
