# mx [GeV]: 30.0
# sigma_p [cm^2]: 6.3095734448e-30
# depth [m]: 0.3
# loc: MPI
# Columns: gamma/pi, v [km/s], f(v, gamma) [s/km]
0.000000000000000000e+00 1.000000000000000000e+00 6.224062383903323885e-03
0.000000000000000000e+00 1.150633012374028041e+00 4.654419688954199164e-03
0.000000000000000000e+00 1.323956329164930112e+00 4.627604757916555477e-03
0.000000000000000000e+00 1.523387859278704015e+00 4.417578519819821865e-03
0.000000000000000000e+00 1.752860361535876876e+00 4.085615856177986921e-03
0.000000000000000000e+00 2.016898998065054016e+00 3.604951511164143901e-03
0.000000000000000000e+00 2.320710569797752143e+00 3.330128318504700820e-03
0.000000000000000000e+00 2.670286193774634498e+00 2.980069231130104326e-03
0.000000000000000000e+00 3.072519447043685403e+00 2.672775730359116132e-03
0.000000000000000000e+00 3.535342306929658562e+00 2.512699887879832339e-03
0.000000000000000000e+00 4.067881568395819158e+00 2.314465742953839868e-03
0.000000000000000000e+00 4.680638823024066753e+00 2.051445976286851540e-03
0.000000000000000000e+00 5.385697548771007703e+00 1.905599591811075414e-03
0.000000000000000000e+00 6.196961394277802349e+00 1.647436243800643038e-03
0.000000000000000000e+00 7.130428356663425227e+00 1.550376961567655372e-03
0.000000000000000000e+00 8.204506259544826818e+00 1.366850187219278458e-03
0.000000000000000000e+00 8.628812284997465554e+00 1.336864394609348777e-03
0.000000000000000000e+00 9.440375752461633851e+00 1.273139816340669280e-03
0.000000000000000000e+00 9.867821228484281448e+00 1.203063973390964712e-03
0.000000000000000000e+00 1.086240798999766000e+01 1.137403342187933092e-03
0.000000000000000000e+00 1.110683017197109734e+01 1.120433918752516880e-03
0.000000000000000000e+00 1.234583911545791324e+01 1.004457855376125232e-03
0.000000000000000000e+00 1.249864522716672077e+01 9.963800036771612752e-04
0.000000000000000000e+00 1.358484805894472913e+01 9.360602308285038324e-04
0.000000000000000000e+00 1.438135380832911281e+01 8.498789933965140118e-04
0.000000000000000000e+00 1.482385700243154503e+01 8.318769053845921158e-04
0.000000000000000000e+00 1.606286594591836092e+01 7.784359592515708182e-04
0.000000000000000000e+00 1.730187488940517682e+01 6.975082632655805635e-04
0.000000000000000000e+00 1.854088383289199271e+01 6.514895118144846701e-04
0.000000000000000000e+00 1.977989277637880861e+01 5.938929443455045164e-04
0.000000000000000000e+00 2.101890171986562450e+01 5.506136022948448930e-04
0.000000000000000000e+00 2.225791066335244039e+01 4.887046690092910692e-04
0.000000000000000000e+00 2.349691960683925274e+01 4.528848459942603458e-04
0.000000000000000000e+00 2.473592855032606863e+01 4.041720509742647996e-04
0.000000000000000000e+00 2.597493749381288453e+01 3.733565776683592003e-04
0.000000000000000000e+00 2.721394643729970042e+01 3.362148930173887050e-04
0.000000000000000000e+00 2.845295538078651632e+01 2.935568720827055758e-04
0.000000000000000000e+00 2.969196432427333221e+01 2.703302414075896601e-04
0.000000000000000000e+00 3.093097326776014810e+01 2.373610793434099682e-04
0.000000000000000000e+00 3.216998221124696045e+01 2.178401240768535157e-04
0.000000000000000000e+00 3.340899115473378345e+01 1.940342837733037031e-04
0.000000000000000000e+00 3.464800009822059224e+01 1.771416970979652525e-04
0.000000000000000000e+00 3.588700904170741524e+01 1.520351530332151864e-04
0.000000000000000000e+00 3.712601798519422402e+01 1.341521363077039332e-04
0.000000000000000000e+00 3.836502692868103992e+01 1.133868135001038025e-04
0.000000000000000000e+00 3.960403587216785581e+01 1.050158167436769050e-04
0.000000000000000000e+00 4.084304481565467171e+01 8.799939901372986237e-05
0.000000000000000000e+00 4.208205375914148760e+01 7.634595965892940488e-05
0.000000000000000000e+00 4.332106270262830350e+01 6.924895228828678530e-05
0.000000000000000000e+00 4.456007164611511939e+01 5.697616745873343522e-05
0.000000000000000000e+00 4.579908058960193529e+01 4.753122671828602738e-05
0.000000000000000000e+00 4.703808953308875118e+01 4.058060592374116853e-05
0.000000000000000000e+00 4.827709847657556708e+01 3.226569692860525667e-05
0.000000000000000000e+00 4.951610742006238297e+01 2.710270512418441611e-05
0.000000000000000000e+00 5.075511636354919887e+01 2.111110951236971122e-05
0.000000000000000000e+00 5.199412530703601476e+01 1.661860356409201173e-05
0.000000000000000000e+00 5.323313425052283065e+01 1.094867099542901014e-05
0.000000000000000000e+00 5.447214319400964655e+01 8.753064642554219118e-06
0.000000000000000000e+00 5.571115213749646244e+01 4.548855288457698690e-06
0.000000000000000000e+00 5.695016108098327834e+01 1.769845856422407587e-06
0.000000000000000000e+00 5.752541523331644413e+01 0.000000000000000000e+00
1.000000000000000056e-01 1.000000000000000000e+00 7.241443913408765476e-03
1.000000000000000056e-01 1.152300836326314304e+00 6.147091180527202055e-03
1.000000000000000056e-01 1.327797217398323237e+00 5.092958846723279892e-03
1.000000000000000056e-01 1.530021844079840987e+00 4.913977451891204072e-03
1.000000000000000056e-01 1.763045450530730252e+00 4.546003283646812484e-03
1.000000000000000056e-01 2.031558747127863995e+00 4.118352034754558209e-03
1.000000000000000056e-01 2.340966843361476979e+00 3.661802295876497373e-03
1.000000000000000056e-01 2.697498051417602127e+00 3.284996195979568608e-03
1.000000000000000056e-01 3.108329260637105573e+00 3.048923868978057304e-03
1.000000000000000056e-01 3.581730406609691109e+00 2.780528807880561486e-03
1.000000000000000056e-01 4.127230943031737098e+00 2.522706803132690554e-03
1.000000000000000056e-01 4.755811667367313866e+00 2.282389265886636612e-03
1.000000000000000056e-01 5.480125761717797417e+00 2.083477123280868398e-03
1.000000000000000056e-01 6.314753498400798470e+00 1.885944425270092871e-03
1.000000000000000056e-01 7.276495737401759811e+00 1.688604033599226065e-03
1.000000000000000056e-01 8.384712123732906974e+00 1.544591035316787578e-03
1.000000000000000056e-01 8.869577138254294724e+00 1.473826347482759059e-03
1.000000000000000056e-01 9.661710792532817393e+00 1.383670048582148326e-03
1.000000000000000056e-01 1.014315744528568075e+01 1.340671651062907456e-03
1.000000000000000056e-01 1.113319742657853872e+01 1.237994617622241618e-03
1.000000000000000056e-01 1.141673775231706678e+01 1.209261585736562655e-03
1.000000000000000056e-01 1.269031805934845281e+01 1.110896110571094704e-03
1.000000000000000056e-01 1.282879270563242180e+01 1.097464212738227243e-03
1.000000000000000056e-01 1.396389836637983883e+01 1.006665621817792906e-03
1.000000000000000056e-01 1.478262856375716083e+01 9.554933395281729053e-04
1.000000000000000056e-01 1.523747867341122486e+01 9.262107162993114340e-04
1.000000000000000056e-01 1.651105898044261266e+01 8.378245343278057766e-04
1.000000000000000056e-01 1.778463928747399692e+01 7.731230253984694781e-04
1.000000000000000056e-01 1.905821959450538117e+01 7.082750128995919485e-04
1.000000000000000056e-01 2.033179990153676897e+01 6.438759262771458301e-04
1.000000000000000056e-01 2.160538020856815677e+01 5.905895363415524218e-04
1.000000000000000056e-01 2.287896051559954103e+01 5.361584503015171151e-04
1.000000000000000056e-01 2.415254082263092528e+01 4.840751306126125659e-04
1.000000000000000056e-01 2.542612112966231308e+01 4.418782088957807054e-04
1.000000000000000056e-01 2.669970143669370088e+01 4.002861122929055201e-04
1.000000000000000056e-01 2.797328174372508158e+01 3.605714339425753010e-04
1.000000000000000056e-01 2.924686205075646939e+01 3.247353636055036572e-04
1.000000000000000056e-01 3.052044235778785719e+01 2.921653746141099611e-04
1.000000000000000056e-01 3.179402266481924499e+01 2.610186079229430108e-04
1.000000000000000056e-01 3.306760297185062569e+01 2.331506136812460674e-04
1.000000000000000056e-01 3.434118327888201350e+01 2.081364090062662884e-04
1.000000000000000056e-01 3.561476358591340130e+01 1.850160334650115561e-04
1.000000000000000056e-01 3.688834389294478910e+01 1.633463956469050266e-04
1.000000000000000056e-01 3.816192419997616980e+01 1.441060623734637537e-04
1.000000000000000056e-01 3.943550450700755761e+01 1.260305359620609309e-04
1.000000000000000056e-01 4.070908481403894541e+01 1.106131762226469955e-04
1.000000000000000056e-01 4.198266512107033321e+01 9.599638072319340314e-05
1.000000000000000056e-01 4.325624542810171391e+01 8.289324739242094175e-05
1.000000000000000056e-01 4.452982573513310172e+01 7.092834576942464407e-05
1.000000000000000056e-01 4.580340604216448952e+01 6.081003288334957608e-05
1.000000000000000056e-01 4.707698634919587022e+01 5.141742061588223814e-05
1.000000000000000056e-01 4.835056665622725802e+01 4.271354765018744255e-05
1.000000000000000056e-01 4.962414696325864583e+01 3.497204523039541433e-05
1.000000000000000056e-01 5.089772727029003363e+01 2.834725104025081737e-05
1.000000000000000056e-01 5.217130757732142143e+01 2.212485385861032264e-05
1.000000000000000056e-01 5.344488788435280213e+01 1.724958838005388037e-05
1.000000000000000056e-01 5.471846819138418994e+01 1.248698844047278715e-05
1.000000000000000056e-01 5.599204849841557774e+01 8.366695912495077493e-06
1.000000000000000056e-01 5.726562880544695844e+01 4.593437122996054543e-06
1.000000000000000056e-01 5.853920911247834624e+01 1.366109198739804979e-06
1.000000000000000056e-01 5.913051425502863623e+01 0.000000000000000000e+00
2.000000000000000111e-01 1.000000000000000000e+00 9.833377874494363124e-03
2.000000000000000111e-01 1.157097474800491410e+00 8.768834502589705621e-03
2.000000000000000111e-01 1.338874566189673931e+00 7.714984942792210004e-03
2.000000000000000111e-01 1.549208379612675213e+00 6.559316857186966304e-03
2.000000000000000111e-01 1.792585103989587481e+00 6.205371504909620514e-03
2.000000000000000111e-01 2.074195697191328236e+00 5.653983313629244549e-03
2.000000000000000111e-01 2.400046603462130612e+00 5.074226860578208778e-03
2.000000000000000111e-01 2.777087864269527806e+00 4.544834194021839593e-03
2.000000000000000111e-01 3.213361355045360579e+00 4.105808692405598856e-03
2.000000000000000111e-01 3.718172309544472309e+00 3.749378687090573932e-03
2.000000000000000111e-01 4.302287790247020460e+00 3.403160409077382337e-03
2.000000000000000111e-01 4.978166337959813781e+00 3.081198382966681207e-03
2.000000000000000111e-01 5.760223698790109204e+00 2.724402124967167157e-03
2.000000000000000111e-01 6.665140296155981581e+00 2.510386726742376649e-03
2.000000000000000111e-01 7.712217005873086784e+00 2.248342586055671402e-03
2.000000000000000111e-01 8.923786822609155678e+00 2.025985417278994890e-03
2.000000000000000111e-01 9.597988397632647661e+00 1.926237541781627939e-03
2.000000000000000111e-01 1.032569119809895497e+01 1.808151254798862810e-03
2.000000000000000111e-01 1.097616109062605361e+01 1.724470211332612950e-03
2.000000000000000111e-01 1.194783121088996047e+01 1.618224456562831733e-03
2.000000000000000111e-01 1.235433378361945955e+01 1.571192151495931369e-03
2.000000000000000111e-01 1.373250647661286550e+01 1.427788048137397644e-03
2.000000000000000111e-01 1.382480532346327529e+01 1.419458371336352687e-03
2.000000000000000111e-01 1.511067916960627144e+01 1.299846736335898189e-03
2.000000000000000111e-01 1.599664732938774314e+01 1.224700249069067028e-03
2.000000000000000111e-01 1.648885186259967739e+01 1.187116204168601726e-03
2.000000000000000111e-01 1.786702455559308333e+01 1.086699799707172009e-03
2.000000000000000111e-01 1.924519724858648928e+01 9.840623560355592821e-04
2.000000000000000111e-01 2.062336994157989523e+01 9.032045487549448127e-04
2.000000000000000111e-01 2.200154263457330117e+01 8.226699342444197208e-04
2.000000000000000111e-01 2.337971532756670712e+01 7.471518899122906029e-04
2.000000000000000111e-01 2.475788802056011306e+01 6.798195073631141047e-04
2.000000000000000111e-01 2.613606071355351901e+01 6.164788921291863366e-04
2.000000000000000111e-01 2.751423340654692495e+01 5.568483262865559121e-04
2.000000000000000111e-01 2.889240609954033090e+01 5.014610186641738597e-04
2.000000000000000111e-01 3.027057879253373684e+01 4.532106786682802715e-04
2.000000000000000111e-01 3.164875148552714279e+01 4.043958637375191637e-04
2.000000000000000111e-01 3.302692417852054518e+01 3.637539290099408326e-04
2.000000000000000111e-01 3.440509687151395468e+01 3.246591253973894493e-04
2.000000000000000111e-01 3.578326956450736418e+01 2.891703764414885473e-04
2.000000000000000111e-01 3.716144225750076657e+01 2.549360720795571531e-04
2.000000000000000111e-01 3.853961495049416897e+01 2.266544569477289925e-04
2.000000000000000111e-01 3.991778764348757846e+01 1.988272798463486214e-04
2.000000000000000111e-01 4.129596033648098796e+01 1.749532612133896672e-04
2.000000000000000111e-01 4.267413302947439036e+01 1.529547874902250065e-04
2.000000000000000111e-01 4.405230572246779275e+01 1.329227119900485419e-04
2.000000000000000111e-01 4.543047841546120225e+01 1.149248258108273129e-04
2.000000000000000111e-01 4.680865110845461174e+01 9.862873215845597880e-05
2.000000000000000111e-01 4.818682380144801414e+01 8.456440769883745749e-05
2.000000000000000111e-01 4.956499649444141653e+01 7.169125910998666953e-05
2.000000000000000111e-01 5.094316918743482603e+01 5.944086845476970020e-05
2.000000000000000111e-01 5.232134188042823553e+01 5.005735527489772925e-05
2.000000000000000111e-01 5.369951457342163792e+01 4.102152878755294194e-05
2.000000000000000111e-01 5.507768726641504031e+01 3.286709026002227081e-05
2.000000000000000111e-01 5.645585995940844981e+01 2.573935680114581068e-05
2.000000000000000111e-01 5.783403265240185931e+01 1.973568502959950578e-05
2.000000000000000111e-01 5.921220534539526170e+01 1.416089134121880899e-05
2.000000000000000111e-01 6.059037803838866409e+01 9.202618228146608107e-06
2.000000000000000111e-01 6.196855073138207359e+01 5.228081960650114479e-06
2.000000000000000111e-01 6.334672342437547599e+01 1.549911935774530915e-06
2.000000000000000111e-01 6.398658931755098678e+01 0.000000000000000000e+00
3.000000000000000444e-01 1.000000000000000000e+00 1.547684159973024970e-02
3.000000000000000444e-01 1.164404445534040766e+00 1.417110630905787753e-02
3.000000000000000444e-01 1.355837712779436988e+00 1.238652526454849835e-02
3.000000000000000444e-01 1.578743460183082536e+00 1.082171871004715229e-02
3.000000000000000444e-01 1.838295903394975062e+00 9.530577537982925715e-03
3.000000000000000444e-01 2.140519922120124541e+00 8.833800422021500370e-03
3.000000000000000444e-01 2.492430913070851961e+00 7.918197135807991671e-03
3.000000000000000444e-01 2.902197635366168704e+00 7.047523522179841016e-03
3.000000000000000444e-01 3.379331828438747909e+00 6.332941901197497621e-03
3.000000000000000444e-01 3.934909003968756203e+00 5.760019688562603539e-03
3.000000000000000444e-01 4.581825536993144432e+00 5.200939626955869942e-03
3.000000000000000444e-01 5.335098023936211575e+00 4.696290268247761343e-03
3.000000000000000444e-01 6.212211856431201440e+00 4.209902779822588190e-03
3.000000000000000444e-01 7.233527102227767180e+00 3.793961841485143927e-03
3.000000000000000444e-01 8.422751114724981392e+00 3.393870395167122335e-03
3.000000000000000444e-01 9.807488841612565622e+00 3.028108041370647201e-03
3.000000000000000444e-01 1.081743993607698329e+01 2.829635160100634188e-03
3.000000000000000444e-01 1.141988360669917135e+01 2.719486794643515611e-03
3.000000000000000444e-01 1.237071336279572975e+01 2.534940002393487601e-03
3.000000000000000444e-01 1.329736323912182883e+01 2.400978934379911344e-03
3.000000000000000444e-01 1.392398678951447621e+01 2.311414641766430279e-03
3.000000000000000444e-01 1.547726021623322268e+01 2.094738074424005222e-03
3.000000000000000444e-01 1.548350886951438987e+01 2.094646142708607439e-03
3.000000000000000444e-01 1.703053364295196914e+01 1.909890763114767149e-03
3.000000000000000444e-01 1.802906656012830666e+01 1.786896339091604679e-03
3.000000000000000444e-01 1.858380706967071561e+01 1.737527577220123257e-03
3.000000000000000444e-01 2.013708049638946207e+01 1.588892807027155341e-03
3.000000000000000444e-01 2.169035392310820853e+01 1.439964313513134031e-03
3.000000000000000444e-01 2.324362734982695500e+01 1.314815963401508954e-03
3.000000000000000444e-01 2.479690077654570146e+01 1.197032284938246392e-03
3.000000000000000444e-01 2.635017420326444793e+01 1.081196732416391621e-03
3.000000000000000444e-01 2.790344762998319439e+01 9.814259920701915840e-04
3.000000000000000444e-01 2.945672105670194085e+01 8.862308508338707013e-04
3.000000000000000444e-01 3.100999448342068732e+01 7.999373884494294373e-04
3.000000000000000444e-01 3.256326791013943023e+01 7.140420534762995791e-04
3.000000000000000444e-01 3.411654133685817669e+01 6.427440965596266115e-04
3.000000000000000444e-01 3.566981476357692316e+01 5.750942485266834518e-04
3.000000000000000444e-01 3.722308819029566962e+01 5.108813961398339654e-04
3.000000000000000444e-01 3.877636161701441608e+01 4.538436478377361996e-04
3.000000000000000444e-01 4.032963504373316255e+01 4.015332660747047283e-04
3.000000000000000444e-01 4.188290847045190901e+01 3.538546465881513108e-04
3.000000000000000444e-01 4.343618189717065547e+01 3.098252326952672525e-04
3.000000000000000444e-01 4.498945532388940194e+01 2.719273146142059850e-04
3.000000000000000444e-01 4.654272875060814840e+01 2.357355896062399083e-04
3.000000000000000444e-01 4.809600217732689487e+01 2.051001253542484096e-04
3.000000000000000444e-01 4.964927560404564133e+01 1.770799906566300963e-04
3.000000000000000444e-01 5.120254903076438779e+01 1.515462001730803298e-04
3.000000000000000444e-01 5.275582245748313426e+01 1.292782465946931290e-04
3.000000000000000444e-01 5.430909588420188072e+01 1.093571919039716125e-04
3.000000000000000444e-01 5.586236931092062719e+01 9.217374297216633379e-05
3.000000000000000444e-01 5.741564273763937365e+01 7.675794759503070568e-05
3.000000000000000444e-01 5.896891616435812011e+01 6.241929772977871066e-05
3.000000000000000444e-01 6.052218959107686658e+01 5.129150249399252244e-05
3.000000000000000444e-01 6.207546301779561304e+01 4.096556226525079568e-05
3.000000000000000444e-01 6.362873644451435950e+01 3.169162067166844459e-05
3.000000000000000444e-01 6.518200987123310597e+01 2.385417772158246157e-05
3.000000000000000444e-01 6.673528329795185243e+01 1.722080603766720883e-05
3.000000000000000444e-01 6.828855672467059890e+01 1.126354310555945066e-05
3.000000000000000444e-01 6.984183015138934536e+01 6.164813116529012282e-06
3.000000000000000444e-01 7.139510357810809182e+01 1.766507519526760691e-06
3.000000000000000444e-01 7.211626624051322665e+01 0.000000000000000000e+00
4.000000000000000222e-01 1.000000000000000000e+00 2.402912883600879720e-02
4.000000000000000222e-01 1.173219648686135042e+00 2.283743164658297298e-02
4.000000000000000222e-01 1.376444344063217917e+00 2.004524485416967622e-02
4.000000000000000222e-01 1.614871549777866067e+00 1.724565028196308608e-02
4.000000000000000222e-01 1.894599032303622366e+00 1.550060798709900108e-02
4.000000000000000222e-01 2.222780811080347085e+00 1.400405999843389905e-02
4.000000000000000222e-01 2.607810122281966958e+00 1.257311106223768515e-02
4.000000000000000222e-01 3.059534075503795858e+00 1.116048400697919676e-02
4.000000000000000222e-01 3.589505493205822351e+00 1.002217857005339129e-02
4.000000000000000222e-01 4.211278373695886756e+00 9.094549131282565063e-03
4.000000000000000222e-01 4.940754534107004936e+00 8.235173363951835829e-03
4.000000000000000222e-01 5.796590298749450199e+00 7.421171207084786663e-03
4.000000000000000222e-01 6.800673633876288093e+00 6.662737223882544621e-03
4.000000000000000222e-01 7.978683931565398346e+00 5.991521181361115014e-03
4.000000000000000222e-01 9.360748759168867394e+00 5.362844205899369027e-03
4.000000000000000222e-01 1.098221437067127404e+01 4.801320110599536020e-03
4.000000000000000222e-01 1.248413563153483530e+01 4.401394876550842640e-03
4.000000000000000222e-01 1.288454968575477366e+01 4.303870315617261931e-03
4.000000000000000222e-01 1.427672946580650404e+01 3.979117376341027683e-03
4.000000000000000222e-01 1.511640685580026222e+01 3.809435503661471375e-03
4.000000000000000222e-01 1.606932330007817455e+01 3.622625476824707300e-03
4.000000000000000222e-01 1.773486554075867261e+01 3.321157744332705643e-03
4.000000000000000222e-01 1.786191713434984152e+01 3.299421135891178816e-03
4.000000000000000222e-01 1.965451096862150848e+01 3.007660430625658070e-03
4.000000000000000222e-01 2.080689271922472727e+01 2.835407966262240217e-03
4.000000000000000222e-01 2.144710480289317900e+01 2.748489141308798223e-03
4.000000000000000222e-01 2.323969863716484952e+01 2.509388324727997513e-03
4.000000000000000222e-01 2.503229247143651648e+01 2.279757608089941125e-03
4.000000000000000222e-01 2.682488630570818344e+01 2.081495621044795932e-03
4.000000000000000222e-01 2.861748013997985396e+01 1.890745826131178756e-03
4.000000000000000222e-01 3.041007397425152448e+01 1.710221112435415195e-03
4.000000000000000222e-01 3.220266780852318789e+01 1.547061407159204321e-03
4.000000000000000222e-01 3.399526164279485840e+01 1.392414926737010070e-03
4.000000000000000222e-01 3.578785547706652892e+01 1.250111098907433389e-03
4.000000000000000222e-01 3.758044931133819944e+01 1.115011987673989423e-03
4.000000000000000222e-01 3.937304314560986285e+01 9.972481300464051263e-04
4.000000000000000222e-01 4.116563697988153336e+01 8.813675042649742660e-04
4.000000000000000222e-01 4.295823081415320388e+01 7.830301292680109980e-04
4.000000000000000222e-01 4.475082464842487440e+01 6.903821998338809064e-04
4.000000000000000222e-01 4.654341848269653781e+01 6.064404940909734042e-04
4.000000000000000222e-01 4.833601231696820832e+01 5.297089806815028466e-04
4.000000000000000222e-01 5.012860615123987884e+01 4.605999665498525914e-04
4.000000000000000222e-01 5.192119998551154225e+01 4.001357173498260554e-04
4.000000000000000222e-01 5.371379381978321277e+01 3.437879433939147657e-04
4.000000000000000222e-01 5.550638765405488328e+01 2.958580257063567740e-04
4.000000000000000222e-01 5.729898148832655380e+01 2.531227147347695178e-04
4.000000000000000222e-01 5.909157532259822432e+01 2.140098532386913472e-04
4.000000000000000222e-01 6.088416915686988773e+01 1.805495234786975186e-04
4.000000000000000222e-01 6.267676299114155825e+01 1.508573393684280357e-04
4.000000000000000222e-01 6.446935682541322876e+01 1.256290362496375820e-04
4.000000000000000222e-01 6.626195065968489928e+01 1.031853386246635697e-04
4.000000000000000222e-01 6.805454449395656980e+01 8.328652189109678737e-05
4.000000000000000222e-01 6.984713832822824031e+01 6.729845747064174986e-05
4.000000000000000222e-01 7.163973216249991083e+01 5.307727607945926821e-05
4.000000000000000222e-01 7.343232599677158134e+01 4.039046789814054565e-05
4.000000000000000222e-01 7.522491983104323765e+01 2.992199864412145493e-05
4.000000000000000222e-01 7.701751366531492238e+01 2.142462958858452727e-05
4.000000000000000222e-01 7.881010749958657868e+01 1.382616953619361595e-05
4.000000000000000222e-01 8.060270133385824920e+01 7.306812304053906685e-06
4.000000000000000222e-01 8.239529516812991972e+01 2.220849292358052325e-06
4.000000000000000222e-01 8.322757087689890909e+01 0.000000000000000000e+00
5.000000000000000000e-01 1.000000000000000000e+00 3.313862737068797026e-02
5.000000000000000000e-01 1.182415977958208186e+00 3.255531698964746895e-02
5.000000000000000000e-01 1.398107544930865975e+00 2.883224711694915357e-02
5.000000000000000000e-01 1.653144700030179326e+00 2.460410271811197883e-02
5.000000000000000000e-01 1.954704707192613355e+00 2.200308589158891590e-02
5.000000000000000000e-01 2.311274077974667218e+00 2.010485377095219336e-02
5.000000000000000000e-01 2.732887399237871939e+00 1.807475472902789551e-02
5.000000000000000000e-01 3.231409726819512773e+00 1.607498035678001438e-02
5.000000000000000000e-01 3.820870492320960654e+00 1.453949557553059317e-02
5.000000000000000000e-01 4.517858319829349156e+00 1.327793044448977687e-02
5.000000000000000000e-01 5.341987863517648094e+00 1.206834653185565043e-02
5.000000000000000000e-01 6.316451803882099370e+00 1.094526885295934830e-02
5.000000000000000000e-01 7.468673536913138733e+00 9.890311972877638413e-03
5.000000000000000000e-01 8.831078924199738722e+00 8.953300286727651144e-03
5.000000000000000000e-01 1.044200882258375707e+01 8.087034676077471673e-03
5.000000000000000000e-01 1.234679807380361538e+01 7.347736498095619115e-03
5.000000000000000000e-01 1.448060658817236757e+01 6.666343571840448179e-03
5.000000000000000000e-01 1.459905131908901943e+01 6.618732915360080703e-03
5.000000000000000000e-01 1.655987317519198854e+01 6.116476698130875189e-03
5.000000000000000000e-01 1.726215154272270880e+01 5.939957681347561753e-03
5.000000000000000000e-01 1.863913976221161306e+01 5.608665534714555277e-03
5.000000000000000000e-01 2.041104379805127067e+01 5.226364012531543347e-03
5.000000000000000000e-01 2.071840634923123403e+01 5.162134409712311467e-03
5.000000000000000000e-01 2.279767293625085500e+01 4.749955494029509291e-03
5.000000000000000000e-01 2.413434431362060906e+01 4.508832111443447296e-03
5.000000000000000000e-01 2.487693952327047953e+01 4.374184365851286477e-03
5.000000000000000000e-01 2.695620611029010050e+01 4.007309673549975908e-03
5.000000000000000000e-01 2.903547269730972147e+01 3.678884521495282174e-03
5.000000000000000000e-01 3.111473928432934599e+01 3.361878501424617107e-03
5.000000000000000000e-01 3.319400587134896341e+01 3.056308169147944117e-03
5.000000000000000000e-01 3.527327245836859504e+01 2.777113725540473511e-03
5.000000000000000000e-01 3.735253904538821246e+01 2.508359486239450549e-03
5.000000000000000000e-01 3.943180563240782988e+01 2.257734609187877616e-03
5.000000000000000000e-01 4.151107221942746150e+01 2.018090167814319026e-03
5.000000000000000000e-01 4.359033880644707892e+01 1.805468682555551102e-03
5.000000000000000000e-01 4.566960539346670345e+01 1.608223655009956635e-03
5.000000000000000000e-01 4.774887198048632797e+01 1.417373743528663318e-03
5.000000000000000000e-01 4.982813856750594539e+01 1.247340464311217289e-03
5.000000000000000000e-01 5.190740515452556281e+01 1.093233370935125376e-03
5.000000000000000000e-01 5.398667174154519444e+01 9.513393976504827933e-04
5.000000000000000000e-01 5.606593832856481185e+01 8.241597851940424702e-04
5.000000000000000000e-01 5.814520491558442927e+01 7.115296178457462687e-04
5.000000000000000000e-01 6.022447150260406090e+01 6.090047281674436722e-04
5.000000000000000000e-01 6.230373808962367832e+01 5.206695251518796358e-04
5.000000000000000000e-01 6.438300467664329574e+01 4.418333164132127793e-04
5.000000000000000000e-01 6.646227126366292737e+01 3.719252218228833590e-04
5.000000000000000000e-01 6.854153785068254479e+01 3.112118943249576625e-04
5.000000000000000000e-01 7.062080443770217641e+01 2.590708749538748394e-04
5.000000000000000000e-01 7.270007102472179383e+01 2.140388857328736553e-04
5.000000000000000000e-01 7.477933761174141125e+01 1.746676915555094316e-04
5.000000000000000000e-01 7.685860419876104288e+01 1.417333913923786101e-04
5.000000000000000000e-01 7.893787078578066030e+01 1.131355632644461191e-04
5.000000000000000000e-01 8.101713737280027772e+01 8.931648150722323659e-05
5.000000000000000000e-01 8.309640395981989514e+01 6.900357020649264879e-05
5.000000000000000000e-01 8.517567054683952676e+01 5.254816447264685890e-05
5.000000000000000000e-01 8.725493713385914418e+01 3.843284103891315561e-05
5.000000000000000000e-01 8.933420372087876160e+01 2.677460875793044595e-05
5.000000000000000000e-01 9.141347030789839323e+01 1.706325986325718668e-05
5.000000000000000000e-01 9.349273689491801065e+01 9.067372599643004754e-06
5.000000000000000000e-01 9.557200348193762807e+01 2.624889423705771482e-06
5.000000000000000000e-01 9.653737725448245044e+01 0.000000000000000000e+00
6.000000000000000888e-01 1.000000000000000000e+00 3.819537706474411543e-02
6.000000000000000888e-01 1.190982409031326128e+00 3.795972936223897948e-02
6.000000000000000888e-01 1.418439098622061190e+00 3.367600376523739031e-02
6.000000000000000888e-01 1.689336014741125380e+00 2.881569540587496092e-02
6.000000000000000888e-01 2.011969476499765541e+00 2.640429554752004443e-02
6.000000000000000888e-01 2.396220254019187035e+00 2.398592646354832936e-02
6.000000000000000888e-01 2.853856170701427608e+00 2.158150491822099712e-02
6.000000000000000888e-01 3.398892497210901809e+00 1.939103023614293514e-02
6.000000000000000888e-01 4.048021174366740027e+00 1.780206017917600192e-02
6.000000000000000888e-01 4.821122010057118601e+00 1.642921101709016174e-02
6.000000000000000888e-01 5.741871505771777962e+00 1.503503308440033888e-02
6.000000000000000888e-01 6.838467958292398841e+00 1.385209945269749894e-02
6.000000000000000888e-01 8.144495043050616445e+00 1.264258613507081817e-02
6.000000000000000888e-01 9.699950326716118454e+00 1.166798818474381119e-02
6.000000000000000888e-01 1.155247020759655996e+01 1.074801064644644727e-02
6.000000000000000888e-01 1.375878879810598043e+01 1.001982327672321788e-02
6.000000000000000888e-01 1.638647542812148217e+01 9.248938101546073584e-03
6.000000000000000888e-01 1.660935785723766855e+01 9.189737165604115396e-03
6.000000000000000888e-01 1.899429129314872000e+01 8.577647122882371689e-03
6.000000000000000888e-01 1.951600398091675359e+01 8.446353788943386509e-03
6.000000000000000888e-01 2.137922472905976790e+01 8.025344801904929840e-03
6.000000000000000888e-01 2.324321743585719346e+01 7.601249510782559504e-03
6.000000000000000888e-01 2.376415816497081934e+01 7.504536548426018160e-03
6.000000000000000888e-01 2.614909160088186724e+01 7.026741129973781280e-03
6.000000000000000888e-01 2.768226309539612018e+01 6.715242495166718131e-03
6.000000000000000888e-01 2.853402503679291868e+01 6.533155274920930330e-03
6.000000000000000888e-01 3.091895847270397013e+01 6.089205932141541350e-03
6.000000000000000888e-01 3.330389190861501447e+01 5.637411068564103338e-03
6.000000000000000888e-01 3.568882534452606592e+01 5.192901857071255747e-03
6.000000000000000888e-01 3.807375878043711737e+01 4.762646708045742416e-03
6.000000000000000888e-01 4.045869221634816881e+01 4.348598188512020624e-03
6.000000000000000888e-01 4.284362565225922026e+01 3.945456641457156452e-03
6.000000000000000888e-01 4.522855908817027171e+01 3.562503909004839566e-03
6.000000000000000888e-01 4.761349252408132315e+01 3.199855739570293608e-03
6.000000000000000888e-01 4.999842595999236750e+01 2.851698023742374119e-03
6.000000000000000888e-01 5.238335939590341894e+01 2.535407719485273815e-03
6.000000000000000888e-01 5.476829283181447039e+01 2.233933996060684032e-03
6.000000000000000888e-01 5.715322626772552184e+01 1.960311023650437249e-03
6.000000000000000888e-01 5.953815970363657328e+01 1.704328204021084495e-03
6.000000000000000888e-01 6.192309313954761762e+01 1.478598338859767958e-03
6.000000000000000888e-01 6.430802657545866907e+01 1.273303021831812768e-03
6.000000000000000888e-01 6.669296001136972052e+01 1.087744536475688173e-03
6.000000000000000888e-01 6.907789344728077197e+01 9.244970902107597964e-04
6.000000000000000888e-01 7.146282688319182341e+01 7.815729610106407661e-04
6.000000000000000888e-01 7.384776031910287486e+01 6.524453882239797430e-04
6.000000000000000888e-01 7.623269375501391210e+01 5.450019061887141636e-04
6.000000000000000888e-01 7.861762719092496354e+01 4.497702904079434595e-04
6.000000000000000888e-01 8.100256062683601499e+01 3.689207343644034464e-04
6.000000000000000888e-01 8.338749406274706644e+01 3.003095048564398710e-04
6.000000000000000888e-01 8.577242749865811788e+01 2.403693306568702539e-04
6.000000000000000888e-01 8.815736093456916933e+01 1.928435331918048863e-04
6.000000000000000888e-01 9.054229437048022078e+01 1.517910267518895464e-04
6.000000000000000888e-01 9.292722780639127222e+01 1.169313575751744082e-04
6.000000000000000888e-01 9.531216124230232367e+01 8.999273876336023458e-05
6.000000000000000888e-01 9.769709467821337512e+01 6.690500661581643956e-05
6.000000000000000888e-01 1.000820281141244266e+02 4.817306300642198026e-05
6.000000000000000888e-01 1.024669615500354780e+02 3.287867075243501894e-05
6.000000000000000888e-01 1.048518949859465295e+02 2.061578490615159108e-05
6.000000000000000888e-01 1.072368284218575667e+02 1.077985067918866752e-05
6.000000000000000888e-01 1.096217618577686181e+02 3.002728126325858472e-06
6.000000000000000888e-01 1.107290523815844665e+02 0.000000000000000000e+00
7.000000000000000666e-01 1.000000000000000000e+00 3.657303683389986210e-02
7.000000000000000666e-01 1.198209246561615204e+00 3.563142779212122996e-02
7.000000000000000666e-01 1.435705398545753742e+00 3.137018613532104733e-02
7.000000000000000666e-01 1.720275483875951306e+00 2.729120081817903651e-02
7.000000000000000666e-01 2.061249991413421689e+00 2.469261258772430592e-02
7.000000000000000666e-01 2.469808799186612003e+00 2.319214392185991319e-02
7.000000000000000666e-01 2.959347740424638662e+00 2.096317891807143730e-02
7.000000000000000666e-01 3.545917826368024883e+00 1.915062937033866139e-02
7.000000000000000666e-01 4.248751527101831904e+00 1.781584166646806716e-02
7.000000000000000666e-01 5.090893366116198138e+00 1.671775503258244450e-02
7.000000000000000666e-01 6.099955504539614992e+00 1.556145524980673440e-02
7.000000000000000666e-01 7.309023089153789954e+00 1.454509883151364549e-02
7.000000000000000666e-01 8.757739048756414846e+00 1.362107965359696596e-02
7.000000000000000666e-01 1.049360390719365732e+01 1.282956125669348739e-02
7.000000000000000666e-01 1.257353323135453849e+01 1.222815045577164451e-02
7.000000000000000666e-01 1.506572377975875021e+01 1.166644043611550149e-02
7.000000000000000666e-01 1.805188953905014770e+01 1.113270736992571369e-02
7.000000000000000666e-01 1.863253380699883266e+01 1.101911244881666543e-02
7.000000000000000666e-01 2.130797455877302227e+01 1.057222930212610781e-02
7.000000000000000666e-01 2.162994096359878426e+01 1.051955330295538393e-02
7.000000000000000666e-01 2.398341531054721543e+01 1.014443604746891221e-02
7.000000000000000666e-01 2.591719526516591188e+01 9.843830275564752902e-03
7.000000000000000666e-01 2.665885606232140503e+01 9.721871725217018367e-03
7.000000000000000666e-01 2.933429681409559464e+01 9.270801807967210886e-03
7.000000000000000666e-01 3.105422301166472110e+01 8.990830358334235550e-03
7.000000000000000666e-01 3.200973756586978425e+01 8.822096695504542604e-03
7.000000000000000666e-01 3.468517831764397386e+01 8.335509228438882021e-03
7.000000000000000666e-01 3.736061906941817057e+01 7.836612158650148319e-03
7.000000000000000666e-01 4.003605982119236018e+01 7.318960228727389682e-03
7.000000000000000666e-01 4.271150057296654978e+01 6.793725851642480953e-03
7.000000000000000666e-01 4.538694132474074650e+01 6.258881120395277942e-03
7.000000000000000666e-01 4.806238207651493610e+01 5.732651501507888235e-03
7.000000000000000666e-01 5.073782282828912571e+01 5.209396299465661288e-03
7.000000000000000666e-01 5.341326358006331532e+01 4.702905607773220920e-03
7.000000000000000666e-01 5.608870433183750492e+01 4.214939119195241363e-03
7.000000000000000666e-01 5.876414508361169453e+01 3.747041080212544506e-03
7.000000000000000666e-01 6.143958583538588414e+01 3.300443518853453818e-03
7.000000000000000666e-01 6.411502658716007375e+01 2.895532121091187999e-03
7.000000000000000666e-01 6.679046733893426335e+01 2.518139497307389247e-03
7.000000000000000666e-01 6.946590809070846717e+01 2.172850378389590102e-03
7.000000000000000666e-01 7.214134884248265678e+01 1.859047341270395797e-03
7.000000000000000666e-01 7.481678959425684639e+01 1.582940504139812490e-03
7.000000000000000666e-01 7.749223034603103599e+01 1.330587809396177297e-03
7.000000000000000666e-01 8.016767109780522560e+01 1.115863019713027792e-03
7.000000000000000666e-01 8.284311184957941521e+01 9.269898500327019121e-04
7.000000000000000666e-01 8.551855260135360481e+01 7.625230287502968250e-04
7.000000000000000666e-01 8.819399335312779442e+01 6.233185630676267965e-04
7.000000000000000666e-01 9.086943410490199824e+01 5.039764769232210227e-04
7.000000000000000666e-01 9.354487485667618785e+01 4.045763620170984517e-04
7.000000000000000666e-01 9.622031560845037745e+01 3.209291089720731896e-04
7.000000000000000666e-01 9.889575636022456706e+01 2.521454483944612695e-04
7.000000000000000666e-01 1.015711971119987567e+02 1.956752485802985158e-04
7.000000000000000666e-01 1.042466378637729463e+02 1.488314493276095014e-04
7.000000000000000666e-01 1.069220786155471359e+02 1.119658082526382964e-04
7.000000000000000666e-01 1.095975193673213255e+02 8.099275931292808514e-05
7.000000000000000666e-01 1.122729601190955151e+02 5.824234809862071792e-05
7.000000000000000666e-01 1.149484008708697047e+02 3.844043644792403692e-05
7.000000000000000666e-01 1.176238416226438943e+02 2.391157909738564032e-05
7.000000000000000666e-01 1.202992823744180981e+02 1.261063537877221561e-05
7.000000000000000666e-01 1.229747231261922877e+02 3.285902859905794221e-06
7.000000000000000666e-01 1.242168920466588844e+02 0.000000000000000000e+00
8.000000000000000444e-01 1.000000000000000000e+00 3.033610103356896778e-02
8.000000000000000444e-01 1.203633853639785034e+00 2.853811544319969848e-02
8.000000000000000444e-01 1.448734453627759322e+00 2.496335697381145760e-02
8.000000000000000444e-01 1.743745833320708538e+00 2.234809141988199771e-02
8.000000000000000444e-01 2.098831517128122659e+00 2.071663802793319992e-02
8.000000000000000444e-01 2.526224667101558463e+00 1.919939378256059134e-02
8.000000000000000444e-01 3.040649531223332147e+00 1.755283346221403126e-02
8.000000000000000444e-01 3.659828712834344966e+00 1.638940021383105544e-02
8.000000000000000444e-01 4.405093737290337153e+00 1.551226344881264686e-02
8.000000000000000444e-01 5.302119950659250236e+00 1.459785910799507591e-02
8.000000000000000444e-01 6.381811068672380571e+00 1.386906062817297100e-02
8.000000000000000444e-01 7.681363849787171461e+00 1.300446657759451140e-02
8.000000000000000444e-01 9.245549571728670202e+00 1.264224259368886862e-02
8.000000000000000444e-01 1.112825646003743962e+01 1.225418619319803074e-02
8.000000000000000444e-01 1.339434620728669856e+01 1.206350514657299200e-02
8.000000000000000444e-01 1.612188854246192449e+01 1.187274104379797308e-02
8.000000000000000444e-01 1.940485083431454782e+01 1.169728158111740107e-02
8.000000000000000444e-01 2.030227667312752260e+01 1.165075949831152237e-02
8.000000000000000444e-01 2.321747537490993807e+01 1.151832070194880840e-02
8.000000000000000444e-01 2.335633538901122108e+01 1.151559755637105061e-02
8.000000000000000444e-01 2.613267407669234998e+01 1.136987722402274525e-02
8.000000000000000444e-01 2.811247597117885277e+01 1.121600767707275383e-02
8.000000000000000444e-01 2.904787277847476190e+01 1.115485652486376475e-02
8.000000000000000444e-01 3.196307148025717737e+01 1.089778323214019365e-02
8.000000000000000444e-01 3.383712778854587100e+01 1.068632413372386063e-02
8.000000000000000444e-01 3.487827018203959284e+01 1.055675953537265829e-02
8.000000000000000444e-01 3.779346888382200120e+01 1.017345384485146900e-02
8.000000000000000444e-01 4.070866758560441667e+01 9.725617441731766386e-03
8.000000000000000444e-01 4.362386628738683214e+01 9.216399312521160112e-03
8.000000000000000444e-01 4.653906498916924761e+01 8.675477942959813546e-03
8.000000000000000444e-01 4.945426369095166308e+01 8.093148055469342322e-03
8.000000000000000444e-01 5.236946239273407144e+01 7.485688333906229813e-03
8.000000000000000444e-01 5.528466109451648691e+01 6.858195032619736863e-03
8.000000000000000444e-01 5.819985979629890238e+01 6.234448504886902324e-03
8.000000000000000444e-01 6.111505849808131074e+01 5.609918451079685085e-03
8.000000000000000444e-01 6.403025719986372621e+01 5.012892172380813312e-03
8.000000000000000444e-01 6.694545590164614168e+01 4.435942778927571759e-03
8.000000000000000444e-01 6.986065460342855715e+01 3.891739918288014601e-03
8.000000000000000444e-01 7.277585330521097262e+01 3.382179356392310977e-03
8.000000000000000444e-01 7.569105200699337388e+01 2.915735298560712639e-03
8.000000000000000444e-01 7.860625070877580356e+01 2.489135110996499277e-03
8.000000000000000444e-01 8.152144941055820482e+01 2.107314741137733538e-03
8.000000000000000444e-01 8.443664811234062029e+01 1.768467905335832690e-03
8.000000000000000444e-01 8.735184681412303576e+01 1.467978305590775549e-03
8.000000000000000444e-01 9.026704551590545123e+01 1.212432986564984487e-03
8.000000000000000444e-01 9.318224421768786669e+01 9.874343934055602231e-04
8.000000000000000444e-01 9.609744291947028216e+01 8.013476331088681707e-04
8.000000000000000444e-01 9.901264162125269763e+01 6.422115942559956025e-04
8.000000000000000444e-01 1.019278403230350989e+02 5.084363739349553966e-04
8.000000000000000444e-01 1.048430390248175144e+02 4.002932839702969545e-04
8.000000000000000444e-01 1.077582377265999298e+02 3.093728201264647651e-04
8.000000000000000444e-01 1.106734364283823453e+02 2.368447124423070241e-04
8.000000000000000444e-01 1.135886351301647608e+02 1.790780995161443440e-04
8.000000000000000444e-01 1.165038338319471762e+02 1.326619238838806498e-04
8.000000000000000444e-01 1.194190325337295917e+02 9.595040783732488026e-05
8.000000000000000444e-01 1.223342312355120072e+02 6.689678314232569228e-05
8.000000000000000444e-01 1.252494299372944226e+02 4.461246300420685247e-05
8.000000000000000444e-01 1.281646286390768239e+02 2.698028013683604671e-05
8.000000000000000444e-01 1.310798273408592536e+02 1.404111250572010089e-05
8.000000000000000444e-01 1.339950260426416548e+02 3.723314918920032052e-06
8.000000000000000444e-01 1.353485111541834840e+02 0.000000000000000000e+00
9.000000000000000222e-01 1.000000000000000000e+00 2.451808699819620768e-02
9.000000000000000222e-01 1.206991696983672258e+00 2.233154244600288676e-02
9.000000000000000222e-01 1.456828956587525203e+00 1.952355953702591615e-02
9.000000000000000222e-01 1.758380454526529801e+00 1.751554372946127411e-02
9.000000000000000222e-01 2.122350608751897294e+00 1.682857451673824140e-02
9.000000000000000222e-01 2.561659562851782646e+00 1.547621669315931217e-02
9.000000000000000222e-01 3.091901822860925186e+00 1.430023046773232394e-02
9.000000000000000222e-01 3.731899828081817638e+00 1.352956949545212374e-02
9.000000000000000222e-01 4.504372106469548775e+00 1.293788523314564481e-02
9.000000000000000222e-01 5.436739732633600219e+00 1.229803936583978401e-02
9.000000000000000222e-01 6.562099715949986312e+00 1.181185632226901261e-02
9.000000000000000222e-01 7.920399871930546176e+00 1.144042878731277475e-02
9.000000000000000222e-01 9.559856882210711504e+00 1.118203864647666218e-02
9.000000000000000222e-01 1.153866788118054743e+01 1.113245693118966421e-02
9.000000000000000222e-01 1.392707632683710095e+01 1.116040998629659435e-02
9.000000000000000222e-01 1.680986548975024775e+01 1.126926566953038479e-02
9.000000000000000222e-01 2.028936807354092053e+01 1.143569595955143924e-02
9.000000000000000222e-01 2.140585695312536885e+01 1.149693788863275119e-02
9.000000000000000222e-01 2.447951846434337142e+01 1.164532173664531087e-02
9.000000000000000222e-01 2.448909880180949372e+01 1.164760375621530508e-02
9.000000000000000222e-01 2.755317997556137044e+01 1.172867184449516431e-02
9.000000000000000222e-01 2.955813892039686763e+01 1.174181608098534384e-02
9.000000000000000222e-01 3.062684148677937301e+01 1.173768535232092881e-02
9.000000000000000222e-01 3.370050299799737559e+01 1.166258082592054948e-02
9.000000000000000222e-01 3.567642825520893979e+01 1.156345787153215642e-02
9.000000000000000222e-01 3.677416450921537461e+01 1.149629274603405915e-02
9.000000000000000222e-01 3.984782602043337363e+01 1.124084785365008464e-02
9.000000000000000222e-01 4.292148753165137975e+01 1.088893877069025025e-02
9.000000000000000222e-01 4.599514904286937877e+01 1.045620681710520382e-02
9.000000000000000222e-01 4.906881055408737780e+01 9.931488320410261292e-03
9.000000000000000222e-01 5.214247206530538392e+01 9.361569950601639212e-03
9.000000000000000222e-01 5.521613357652337584e+01 8.726944260405032974e-03
9.000000000000000222e-01 5.828979508774138196e+01 8.052403631058418707e-03
9.000000000000000222e-01 6.136345659895938809e+01 7.370946021496239432e-03
9.000000000000000222e-01 6.443711811017738000e+01 6.664037028025223026e-03
9.000000000000000222e-01 6.751077962139538613e+01 5.978934372115046227e-03
9.000000000000000222e-01 7.058444113261339226e+01 5.307072649739393716e-03
9.000000000000000222e-01 7.365810264383138417e+01 4.661936317454458759e-03
9.000000000000000222e-01 7.673176415504939030e+01 4.052763654160925107e-03
9.000000000000000222e-01 7.980542566626739642e+01 3.492698261864266625e-03
9.000000000000000222e-01 8.287908717748538834e+01 2.981666559586854288e-03
9.000000000000000222e-01 8.595274868870339446e+01 2.517954364222785811e-03
9.000000000000000222e-01 8.902641019992138638e+01 2.107928518163302862e-03
9.000000000000000222e-01 9.210007171113939251e+01 1.744674127938644799e-03
9.000000000000000222e-01 9.517373322235739863e+01 1.432892741878487308e-03
9.000000000000000222e-01 9.824739473357539055e+01 1.167041518031809678e-03
9.000000000000000222e-01 1.013210562447933967e+02 9.350398026068156747e-04
9.000000000000000222e-01 1.043947177560114028e+02 7.465176921087541325e-04
9.000000000000000222e-01 1.074683792672293947e+02 5.885148203175451708e-04
9.000000000000000222e-01 1.105420407784474008e+02 4.585886513503425392e-04
9.000000000000000222e-01 1.136157022896654070e+02 3.503596759498194034e-04
9.000000000000000222e-01 1.166893638008833989e+02 2.682408334339150282e-04
9.000000000000000222e-01 1.197630253121014050e+02 2.003654582153323869e-04
9.000000000000000222e-01 1.228366868233194111e+02 1.466971488501427100e-04
9.000000000000000222e-01 1.259103483345374030e+02 1.047481341598786620e-04
9.000000000000000222e-01 1.289840098457554234e+02 7.333269889040268548e-05
9.000000000000000222e-01 1.320576713569734295e+02 4.815906749054812757e-05
9.000000000000000222e-01 1.351313328681914072e+02 2.922848669320632419e-05
9.000000000000000222e-01 1.382049943794094133e+02 1.441190174437131680e-05
9.000000000000000222e-01 1.412786558906274195e+02 4.094576685359177294e-06
9.000000000000000222e-01 1.427057130208357876e+02 0.000000000000000000e+00
1.000000000000000000e+00 1.000000000000000000e+00 2.227782994826359164e-02
1.000000000000000000e+00 1.208119528042793434e+00 2.001559353802875516e-02
1.000000000000000000e+00 1.459552794038341927e+00 2.014594610280855472e-02
1.000000000000000000e+00 1.763314232687142047e+00 1.613252137570389197e-02
1.000000000000000000e+00 2.130294358585130610e+00 1.531792865579595028e-02
1.000000000000000000e+00 2.573650215086093151e+00 1.388333195994163015e-02
1.000000000000000000e+00 3.109277083197044433e+00 1.318407802258682662e-02
1.000000000000000000e+00 3.756378362306286522e+00 1.252035210983725756e-02
1.000000000000000000e+00 4.538154054219631917e+00 1.190371248093584182e-02
1.000000000000000000e+00 5.482632534169311178e+00 1.146356779602650776e-02
1.000000000000000000e+00 6.623675429612692511e+00 1.100393615596985397e-02
1.000000000000000000e+00 8.002191633932334014e+00 1.075050071620988618e-02
1.000000000000000000e+00 9.667603980094320093e+00 1.054220482890655744e-02
1.000000000000000000e+00 1.167962115773617882e+01 1.046880571122865353e-02
1.000000000000000000e+00 1.411037840080286010e+01 1.075440739151301180e-02
1.000000000000000000e+00 1.704702369408317963e+01 1.095390038489577750e-02
1.000000000000000000e+00 2.059484221983008467e+01 1.125179927976314130e-02
1.000000000000000000e+00 2.178910704370347062e+01 1.135577859964003074e-02
1.000000000000000000e+00 2.488103106273690912e+01 1.156058114497561864e-02
1.000000000000000000e+00 2.491779933715832840e+01 1.156422114690775285e-02
1.000000000000000000e+00 2.804649163061318262e+01 1.176687005988706972e-02
1.000000000000000000e+00 3.005925950473180563e+01 1.181616052601114526e-02
1.000000000000000000e+00 3.117518392406804040e+01 1.186135529606409042e-02
1.000000000000000000e+00 3.430387621752289817e+01 1.186610620964488258e-02
1.000000000000000000e+00 3.631517840617244985e+01 1.183147046860417648e-02
1.000000000000000000e+00 3.743256851097775950e+01 1.172937981336235995e-02
1.000000000000000000e+00 4.056126080443260662e+01 1.157313324020613210e-02
1.000000000000000000e+00 4.368995309788746795e+01 1.124898648601428686e-02
1.000000000000000000e+00 4.681864539134232928e+01 1.087417400941332983e-02
1.000000000000000000e+00 4.994733768479718350e+01 1.038133709571923378e-02
1.000000000000000000e+00 5.307602997825203772e+01 9.778960759511333770e-03
1.000000000000000000e+00 5.620472227170689905e+01 9.173202730966157487e-03
1.000000000000000000e+00 5.933341456516174617e+01 8.481786983559943399e-03
1.000000000000000000e+00 6.246210685861660750e+01 7.791247066304090099e-03
1.000000000000000000e+00 6.559079915207146882e+01 7.063481040847021872e-03
1.000000000000000000e+00 6.871949144552633015e+01 6.317455617126353090e-03
1.000000000000000000e+00 7.184818373898117727e+01 5.633867699334335968e-03
1.000000000000000000e+00 7.497687603243603860e+01 4.952883491501233748e-03
1.000000000000000000e+00 7.810556832589089993e+01 4.321006915445219261e-03
1.000000000000000000e+00 8.123426061934574705e+01 3.717899024008009760e-03
1.000000000000000000e+00 8.436295291280060837e+01 3.152251754544130747e-03
1.000000000000000000e+00 8.749164520625545549e+01 2.677340235860296413e-03
1.000000000000000000e+00 9.062033749971031682e+01 2.237439135524386339e-03
1.000000000000000000e+00 9.374902979316517815e+01 1.860605723605525744e-03
1.000000000000000000e+00 9.687772208662002527e+01 1.516748440828997926e-03
1.000000000000000000e+00 1.000064143800748866e+02 1.223308509133338561e-03
1.000000000000000000e+00 1.031351066735297479e+02 9.929062091860191980e-04
1.000000000000000000e+00 1.062637989669846093e+02 7.904574850955345400e-04
1.000000000000000000e+00 1.093924912604394564e+02 6.126171526989515528e-04
1.000000000000000000e+00 1.125211835538943177e+02 4.760306668093254828e-04
1.000000000000000000e+00 1.156498758473491790e+02 3.739328628533790215e-04
1.000000000000000000e+00 1.187785681408040261e+02 2.792652708000799007e-04
1.000000000000000000e+00 1.219072604342588875e+02 2.062833295495086164e-04
1.000000000000000000e+00 1.250359527277137488e+02 1.526161435334883213e-04
1.000000000000000000e+00 1.281646450211686101e+02 1.056091717019191060e-04
1.000000000000000000e+00 1.312933373146234715e+02 7.550317700881844932e-05
1.000000000000000000e+00 1.344220296080783328e+02 4.849457404406272545e-05
1.000000000000000000e+00 1.375507219015331657e+02 3.022057565891929796e-05
1.000000000000000000e+00 1.406794141949880270e+02 1.442581716501406956e-05
1.000000000000000000e+00 1.438081064884428883e+02 4.718942594476123117e-06
1.000000000000000000e+00 1.452607136246897994e+02 0.000000000000000000e+00
