# mx [GeV]: 10.0
# sigma_p [cm^2]: 2.75422870334e-29
# depth [m]: 0.3
# loc: MPI
# Columns: gamma/pi, v [km/s], f(v, gamma) [s/km]
0.000000000000000000e+00 1.000000000000000000e+00 6.232418009850818931e-03
0.000000000000000000e+00 1.071481552793155601e+00 6.094603577787130293e-03
0.000000000000000000e+00 1.148072717976031720e+00 5.909961730148893637e-03
0.000000000000000000e+00 1.230138738576416868e+00 5.689188461692779898e-03
0.000000000000000000e+00 1.318070965760872681e+00 5.442582064819441977e-03
0.000000000000000000e+00 1.412288725085034002e+00 5.128709859566401089e-03
0.000000000000000000e+00 1.513241316146378246e+00 4.699914476769021313e-03
0.000000000000000000e+00 1.621410155175279755e+00 4.519303518439465525e-03
0.000000000000000000e+00 1.737311070781799804e+00 4.181635547987857734e-03
0.000000000000000000e+00 1.861496763806022692e+00 4.015676069320884244e-03
0.000000000000000000e+00 1.994559443002310806e+00 3.830424409953055252e-03
0.000000000000000000e+00 2.137133649126367274e+00 3.385195357782507745e-03
0.000000000000000000e+00 2.227719569020526702e+00 3.318424938642011279e-03
0.000000000000000000e+00 2.289899280892423228e+00 3.269042402629855019e-03
0.000000000000000000e+00 2.453584837230543325e+00 3.130582339084988629e-03
0.000000000000000000e+00 2.547597250726038265e+00 3.047742942631950780e-03
0.000000000000000000e+00 2.628970891305524304e+00 2.817167343854957290e-03
0.000000000000000000e+00 2.816893812864049274e+00 2.702893283228497128e-03
0.000000000000000000e+00 2.867474932431549828e+00 2.670160727137763611e-03
0.000000000000000000e+00 3.018249756661004035e+00 2.569914315195087010e-03
0.000000000000000000e+00 3.187352614137061391e+00 2.388853916981235545e-03
0.000000000000000000e+00 3.233998935984696121e+00 2.362670515382758914e-03
0.000000000000000000e+00 3.465170201660295213e+00 2.229268519363484906e-03
0.000000000000000000e+00 3.507230295842572954e+00 2.204742385510922650e-03
0.000000000000000000e+00 3.712865948367544799e+00 1.973002897833624029e-03
0.000000000000000000e+00 3.827107977548084516e+00 1.925855630839571958e-03
0.000000000000000000e+00 4.146985659253596523e+00 1.787902497294327746e-03
0.000000000000000000e+00 4.466863340959108086e+00 1.583316749255703464e-03
0.000000000000000000e+00 4.786741022664619649e+00 1.468554254162360165e-03
0.000000000000000000e+00 5.106618704370131212e+00 1.325623898705799615e-03
0.000000000000000000e+00 5.426496386075642775e+00 1.153511584161719941e-03
0.000000000000000000e+00 5.746374067781154338e+00 1.071714875050720555e-03
0.000000000000000000e+00 6.066251749486665901e+00 9.622615711334966786e-04
0.000000000000000000e+00 6.386129431192177464e+00 8.884730409685963294e-04
0.000000000000000000e+00 6.706007112897689026e+00 7.816220567394541099e-04
0.000000000000000000e+00 7.025884794603200589e+00 7.199019261195279675e-04
0.000000000000000000e+00 7.345762476308712152e+00 6.191733540972628935e-04
0.000000000000000000e+00 7.665640158014223715e+00 5.701483159700976647e-04
0.000000000000000000e+00 7.985517839719735278e+00 5.050608832976813010e-04
0.000000000000000000e+00 8.305395521425246841e+00 4.626330696404338280e-04
0.000000000000000000e+00 8.625273203130758404e+00 3.922762511496658390e-04
0.000000000000000000e+00 8.945150884836269967e+00 3.589868770626800185e-04
0.000000000000000000e+00 9.265028566541781530e+00 3.073020871507944679e-04
0.000000000000000000e+00 9.584906248247293092e+00 2.803873177747269398e-04
0.000000000000000000e+00 9.904783929952804655e+00 2.442093260003314992e-04
0.000000000000000000e+00 1.022466161165831622e+01 2.003885268682246599e-04
0.000000000000000000e+00 1.054453929336382778e+01 1.824316825528637454e-04
0.000000000000000000e+00 1.086441697506933934e+01 1.562908490664158723e-04
0.000000000000000000e+00 1.118429465677485091e+01 1.416360126284327476e-04
0.000000000000000000e+00 1.150417233848036247e+01 1.138196290532242670e-04
0.000000000000000000e+00 1.182405002018587403e+01 9.191748836047238999e-05
0.000000000000000000e+00 1.214392770189138560e+01 8.319157502919858412e-05
0.000000000000000000e+00 1.246380538359689716e+01 6.916640833334065919e-05
0.000000000000000000e+00 1.278368306530240872e+01 5.182490577340876839e-05
0.000000000000000000e+00 1.310356074700792028e+01 4.203495345306529726e-05
0.000000000000000000e+00 1.342343842871343185e+01 2.957020746435736595e-05
0.000000000000000000e+00 1.374331611041894341e+01 2.414332819379412794e-05
0.000000000000000000e+00 1.406319379212445497e+01 1.620888006634079465e-05
0.000000000000000000e+00 1.438307147382996654e+01 7.496024997908849239e-06
0.000000000000000000e+00 1.470294915553547810e+01 2.218230955783142471e-06
0.000000000000000000e+00 1.485146379347017920e+01 0.000000000000000000e+00
1.000000000000000056e-01 1.000000000000000000e+00 7.501615446127414197e-03
1.000000000000000056e-01 1.072818681296466847e+00 7.047845153883775145e-03
1.000000000000000056e-01 1.150939922938689852e+00 6.501418945879986443e-03
1.000000000000000056e-01 1.234749850378542346e+00 6.259842347583898133e-03
1.000000000000000056e-01 1.324662706214117636e+00 5.944094954535930793e-03
1.000000000000000056e-01 1.421122897643238625e+00 5.624294681352935178e-03
1.000000000000000056e-01 1.524607193009833050e+00 5.295115804083604799e-03
1.000000000000000056e-01 1.635627078299916937e+00 4.924076437435784097e-03
1.000000000000000056e-01 1.754731285234509608e+00 4.695194470506016717e-03
1.000000000000000056e-01 1.882508503454940918e+00 4.446811345604661375e-03
1.000000000000000056e-01 2.019590290205914851e+00 4.142844231691915347e-03
1.000000000000000056e-01 2.166654191897858350e+00 3.902241310324850755e-03
1.000000000000000056e-01 2.281137536884599193e+00 3.725025483954871267e-03
1.000000000000000056e-01 2.324427092977321863e+00 3.657769392848057854e-03
1.000000000000000056e-01 2.493688808657710254e+00 3.385706612632619593e-03
1.000000000000000056e-01 2.608685490898797976e+00 3.266376617573321563e-03
1.000000000000000056e-01 2.675275939267922176e+00 3.199681158683674066e-03
1.000000000000000056e-01 2.870086005269579132e+00 2.999469631324762700e-03
1.000000000000000056e-01 2.936233444912996760e+00 2.990752236850780042e-03
1.000000000000000056e-01 3.079081883380753837e+00 2.767124135800149484e-03
1.000000000000000056e-01 3.263781398927195987e+00 2.629655127858188720e-03
1.000000000000000056e-01 3.303296565732381396e+00 2.600117581891351389e-03
1.000000000000000056e-01 3.543838265580161462e+00 2.380604451365322862e-03
1.000000000000000056e-01 3.591329352941394326e+00 2.348651704574850931e-03
1.000000000000000056e-01 3.801895894807666210e+00 2.210040930980036906e-03
1.000000000000000056e-01 3.918877306955593554e+00 2.133577957774262460e-03
1.000000000000000056e-01 4.246425260969791893e+00 1.907755460242568576e-03
1.000000000000000056e-01 4.573973214983991120e+00 1.739652118331251216e-03
1.000000000000000056e-01 4.901521168998190348e+00 1.568385705633437580e-03
1.000000000000000056e-01 5.229069123012388687e+00 1.422287265438611789e-03
1.000000000000000056e-01 5.556617077026587026e+00 1.289702795625286350e-03
1.000000000000000056e-01 5.884165031040786253e+00 1.165438458211467227e-03
1.000000000000000056e-01 6.211712985054985481e+00 1.043720944558763604e-03
1.000000000000000056e-01 6.539260939069183820e+00 9.485843518172836766e-04
1.000000000000000056e-01 6.866808893083383047e+00 8.526459776854915587e-04
1.000000000000000056e-01 7.194356847097581387e+00 7.636720388284666625e-04
1.000000000000000056e-01 7.521904801111780614e+00 6.853624221926196388e-04
1.000000000000000056e-01 7.849452755125979841e+00 6.159663699816274925e-04
1.000000000000000056e-01 8.177000709140177293e+00 5.429286224017087614e-04
1.000000000000000056e-01 8.504548663154377408e+00 4.873374027377578698e-04
1.000000000000000056e-01 8.832096617168575747e+00 4.313184599641739329e-04
1.000000000000000056e-01 9.159644571182774087e+00 3.830607057078599421e-04
1.000000000000000056e-01 9.487192525196974202e+00 3.349673982360747387e-04
1.000000000000000056e-01 9.814740479211172541e+00 2.964417904177008988e-04
1.000000000000000056e-01 1.014228843322537088e+01 2.569316638373220912e-04
1.000000000000000056e-01 1.046983638723957100e+01 2.247612957368098224e-04
1.000000000000000056e-01 1.079738434125376756e+01 1.968582735284223561e-04
1.000000000000000056e-01 1.112493229526796767e+01 1.651113825297357912e-04
1.000000000000000056e-01 1.145248024928216779e+01 1.433172270008375982e-04
1.000000000000000056e-01 1.178002820329636435e+01 1.221499909246020023e-04
1.000000000000000056e-01 1.210757615731056447e+01 1.017327463482959314e-04
1.000000000000000056e-01 1.243512411132476458e+01 8.496236910218440822e-05
1.000000000000000056e-01 1.276267206533896115e+01 6.921156689881383334e-05
1.000000000000000056e-01 1.309022001935316126e+01 5.689574568279434419e-05
1.000000000000000056e-01 1.341776797336736138e+01 4.308578938333002879e-05
1.000000000000000056e-01 1.374531592738155794e+01 3.357996301250644737e-05
1.000000000000000056e-01 1.407286388139575806e+01 2.448122051113717009e-05
1.000000000000000056e-01 1.440041183540995462e+01 1.593050377404282822e-05
1.000000000000000056e-01 1.472795978942415474e+01 8.950790617044997860e-06
1.000000000000000056e-01 1.505550774343835485e+01 2.735192780873083600e-06
1.000000000000000056e-01 1.520758357923066129e+01 0.000000000000000000e+00
2.000000000000000111e-01 1.000000000000000000e+00 1.036802465755744772e-02
2.000000000000000111e-01 1.076725410348493339e+00 9.788912173015577867e-03
2.000000000000000111e-01 1.159337609290131521e+00 9.194320798505422124e-03
2.000000000000000111e-01 1.248288263095358230e+00 8.575680172068020010e-03
2.000000000000000111e-01 1.344063692314557912e+00 7.928712291256521591e-03
2.000000000000000111e-01 1.447187530641903530e+00 7.565261543897213933e-03
2.000000000000000111e-01 1.558223587781626396e+00 7.144555079708491026e-03
2.000000000000000111e-01 1.677778931968873399e+00 6.723698186066208622e-03
2.000000000000000111e-01 1.806507208998242353e+00 6.294087395174387430e-03
2.000000000000000111e-01 1.945112215906144026e+00 5.852697695752668607e-03
2.000000000000000111e-01 2.094351748845410199e+00 5.511884007930274373e-03
2.000000000000000111e-01 2.255041746189659246e+00 5.161001131151464819e-03
2.000000000000000111e-01 2.428060749519044048e+00 4.816385375463305696e-03
2.000000000000000111e-01 2.444249502650162498e+00 4.787047618887371910e-03
2.000000000000000111e-01 2.614354706876963252e+00 4.491973517681372395e-03
2.000000000000000111e-01 2.795218662005057642e+00 4.149425367168575046e-03
2.000000000000000111e-01 2.814942144558613357e+00 4.126573170403911167e-03
2.000000000000000111e-01 3.030919735707141349e+00 3.879254325397515305e-03
2.000000000000000111e-01 3.146187821359952785e+00 3.748642505241418961e-03
2.000000000000000111e-01 3.263468296162618909e+00 3.603363155506411186e-03
2.000000000000000111e-01 3.497156980714847485e+00 3.313388273888125297e-03
2.000000000000000111e-01 3.513859240344994639e+00 3.298676190102010040e-03
2.000000000000000111e-01 3.783461532467310207e+00 3.063176852344495684e-03
2.000000000000000111e-01 3.848126140069743073e+00 3.001974916672266007e-03
2.000000000000000111e-01 4.073749171083604459e+00 2.794199692663088593e-03
2.000000000000000111e-01 4.199095299424637773e+00 2.700474937109367118e-03
2.000000000000000111e-01 4.550064458779532472e+00 2.436260582067073348e-03
2.000000000000000111e-01 4.901033618134428060e+00 2.189245609645377837e-03
2.000000000000000111e-01 5.252002777489323648e+00 1.988153400649840009e-03
2.000000000000000111e-01 5.602971936844218348e+00 1.783383733501829301e-03
2.000000000000000111e-01 5.953941096199113048e+00 1.620981974805450624e-03
2.000000000000000111e-01 6.304910255554008636e+00 1.459985953177563370e-03
2.000000000000000111e-01 6.655879414908903335e+00 1.319118005075458483e-03
2.000000000000000111e-01 7.006848574263798923e+00 1.174643838991565412e-03
2.000000000000000111e-01 7.357817733618693623e+00 1.061792399984325596e-03
2.000000000000000111e-01 7.708786892973589211e+00 9.510656921216374161e-04
2.000000000000000111e-01 8.059756052328484799e+00 8.510836532445271389e-04
2.000000000000000111e-01 8.410725211683377722e+00 7.568093750897242518e-04
2.000000000000000111e-01 8.761694371038274198e+00 6.757324591208017754e-04
2.000000000000000111e-01 9.112663530393168898e+00 5.946998093743788988e-04
2.000000000000000111e-01 9.463632689748063598e+00 5.291488333107696816e-04
2.000000000000000111e-01 9.814601849102960074e+00 4.662556336644052904e-04
2.000000000000000111e-01 1.016557100845785477e+01 4.109739923369534645e-04
2.000000000000000111e-01 1.051654016781274947e+01 3.562684185075246676e-04
2.000000000000000111e-01 1.086750932716764417e+01 3.137075054462054352e-04
2.000000000000000111e-01 1.121847848652253887e+01 2.718434903788638371e-04
2.000000000000000111e-01 1.156944764587743535e+01 2.337386981707081945e-04
2.000000000000000111e-01 1.192041680523233005e+01 2.007152287473730858e-04
2.000000000000000111e-01 1.227138596458722475e+01 1.717618185234693110e-04
2.000000000000000111e-01 1.262235512394211945e+01 1.435831498262218203e-04
2.000000000000000111e-01 1.297332428329701592e+01 1.211704233132818279e-04
2.000000000000000111e-01 1.332429344265191062e+01 1.011903589636867630e-04
2.000000000000000111e-01 1.367526260200680532e+01 8.121982966095447648e-05
2.000000000000000111e-01 1.402623176136170002e+01 6.466013777989199540e-05
2.000000000000000111e-01 1.437720092071659472e+01 5.147932398370325471e-05
2.000000000000000111e-01 1.472817008007149120e+01 3.904102862858789796e-05
2.000000000000000111e-01 1.507913923942638590e+01 2.802797952186691845e-05
2.000000000000000111e-01 1.543010839878128060e+01 1.844381419815386053e-05
2.000000000000000111e-01 1.578107755813617530e+01 1.024053169227508392e-05
2.000000000000000111e-01 1.613204671749107177e+01 2.910525694558171578e-06
2.000000000000000111e-01 1.629499668433441784e+01 0.000000000000000000e+00
3.000000000000000444e-01 1.000000000000000000e+00 1.694086531331399567e-02
3.000000000000000444e-01 1.082853392071336573e+00 1.561720765051333691e-02
3.000000000000000444e-01 1.172571468720399857e+00 1.479486366212331462e-02
3.000000000000000444e-01 1.269722992349954005e+00 1.380373517352393581e-02
3.000000000000000444e-01 1.374923849257115638e+00 1.286451011857281390e-02
3.000000000000000444e-01 1.488840954007846662e+00 1.192962019444613123e-02
3.000000000000000444e-01 1.612196477302121567e+00 1.115952756975136829e-02
3.000000000000000444e-01 1.745772424132062017e+00 1.051793011094498409e-02
3.000000000000000444e-01 1.890415591256003447e+00 9.815548583822473333e-03
3.000000000000000444e-01 2.047042935416104825e+00 9.123668256855977168e-03
3.000000000000000444e-01 2.216647386330995229e+00 8.491884265801535187e-03
3.000000000000000444e-01 2.400304141314580697e+00 7.910129905477299161e-03
3.000000000000000444e-01 2.599177481425369862e+00 7.326142766584113793e-03
3.000000000000000444e-01 2.722543423498461568e+00 7.028759790343628092e-03
3.000000000000000444e-01 2.814528152356895685e+00 6.814460491699887018e-03
3.000000000000000444e-01 3.047721356859935948e+00 6.301946532823775662e-03
3.000000000000000444e-01 3.113472735590548268e+00 6.161885934379641126e-03
3.000000000000000444e-01 3.300235409364038475e+00 5.772086604955537111e-03
3.000000000000000444e-01 3.504402047682635413e+00 5.459425374266262468e-03
3.000000000000000444e-01 3.573671107663785040e+00 5.355801418343807824e-03
3.000000000000000444e-01 3.869761881081060562e+00 4.925786047082510340e-03
3.000000000000000444e-01 3.895331359774722113e+00 4.902589172058443613e-03
3.000000000000000444e-01 4.190384779436982399e+00 4.479244481562849774e-03
3.000000000000000444e-01 4.286260671866808813e+00 4.367742374061828366e-03
3.000000000000000444e-01 4.537572372497436390e+00 4.080968812466728365e-03
3.000000000000000444e-01 4.677189983958895958e+00 3.918901932920235663e-03
3.000000000000000444e-01 5.068119296050982214e+00 3.536294749027032395e-03
3.000000000000000444e-01 5.459048608143069359e+00 3.158867413743468404e-03
3.000000000000000444e-01 5.849977920235156503e+00 2.869638154862164201e-03
3.000000000000000444e-01 6.240907232327243648e+00 2.587334409965495307e-03
3.000000000000000444e-01 6.631836544419330792e+00 2.325221843685728196e-03
3.000000000000000444e-01 7.022765856511417937e+00 2.093098068009926517e-03
3.000000000000000444e-01 7.413695168603503305e+00 1.882433505947792973e-03
3.000000000000000444e-01 7.804624480695590449e+00 1.685800131326557370e-03
3.000000000000000444e-01 8.195553792787677594e+00 1.502187846791566651e-03
3.000000000000000444e-01 8.586483104879764738e+00 1.346576179642049870e-03
3.000000000000000444e-01 8.977412416971851883e+00 1.197374578288689685e-03
3.000000000000000444e-01 9.368341729063939027e+00 1.065177953944383606e-03
3.000000000000000444e-01 9.759271041156024395e+00 9.412808945643921397e-04
3.000000000000000444e-01 1.015020035324811154e+01 8.336977174967414878e-04
3.000000000000000444e-01 1.054112966534019868e+01 7.257114654248101064e-04
3.000000000000000444e-01 1.093205897743228583e+01 6.414632565381005441e-04
3.000000000000000444e-01 1.132298828952437297e+01 5.612494346323254569e-04
3.000000000000000444e-01 1.171391760161645834e+01 4.889880858075643837e-04
3.000000000000000444e-01 1.210484691370854549e+01 4.202381471162434197e-04
3.000000000000000444e-01 1.249577622580063263e+01 3.642379353205500714e-04
3.000000000000000444e-01 1.288670553789271978e+01 3.150433233124619119e-04
3.000000000000000444e-01 1.327763484998480692e+01 2.662476373883736354e-04
3.000000000000000444e-01 1.366856416207689406e+01 2.250653912909884218e-04
3.000000000000000444e-01 1.405949347416897943e+01 1.899700284957225177e-04
3.000000000000000444e-01 1.445042278626106658e+01 1.562865482624961947e-04
3.000000000000000444e-01 1.484135209835315372e+01 1.296355407357581326e-04
3.000000000000000444e-01 1.523228141044524087e+01 1.054688567958049863e-04
3.000000000000000444e-01 1.562321072253732801e+01 8.320192378165646764e-05
3.000000000000000444e-01 1.601414003462941693e+01 6.367509332702933492e-05
3.000000000000000444e-01 1.640506934672150408e+01 4.891053049481905739e-05
3.000000000000000444e-01 1.679599865881358767e+01 3.479241959897431502e-05
3.000000000000000444e-01 1.718692797090567481e+01 2.294724793854061148e-05
3.000000000000000444e-01 1.757785728299776196e+01 1.224478800973965297e-05
3.000000000000000444e-01 1.796878659508984910e+01 3.753982775373742551e-06
3.000000000000000444e-01 1.815028948998974556e+01 0.000000000000000000e+00
4.000000000000000222e-01 1.000000000000000000e+00 2.989744712147346384e-02
4.000000000000000222e-01 1.090539179369976575e+00 2.786813740028727324e-02
4.000000000000000222e-01 1.189275701740942104e+00 2.528102542088089127e-02
4.000000000000000222e-01 1.296951747821220025e+00 2.387469824320259323e-02
4.000000000000000222e-01 1.414376694751410257e+00 2.219125184714411392e-02
4.000000000000000222e-01 1.542433200014222683e+00 2.058462319182992328e-02
4.000000000000000222e-01 1.682083836176517577e+00 1.906763118594240539e-02
4.000000000000000222e-01 1.834378326335441622e+00 1.779635585989565449e-02
4.000000000000000222e-01 2.000461434655923743e+00 1.662033363690251786e-02
4.000000000000000222e-01 2.181581571310957202e+00 1.544560634381983086e-02
4.000000000000000222e-01 2.379100176506115272e+00 1.428178096501894236e-02
4.000000000000000222e-01 2.594501954125945531e+00 1.323102162033933452e-02
4.000000000000000222e-01 2.829406031926309684e+00 1.224194859092149826e-02
4.000000000000000222e-01 3.085578132161379550e+00 1.129408436160028208e-02
4.000000000000000222e-01 3.114120660821031894e+00 1.120083684071692710e-02
4.000000000000000222e-01 3.364943844129216100e+00 1.039858593746067691e-02
4.000000000000000222e-01 3.561276448015846530e+00 9.811960920243788936e-03
4.000000000000000222e-01 3.669603098402729024e+00 9.478052432240837571e-03
4.000000000000000222e-01 4.001845951545636382e+00 8.747712297695362654e-03
4.000000000000000222e-01 4.008432235210661609e+00 8.733159138159186236e-03
4.000000000000000222e-01 4.364169799963642404e+00 7.991257560172404864e-03
4.000000000000000222e-01 4.455588022405476245e+00 7.828286492672368452e-03
4.000000000000000222e-01 4.759298152283584216e+00 7.227848302797556385e-03
4.000000000000000222e-01 4.902743809600290881e+00 6.992788868392734239e-03
4.000000000000000222e-01 5.190201101368386638e+00 6.525902658063482270e-03
4.000000000000000222e-01 5.349899596795105516e+00 6.269272688247225916e-03
4.000000000000000222e-01 5.797055383989921040e+00 5.655795923822440341e-03
4.000000000000000222e-01 6.244211171184735676e+00 5.060588136757663766e-03
4.000000000000000222e-01 6.691366958379550312e+00 4.581458083229419942e-03
4.000000000000000222e-01 7.138522745574364947e+00 4.128353375109242683e-03
4.000000000000000222e-01 7.585678532769179583e+00 3.698773664796756091e-03
4.000000000000000222e-01 8.032834319963994218e+00 3.324242249360782712e-03
4.000000000000000222e-01 8.479990107158808854e+00 2.979629536394814548e-03
4.000000000000000222e-01 8.927145894353623490e+00 2.658563665441248183e-03
4.000000000000000222e-01 9.374301681548438125e+00 2.364632518425249103e-03
4.000000000000000222e-01 9.821457468743252761e+00 2.106756557409946752e-03
4.000000000000000222e-01 1.026861325593806740e+01 1.864502881685037566e-03
4.000000000000000222e-01 1.071576904313288203e+01 1.650970853119938494e-03
4.000000000000000222e-01 1.116292483032769667e+01 1.448502169369630900e-03
4.000000000000000222e-01 1.161008061752251130e+01 1.275807993316199155e-03
4.000000000000000222e-01 1.205723640471732594e+01 1.110799801541321585e-03
4.000000000000000222e-01 1.250439219191214058e+01 9.674681304225435071e-04
4.000000000000000222e-01 1.295154797910695521e+01 8.410707930782493087e-04
4.000000000000000222e-01 1.339870376630176985e+01 7.257909910992379728e-04
4.000000000000000222e-01 1.384585955349658626e+01 6.228405022612507579e-04
4.000000000000000222e-01 1.429301534069140089e+01 5.310676894651186536e-04
4.000000000000000222e-01 1.474017112788621553e+01 4.528316143898419551e-04
4.000000000000000222e-01 1.518732691508103017e+01 3.804452976782920983e-04
4.000000000000000222e-01 1.563448270227584480e+01 3.201789200296391259e-04
4.000000000000000222e-01 1.608163848947065944e+01 2.662315652839497690e-04
4.000000000000000222e-01 1.652879427666547585e+01 2.160334921660948490e-04
4.000000000000000222e-01 1.697595006386028871e+01 1.781441953709989815e-04
4.000000000000000222e-01 1.742310585105510512e+01 1.432322301516415601e-04
4.000000000000000222e-01 1.787026163824991798e+01 1.103813792922280363e-04
4.000000000000000222e-01 1.831741742544473439e+01 8.677021357435790369e-05
4.000000000000000222e-01 1.876457321263954725e+01 6.412745951640405823e-05
4.000000000000000222e-01 1.921172899983436366e+01 4.566882353059081157e-05
4.000000000000000222e-01 1.965888478702918007e+01 2.930938548826496291e-05
4.000000000000000222e-01 2.010604057422399293e+01 1.594496962203344672e-05
4.000000000000000222e-01 2.055319636141880935e+01 4.446053523534884100e-06
4.000000000000000222e-01 2.076080440547354655e+01 0.000000000000000000e+00
5.000000000000000000e-01 1.000000000000000000e+00 5.037402266605196105e-02
5.000000000000000000e-01 1.098841704788454443e+00 4.717137761664846191e-02
5.000000000000000000e-01 1.207453092182397159e+00 4.420206729054211581e-02
5.000000000000000000e-01 1.326799814265796185e+00 3.953135020543541156e-02
5.000000000000000000e-01 1.457942969820832380e+00 3.715970393564051177e-02
5.000000000000000000e-01 1.602048538442265802e+00 3.445301593660532458e-02
5.000000000000000000e-01 1.760397747135751256e+00 3.199761569084424995e-02
5.000000000000000000e-01 1.934398461568403560e+00 2.972499454729748622e-02
5.000000000000000000e-01 2.125597703249988424e+00 2.779574841247416106e-02
5.000000000000000000e-01 2.335695403933640613e+00 2.584200155516410552e-02
5.000000000000000000e-01 2.566559519524999722e+00 2.391759386176891752e-02
5.000000000000000000e-01 2.820242637875887581e+00 2.213821766064031846e-02
5.000000000000000000e-01 3.099000228120628364e+00 2.047412865518088987e-02
5.000000000000000000e-01 3.405310693807880540e+00 1.888906488295979610e-02
5.000000000000000000e-01 3.596820764206005716e+00 1.800735512455691953e-02
5.000000000000000000e-01 3.741897408118206592e+00 1.738444872495789259e-02
5.000000000000000000e-01 4.111752927080109643e+00 1.592008741312471790e-02
5.000000000000000000e-01 4.113287335476611517e+00 1.591502844502021979e-02
5.000000000000000000e-01 4.518165596061625600e+00 1.463484972130984184e-02
5.000000000000000000e-01 4.629753906747217762e+00 1.429767960654365448e-02
5.000000000000000000e-01 4.964748786092901156e+00 1.325347398638709699e-02
5.000000000000000000e-01 5.146220478017824007e+00 1.280599759954613968e-02
5.000000000000000000e-01 5.455473019956733616e+00 1.206002052521384406e-02
5.000000000000000000e-01 5.662687049288429364e+00 1.156758196116446959e-02
5.000000000000000000e-01 5.994701273676676045e+00 1.081519227570575115e-02
5.000000000000000000e-01 6.179153620559036497e+00 1.043885079573495141e-02
5.000000000000000000e-01 6.695620191829641854e+00 9.427154260576529193e-03
5.000000000000000000e-01 7.212086763100247211e+00 8.503563492667256390e-03
5.000000000000000000e-01 7.728553334370854344e+00 7.694219616279824453e-03
5.000000000000000000e-01 8.245019905641459701e+00 6.904022660324341323e-03
5.000000000000000000e-01 8.761486476912066834e+00 6.226696862423133222e-03
5.000000000000000000e-01 9.277953048182672191e+00 5.583358667385203596e-03
5.000000000000000000e-01 9.794419619453277548e+00 4.997749862781788836e-03
5.000000000000000000e-01 1.031088619072388468e+01 4.435932300009430562e-03
5.000000000000000000e-01 1.082735276199449004e+01 3.956911290072295632e-03
5.000000000000000000e-01 1.134381933326509539e+01 3.506552765692483396e-03
5.000000000000000000e-01 1.186028590453570253e+01 3.095927658118175028e-03
5.000000000000000000e-01 1.237675247580630788e+01 2.712703533374119513e-03
5.000000000000000000e-01 1.289321904707691502e+01 2.380233264665750081e-03
5.000000000000000000e-01 1.340968561834752037e+01 2.074512665841253371e-03
5.000000000000000000e-01 1.392615218961812751e+01 1.792440358839994356e-03
5.000000000000000000e-01 1.444261876088873287e+01 1.553560951410072090e-03
5.000000000000000000e-01 1.495908533215933822e+01 1.332335867083071822e-03
5.000000000000000000e-01 1.547555190342994536e+01 1.141785526472145805e-03
5.000000000000000000e-01 1.599201847470055071e+01 9.629782673362832866e-04
5.000000000000000000e-01 1.650848504597115607e+01 8.184421806914593620e-04
5.000000000000000000e-01 1.702495161724176143e+01 6.817838259450628192e-04
5.000000000000000000e-01 1.754141818851236678e+01 5.727145721639241962e-04
5.000000000000000000e-01 1.805788475978297214e+01 4.731959945371258698e-04
5.000000000000000000e-01 1.857435133105358105e+01 3.892104445725932255e-04
5.000000000000000000e-01 1.909081790232418641e+01 3.135295533946529101e-04
5.000000000000000000e-01 1.960728447359479176e+01 2.529919689593985478e-04
5.000000000000000000e-01 2.012375104486539712e+01 2.012564949694195624e-04
5.000000000000000000e-01 2.064021761613600248e+01 1.537294616654106985e-04
5.000000000000000000e-01 2.115668418740660783e+01 1.183904464072862549e-04
5.000000000000000000e-01 2.167315075867721674e+01 8.622501670171917227e-05
5.000000000000000000e-01 2.218961732994782210e+01 6.048474089177037797e-05
5.000000000000000000e-01 2.270608390121842746e+01 3.840044656508629256e-05
5.000000000000000000e-01 2.322255047248903281e+01 2.023785069126522273e-05
5.000000000000000000e-01 2.373901704375963817e+01 5.720784709965514057e-06
5.000000000000000000e-01 2.397880509470670418e+01 0.000000000000000000e+00
6.000000000000000888e-01 1.000000000000000000e+00 7.298140235389766195e-02
6.000000000000000888e-01 1.106810348641341202e+00 6.882694358156100922e-02
6.000000000000000888e-01 1.225029147859567402e+00 6.475875179978403395e-02
6.000000000000000888e-01 1.355874938238252891e+00 5.768962858194672666e-02
6.000000000000000888e-01 1.500696413105537586e+00 5.451984663917666674e-02
6.000000000000000888e-01 1.660986320194150379e+00 5.078900168555739586e-02
6.000000000000000888e-01 1.838396848142586082e+00 4.741867508893512356e-02
6.000000000000000888e-01 2.034756656433838629e+00 4.434050053988568968e-02
6.000000000000000888e-01 2.252089724307826391e+00 4.164747136076095424e-02
6.000000000000000888e-01 2.492636212932727524e+00 3.891486680645620672e-02
6.000000000000000888e-01 2.758875555872104535e+00 3.624220183009010943e-02
6.000000000000000888e-01 3.053552015852878387e+00 3.377739641206213561e-02
6.000000000000000888e-01 3.379702971260595046e+00 3.138346174006055589e-02
6.000000000000000888e-01 3.740690223925115632e+00 2.920050969228770235e-02
6.000000000000000888e-01 4.126123870525029602e+00 2.713588372186928263e-02
6.000000000000000888e-01 4.140234650901813751e+00 2.706205961605071680e-02
6.000000000000000888e-01 4.582454557421598906e+00 2.508000206272790675e-02
6.000000000000000888e-01 4.718592939113238849e+00 2.453125304703570111e-02
6.000000000000000888e-01 5.071908126332902889e+00 2.314155314729368293e-02
6.000000000000000888e-01 5.311062007701448096e+00 2.217284686416657116e-02
6.000000000000000888e-01 5.613640401583371187e+00 2.118244976257477666e-02
6.000000000000000888e-01 5.903531076289658230e+00 2.025991164710354633e-02
6.000000000000000888e-01 6.213235290023610524e+00 1.929894520400654220e-02
6.000000000000000888e-01 6.496000144877867477e+00 1.846159292821772380e-02
6.000000000000000888e-01 6.876873117541716596e+00 1.742020082245976376e-02
6.000000000000000888e-01 7.088469213466076724e+00 1.685768080794488102e-02
6.000000000000000888e-01 7.680938282054286859e+00 1.535692494572756320e-02
6.000000000000000888e-01 8.273407350642496993e+00 1.401015211015058104e-02
6.000000000000000888e-01 8.865876419230705352e+00 1.271976459609569163e-02
6.000000000000000888e-01 9.458345487818913710e+00 1.153136410573194978e-02
6.000000000000000888e-01 1.005081455640712385e+01 1.041387020567252804e-02
6.000000000000000888e-01 1.064328362499533398e+01 9.381168028446885965e-03
6.000000000000000888e-01 1.123575269358354234e+01 8.381283366629597997e-03
6.000000000000000888e-01 1.182822176217175247e+01 7.504385825953465913e-03
6.000000000000000888e-01 1.242069083075996261e+01 6.665626658666964736e-03
6.000000000000000888e-01 1.301315989934817097e+01 5.897925964927986514e-03
6.000000000000000888e-01 1.360562896793638110e+01 5.175717209096389326e-03
6.000000000000000888e-01 1.419809803652459124e+01 4.543425773013840679e-03
6.000000000000000888e-01 1.479056710511279960e+01 3.957797614355010318e-03
6.000000000000000888e-01 1.538303617370100973e+01 3.421022649851101008e-03
6.000000000000000888e-01 1.597550524228921809e+01 2.953462342256859587e-03
6.000000000000000888e-01 1.656797431087742822e+01 2.526665435059965471e-03
6.000000000000000888e-01 1.716044337946564013e+01 2.152689359341299503e-03
6.000000000000000888e-01 1.775291244805384849e+01 1.812650355923273778e-03
6.000000000000000888e-01 1.834538151664205685e+01 1.529408471381740828e-03
6.000000000000000888e-01 1.893785058523026521e+01 1.269624952159377615e-03
6.000000000000000888e-01 1.953031965381847357e+01 1.056533611075402210e-03
6.000000000000000888e-01 2.012278872240668548e+01 8.676698753582588091e-04
6.000000000000000888e-01 2.071525779099489739e+01 7.100937997801219778e-04
6.000000000000000888e-01 2.130772685958310575e+01 5.682167073158021428e-04
6.000000000000000888e-01 2.190019592817131411e+01 4.570504789631145274e-04
6.000000000000000888e-01 2.249266499675952247e+01 3.605648315574765898e-04
6.000000000000000888e-01 2.308513406534773083e+01 2.772277457168431007e-04
6.000000000000000888e-01 2.367760313393593918e+01 2.136420375127484400e-04
6.000000000000000888e-01 2.427007220252415465e+01 1.584329748005481599e-04
6.000000000000000888e-01 2.486254127111236301e+01 1.142534303041646201e-04
6.000000000000000888e-01 2.545501033970057136e+01 7.660906595954855764e-05
6.000000000000000888e-01 2.604747940828877972e+01 4.893647732788382999e-05
6.000000000000000888e-01 2.663994847687698808e+01 2.555277243507651886e-05
6.000000000000000888e-01 2.723241754546519644e+01 7.449514416199328226e-06
6.000000000000000888e-01 2.750749247016686638e+01 0.000000000000000000e+00
7.000000000000000666e-01 1.000000000000000000e+00 8.587397591868467517e-02
7.000000000000000666e-01 1.113658757054918347e+00 8.151168874324703217e-02
7.000000000000000666e-01 1.240235827165105498e+00 7.696472018403506532e-02
7.000000000000000666e-01 1.381199489735669861e+00 6.941597149098367725e-02
7.000000000000000666e-01 1.538184906983913303e+00 6.594447294808557236e-02
7.000000000000000666e-01 1.713013091632340057e+00 6.196344706340354419e-02
7.000000000000000666e-01 1.907712030446074403e+00 5.847446416791641371e-02
7.000000000000000666e-01 2.124540208645289585e+00 5.536722391591362979e-02
7.000000000000000666e-01 2.366012808073110207e+00 5.245756111516836073e-02
7.000000000000000666e-01 2.634930883014716674e+00 4.946854682154854660e-02
7.000000000000000666e-01 2.934413852103787690e+00 4.661206111021101023e-02
7.000000000000000666e-01 3.267935683218638587e+00 4.399011771923231479e-02
7.000000000000000666e-01 3.639365191108684172e+00 4.147097607786082163e-02
7.000000000000000666e-01 4.053010915199032560e+00 3.912967563434022189e-02
7.000000000000000666e-01 4.513671098150571659e+00 3.683209405573178302e-02
7.000000000000000666e-01 4.639186609472670142e+00 3.630063042360498482e-02
7.000000000000000666e-01 5.026689344921073221e+00 3.469500883506220629e-02
7.000000000000000666e-01 5.305326225191822509e+00 3.358873000927935920e-02
7.000000000000000666e-01 5.598016607966004088e+00 3.240769727019865432e-02
7.000000000000000666e-01 5.971465840910974876e+00 3.112004432771202020e-02
7.000000000000000666e-01 6.234280217600209895e+00 3.022723303448160773e-02
7.000000000000000666e-01 6.637605456630128131e+00 2.889661975747013015e-02
7.000000000000000666e-01 6.942860758264714605e+00 2.796088704032800160e-02
7.000000000000000666e-01 7.303745072349280498e+00 2.685493517116475243e-02
7.000000000000000666e-01 7.731977682454449941e+00 2.555096529609127837e-02
7.000000000000000666e-01 7.969884688068432865e+00 2.490882742105168801e-02
7.000000000000000666e-01 8.636024303787586121e+00 2.309227715299045497e-02
7.000000000000000666e-01 9.302163919506739376e+00 2.128170825317288184e-02
7.000000000000000666e-01 9.968303535225890855e+00 1.960037453743160643e-02
7.000000000000000666e-01 1.063444315094504233e+01 1.793948482292913316e-02
7.000000000000000666e-01 1.130058276666419559e+01 1.635481646396536384e-02
7.000000000000000666e-01 1.196672238238334884e+01 1.481393093431307602e-02
7.000000000000000666e-01 1.263286199810250210e+01 1.337466494075635962e-02
7.000000000000000666e-01 1.329900161382165358e+01 1.198638714802156488e-02
7.000000000000000666e-01 1.396514122954080683e+01 1.068736919783616277e-02
7.000000000000000666e-01 1.463128084525995831e+01 9.464214182924649693e-03
7.000000000000000666e-01 1.529742046097911157e+01 8.337087524057280180e-03
7.000000000000000666e-01 1.596356007669826482e+01 7.280386726448855733e-03
7.000000000000000666e-01 1.662969969241741808e+01 6.329101447837790460e-03
7.000000000000000666e-01 1.729583930813657133e+01 5.462194391118120607e-03
7.000000000000000666e-01 1.796197892385572104e+01 4.682186218290252701e-03
7.000000000000000666e-01 1.862811853957487429e+01 3.977692409796994635e-03
7.000000000000000666e-01 1.929425815529402755e+01 3.357574441456864008e-03
7.000000000000000666e-01 1.996039777101317725e+01 2.816533563576570798e-03
7.000000000000000666e-01 2.062653738673233050e+01 2.337715138386205031e-03
7.000000000000000666e-01 2.129267700245148376e+01 1.931694785194455321e-03
7.000000000000000666e-01 2.195881661817063701e+01 1.579499122438043262e-03
7.000000000000000666e-01 2.262495623388979027e+01 1.278343012145478127e-03
7.000000000000000666e-01 2.329109584960894352e+01 1.026320323510660371e-03
7.000000000000000666e-01 2.395723546532809678e+01 8.148214557227573523e-04
7.000000000000000666e-01 2.462337508104724648e+01 6.423566206651911857e-04
7.000000000000000666e-01 2.528951469676639974e+01 4.954590351733478100e-04
7.000000000000000666e-01 2.595565431248555299e+01 3.807390782772516525e-04
7.000000000000000666e-01 2.662179392820470625e+01 2.854936894111044835e-04
7.000000000000000666e-01 2.728793354392385950e+01 2.078857561694558197e-04
7.000000000000000666e-01 2.795407315964300921e+01 1.445159135194526640e-04
7.000000000000000666e-01 2.862021277536216246e+01 9.790804866693460283e-05
7.000000000000000666e-01 2.928635239108131572e+01 5.887028574953601616e-05
7.000000000000000666e-01 2.995249200680046897e+01 3.155798524995664857e-05
7.000000000000000666e-01 3.061863162251962223e+01 7.758993744944830444e-06
7.000000000000000666e-01 3.092791072981779976e+01 0.000000000000000000e+00
8.000000000000000444e-01 1.000000000000000000e+00 8.351903249955316966e-02
8.000000000000000444e-01 1.118853446927809969e+00 7.978018283606039263e-02
8.000000000000000444e-01 1.251833035702241359e+00 7.548939006435131938e-02
8.000000000000000444e-01 1.400617706973556809e+00 7.007540789059932274e-02
8.000000000000000444e-01 1.567085949275489387e+00 6.645693601723626220e-02
8.000000000000000444e-01 1.753339515979020380e+00 6.326588326288772046e-02
8.000000000000000444e-01 1.961729961087864460e+00 6.026839712879204780e-02
8.000000000000000444e-01 2.194888328904715635e+00 5.795809617068287123e-02
8.000000000000000444e-01 2.455758372416661395e+00 5.546261786225354512e-02
8.000000000000000444e-01 2.747633719800210095e+00 5.301877547038502669e-02
8.000000000000000444e-01 3.074199458293545018e+00 5.075182252405316397e-02
8.000000000000000444e-01 3.439578660455338444e+00 4.861226869143546458e-02
8.000000000000000444e-01 3.848384440229794201e+00 4.669888788615690622e-02
8.000000000000000444e-01 4.305778196054455442e+00 4.477333033244645932e-02
8.000000000000000444e-01 4.817534776362134785e+00 4.315425988613574154e-02
8.000000000000000444e-01 5.068064455799329515e+00 4.236383928647177027e-02
8.000000000000000444e-01 5.390115390227371073e+00 4.123846822816051860e-02
8.000000000000000444e-01 5.795786531503848593e+00 4.015474578095332842e-02
8.000000000000000444e-01 6.030749183694529947e+00 3.951853305687445111e-02
8.000000000000000444e-01 6.523508607208367671e+00 3.816098113262812036e-02
8.000000000000000444e-01 6.747524511733700159e+00 3.759333155241662699e-02
8.000000000000000444e-01 7.251230682912886749e+00 3.630490357331488116e-02
8.000000000000000444e-01 7.549491058183138925e+00 3.552379195980841925e-02
8.000000000000000444e-01 7.978952758617405827e+00 3.445225361883474252e-02
8.000000000000000444e-01 8.446774092998882821e+00 3.327440147961777117e-02
8.000000000000000444e-01 8.706674834321924905e+00 3.261434071198076462e-02
8.000000000000000444e-01 9.434396910026443095e+00 3.071266281253541564e-02
8.000000000000000444e-01 1.016211898573096306e+01 2.883258554098152432e-02
8.000000000000000444e-01 1.088984106143548303e+01 2.689687344513821965e-02
8.000000000000000444e-01 1.161756313714000122e+01 2.494267564671519277e-02
8.000000000000000444e-01 1.234528521284451941e+01 2.299001992884945264e-02
8.000000000000000444e-01 1.307300728854903937e+01 2.106059993122211607e-02
8.000000000000000444e-01 1.380072936425355934e+01 1.915672985940751819e-02
8.000000000000000444e-01 1.452845143995807931e+01 1.726787559824483065e-02
8.000000000000000444e-01 1.525617351566259572e+01 1.549852437019063646e-02
8.000000000000000444e-01 1.598389559136711568e+01 1.378158357697620295e-02
8.000000000000000444e-01 1.671161766707163565e+01 1.215672037528453368e-02
8.000000000000000444e-01 1.743933974277615562e+01 1.064885250550389080e-02
8.000000000000000444e-01 1.816706181848067203e+01 9.251415566652796546e-03
8.000000000000000444e-01 1.889478389418519200e+01 7.963747259771851786e-03
8.000000000000000444e-01 1.962250596988971196e+01 6.795845995736562659e-03
8.000000000000000444e-01 2.035022804559423193e+01 5.762874329050090422e-03
8.000000000000000444e-01 2.107795012129874834e+01 4.828512688807521519e-03
8.000000000000000444e-01 2.180567219700326831e+01 4.023107626551488368e-03
8.000000000000000444e-01 2.253339427270778828e+01 3.316442602313416765e-03
8.000000000000000444e-01 2.326111634841230824e+01 2.711521421484957770e-03
8.000000000000000444e-01 2.398883842411682821e+01 2.188980228151089693e-03
8.000000000000000444e-01 2.471656049982134462e+01 1.760991651519294623e-03
8.000000000000000444e-01 2.544428257552586459e+01 1.393135419261215145e-03
8.000000000000000444e-01 2.617200465123038455e+01 1.088804919793804780e-03
8.000000000000000444e-01 2.689972672693490097e+01 8.478083928182641614e-04
8.000000000000000444e-01 2.762744880263942093e+01 6.413233492784752411e-04
8.000000000000000444e-01 2.835517087834394090e+01 4.862477567000735132e-04
8.000000000000000444e-01 2.908289295404846087e+01 3.589490402823092350e-04
8.000000000000000444e-01 2.981061502975298083e+01 2.564074727649184133e-04
8.000000000000000444e-01 3.053833710545749724e+01 1.777153559069440006e-04
8.000000000000000444e-01 3.126605918116201721e+01 1.150948081849261471e-04
8.000000000000000444e-01 3.199378125686653718e+01 7.112041406064083281e-05
8.000000000000000444e-01 3.272150333257105359e+01 3.693373251989674365e-05
8.000000000000000444e-01 3.344922540827557356e+01 9.925848723225465492e-06
8.000000000000000444e-01 3.378709637199553129e+01 0.000000000000000000e+00
9.000000000000000222e-01 1.000000000000000000e+00 7.426071938955046414e-02
9.000000000000000222e-01 1.122077721822453356e+00 7.110202281855118600e-02
9.000000000000000222e-01 1.259058413810267174e+00 6.698624598021293841e-02
9.000000000000000222e-01 1.412761396609616416e+00 6.389457536299877893e-02
9.000000000000000222e-01 1.585228089386425898e+00 6.101519562996498419e-02
9.000000000000000222e-01 1.778749123107681518e+00 5.838127144601663182e-02
9.000000000000000222e-01 1.995894763750353684e+00 5.685992647476405260e-02
9.000000000000000222e-01 2.239549049506360578e+00 5.490403502897586024e-02
9.000000000000000222e-01 2.512948095379738511e+00 5.302817501115150711e-02
9.000000000000000222e-01 2.819723073921770240e+00 5.136143554962008251e-02
9.000000000000000222e-01 3.163948442956345808e+00 4.979317841376824233e-02
9.000000000000000222e-01 3.550196060836154466e+00 4.841527816658239974e-02
9.000000000000000222e-01 3.983595907966080318e+00 4.717329079046033574e-02
9.000000000000000222e-01 4.469904221071828054e+00 4.613962035163635816e-02
9.000000000000000222e-01 5.015579945144843954e+00 4.510908443666153400e-02
9.000000000000000222e-01 5.352875057581717222e+00 4.442247596498985485e-02
9.000000000000000222e-01 5.627870518466512095e+00 4.399170300128760897e-02
9.000000000000000222e-01 6.121493014567810143e+00 4.308776927783530830e-02
9.000000000000000222e-01 6.314908130072653947e+00 4.279611197778070142e-02
9.000000000000000222e-01 6.890110971553903063e+00 4.189777083342919456e-02
9.000000000000000222e-01 7.085817728110013647e+00 4.156789760730386640e-02
9.000000000000000222e-01 7.658728928539995984e+00 4.058134645209841851e-02
9.000000000000000222e-01 7.950838213606837179e+00 4.009837488853618126e-02
9.000000000000000222e-01 8.427346885526088016e+00 3.922648038842844326e-02
9.000000000000000222e-01 8.921458429302862925e+00 3.824555124826868602e-02
9.000000000000000222e-01 9.195964842512182713e+00 3.772412234435537637e-02
9.000000000000000222e-01 9.964582799498273857e+00 3.605968895492345921e-02
9.000000000000000222e-01 1.073320075648436855e+01 3.431045296146595369e-02
9.000000000000000222e-01 1.150181871347045970e+01 3.238006762785340664e-02
9.000000000000000222e-01 1.227043667045655440e+01 3.039162075404253441e-02
9.000000000000000222e-01 1.303905462744264554e+01 2.830196788358201737e-02
9.000000000000000222e-01 1.380767258442874024e+01 2.612452400688877394e-02
9.000000000000000222e-01 1.457629054141483138e+01 2.394318283055872632e-02
9.000000000000000222e-01 1.534490849840092608e+01 2.176331462715417470e-02
9.000000000000000222e-01 1.611352645538701722e+01 1.959978273240486207e-02
9.000000000000000222e-01 1.688214441237311192e+01 1.750625816262231516e-02
9.000000000000000222e-01 1.765076236935920306e+01 1.549755357171280976e-02
9.000000000000000222e-01 1.841938032634529776e+01 1.359274748489204543e-02
9.000000000000000222e-01 1.918799828333138890e+01 1.180152571093587635e-02
9.000000000000000222e-01 1.995661624031748360e+01 1.017674078519839945e-02
9.000000000000000222e-01 2.072523419730357475e+01 8.665694191902099941e-03
9.000000000000000222e-01 2.149385215428966589e+01 7.331047779143958810e-03
9.000000000000000222e-01 2.226247011127576059e+01 6.131603438875441424e-03
9.000000000000000222e-01 2.303108806826185528e+01 5.087435892176552649e-03
9.000000000000000222e-01 2.379970602524794643e+01 4.159651385339305923e-03
9.000000000000000222e-01 2.456832398223403757e+01 3.387947144998872378e-03
9.000000000000000222e-01 2.533694193922013227e+01 2.719187708954736576e-03
9.000000000000000222e-01 2.610555989620622697e+01 2.165375436716270117e-03
9.000000000000000222e-01 2.687417785319231811e+01 1.700446136357445072e-03
9.000000000000000222e-01 2.764279581017840925e+01 1.315370966746780886e-03
9.000000000000000222e-01 2.841141376716450395e+01 1.013652215686774950e-03
9.000000000000000222e-01 2.918003172415059865e+01 7.663803258107759189e-04
9.000000000000000222e-01 2.994864968113668979e+01 5.669067391879787808e-04
9.000000000000000222e-01 3.071726763812278094e+01 4.158705366843479375e-04
9.000000000000000222e-01 3.148588559510887563e+01 2.956393085686264809e-04
9.000000000000000222e-01 3.225450355209497388e+01 2.003659700752949511e-04
9.000000000000000222e-01 3.302312150908106503e+01 1.312572030131779310e-04
9.000000000000000222e-01 3.379173946606715617e+01 7.967002388861015320e-05
9.000000000000000222e-01 3.456035742305324732e+01 3.970564979615294747e-05
9.000000000000000222e-01 3.532897538003933846e+01 1.036427122867120187e-05
9.000000000000000222e-01 3.568583371721145170e+01 0.000000000000000000e+00
1.000000000000000000e+00 1.000000000000000000e+00 7.018306581960177815e-02
1.000000000000000000e+00 1.123172377310900139e+00 6.481558761678447855e-02
1.000000000000000000e+00 1.261516189154218814e+00 6.337376482045702086e-02
1.000000000000000000e+00 1.416900137188531028e+00 6.072498100696821499e-02
1.000000000000000000e+00 1.591423095498182949e+00 5.677369140056448549e-02
1.000000000000000000e+00 1.787442461478165656e+00 5.607585554371977837e-02
1.000000000000000000e+00 2.007605998764878219e+00 5.467122290266388657e-02
1.000000000000000000e+00 2.254887602336372421e+00 5.295066687567005770e-02
1.000000000000000000e+00 2.532627468885018551e+00 5.122600894729144316e-02
1.000000000000000000e+00 2.844577215070474008e+00 4.962366701717266237e-02
1.000000000000000000e+00 3.194950553095123880e+00 4.872429242042546071e-02
1.000000000000000000e+00 3.588480208110624847e+00 4.776669978084303186e-02
1.000000000000000000e+00 4.030481846276724234e+00 4.669198927735050686e-02
1.000000000000000000e+00 4.526925876991055198e+00 4.605817518429373286e-02
1.000000000000000000e+00 5.084518099170273864e+00 4.514437980214857510e-02
1.000000000000000000e+00 5.452970127966718650e+00 4.477761514937521337e-02
1.000000000000000000e+00 5.710790280925373885e+00 4.432728521013709622e-02
1.000000000000000000e+00 6.235960710443991140e+00 4.384907099130785219e-02
1.000000000000000000e+00 6.414201896150935944e+00 4.366539610226737728e-02
1.000000000000000000e+00 7.018951292921263629e+00 4.277764639677982678e-02
1.000000000000000000e+00 7.204254392251931094e+00 4.261066840194212973e-02
1.000000000000000000e+00 7.801941875398535231e+00 4.194034727742516205e-02
1.000000000000000000e+00 8.091619532498093292e+00 4.155416184744237934e-02
1.000000000000000000e+00 8.584932457875808609e+00 4.070770603910212060e-02
1.000000000000000000e+00 9.088283546611197750e+00 3.995871100268455489e-02
1.000000000000000000e+00 9.367923040353080211e+00 3.939352142074323271e-02
1.000000000000000000e+00 1.015091362283035181e+01 3.799223549209328893e-02
1.000000000000000000e+00 1.093390420530762519e+01 3.620491308104858974e-02
1.000000000000000000e+00 1.171689478778489857e+01 3.446085188365674568e-02
1.000000000000000000e+00 1.249988537026217017e+01 3.244712439426652301e-02
1.000000000000000000e+00 1.328287595273944177e+01 3.019968598878183808e-02
1.000000000000000000e+00 1.406586653521671515e+01 2.811341243848097804e-02
1.000000000000000000e+00 1.484885711769398675e+01 2.570716363948036959e-02
1.000000000000000000e+00 1.563184770017126013e+01 2.350877671913203029e-02
1.000000000000000000e+00 1.641483828264853173e+01 2.120283781598878564e-02
1.000000000000000000e+00 1.719782886512580689e+01 1.902568437032577456e-02
1.000000000000000000e+00 1.798081944760307493e+01 1.675945189333438029e-02
1.000000000000000000e+00 1.876381003008035009e+01 1.477464901340941501e-02
1.000000000000000000e+00 1.954680061255762169e+01 1.278654104883219372e-02
1.000000000000000000e+00 2.032979119503489329e+01 1.106196739721335143e-02
1.000000000000000000e+00 2.111278177751216845e+01 9.419272976287966503e-03
1.000000000000000000e+00 2.189577235998944005e+01 7.989834883547196689e-03
1.000000000000000000e+00 2.267876294246671165e+01 6.616917906842099614e-03
1.000000000000000000e+00 2.346175352494398325e+01 5.514029697210856909e-03
1.000000000000000000e+00 2.424474410742125485e+01 4.505002647266939837e-03
1.000000000000000000e+00 2.502773468989852645e+01 3.679653253398315962e-03
1.000000000000000000e+00 2.581072527237580161e+01 2.915129011640140485e-03
1.000000000000000000e+00 2.659371585485307321e+01 2.339752908162949421e-03
1.000000000000000000e+00 2.737670643733034481e+01 1.814768219632523780e-03
1.000000000000000000e+00 2.815969701980761641e+01 1.398891626761141014e-03
1.000000000000000000e+00 2.894268760228489157e+01 1.094094841638843787e-03
1.000000000000000000e+00 2.972567818476216317e+01 7.992176177293167701e-04
1.000000000000000000e+00 3.050866876723943477e+01 5.902333225967418663e-04
1.000000000000000000e+00 3.129165934971670637e+01 4.509877916521870251e-04
1.000000000000000000e+00 3.207464993219397797e+01 3.052702188154538302e-04
1.000000000000000000e+00 3.285764051467125313e+01 2.178368883104364454e-04
1.000000000000000000e+00 3.364063109714852828e+01 1.370338992777752664e-04
1.000000000000000000e+00 3.442362167962579633e+01 7.615706167670476868e-05
1.000000000000000000e+00 3.520661226210306438e+01 4.633419414010469547e-05
1.000000000000000000e+00 3.598960284458033954e+01 1.280669744338944782e-05
1.000000000000000000e+00 3.635313418644479100e+01 0.000000000000000000e+00
