# mx [GeV]: 1.0
# sigma_p [cm^2]: 2.51188643151e-31
# depth [m]: 0.3
# loc: MPI
# Columns: gamma/pi, v [km/s], f(v, gamma) [s/km]
0.000000000000000000e+00 1.000000000000000000e+00 5.235223171945733886e-05
0.000000000000000000e+00 1.285690028955044362e+00 3.073695641702802535e-05
0.000000000000000000e+00 1.652998850554422861e+00 1.058155062683514556e-05
0.000000000000000000e+00 2.125244140031970819e+00 -6.502967368662334486e-06
0.000000000000000000e+00 2.732405199934243356e+00 -9.186208163982678809e-06
0.000000000000000000e+00 3.513026120620371007e+00 1.849020237456127616e-05
0.000000000000000000e+00 4.516662654740231098e+00 6.020337818934098142e-05
0.000000000000000000e+00 5.807028139353135998e+00 7.939621685499950320e-05
0.000000000000000000e+00 7.466038176627691314e+00 4.687337161490221773e-05
0.000000000000000000e+00 9.599010839487924329e+00 1.630960313256475457e-05
0.000000000000000000e+00 1.234135252416101380e+01 5.660655844926883787e-06
0.000000000000000000e+00 1.586715388413298555e+01 9.193810459735969034e-06
0.000000000000000000e+00 2.040024153672507268e+01 1.484778674880867438e-05
0.000000000000000000e+00 2.622838713204195926e+01 2.379503250244840694e-05
0.000000000000000000e+00 3.372157581123914127e+01 3.773287892499595936e-05
0.000000000000000000e+00 4.335549378116178332e+01 5.895991131279685449e-05
0.000000000000000000e+00 5.574172605486214138e+01 9.023115307998633334e-05
0.000000000000000000e+00 7.107886599201792421e+01 1.323759466214035566e-04
0.000000000000000000e+00 7.166658138547985857e+01 1.340227454928941131e-04
0.000000000000000000e+00 8.128506213446152628e+01 1.609356874676629186e-04
0.000000000000000000e+00 9.149125827690511414e+01 1.888438041956152732e-04
0.000000000000000000e+00 9.214100909660665195e+01 1.905822286708402783e-04
0.000000000000000000e+00 1.016974544193487162e+02 2.153284942510921840e-04
0.000000000000000000e+00 1.119036505617923183e+02 2.397241251761460571e-04
0.000000000000000000e+00 1.184647766533632165e+02 2.540540653812427686e-04
0.000000000000000000e+00 1.221098467042359204e+02 2.615030480492398324e-04
0.000000000000000000e+00 1.323160428466795224e+02 2.802561799069620981e-04
0.000000000000000000e+00 1.425222389891231103e+02 2.957027693796811761e-04
0.000000000000000000e+00 1.527284351315666981e+02 3.076730484210241415e-04
0.000000000000000000e+00 1.629346312740103144e+02 3.161020382820135897e-04
0.000000000000000000e+00 1.731408274164539307e+02 3.210300920694828778e-04
0.000000000000000000e+00 1.833470235588974901e+02 3.225727700305728077e-04
0.000000000000000000e+00 1.935532197013411064e+02 3.209225219531583895e-04
0.000000000000000000e+00 2.037594158437847227e+02 3.163280729087670205e-04
0.000000000000000000e+00 2.139656119862282821e+02 3.090741323500077460e-04
0.000000000000000000e+00 2.241718081286718984e+02 2.994937830727649030e-04
0.000000000000000000e+00 2.343780042711155147e+02 2.879248567565186523e-04
0.000000000000000000e+00 2.445842004135590741e+02 2.747225238663827040e-04
0.000000000000000000e+00 2.547903965560026904e+02 2.602269642958085255e-04
0.000000000000000000e+00 2.649965926984463067e+02 2.447739673343969874e-04
0.000000000000000000e+00 2.752027888408899230e+02 2.286875207398466573e-04
0.000000000000000000e+00 2.854089849833334824e+02 2.122611649505731042e-04
0.000000000000000000e+00 2.956151811257770987e+02 1.957643222090790975e-04
0.000000000000000000e+00 3.058213772682207150e+02 1.794341318608869726e-04
0.000000000000000000e+00 3.160275734106642744e+02 1.625571671931549597e-04
0.000000000000000000e+00 3.262337695531078907e+02 1.450915615981594395e-04
0.000000000000000000e+00 3.364399656955515070e+02 1.281350316535696907e-04
0.000000000000000000e+00 3.466461618379951233e+02 1.129911332665198655e-04
0.000000000000000000e+00 3.568523579804386827e+02 9.805106941286210933e-05
0.000000000000000000e+00 3.670585541228822990e+02 8.537691495319116373e-05
0.000000000000000000e+00 3.772647502653259153e+02 7.258877965392268410e-05
0.000000000000000000e+00 3.874709464077694747e+02 6.121951207006205080e-05
0.000000000000000000e+00 3.976771425502130910e+02 5.161490995819930364e-05
0.000000000000000000e+00 4.078833386926567073e+02 4.160190634963680510e-05
0.000000000000000000e+00 4.180895348351002667e+02 3.412276030649836567e-05
0.000000000000000000e+00 4.282957309775438830e+02 2.623345032451291685e-05
0.000000000000000000e+00 4.385019271199874993e+02 1.852842104578752923e-05
0.000000000000000000e+00 4.487081232624310587e+02 1.479307870539816141e-05
0.000000000000000000e+00 4.589143194048746750e+02 8.822854665291353105e-06
0.000000000000000000e+00 4.691205155473182913e+02 4.051632693073654808e-06
0.000000000000000000e+00 4.738591066134528091e+02 0.000000000000000000e+00
1.000000000000000056e-01 1.000000000000000000e+00 6.182595656226239512e-05
1.000000000000000056e-01 1.295228921337737482e+00 3.617402934394868097e-05
1.000000000000000056e-01 1.677617958669718856e+00 1.390824450618736408e-05
1.000000000000000056e-01 2.172899299024596775e+00 -5.688187913961701418e-06
1.000000000000000056e-01 2.814402015251154854e+00 -1.229649563231384366e-05
1.000000000000000056e-01 3.645294886424507830e+00 1.843889586885084250e-05
1.000000000000000056e-01 4.721491363701584731e+00 6.622607515690660340e-05
1.000000000000000056e-01 6.115412166112648151e+00 8.232169892891187104e-05
1.000000000000000056e-01 7.920858703449760618e+00 4.949640457502364440e-05
1.000000000000000056e-01 1.025932527453786491e+01 1.379876555719440192e-05
1.000000000000000056e-01 1.328817480899266457e+01 6.552216181226934382e-06
1.000000000000000056e-01 1.721122832439886352e+01 1.078786194555242896e-05
1.000000000000000056e-01 2.229248069750865113e+01 1.765044336928147975e-05
1.000000000000000056e-01 2.887386572777646165e+01 2.863030745243229307e-05
1.000000000000000056e-01 3.739826596143858950e+01 4.588499185511650183e-05
1.000000000000000056e-01 4.843931568113591624e+01 7.230003269892087774e-05
1.000000000000000056e-01 6.274000260001582063e+01 1.111778350914070595e-04
1.000000000000000056e-01 8.126266589234532489e+01 1.649946090583035872e-04
1.000000000000000056e-01 8.179662460222546372e+01 1.665523825371876231e-04
1.000000000000000056e-01 9.354178095536553883e+01 2.003310310332403663e-04
1.000000000000000056e-01 1.052537550887714275e+02 2.322939972650257747e-04
1.000000000000000056e-01 1.052869373085055997e+02 2.323811888207716369e-04
1.000000000000000056e-01 1.170320936616456748e+02 2.617239006171651018e-04
1.000000000000000056e-01 1.287772500147857500e+02 2.875752813185726412e-04
1.000000000000000056e-01 1.363277076703758155e+02 3.020768795430979394e-04
1.000000000000000056e-01 1.405224063679258109e+02 3.093621046847453934e-04
1.000000000000000056e-01 1.522675627210658718e+02 3.267032207243361261e-04
1.000000000000000056e-01 1.640127190742059611e+02 3.393990064385119356e-04
1.000000000000000056e-01 1.757578754273460220e+02 3.474196937159664683e-04
1.000000000000000056e-01 1.875030317804860829e+02 3.508862385336216890e-04
1.000000000000000056e-01 1.992481881336261722e+02 3.500268799112818841e-04
1.000000000000000056e-01 2.109933444867662047e+02 3.451896697233742834e-04
1.000000000000000056e-01 2.227385008399062940e+02 3.367831900666299195e-04
1.000000000000000056e-01 2.344836571930463833e+02 3.252806083838239532e-04
1.000000000000000056e-01 2.462288135461864158e+02 3.111819823160092975e-04
1.000000000000000056e-01 2.579739698993265051e+02 2.949904975469315178e-04
1.000000000000000056e-01 2.697191262524665945e+02 2.772071495245293318e-04
1.000000000000000056e-01 2.814642826056066269e+02 2.583231175368503425e-04
1.000000000000000056e-01 2.932094389587467163e+02 2.387599775025752032e-04
1.000000000000000056e-01 3.049545953118868056e+02 2.189641013740012204e-04
1.000000000000000056e-01 3.166997516650268381e+02 1.982514363444192655e-04
1.000000000000000056e-01 3.284449080181669274e+02 1.766166637498442222e-04
1.000000000000000056e-01 3.401900643713069599e+02 1.560142755628772049e-04
1.000000000000000056e-01 3.519352207244470492e+02 1.365943478206461731e-04
1.000000000000000056e-01 3.636803770775871385e+02 1.184872179184456235e-04
1.000000000000000056e-01 3.754255334307271710e+02 1.017850451208435057e-04
1.000000000000000056e-01 3.871706897838672603e+02 8.638129897160285765e-05
1.000000000000000056e-01 3.989158461370073496e+02 7.239629678263713778e-05
1.000000000000000056e-01 4.106610024901473821e+02 5.969256869133449252e-05
1.000000000000000056e-01 4.224061588432874714e+02 4.844069051982217956e-05
1.000000000000000056e-01 4.341513151964275607e+02 3.910629773398718515e-05
1.000000000000000056e-01 4.458964715495675932e+02 3.103432521391174392e-05
1.000000000000000056e-01 4.576416279027076826e+02 2.425343613473901057e-05
1.000000000000000056e-01 4.693867842558477719e+02 1.837798510202588576e-05
1.000000000000000056e-01 4.811319406089878044e+02 1.367465142826132418e-05
1.000000000000000056e-01 4.928770969621278937e+02 9.715171183571648915e-06
1.000000000000000056e-01 5.046222533152679830e+02 6.479271804750004213e-06
1.000000000000000056e-01 5.163674096684080723e+02 3.965006920124084243e-06
1.000000000000000056e-01 5.281125660215481048e+02 1.949721961695833421e-06
1.000000000000000056e-01 5.398577223746881373e+02 5.147498576511683682e-07
1.000000000000000056e-01 5.453108306815031483e+02 0.000000000000000000e+00
2.000000000000000111e-01 1.000000000000000000e+00 9.973481173286406244e-05
2.000000000000000111e-01 1.303809382613940970e+00 5.974571043112022090e-05
2.000000000000000111e-01 1.699918906192146029e+00 2.895909167351454544e-05
2.000000000000000111e-01 2.216370219576147882e+00 5.147681428516671503e-07
2.000000000000000111e-01 2.889724287629502619e+00 -2.132673907591822846e-05
2.000000000000000111e-01 3.767649639378732207e+00 4.748912767559420167e-06
2.000000000000000111e-01 4.912296950224022574e+00 7.456744873476640586e-05
2.000000000000000111e-01 6.404698853887928145e+00 1.112216885225817336e-04
2.000000000000000111e-01 8.350506458515834396e+00 7.412630444412507630e-05
2.000000000000000111e-01 1.088746867019125553e+01 2.256048744906599565e-05
2.000000000000000111e-01 1.419518380511068933e+01 7.517150573291252236e-06
2.000000000000000111e-01 1.850781383303278815e+01 1.255525231626786075e-05
2.000000000000000111e-01 2.413066132718023127e+01 2.084209890192447975e-05
2.000000000000000111e-01 3.146178264705694971e+01 3.430630837638417473e-05
2.000000000000000111e-01 4.102016740899333769e+01 5.579873906667191308e-05
2.000000000000000111e-01 5.348247914424012350e+01 8.922090038509160141e-05
2.000000000000000111e-01 6.973095811371467789e+01 1.391772562932895823e-04
2.000000000000000111e-01 9.091587744732089504e+01 2.093282564433440436e-04
2.000000000000000111e-01 9.272977136744937354e+01 2.153797194597118305e-04
2.000000000000000111e-01 1.060448154612369791e+02 2.590961939856556103e-04
2.000000000000000111e-01 1.185369740443961462e+02 2.980778948752529456e-04
2.000000000000000111e-01 1.193598595550245705e+02 3.005474237023691639e-04
2.000000000000000111e-01 1.326749036488121760e+02 3.384411086835268398e-04
2.000000000000000111e-01 1.459899477425997816e+02 3.717522262907372753e-04
2.000000000000000111e-01 1.545496189457490175e+02 3.903786956782298481e-04
2.000000000000000111e-01 1.593049918363873871e+02 3.997127735562996205e-04
2.000000000000000111e-01 1.726200359301749927e+02 4.218107185658977036e-04
2.000000000000000111e-01 1.859350800239625983e+02 4.377786603064971380e-04
2.000000000000000111e-01 1.992501241177502038e+02 4.475657828501597262e-04
2.000000000000000111e-01 2.125651682115378094e+02 4.513168163288181281e-04
2.000000000000000111e-01 2.258802123053254149e+02 4.493485830365462016e-04
2.000000000000000111e-01 2.391952563991130205e+02 4.420827196154914363e-04
2.000000000000000111e-01 2.525103004929005692e+02 4.300943348057145168e-04
2.000000000000000111e-01 2.658253445866881748e+02 4.139989725310387223e-04
2.000000000000000111e-01 2.791403886804757803e+02 3.944952794649280565e-04
2.000000000000000111e-01 2.924554327742633859e+02 3.722338873775813263e-04
2.000000000000000111e-01 3.057704768680509915e+02 3.479506589787369490e-04
2.000000000000000111e-01 3.190855209618385970e+02 3.207150429192359362e-04
2.000000000000000111e-01 3.324005650556262026e+02 2.916932843973879508e-04
2.000000000000000111e-01 3.457156091494138082e+02 2.629151809362032075e-04
2.000000000000000111e-01 3.590306532432014137e+02 2.347369062095110604e-04
2.000000000000000111e-01 3.723456973369890193e+02 2.075857299796065594e-04
2.000000000000000111e-01 3.856607414307766248e+02 1.823253716576688876e-04
2.000000000000000111e-01 3.989757855245642304e+02 1.588786145983917030e-04
2.000000000000000111e-01 4.122908296183517791e+02 1.371833598526087886e-04
2.000000000000000111e-01 4.256058737121393847e+02 1.173312248858408575e-04
2.000000000000000111e-01 4.389209178059269902e+02 9.934567931052179306e-05
2.000000000000000111e-01 4.522359618997145958e+02 8.322458922501960751e-05
2.000000000000000111e-01 4.655510059935022014e+02 6.887881105421402397e-05
2.000000000000000111e-01 4.788660500872898069e+02 5.635040999795527849e-05
2.000000000000000111e-01 4.921810941810774125e+02 4.540948771605121865e-05
2.000000000000000111e-01 5.054961382748650180e+02 3.598637121895305552e-05
2.000000000000000111e-01 5.188111823686526805e+02 2.772896776394888276e-05
2.000000000000000111e-01 5.321262264624402860e+02 2.105724208954115438e-05
2.000000000000000111e-01 5.454412705562278916e+02 1.555937889944532192e-05
2.000000000000000111e-01 5.587563146500154971e+02 1.098505382395644162e-05
2.000000000000000111e-01 5.720713587438031027e+02 7.168346389327628188e-06
2.000000000000000111e-01 5.853864028375907083e+02 4.410715764373521180e-06
2.000000000000000111e-01 5.987014469313783138e+02 2.173755965312495950e-06
2.000000000000000111e-01 6.120164910251659194e+02 5.689252926916772789e-07
2.000000000000000111e-01 6.181984757829958426e+02 0.000000000000000000e+00
3.000000000000000444e-01 1.000000000000000000e+00 1.717773622209146044e-04
3.000000000000000444e-01 1.310565541396544020e+00 1.014669036908348040e-04
3.000000000000000444e-01 1.717582038296016744e+00 5.613009545414615348e-05
3.000000000000000444e-01 2.251003833912398555e+00 1.467247829589992365e-05
3.000000000000000444e-01 2.950088058277099190e+00 -3.416963143542941985e-05
3.000000000000000444e-01 3.866283753263406453e+00 -2.281561909639574179e-05
3.000000000000000444e-01 5.067018260288318032e+00 7.821510679859500128e-05
3.000000000000000444e-01 6.640659529560935859e+00 1.615141445746976986e-04
3.000000000000000444e-01 8.703019551589147085e+00 1.237259749191912332e-04
3.000000000000000444e-01 1.140587753041313945e+01 3.831296599945797779e-05
3.000000000000000444e-01 1.494815006074857244e+01 8.441364704209102844e-06
3.000000000000000444e-01 1.959053037724173407e+01 1.429799048566268157e-05
3.000000000000000444e-01 2.567467405009525194e+01 2.409729386205158478e-05
3.000000000000000444e-01 3.364834309664288270e+01 4.032937131529118355e-05
3.000000000000000444e-01 4.409835898754846539e+01 6.682489789454687718e-05
3.000000000000000444e-01 5.779378972121560309e+01 1.091433435136169878e-04
3.000000000000000444e-01 7.574254931534294144e+01 1.745155921435772326e-04
3.000000000000000444e-01 9.926557515021686129e+01 2.703022901219489680e-04
3.000000000000000444e-01 1.022980613394815776e+02 2.830418473542185192e-04
3.000000000000000444e-01 1.169870137369455989e+02 3.447674315146906257e-04
3.000000000000000444e-01 1.300940422387833451e+02 3.986649807576621123e-04
3.000000000000000444e-01 1.316759661344096344e+02 4.050254008741107541e-04
3.000000000000000444e-01 1.463649185318736272e+02 4.619584415288503169e-04
3.000000000000000444e-01 1.610538709293376769e+02 5.139512372943169129e-04
3.000000000000000444e-01 1.704967688991359580e+02 5.441224781087934063e-04
3.000000000000000444e-01 1.757428233268016697e+02 5.596457966279253004e-04
3.000000000000000444e-01 1.904317757242657194e+02 5.979741452535611637e-04
3.000000000000000444e-01 2.051207281217297123e+02 6.281487074979269199e-04
3.000000000000000444e-01 2.198096805191937619e+02 6.496836300697171780e-04
3.000000000000000444e-01 2.344986329166577548e+02 6.623569249030309119e-04
3.000000000000000444e-01 2.491875853141218045e+02 6.662714230018718835e-04
3.000000000000000444e-01 2.638765377115857973e+02 6.617441014964729274e-04
3.000000000000000444e-01 2.785654901090498470e+02 6.493314082103206425e-04
3.000000000000000444e-01 2.932544425065138398e+02 6.297427277363552020e-04
3.000000000000000444e-01 3.079433949039778895e+02 6.038864153676814237e-04
3.000000000000000444e-01 3.226323473014418823e+02 5.705089083114123650e-04
3.000000000000000444e-01 3.373212996989059320e+02 5.323857013006148223e-04
3.000000000000000444e-01 3.520102520963699249e+02 4.924769173963926229e-04
3.000000000000000444e-01 3.666992044938339745e+02 4.511016702098245173e-04
3.000000000000000444e-01 3.813881568912979674e+02 4.090654715778456896e-04
3.000000000000000444e-01 3.960771092887620171e+02 3.671925139590769211e-04
3.000000000000000444e-01 4.107660616862260667e+02 3.262094150613247673e-04
3.000000000000000444e-01 4.254550140836900596e+02 2.868511277738214392e-04
3.000000000000000444e-01 4.401439664811540524e+02 2.495443897550858256e-04
3.000000000000000444e-01 4.548329188786181021e+02 2.147921622667977085e-04
3.000000000000000444e-01 4.695218712760821518e+02 1.828080437988921004e-04
3.000000000000000444e-01 4.842108236735461446e+02 1.538487086200601402e-04
3.000000000000000444e-01 4.988997760710101375e+02 1.279575974384784039e-04
3.000000000000000444e-01 5.135887284684741871e+02 1.050134143676195275e-04
3.000000000000000444e-01 5.282776808659382368e+02 8.509821667972416190e-05
3.000000000000000444e-01 5.429666332634021728e+02 6.791384331720329943e-05
3.000000000000000444e-01 5.576555856608662225e+02 5.322714027239524529e-05
3.000000000000000444e-01 5.723445380583302722e+02 4.066227349785710436e-05
3.000000000000000444e-01 5.870334904557943219e+02 3.073527793797553484e-05
3.000000000000000444e-01 6.017224428532582579e+02 2.237163360566680049e-05
3.000000000000000444e-01 6.164113952507223075e+02 1.571140459876617178e-05
3.000000000000000444e-01 6.311003476481863572e+02 1.029559202688181194e-05
3.000000000000000444e-01 6.457893000456504069e+02 6.166974888854163226e-06
3.000000000000000444e-01 6.604782524431143429e+02 3.076522824810879354e-06
3.000000000000000444e-01 6.751672048405783926e+02 7.985087544620270925e-07
3.000000000000000444e-01 6.819870755965438320e+02 0.000000000000000000e+00
4.000000000000000222e-01 1.000000000000000000e+00 2.574528947786810813e-04
4.000000000000000222e-01 1.314986673176371079e+00 1.490568056348143711e-04
4.000000000000000222e-01 1.729189950631460304e+00 8.682644016292326587e-05
4.000000000000000222e-01 2.273861740470877635e+00 3.404761623950055080e-05
4.000000000000000222e-01 2.990097885364832564e+00 -4.398987096580836762e-05
4.000000000000000222e-01 3.931938870747603509e+00 -5.564956276141381272e-05
4.000000000000000222e-01 5.170447214777248668e+00 7.480416907472849889e-05
4.000000000000000222e-01 6.799069181793967687e+00 2.142962937111711843e-04
4.000000000000000222e-01 8.940685364063241991e+00 1.815430717336097679e-04
4.000000000000000222e-01 1.175688210280619472e+01 5.680374027464643756e-05
4.000000000000000222e-01 1.546014328329593823e+01 9.198353154972448029e-06
4.000000000000000222e-01 2.032988238293134842e+01 1.577698421742382111e-05
4.000000000000000222e-01 2.673352440079781189e+01 2.697647733113363471e-05
4.000000000000000222e-01 3.515422831408446314e+01 4.591984883557512410e-05
4.000000000000000222e-01 4.622734173882049902e+01 7.765155323001760252e-05
4.000000000000000222e-01 6.078833832291877570e+01 1.300189634888029562e-04
4.000000000000000222e-01 7.993585477917467585e+01 2.144187906185101872e-04
4.000000000000000222e-01 1.051145837435763895e+02 3.452149502168145125e-04
4.000000000000000222e-01 1.090578491245208994e+02 3.671082587294078486e-04
4.000000000000000222e-01 1.247174377167598038e+02 4.562119765702377485e-04
4.000000000000000222e-01 1.382242767792845939e+02 5.342906859834969848e-04
4.000000000000000222e-01 1.403770263089986940e+02 5.467134742763245887e-04
4.000000000000000222e-01 1.560366149012376127e+02 6.359020187802857417e-04
4.000000000000000222e-01 1.716962034934765029e+02 7.211490688658240980e-04
4.000000000000000222e-01 1.817630818742014185e+02 7.727107153352310654e-04
4.000000000000000222e-01 1.873557920857153931e+02 7.999903618748000801e-04
4.000000000000000222e-01 2.030153806779542833e+02 8.701658278017904407e-04
4.000000000000000222e-01 2.186749692701932020e+02 9.297626125161522663e-04
4.000000000000000222e-01 2.343345578624321206e+02 9.772173616103207398e-04
4.000000000000000222e-01 2.499941464546710108e+02 1.011413543181580730e-03
4.000000000000000222e-01 2.656537350469099010e+02 1.031680954866693841e-03
4.000000000000000222e-01 2.813133236391487912e+02 1.037841958269333092e-03
4.000000000000000222e-01 2.969729122313876815e+02 1.030146897279871293e-03
4.000000000000000222e-01 3.126325008236266285e+02 1.009213275536119218e-03
4.000000000000000222e-01 3.282920894158655187e+02 9.738285759579688597e-04
4.000000000000000222e-01 3.439516780081044089e+02 9.290026982967627056e-04
4.000000000000000222e-01 3.596112666003432992e+02 8.760378067669095459e-04
4.000000000000000222e-01 3.752708551925821894e+02 8.162467696903581791e-04
4.000000000000000222e-01 3.909304437848210796e+02 7.516791600086042370e-04
4.000000000000000222e-01 4.065900323770600266e+02 6.842383744772651596e-04
4.000000000000000222e-01 4.222496209692989169e+02 6.155848444811830820e-04
4.000000000000000222e-01 4.379092095615378071e+02 5.474519268202527201e-04
4.000000000000000222e-01 4.535687981537766973e+02 4.811367477281175507e-04
4.000000000000000222e-01 4.692283867460155875e+02 4.179361021990640897e-04
4.000000000000000222e-01 4.848879753382544777e+02 3.587470652427014045e-04
4.000000000000000222e-01 5.005475639304934248e+02 3.042539141688436945e-04
4.000000000000000222e-01 5.162071525227323718e+02 2.549051449063032514e-04
4.000000000000000222e-01 5.318667411149712052e+02 2.108646236660569550e-04
4.000000000000000222e-01 5.475263297072101523e+02 1.721705801357454864e-04
4.000000000000000222e-01 5.631859182994489856e+02 1.386055767716540157e-04
4.000000000000000222e-01 5.788455068916879327e+02 1.098965211492686298e-04
4.000000000000000222e-01 5.945050954839268798e+02 8.568891587300487460e-05
4.000000000000000222e-01 6.101646840761657131e+02 6.509808061815523740e-05
4.000000000000000222e-01 6.258242726684046602e+02 4.888051682485478993e-05
4.000000000000000222e-01 6.414838612606434936e+02 3.549396832636439849e-05
4.000000000000000222e-01 6.571434498528824406e+02 2.482600887182421015e-05
4.000000000000000222e-01 6.728030384451212740e+02 1.637632992639171859e-05
4.000000000000000222e-01 6.884626270373602210e+02 9.868156592271453627e-06
4.000000000000000222e-01 7.041222156295991681e+02 4.920652006607336947e-06
4.000000000000000222e-01 7.197818042218380015e+02 1.302811775254217547e-06
4.000000000000000222e-01 7.270523274968060150e+02 0.000000000000000000e+00
5.000000000000000000e-01 1.000000000000000000e+00 2.984210093982354937e-04
5.000000000000000000e-01 1.317244620805706479e+00 1.740544844960676795e-04
5.000000000000000000e-01 1.735133391041569606e+00 1.008275623090141730e-04
5.000000000000000000e-01 2.285595125729872112e+00 4.318652000953739989e-05
5.000000000000000000e-01 3.010687884707416551e+00 -4.791539958875779817e-05
5.000000000000000000e-01 3.965812421055755710e+00 -7.064315731359588715e-05
5.000000000000000000e-01 5.223945078760150018e+00 7.374653008439953329e-05
5.000000000000000000e-01 6.881213554381250042e+00 2.389640470628480689e-04
5.000000000000000000e-01 9.064241539124017422e+00 2.065233735191273994e-04
5.000000000000000000e-01 1.193982340909474793e+01 6.361784225669868203e-05
5.000000000000000000e-01 1.572766815900011395e+01 9.728193300513144557e-06
5.000000000000000000e-01 2.071718628026009412e+01 1.685868029831302055e-05
5.000000000000000000e-01 2.728960218590238895e+01 2.918876020874421038e-05
5.000000000000000000e-01 3.594708168330755882e+01 5.045575154760637172e-05
5.000000000000000000e-01 4.735109998100023887e+01 8.697200599121291732e-05
5.000000000000000000e-01 6.237298173920577682e+01 1.491658368781657103e-04
5.000000000000000000e-01 8.216047467958135542e+01 2.535364450012787254e-04
5.000000000000000000e-01 1.082254433145219679e+02 4.238622386080454331e-04
5.000000000000000000e-01 1.126713482731822609e+02 4.559428078034093753e-04
5.000000000000000000e-01 1.288497982816392096e+02 5.782627994483252078e-04
5.000000000000000000e-01 1.425593830403669244e+02 6.868774979884718739e-04
5.000000000000000000e-01 1.450282482900961440e+02 7.067368707611405105e-04
5.000000000000000000e-01 1.612066982985530785e+02 8.376960901032116458e-04
5.000000000000000000e-01 1.773851483070100130e+02 9.672662564541131998e-04
5.000000000000000000e-01 1.877855804553037729e+02 1.048006617799930986e-03
5.000000000000000000e-01 1.935635983154669475e+02 1.091510846168992693e-03
5.000000000000000000e-01 2.097420483239239104e+02 1.206586441546275397e-03
5.000000000000000000e-01 2.259204983323808733e+02 1.308920927784678820e-03
5.000000000000000000e-01 2.420989483408378078e+02 1.395298785769282868e-03
5.000000000000000000e-01 2.582773983492947423e+02 1.463179987316293174e-03
5.000000000000000000e-01 2.744558483577516768e+02 1.510617280289554276e-03
5.000000000000000000e-01 2.906342983662086112e+02 1.536509409049951168e-03
5.000000000000000000e-01 3.068127483746655457e+02 1.540503395098425906e-03
5.000000000000000000e-01 3.229911983831224802e+02 1.522020583490924861e-03
5.000000000000000000e-01 3.391696483915794715e+02 1.483126122826160893e-03
5.000000000000000000e-01 3.553480984000364060e+02 1.426261179950772447e-03
5.000000000000000000e-01 3.715265484084933405e+02 1.353896087006193965e-03
5.000000000000000000e-01 3.877049984169502750e+02 1.268801533998803899e-03
5.000000000000000000e-01 4.038834484254072095e+02 1.174036276533277226e-03
5.000000000000000000e-01 4.200618984338641440e+02 1.072671178528717935e-03
5.000000000000000000e-01 4.362403484423210784e+02 9.679612995237310514e-04
5.000000000000000000e-01 4.524187984507780698e+02 8.626483328814858699e-04
5.000000000000000000e-01 4.685972484592350042e+02 7.592563517039531071e-04
5.000000000000000000e-01 4.847756984676919387e+02 6.599698160435516847e-04
5.000000000000000000e-01 5.009541484761488732e+02 5.665579342095792463e-04
5.000000000000000000e-01 5.171325984846057509e+02 4.802704589917105053e-04
5.000000000000000000e-01 5.333110484930626853e+02 4.019595376322781253e-04
5.000000000000000000e-01 5.494894985015196198e+02 3.320415008065827150e-04
5.000000000000000000e-01 5.656679485099766680e+02 2.705852785810358967e-04
5.000000000000000000e-01 5.818463985184336025e+02 2.174835388723768198e-04
5.000000000000000000e-01 5.980248485268905370e+02 1.721829798293179144e-04
5.000000000000000000e-01 6.142032985353474714e+02 1.340969840625380789e-04
5.000000000000000000e-01 6.303817485438044059e+02 1.021692266271856088e-04
5.000000000000000000e-01 6.465601985522613404e+02 7.652788634172208448e-05
5.000000000000000000e-01 6.627386485607182749e+02 5.573205973466097818e-05
5.000000000000000000e-01 6.789170985691752094e+02 3.908400339236541606e-05
5.000000000000000000e-01 6.950955485776321439e+02 2.598053204245286498e-05
5.000000000000000000e-01 7.112739985860890783e+02 1.580633849602226560e-05
5.000000000000000000e-01 7.274524485945460128e+02 7.872235729464838235e-06
5.000000000000000000e-01 7.436308986030029473e+02 1.653812205607821170e-06
5.000000000000000000e-01 7.511423218212150914e+02 0.000000000000000000e+00
6.000000000000000888e-01 1.000000000000000000e+00 2.560078985270600920e-04
6.000000000000000888e-01 1.317459791849178607e+00 1.478634091806126007e-04
6.000000000000000888e-01 1.735700303139281031e+00 8.568597176799588270e-05
6.000000000000000888e-01 2.286715360086433613e+00 3.242677491510216305e-05
6.000000000000000888e-01 3.012655542317792090e+00 -4.581005817342975419e-05
6.000000000000000888e-01 3.969052543695273272e+00 -5.296117029935004433e-05
6.000000000000000888e-01 5.229067138055226494e+00 8.212440666823368979e-05
6.000000000000000888e-01 6.889085703267618932e+00 2.167432958542285482e-04
6.000000000000000888e-01 9.076093416658110868e+00 1.741701150657354443e-04
6.000000000000000888e-01 1.195738814351409474e+01 5.098786913646663894e-05
6.000000000000000888e-01 1.575337809461391814e+01 9.973772532153622137e-06
6.000000000000000888e-01 2.075444222545145578e+01 1.740709537595302347e-05
6.000000000000000888e-01 2.734314313428908250e+01 3.041460499468364733e-05
6.000000000000000888e-01 3.602349166220279386e+01 5.319564651147252587e-05
6.000000000000000888e-01 4.745950182696629582e+01 9.308332149133222968e-05
6.000000000000000888e-01 6.252598539822074031e+01 1.627210995984675784e-04
6.000000000000000888e-01 8.237547170790467987e+01 2.832618271341210531e-04
6.000000000000000888e-01 1.085263718097739627e+02 4.876223671246757130e-04
6.000000000000000888e-01 1.130215538692986712e+02 5.273327047131822713e-04
6.000000000000000888e-01 1.292502898095056594e+02 6.799186934338060945e-04
6.000000000000000888e-01 1.429791312146514599e+02 8.181635884347094939e-04
6.000000000000000888e-01 1.454790257497126618e+02 8.440218712872293513e-04
6.000000000000000888e-01 1.617077616899196357e+02 1.015217393328034538e-03
6.000000000000000888e-01 1.779364976301266097e+02 1.188567537336065365e-03
6.000000000000000888e-01 1.883692564488310381e+02 1.298717235025823253e-03
6.000000000000000888e-01 1.941652335703336121e+02 1.358800971822261405e-03
6.000000000000000888e-01 2.103939695105406145e+02 1.520550361480744713e-03
6.000000000000000888e-01 2.266227054507475884e+02 1.668590809845336802e-03
6.000000000000000888e-01 2.428514413909545624e+02 1.798090967404743137e-03
6.000000000000000888e-01 2.590801773311615648e+02 1.904883313030787716e-03
6.000000000000000888e-01 2.753089132713685672e+02 1.985610600349391793e-03
6.000000000000000888e-01 2.915376492115755127e+02 2.038002314203049559e-03
6.000000000000000888e-01 3.077663851517825151e+02 2.060835042614064631e-03
6.000000000000000888e-01 3.239951210919895175e+02 2.053785662318644619e-03
6.000000000000000888e-01 3.402238570321965199e+02 2.017524051054832811e-03
6.000000000000000888e-01 3.564525929724034654e+02 1.954863546989589300e-03
6.000000000000000888e-01 3.726813289126104678e+02 1.868862658845289954e-03
6.000000000000000888e-01 3.889100648528174702e+02 1.763129128225650582e-03
6.000000000000000888e-01 4.051388007930244726e+02 1.641937247983266297e-03
6.000000000000000888e-01 4.213675367332314181e+02 1.509396480811181539e-03
6.000000000000000888e-01 4.375962726734384205e+02 1.370034088468401233e-03
6.000000000000000888e-01 4.538250086136454229e+02 1.227799813693238777e-03
6.000000000000000888e-01 4.700537445538523684e+02 1.086617433310823428e-03
6.000000000000000888e-01 4.862824804940593708e+02 9.496206884637583114e-04
6.000000000000000888e-01 5.025112164342663732e+02 8.195022079672823400e-04
6.000000000000000888e-01 5.187399523744734324e+02 6.983218056059031786e-04
6.000000000000000888e-01 5.349686883146804348e+02 5.875840976051159830e-04
6.000000000000000888e-01 5.511974242548873235e+02 4.880369268429428494e-04
6.000000000000000888e-01 5.674261601950943259e+02 4.000701616702420638e-04
6.000000000000000888e-01 5.836548961353013283e+02 3.234932320499760779e-04
6.000000000000000888e-01 5.998836320755083307e+02 2.578362079984290842e-04
6.000000000000000888e-01 6.161123680157153331e+02 2.020077600813630352e-04
6.000000000000000888e-01 6.323411039559223354e+02 1.560073913768989873e-04
6.000000000000000888e-01 6.485698398961293378e+02 1.180283812191138958e-04
6.000000000000000888e-01 6.647985758363363402e+02 8.716790028296934976e-05
6.000000000000000888e-01 6.810273117765433426e+02 6.242244627585606567e-05
6.000000000000000888e-01 6.972560477167503450e+02 4.269114771517021616e-05
6.000000000000000888e-01 7.134847836569572337e+02 2.702534032287737514e-05
6.000000000000000888e-01 7.297135195971642361e+02 1.429204891103218110e-05
6.000000000000000888e-01 7.459422555373712385e+02 3.618200201624196500e-06
6.000000000000000888e-01 7.534770257953244936e+02 0.000000000000000000e+00
7.000000000000000666e-01 1.000000000000000000e+00 1.700681077391211985e-04
7.000000000000000666e-01 1.317407453213917945e+00 9.958901673215558967e-05
7.000000000000000666e-01 1.735562397783581234e+00 5.409802340033252355e-05
7.000000000000000666e-01 2.286442838357908069e+00 1.149649779678089578e-05
7.000000000000000666e-01 3.012176836600293672e+00 -3.630769648270565917e-05
7.000000000000000666e-01 3.968264214935548040e+00 -1.561930139354948211e-05
7.000000000000000666e-01 5.227820853078167573e+00 9.163949597653456302e-05
7.000000000000000666e-01 6.887170155912320624e+00 1.631950742861841227e-04
7.000000000000000666e-01 9.073209294951352533e+00 1.089989503876110055e-04
7.000000000000000666e-01 1.195311354973870799e+01 2.864203660873413550e-05
7.000000000000000666e-01 1.574712087953804129e+01 1.015821545753990648e-05
7.000000000000000666e-01 2.074537441336392618e+01 1.783057392070687807e-05
7.000000000000000666e-01 2.733011087187894006e+01 3.138427095949208352e-05
7.000000000000000666e-01 3.600489175977605782e+01 5.540742919359829100e-05
7.000000000000000666e-01 4.743311275648933645e+01 9.809816941419405333e-05
7.000000000000000666e-01 6.248873627453523483e+01 1.739821040058837009e-04
7.000000000000000666e-01 8.232312690999161475e+01 3.081449104980917399e-04
7.000000000000000666e-01 1.084531009630982368e+02 5.411153751170121040e-04
7.000000000000000666e-01 1.129362743727476897e+02 5.869162223103535463e-04
7.000000000000000666e-01 1.291527650519114729e+02 7.647678940950850424e-04
7.000000000000000666e-01 1.428769235329471030e+02 9.278099617176555243e-04
7.000000000000000666e-01 1.453692557310752420e+02 9.583973379645082053e-04
7.000000000000000666e-01 1.615857464102390111e+02 1.162640392464571416e-03
7.000000000000000666e-01 1.778022370894027802e+02 1.371562168684449003e-03
7.000000000000000666e-01 1.882271239545794970e+02 1.505370243147449889e-03
7.000000000000000666e-01 1.940187277685665492e+02 1.578702811573868625e-03
7.000000000000000666e-01 2.102352184477303467e+02 1.777367967265634742e-03
7.000000000000000666e-01 2.264517091268941158e+02 1.960994604726487393e-03
7.000000000000000666e-01 2.426681998060578849e+02 2.123351868921864467e-03
7.000000000000000666e-01 2.588846904852216539e+02 2.259094123698627849e-03
7.000000000000000666e-01 2.751011811643854230e+02 2.363784627353714401e-03
7.000000000000000666e-01 2.913176718435491921e+02 2.434362912917244649e-03
7.000000000000000666e-01 3.075341625227129612e+02 2.469025623907398961e-03
7.000000000000000666e-01 3.237506532018767302e+02 2.467464349598688916e-03
7.000000000000000666e-01 3.399671438810404993e+02 2.430753776343220086e-03
7.000000000000000666e-01 3.561836345602042684e+02 2.360736174134363177e-03
7.000000000000000666e-01 3.724001252393680375e+02 2.261414386443084783e-03
7.000000000000000666e-01 3.886166159185318065e+02 2.137336519310112804e-03
7.000000000000000666e-01 4.048331065976955756e+02 1.993509357843503173e-03
7.000000000000000666e-01 4.210495972768593447e+02 1.835222213588101267e-03
7.000000000000000666e-01 4.372660879560231137e+02 1.667886255794242276e-03
7.000000000000000666e-01 4.534825786351868828e+02 1.496578361184414552e-03
7.000000000000000666e-01 4.696990693143506519e+02 1.325954650988454614e-03
7.000000000000000666e-01 4.859155599935144210e+02 1.159980329420722380e-03
7.000000000000000666e-01 5.021320506726782469e+02 1.002128067623598478e-03
7.000000000000000666e-01 5.183485413518420728e+02 8.548358557619453258e-04
7.000000000000000666e-01 5.345650320310057850e+02 7.199998397622892499e-04
7.000000000000000666e-01 5.507815227101696109e+02 5.986837282809702801e-04
7.000000000000000666e-01 5.669980133893333232e+02 4.912923633424157773e-04
7.000000000000000666e-01 5.832145040684971491e+02 3.974503772875356161e-04
7.000000000000000666e-01 5.994309947476608613e+02 3.173036808278162238e-04
7.000000000000000666e-01 6.156474854268246872e+02 2.493804590084726163e-04
7.000000000000000666e-01 6.318639761059883995e+02 1.926703152422837306e-04
7.000000000000000666e-01 6.480804667851522254e+02 1.459175296166732633e-04
7.000000000000000666e-01 6.642969574643159376e+02 1.078270152920437504e-04
7.000000000000000666e-01 6.805134481434797635e+02 7.691581611039748708e-05
7.000000000000000666e-01 6.967299388226434758e+02 5.187924742981664183e-05
7.000000000000000666e-01 7.129464295018073017e+02 3.193989809339307023e-05
7.000000000000000666e-01 7.291629201809710139e+02 1.645295771029285653e-05
7.000000000000000666e-01 7.453794108601348398e+02 4.478296527832344305e-06
7.000000000000000666e-01 7.529084958183179879e+02 0.000000000000000000e+00
8.000000000000000444e-01 1.000000000000000000e+00 9.845171495084364130e-05
8.000000000000000444e-01 1.317424617049989699e+00 5.771566861420151953e-05
8.000000000000000444e-01 1.735607621609311924e+00 2.619419920806618753e-05
8.000000000000000444e-01 2.286532206247691157e+00 -3.499853912318984394e-06
8.000000000000000444e-01 3.012333816188332847e+00 -2.079833338601584902e-05
8.000000000000000444e-01 3.968522724218647824e+00 1.698937350842241910e-05
8.000000000000000444e-01 5.228229530207934239e+00 8.878583889593547648e-05
8.000000000000000444e-01 6.887798286683635141e+00 1.073212588610592135e-04
8.000000000000000444e-01 9.074155020151764006e+00 5.514402335743412301e-05
8.000000000000000444e-01 1.195451520247567956e+01 1.322321834403824727e-05
8.000000000000000444e-01 1.574917261263979817e+01 1.031348780071254552e-05
8.000000000000000444e-01 2.074834769806117762e+01 1.818353688668111425e-05
8.000000000000000444e-01 2.733438402053827332e+01 3.218510161964516426e-05
8.000000000000000444e-01 3.601099040055500211e+01 5.721821999131249315e-05
8.000000000000000444e-01 4.744176523804202361e+01 1.021674021866613612e-04
8.000000000000000444e-01 6.250094940090303908e+01 1.830283364640509125e-04
8.000000000000000444e-01 8.234028932974544546e+01 3.278792322651626111e-04
8.000000000000000444e-01 1.084771241380252889e+02 5.827780159326681041e-04
8.000000000000000444e-01 1.129642340545295838e+02 6.332583216766652723e-04
8.000000000000000444e-01 1.291847394572312737e+02 8.298859858876336164e-04
8.000000000000000444e-01 1.429104337262221236e+02 1.010892612558169984e-03
8.000000000000000444e-01 1.454052448599329637e+02 1.044944166792770692e-03
8.000000000000000444e-01 1.616257502626346252e+02 1.272531049485488763e-03
8.000000000000000444e-01 1.778462556653363151e+02 1.505817506969156548e-03
8.000000000000000444e-01 1.882737234242160582e+02 1.655368274782099795e-03
8.000000000000000444e-01 1.940667610680380051e+02 1.737348785893098966e-03
8.000000000000000444e-01 2.102872664707396666e+02 1.959413711816155191e-03
8.000000000000000444e-01 2.265077718734413565e+02 2.164458822636356351e-03
8.000000000000000444e-01 2.427282772761430465e+02 2.345395926189318067e-03
8.000000000000000444e-01 2.589487826788447364e+02 2.496121626006824953e-03
8.000000000000000444e-01 2.751692880815464264e+02 2.611688964941307443e-03
8.000000000000000444e-01 2.913897934842481163e+02 2.688735069425502930e-03
8.000000000000000444e-01 3.076102988869497494e+02 2.725344177450646395e-03
8.000000000000000444e-01 3.238308042896514962e+02 2.721347475834949830e-03
8.000000000000000444e-01 3.400513096923531293e+02 2.678231251745859937e-03
8.000000000000000444e-01 3.562718150950548193e+02 2.598669061642498897e-03
8.000000000000000444e-01 3.724923204977565092e+02 2.486972619787932402e-03
8.000000000000000444e-01 3.887128259004581992e+02 2.347598638198803919e-03
8.000000000000000444e-01 4.049333313031598891e+02 2.186535711245620860e-03
8.000000000000000444e-01 4.211538367058615790e+02 2.009880655577371382e-03
8.000000000000000444e-01 4.373743421085632690e+02 1.823730746345028284e-03
8.000000000000000444e-01 4.535948475112649021e+02 1.633713521197598497e-03
8.000000000000000444e-01 4.698153529139665920e+02 1.444996032150013812e-03
8.000000000000000444e-01 4.860358583166682820e+02 1.262060943849763498e-03
8.000000000000000444e-01 5.022563637193699719e+02 1.088367401577584794e-03
8.000000000000000444e-01 5.184768691220716619e+02 9.267731290313813760e-04
8.000000000000000444e-01 5.346973745247732950e+02 7.790489747587990262e-04
8.000000000000000444e-01 5.509178799274750418e+02 6.465188863903332086e-04
8.000000000000000444e-01 5.671383853301766749e+02 5.294362186923942627e-04
8.000000000000000444e-01 5.833588907328783080e+02 4.275894621211420005e-04
8.000000000000000444e-01 5.995793961355800548e+02 3.402251675772187465e-04
8.000000000000000444e-01 6.157999015382818015e+02 2.662332280782276879e-04
8.000000000000000444e-01 6.320204069409834347e+02 2.042040078050302886e-04
8.000000000000000444e-01 6.482409123436850678e+02 1.531149997044017918e-04
8.000000000000000444e-01 6.644614177463868145e+02 1.116045968820511742e-04
8.000000000000000444e-01 6.806819231490884476e+02 7.862017819414806577e-05
8.000000000000000444e-01 6.969024285517901944e+02 5.246490557332257848e-05
8.000000000000000444e-01 7.131229339544918275e+02 3.221279408626552288e-05
8.000000000000000444e-01 7.293434393571935743e+02 1.650460369041977340e-05
8.000000000000000444e-01 7.455639447598952074e+02 4.440777343710329011e-06
8.000000000000000444e-01 7.530948936968638918e+02 0.000000000000000000e+00
9.000000000000000222e-01 1.000000000000000000e+00 6.110254207444973872e-05
9.000000000000000222e-01 1.317432059388263355e+00 3.407666133380971311e-05
9.000000000000000222e-01 1.735627231104000634e+00 1.131349968467098678e-05
9.000000000000000222e-01 2.286570957403692983e+00 -8.872353394070047174e-06
9.000000000000000222e-01 3.012401885349740294e+00 -7.697381913939379993e-06
9.000000000000000222e-01 3.968634819521395851e+00 3.517602293115116262e-05
9.000000000000000222e-01 5.228406743242040911e+00 7.910018865412639009e-05
9.000000000000000222e-01 6.888070663068845967e+00 7.113989163342568671e-05
9.000000000000000222e-01 9.074565118858670232e+00 2.756205118720062144e-05
9.000000000000000222e-01 1.195512301259088161e+01 5.912621266881816144e-06
9.000000000000000222e-01 1.575006233071762196e+01 1.041255146560758739e-05
9.000000000000000222e-01 2.074963705185082574e+01 1.840876982189857018e-05
9.000000000000000222e-01 2.733623707277884662e+01 3.269596473865886438e-05
9.000000000000000222e-01 3.601363510271682600e+01 5.837200481371080030e-05
9.000000000000000222e-01 4.744551745942969490e+01 1.047537369110811383e-04
9.000000000000000222e-01 6.250624577531826276e+01 1.887511492000860111e-04
9.000000000000000222e-01 8.234773209640647451e+01 3.402599595667686366e-04
9.000000000000000222e-01 1.084875422817217583e+02 6.085419366910719153e-04
9.000000000000000222e-01 1.129763595718218028e+02 6.618315101561453957e-04
9.000000000000000222e-01 1.291986060744423810e+02 8.695928011834549521e-04
9.000000000000000222e-01 1.429249662461800483e+02 1.061028615804382631e-03
9.000000000000000222e-01 1.454208525770629308e+02 1.097063657060580542e-03
9.000000000000000222e-01 1.616430990796835090e+02 1.337804304439101696e-03
9.000000000000000222e-01 1.778653455823040872e+02 1.584374799695824907e-03
9.000000000000000222e-01 1.882939326197029004e+02 1.742239837746259110e-03
9.000000000000000222e-01 1.940875920849246370e+02 1.828687000502764561e-03
9.000000000000000222e-01 2.103098385875452152e+02 2.062419999955576472e-03
9.000000000000000222e-01 2.265320850901657650e+02 2.277481833661476260e-03
9.000000000000000222e-01 2.427543315927863432e+02 2.466358165674589591e-03
9.000000000000000222e-01 2.589765780954069214e+02 2.622648583357351133e-03
9.000000000000000222e-01 2.751988245980274996e+02 2.741233049130561636e-03
9.000000000000000222e-01 2.914210711006480778e+02 2.818722456861876956e-03
9.000000000000000222e-01 3.076433176032686561e+02 2.853339663350459507e-03
9.000000000000000222e-01 3.238655641058891774e+02 2.845142113417957475e-03
9.000000000000000222e-01 3.400878106085097556e+02 2.795798796100846650e-03
9.000000000000000222e-01 3.563100571111302770e+02 2.708756557473317172e-03
9.000000000000000222e-01 3.725323036137508552e+02 2.588396478964324985e-03
9.000000000000000222e-01 3.887545501163714334e+02 2.440161464330169085e-03
9.000000000000000222e-01 4.049767966189920116e+02 2.270143504734073187e-03
9.000000000000000222e-01 4.211990431216125899e+02 2.084488177656164311e-03
9.000000000000000222e-01 4.374212896242331681e+02 1.889052067188436677e-03
9.000000000000000222e-01 4.536435361268537463e+02 1.689866407056962293e-03
9.000000000000000222e-01 4.698657826294743245e+02 1.492358165838423558e-03
9.000000000000000222e-01 4.860880291320949027e+02 1.301458462573443220e-03
9.000000000000000222e-01 5.023102756347154809e+02 1.120513200790540943e-03
9.000000000000000222e-01 5.185325221373359454e+02 9.524626496545930904e-04
9.000000000000000222e-01 5.347547686399565237e+02 7.992179951669896830e-04
9.000000000000000222e-01 5.509770151425771019e+02 6.613104014093153151e-04
9.000000000000000222e-01 5.671992616451976801e+02 5.395183827440593266e-04
9.000000000000000222e-01 5.834215081478182583e+02 4.338592476887739857e-04
9.000000000000000222e-01 5.996437546504388365e+02 3.437641503438212520e-04
9.000000000000000222e-01 6.158660011530594147e+02 2.679462507571491749e-04
9.000000000000000222e-01 6.320882476556799929e+02 2.049142445884867764e-04
9.000000000000000222e-01 6.483104941583005711e+02 1.534628653509459992e-04
9.000000000000000222e-01 6.645327406609211494e+02 1.118851058336660397e-04
9.000000000000000222e-01 6.807549871635417276e+02 7.867139850760512213e-05
9.000000000000000222e-01 6.969772336661623058e+02 5.252574074361785481e-05
9.000000000000000222e-01 7.131994801687828840e+02 3.223237836557033280e-05
9.000000000000000222e-01 7.294217266714033485e+02 1.654136594049874511e-05
9.000000000000000222e-01 7.456439731740239267e+02 4.520911760012888963e-06
9.000000000000000222e-01 7.531757304788120564e+02 0.000000000000000000e+00
1.000000000000000000e+00 1.000000000000000000e+00 5.172138013787330903e-05
1.000000000000000000e+00 1.317433631847781728e+00 2.836429847365734788e-05
1.000000000000000000e+00 1.735631374323636678e+00 7.119278327890581042e-06
1.000000000000000000e+00 2.286579145024145276e+00 -9.850334785681713108e-06
1.000000000000000000e+00 3.012416267536555559e+00 -5.133873975691401045e-06
1.000000000000000000e+00 3.968658503978023777e+00 4.007549287094370907e-05
1.000000000000000000e+00 5.228444186459351606e+00 7.256256983959841439e-05
1.000000000000000000e+00 6.888128213480565698e+00 5.816692668373656702e-05
1.000000000000000000e+00 9.074651768918872818e+00 2.152516482899966666e-05
1.000000000000000000e+00 1.195525143768068688e+01 5.927529132767403176e-06
1.000000000000000000e+00 1.575025032119708612e+01 1.044650925143380755e-05
1.000000000000000000e+00 2.074990948316636974e+01 1.848599877532307363e-05
1.000000000000000000e+00 2.733662861092059160e+01 3.287111912471611783e-05
1.000000000000000000e+00 3.601419391335910092e+01 5.876734989322104024e-05
1.000000000000000000e+00 4.744631028534696782e+01 1.056386621057724649e-04
1.000000000000000000e+00 6.250736487700140032e+01 1.907036864707695178e-04
1.000000000000000000e+00 8.234930472714243876e+01 3.444626492074455838e-04
1.000000000000000000e+00 1.084897436068189336e+02 6.172098388259956081e-04
1.000000000000000000e+00 1.129789216777933234e+02 6.714257630070399451e-04
1.000000000000000000e+00 1.292015360725533810e+02 8.828331391825983577e-04
1.000000000000000000e+00 1.429280369381661444e+02 1.077637778727981834e-03
1.000000000000000000e+00 1.454241504673134386e+02 1.114306634085029946e-03
1.000000000000000000e+00 1.616467648620735247e+02 1.359210381327666944e-03
1.000000000000000000e+00 1.778693792568335823e+02 1.609889923028931481e-03
1.000000000000000000e+00 1.882982027963221583e+02 1.770267688115553534e-03
1.000000000000000000e+00 1.940919936515936399e+02 1.858042762440008334e-03
1.000000000000000000e+00 2.103146080463537260e+02 2.095152075843332781e-03
1.000000000000000000e+00 2.265372224411137836e+02 2.312954213501790778e-03
1.000000000000000000e+00 2.427598368358738412e+02 2.503839420216005980e-03
1.000000000000000000e+00 2.589824512306338988e+02 2.661313700519301641e-03
1.000000000000000000e+00 2.752050656253939565e+02 2.780245591360177172e-03
1.000000000000000000e+00 2.914276800201540709e+02 2.857293368874020204e-03
1.000000000000000000e+00 3.076502944149141285e+02 2.890727955116978182e-03
1.000000000000000000e+00 3.238729088096741862e+02 2.880709451277719581e-03
1.000000000000000000e+00 3.400955232044342438e+02 2.828950119315234556e-03
1.000000000000000000e+00 3.563181375991943014e+02 2.739235946127150170e-03
1.000000000000000000e+00 3.725407519939543590e+02 2.615959487125921797e-03
1.000000000000000000e+00 3.887633663887144166e+02 2.464700549592867100e-03
1.000000000000000000e+00 4.049859807834744743e+02 2.291177105360358169e-03
1.000000000000000000e+00 4.212085951782345319e+02 2.103031047474499590e-03
1.000000000000000000e+00 4.374312095729945895e+02 1.905519960973324619e-03
1.000000000000000000e+00 4.536538239677547040e+02 1.704921201852224255e-03
1.000000000000000000e+00 4.698764383625147616e+02 1.506581220085566200e-03
1.000000000000000000e+00 4.860990527572748192e+02 1.313238959426623644e-03
1.000000000000000000e+00 5.023216671520348768e+02 1.128535721463457290e-03
1.000000000000000000e+00 5.185442815467949913e+02 9.574054332009282941e-04
1.000000000000000000e+00 5.347668959415550489e+02 8.000082177272632494e-04
1.000000000000000000e+00 5.509895103363151065e+02 6.608811411955472148e-04
1.000000000000000000e+00 5.672121247310751642e+02 5.400153929769383430e-04
1.000000000000000000e+00 5.834347391258352218e+02 4.338579762551636812e-04
1.000000000000000000e+00 5.996573535205952794e+02 3.448885843312044712e-04
1.000000000000000000e+00 6.158799679153553370e+02 2.685372458818641932e-04
1.000000000000000000e+00 6.321025823101153946e+02 2.032158091683350094e-04
1.000000000000000000e+00 6.483251967048754523e+02 1.538828023757742903e-04
1.000000000000000000e+00 6.645478110996355099e+02 1.125075675933729220e-04
1.000000000000000000e+00 6.807704254943955675e+02 7.935911038181685652e-05
1.000000000000000000e+00 6.969930398891556251e+02 5.268211965114179268e-05
1.000000000000000000e+00 7.132156542839156828e+02 3.281369623206084710e-05
1.000000000000000000e+00 7.294382686786757404e+02 1.609872867659586308e-05
1.000000000000000000e+00 7.456608830734359117e+02 4.738876360295067598e-06
1.000000000000000000e+00 7.531928111852888605e+02 0.000000000000000000e+00
