# mx [GeV]: 100.0
# sigma_p [cm^2]: 1.1220184543e-29
# depth [m]: 0.3
# loc: MPI
# Columns: gamma/pi, v [km/s], f(v, gamma) [s/km]
0.000000000000000000e+00 1.000000000000000000e+00 6.674845000635077491e-03
0.000000000000000000e+00 1.057035735870119897e+00 6.496262312472932988e-03
0.000000000000000000e+00 1.117324546906485860e+00 6.292715067746043958e-03
0.000000000000000000e+00 1.181051974645045632e+00 5.835884033393280712e-03
0.000000000000000000e+00 1.248414143119783937e+00 5.663316069388074116e-03
0.000000000000000000e+00 1.319618362443285786e+00 5.470574032922695569e-03
0.000000000000000000e+00 1.394883766812961223e+00 5.262824759427857553e-03
0.000000000000000000e+00 1.474441988906423084e+00 5.045695241431886850e-03
0.000000000000000000e+00 1.558537872741504238e+00 4.535514037285951275e-03
0.000000000000000000e+00 1.647430227194767172e+00 4.398824910299417405e-03
0.000000000000000000e+00 1.721293706229807707e+00 4.278456884495672810e-03
0.000000000000000000e+00 1.741392622497499376e+00 4.244879834476212969e-03
0.000000000000000000e+00 1.840714232160442165e+00 5.039127097868635087e-03
0.000000000000000000e+00 1.945700722918315639e+00 3.725331469208193694e-03
0.000000000000000000e+00 1.968453828149985263e+00 3.698790287519882879e-03
0.000000000000000000e+00 2.056675195432986047e+00 3.593015101194549886e-03
0.000000000000000000e+00 2.173979178650328858e+00 3.447034088085429437e-03
0.000000000000000000e+00 2.215613950070162819e+00 3.287746441902497478e-03
0.000000000000000000e+00 2.297973680870969204e+00 3.203900321289259497e-03
0.000000000000000000e+00 2.429040300769612859e+00 3.065772937467985213e-03
0.000000000000000000e+00 2.462774071990340374e+00 3.029910277919736078e-03
0.000000000000000000e+00 2.567582401782185109e+00 2.918204957081645037e-03
0.000000000000000000e+00 2.709934193910517486e+00 2.626318443802712777e-03
0.000000000000000000e+00 2.714026353475002207e+00 2.623277340507313999e-03
0.000000000000000000e+00 2.868822843716346771e+00 2.505547246020941362e-03
0.000000000000000000e+00 2.957094315830695486e+00 2.436451383851213036e-03
0.000000000000000000e+00 3.204254437750872597e+00 2.149417718751257117e-03
0.000000000000000000e+00 3.451414559671050153e+00 1.992422112724347855e-03
0.000000000000000000e+00 3.698574681591227709e+00 1.795605125473745140e-03
0.000000000000000000e+00 3.945734803511405264e+00 1.654477999875923712e-03
0.000000000000000000e+00 4.192894925431582820e+00 1.448196243197493729e-03
0.000000000000000000e+00 4.440055047351760820e+00 1.299401038257949267e-03
0.000000000000000000e+00 4.687215169271937043e+00 1.199666629376978542e-03
0.000000000000000000e+00 4.934375291192115043e+00 1.054664894813717776e-03
0.000000000000000000e+00 5.181535413112293043e+00 9.715210748751879023e-04
0.000000000000000000e+00 5.428695535032470154e+00 8.352796809946587452e-04
0.000000000000000000e+00 5.675855656952647266e+00 7.694059683487475656e-04
0.000000000000000000e+00 5.923015778872825265e+00 6.817227729138939686e-04
0.000000000000000000e+00 6.170175900793003265e+00 6.247124958722716616e-04
0.000000000000000000e+00 6.417336022713179489e+00 5.298630291034202950e-04
0.000000000000000000e+00 6.664496144633357488e+00 4.852238072916663088e-04
0.000000000000000000e+00 6.911656266553535488e+00 4.155666457377209700e-04
0.000000000000000000e+00 7.158816388473713488e+00 3.795431154670432430e-04
0.000000000000000000e+00 7.405976510393889711e+00 3.308390408272364838e-04
0.000000000000000000e+00 7.653136632314067711e+00 3.007629238452673675e-04
0.000000000000000000e+00 7.900296754234245711e+00 2.476306714249724636e-04
0.000000000000000000e+00 8.147456876154421934e+00 2.249015132604416693e-04
0.000000000000000000e+00 8.394616998074599934e+00 1.927907553736866986e-04
0.000000000000000000e+00 8.641777119994777934e+00 1.550991057889690428e-04
0.000000000000000000e+00 8.888937241914955933e+00 1.405720682098132810e-04
0.000000000000000000e+00 9.136097363835132157e+00 1.137574689597691994e-04
0.000000000000000000e+00 9.383257485755310157e+00 9.473982247831214359e-05
0.000000000000000000e+00 9.630417607675488156e+00 8.559782120448063787e-05
0.000000000000000000e+00 9.877577729595666156e+00 6.431247053394204059e-05
0.000000000000000000e+00 1.012473785151584238e+01 5.222861396554720080e-05
0.000000000000000000e+00 1.037189797343602038e+01 3.683432323529539550e-05
0.000000000000000000e+00 1.061905809535619838e+01 2.574098595502158292e-05
0.000000000000000000e+00 1.086621821727637638e+01 2.026047014998442366e-05
0.000000000000000000e+00 1.111337833919655260e+01 9.399482576881859413e-06
0.000000000000000000e+00 1.136053846111673060e+01 2.787839795633526281e-06
0.000000000000000000e+00 1.147529137486538531e+01 0.000000000000000000e+00
1.000000000000000056e-01 1.000000000000000000e+00 7.783539468637657235e-03
1.000000000000000056e-01 1.058386020880355716e+00 7.388015901952169583e-03
1.000000000000000056e-01 1.120180969194952691e+00 6.890967027991647641e-03
1.000000000000000056e-01 1.185583878652146206e+00 6.633686485660577475e-03
1.000000000000000056e-01 1.254805403746543480e+00 6.366244892482147283e-03
1.000000000000000056e-01 1.328068498250472240e+00 6.083169410310052677e-03
1.000000000000000056e-01 1.405609133319866810e+00 5.723634831310515231e-03
1.000000000000000056e-01 1.487677057527499347e+00 5.450975901878710866e-03
1.000000000000000056e-01 1.574536601271526060e+00 5.185441935034511458e-03
1.000000000000000056e-01 1.666467528150249455e+00 4.911568650490386219e-03
1.000000000000000056e-01 1.763555195806177922e+00 4.603723168009583346e-03
1.000000000000000056e-01 1.763765936045264660e+00 4.603254210916925618e-03
1.000000000000000056e-01 1.866745210815263567e+00 4.399592173223817147e-03
1.000000000000000056e-01 1.975737035672227249e+00 4.194379168105686305e-03
1.000000000000000056e-01 2.016783634178346940e+00 4.118747787018360064e-03
1.000000000000000056e-01 2.091092459491078248e+00 4.086074793085892401e-03
1.000000000000000056e-01 2.213183027493678345e+00 3.715961560222088168e-03
1.000000000000000056e-01 2.270012072550516180e+00 3.637660763132943148e-03
1.000000000000000056e-01 2.342401977948973535e+00 3.537876772992113589e-03
1.000000000000000056e-01 2.479165508743688573e+00 3.314163375593001323e-03
1.000000000000000056e-01 2.523240510922685420e+00 3.233397738102914559e-03
1.000000000000000056e-01 2.623914117903054954e+00 3.109511640398585856e-03
1.000000000000000056e-01 2.776468949294854660e+00 2.928251260472429420e-03
1.000000000000000056e-01 2.777114022379202574e+00 2.927480599497023304e-03
1.000000000000000056e-01 2.939258659676963426e+00 2.715620774848204449e-03
1.000000000000000056e-01 3.029697387667023900e+00 2.601608111006098890e-03
1.000000000000000056e-01 3.282925826039193140e+00 2.371310457829295913e-03
1.000000000000000056e-01 3.536154264411361936e+00 2.127302047911101054e-03
1.000000000000000056e-01 3.789382702783531620e+00 1.931478753025080370e-03
1.000000000000000056e-01 4.042611141155700416e+00 1.746348925096012378e-03
1.000000000000000056e-01 4.295839579527870100e+00 1.579206926061256207e-03
1.000000000000000056e-01 4.549068017900038896e+00 1.413811042400208188e-03
1.000000000000000056e-01 4.802296456272207692e+00 1.282488849111049298e-03
1.000000000000000056e-01 5.055524894644377376e+00 1.158565444927990790e-03
1.000000000000000056e-01 5.308753333016546172e+00 1.034556024854647481e-03
1.000000000000000056e-01 5.561981771388715856e+00 9.275803916402189592e-04
1.000000000000000056e-01 5.815210209760884652e+00 8.337684712597727725e-04
1.000000000000000056e-01 6.068438648133053448e+00 7.357579125382422052e-04
1.000000000000000056e-01 6.321667086505223132e+00 6.603397937679320474e-04
1.000000000000000056e-01 6.574895524877391928e+00 5.860806579612294447e-04
1.000000000000000056e-01 6.828123963249561612e+00 5.211614735204300264e-04
1.000000000000000056e-01 7.081352401621730408e+00 4.548908992674574863e-04
1.000000000000000056e-01 7.334580839993900092e+00 4.070478556324829507e-04
1.000000000000000056e-01 7.587809278366068888e+00 3.505780478722337820e-04
1.000000000000000056e-01 7.841037716738237684e+00 3.098312608524467346e-04
1.000000000000000056e-01 8.094266155110407368e+00 2.700986585892504923e-04
1.000000000000000056e-01 8.347494593482576164e+00 2.326169987148862871e-04
1.000000000000000056e-01 8.600723031854746736e+00 2.001201150710980783e-04
1.000000000000000056e-01 8.853951470226915532e+00 1.698341610714254309e-04
1.000000000000000056e-01 9.107179908599084328e+00 1.456754575938064647e-04
1.000000000000000056e-01 9.360408346971253124e+00 1.223352145810975198e-04
1.000000000000000056e-01 9.613636785343423696e+00 1.011842193055734288e-04
1.000000000000000056e-01 9.866865223715592492e+00 8.320392605375711117e-05
1.000000000000000056e-01 1.012009366208776129e+01 6.713291044371070431e-05
1.000000000000000056e-01 1.037332210045993008e+01 5.190468820103290076e-05
1.000000000000000056e-01 1.062655053883210066e+01 3.997465779734849265e-05
1.000000000000000056e-01 1.087977897720426945e+01 2.839959156030569487e-05
1.000000000000000056e-01 1.113300741557643825e+01 1.904609247533452251e-05
1.000000000000000056e-01 1.138623585394860704e+01 1.072937511471549579e-05
1.000000000000000056e-01 1.163946429232077584e+01 3.293021779179083918e-06
1.000000000000000056e-01 1.175703463870785370e+01 0.000000000000000000e+00
2.000000000000000111e-01 1.000000000000000000e+00 1.062679387096897472e-02
2.000000000000000111e-01 1.062355870752859310e+00 1.013708790038043810e-02
2.000000000000000111e-01 1.128599996123066163e+00 9.647579389137154668e-03
2.000000000000000111e-01 1.198974831612993786e+00 9.153513054040680191e-03
2.000000000000000111e-01 1.273737951248984812e+00 8.651330161788914341e-03
2.000000000000000111e-01 1.353162990310078584e+00 8.098885384338378943e-03
2.000000000000000111e-01 1.437540646841406478e+00 7.712315433946895747e-03
2.000000000000000111e-01 1.527179745617831097e+00 7.317630202260736252e-03
2.000000000000000111e-01 1.622408368451961458e+00 6.902929631197700366e-03
2.000000000000000111e-01 1.723575054983509380e+00 6.534472062700462380e-03
2.000000000000000111e-01 1.831050078344913734e+00 6.175086580507520295e-03
2.000000000000000111e-01 1.893571343676536234e+00 5.973590366168192098e-03
2.000000000000000111e-01 1.945226800372202192e+00 5.798223780826324524e-03
2.000000000000000111e-01 2.066523111321209694e+00 5.442472824595420006e-03
2.000000000000000111e-01 2.165468767383936566e+00 5.230299449481477098e-03
2.000000000000000111e-01 2.195382959358551656e+00 5.166392556769772333e-03
2.000000000000000111e-01 2.332277975425343541e+00 4.863570641100788128e-03
2.000000000000000111e-01 2.437366191091336454e+00 4.573295080714669981e-03
2.000000000000000111e-01 2.477709199420706998e+00 4.507344453582117112e-03
2.000000000000000111e-01 2.632208914022955426e+00 4.258378199621065500e-03
2.000000000000000111e-01 2.709263614798736342e+00 4.135855182826299152e-03
2.000000000000000111e-01 2.796342592860295184e+00 3.990318740570694689e-03
2.000000000000000111e-01 2.970710970161407616e+00 3.707457309880333573e-03
2.000000000000000111e-01 2.981161038506136673e+00 3.693362778270281067e-03
2.000000000000000111e-01 3.155952239460893871e+00 3.455292581641369615e-03
2.000000000000000111e-01 3.253058462213537005e+00 3.325902041504562312e-03
2.000000000000000111e-01 3.524955885920936893e+00 2.979339664620793849e-03
2.000000000000000111e-01 3.796853309628336781e+00 2.695044583710118607e-03
2.000000000000000111e-01 4.068750733335736669e+00 2.420907229173550716e-03
2.000000000000000111e-01 4.340648157043137445e+00 2.191676099583667742e-03
2.000000000000000111e-01 4.612545580750537333e+00 1.969116943762188546e-03
2.000000000000000111e-01 4.884443004457937221e+00 1.780859907426704178e-03
2.000000000000000111e-01 5.156340428165337997e+00 1.581679455025380336e-03
2.000000000000000111e-01 5.428237851872736996e+00 1.431347792036376070e-03
2.000000000000000111e-01 5.700135275580137773e+00 1.280145128814427552e-03
2.000000000000000111e-01 5.972032699287538549e+00 1.148215230616054855e-03
2.000000000000000111e-01 6.243930122994937548e+00 1.017579023953336069e-03
2.000000000000000111e-01 6.515827546702338324e+00 9.123251773325550705e-04
2.000000000000000111e-01 6.787724970409737324e+00 8.080531686826210227e-04
2.000000000000000111e-01 7.059622394117138100e+00 7.145266646060190316e-04
2.000000000000000111e-01 7.331519817824538876e+00 6.354625869225266881e-04
2.000000000000000111e-01 7.603417241531937876e+00 5.572397161216838257e-04
2.000000000000000111e-01 7.875314665239338652e+00 4.885136895338951409e-04
2.000000000000000111e-01 8.147212088946739428e+00 4.262180694958637799e-04
2.000000000000000111e-01 8.419109512654138427e+00 3.723673841629794980e-04
2.000000000000000111e-01 8.691006936361539204e+00 3.223565076723686499e-04
2.000000000000000111e-01 8.962904360068938203e+00 2.774503967541188656e-04
2.000000000000000111e-01 9.234801783776338979e+00 2.385047291306543777e-04
2.000000000000000111e-01 9.506699207483739755e+00 2.007566909208712024e-04
2.000000000000000111e-01 9.778596631191138755e+00 1.710001812795955108e-04
2.000000000000000111e-01 1.005049405489853953e+01 1.432744126862876876e-04
2.000000000000000111e-01 1.032239147860593853e+01 1.191617692994416611e-04
2.000000000000000111e-01 1.059428890231333931e+01 9.693462005114967010e-05
2.000000000000000111e-01 1.086618632602074008e+01 7.704323716339202103e-05
2.000000000000000111e-01 1.113808374972813908e+01 6.062686534853463512e-05
2.000000000000000111e-01 1.140998117343553986e+01 4.538601996340123460e-05
2.000000000000000111e-01 1.168187859714293886e+01 3.322481021188257596e-05
2.000000000000000111e-01 1.195377602085033963e+01 2.101635239215452608e-05
2.000000000000000111e-01 1.222567344455774041e+01 1.207621437628271942e-05
2.000000000000000111e-01 1.249757086826513941e+01 3.564442237710247213e-06
2.000000000000000111e-01 1.262380895784357548e+01 0.000000000000000000e+00
3.000000000000000444e-01 1.000000000000000000e+00 1.757516036328524503e-02
3.000000000000000444e-01 1.068641028878047461e+00 1.611646333578433885e-02
3.000000000000000444e-01 1.141993648601531852e+00 1.539328771233732830e-02
3.000000000000000444e-01 1.220381267613736220e+00 1.462015820700302178e-02
3.000000000000000444e-01 1.304149493446238761e+00 1.378794034917577363e-02
3.000000000000000444e-01 1.393667656487173057e+00 1.297187291336243144e-02
3.000000000000000444e-01 1.489330438342509666e+00 1.217373561084770205e-02
3.000000000000000444e-01 1.591559611969733057e+00 1.142082247237561320e-02
3.000000000000000444e-01 1.700805901256081221e+00 1.076413752181971765e-02
3.000000000000000444e-01 1.817550968240153608e+00 1.006197528794133822e-02
3.000000000000000444e-01 1.942309536738448861e+00 9.487273948011258964e-03
3.000000000000000444e-01 2.075631661739819389e+00 8.910752893330972646e-03
3.000000000000000444e-01 2.118147947472631021e+00 8.734489074418396587e-03
3.000000000000000444e-01 2.218105154573492221e+00 8.335600975570999285e-03
3.000000000000000444e-01 2.370358174543117258e+00 7.737620408100263393e-03
3.000000000000000444e-01 2.422292268135367799e+00 7.587890524909077054e-03
3.000000000000000444e-01 2.533061998453246755e+00 7.276571456185573598e-03
3.000000000000000444e-01 2.706933980238960480e+00 6.805878782471405826e-03
3.000000000000000444e-01 2.726436588798104577e+00 6.755118411199211893e-03
3.000000000000000444e-01 2.892740713747511183e+00 6.268982267202737567e-03
3.000000000000000444e-01 3.030580909460841355e+00 5.979367561524830295e-03
3.000000000000000444e-01 3.091301412616557887e+00 5.854170931377639629e-03
3.000000000000000444e-01 3.303491522150719728e+00 5.418082386557100845e-03
3.000000000000000444e-01 3.334725230123577688e+00 5.355294038672862682e-03
3.000000000000000444e-01 3.530246579121051553e+00 4.991887072617011770e-03
3.000000000000000444e-01 3.638869550786314910e+00 4.799372201787666971e-03
3.000000000000000444e-01 3.943013871449051244e+00 4.295023201493296250e-03
3.000000000000000444e-01 4.247158192111788466e+00 3.864233750126657742e-03
3.000000000000000444e-01 4.551302512774524800e+00 3.481048699949488602e-03
3.000000000000000444e-01 4.855446833437261134e+00 3.118129171243908242e-03
3.000000000000000444e-01 5.159591154099998356e+00 2.807097179852149384e-03
3.000000000000000444e-01 5.463735474762735578e+00 2.518870299837462461e-03
3.000000000000000444e-01 5.767879795425471912e+00 2.256969526103777459e-03
3.000000000000000444e-01 6.072024116088208245e+00 2.008550327649862108e-03
3.000000000000000444e-01 6.376168436750944579e+00 1.799497558924465033e-03
3.000000000000000444e-01 6.680312757413682689e+00 1.600576232276518587e-03
3.000000000000000444e-01 6.984457078076419023e+00 1.424929068658485707e-03
3.000000000000000444e-01 7.288601398739155357e+00 1.257972271250456554e-03
3.000000000000000444e-01 7.592745719401891691e+00 1.118087870177206797e-03
3.000000000000000444e-01 7.896890040064628025e+00 9.797969036267628346e-04
3.000000000000000444e-01 8.201034360727366135e+00 8.602572320185188862e-04
3.000000000000000444e-01 8.505178681390102469e+00 7.563175603863333141e-04
3.000000000000000444e-01 8.809323002052838802e+00 6.588674103724466826e-04
3.000000000000000444e-01 9.113467322715575136e+00 5.730662088419154459e-04
3.000000000000000444e-01 9.417611643378311470e+00 4.924042882104977823e-04
3.000000000000000444e-01 9.721755964041049580e+00 4.268445892449839233e-04
3.000000000000000444e-01 1.002590028470378591e+01 3.638840741318747664e-04
3.000000000000000444e-01 1.033004460536652225e+01 3.106594604303622616e-04
3.000000000000000444e-01 1.063418892602925858e+01 2.632819326813789899e-04
3.000000000000000444e-01 1.093833324669199492e+01 2.193252725524730815e-04
3.000000000000000444e-01 1.124247756735473303e+01 1.830001780452874464e-04
3.000000000000000444e-01 1.154662188801746936e+01 1.507416578725359873e-04
3.000000000000000444e-01 1.185076620868020569e+01 1.223233262374348541e-04
3.000000000000000444e-01 1.215491052934294203e+01 9.784358103455885025e-05
3.000000000000000444e-01 1.245905485000567836e+01 7.499680767189912669e-05
3.000000000000000444e-01 1.276319917066841647e+01 5.692844615451600888e-05
3.000000000000000444e-01 1.306734349133115280e+01 3.952030011361324247e-05
3.000000000000000444e-01 1.337148781199388914e+01 2.681641969981023361e-05
3.000000000000000444e-01 1.367563213265662547e+01 1.451172644036481423e-05
3.000000000000000444e-01 1.397977645331936358e+01 4.503874805105486269e-06
3.000000000000000444e-01 1.412098631648420621e+01 0.000000000000000000e+00
4.000000000000000222e-01 1.000000000000000000e+00 3.133976262905820154e-02
4.000000000000000222e-01 1.076625928429959966e+00 2.923544212643246210e-02
4.000000000000000222e-01 1.159123389767673373e+00 2.728585610724541463e-02
4.000000000000000222e-01 1.247942295673503565e+00 2.526339502205940390e-02
4.000000000000000222e-01 1.343567032706501463e+00 2.385386767175440639e-02
4.000000000000000222e-01 1.446519103995523636e+00 2.242179257633992312e-02
4.000000000000000222e-01 1.557359973330854519e+00 2.100651372856879653e-02
4.000000000000000222e-01 1.676694127186988847e+00 1.960268322101049732e-02
4.000000000000000222e-01 1.805172371375753260e+00 1.827431603495663012e-02
4.000000000000000222e-01 1.943495380308532861e+00 1.713339207699980313e-02
4.000000000000000222e-01 2.092417518224012341e+00 1.592852231806477642e-02
4.000000000000000222e-01 2.252750953221040131e+00 1.491022247029835657e-02
4.000000000000000222e-01 2.425370086533079839e+00 1.388589671553144313e-02
4.000000000000000222e-01 2.439962268207007234e+00 1.380135334901940770e-02
4.000000000000000222e-01 2.611216321199929080e+00 1.287200243802484774e-02
4.000000000000000222e-01 2.790315824667500610e+00 1.205513398637009757e-02
4.000000000000000222e-01 2.811303196143338123e+00 1.197188057373491793e-02
4.000000000000000222e-01 3.026721913645935125e+00 1.112106917580134649e-02
4.000000000000000222e-01 3.140669381127993987e+00 1.069691771170405703e-02
4.000000000000000222e-01 3.258647290378360317e+00 1.018890881143731143e-02
4.000000000000000222e-01 3.491022937588487363e+00 9.489964122610361139e-03
4.000000000000000222e-01 3.508344164429375578e+00 9.439261538443675936e-03
4.000000000000000222e-01 3.777174293280609163e+00 8.665946128521255162e-03
4.000000000000000222e-01 3.841376494048980739e+00 8.484783601101778677e-03
4.000000000000000222e-01 4.066603780345012353e+00 7.900002544340329474e-03
4.000000000000000222e-01 4.191730050509473671e+00 7.603956942901121153e-03
4.000000000000000222e-01 4.542083606969967491e+00 6.803871520805721863e-03
4.000000000000000222e-01 4.892437163430461311e+00 6.108231776481572173e-03
4.000000000000000222e-01 5.242790719890954243e+00 5.494380435513072751e-03
4.000000000000000222e-01 5.593144276351447175e+00 4.906335007455846220e-03
4.000000000000000222e-01 5.943497832811940995e+00 4.406023251026070821e-03
4.000000000000000222e-01 6.293851389272434815e+00 3.939656448123582226e-03
4.000000000000000222e-01 6.644204945732927747e+00 3.515453320250642825e-03
4.000000000000000222e-01 6.994558502193421567e+00 3.115710084510503464e-03
4.000000000000000222e-01 7.344912058653914499e+00 2.778038124648809972e-03
4.000000000000000222e-01 7.695265615114407431e+00 2.456776981886129186e-03
4.000000000000000222e-01 8.045619171574902140e+00 2.176397396094994531e-03
4.000000000000000222e-01 8.395972728035395960e+00 1.904334292605355458e-03
4.000000000000000222e-01 8.746326284495888004e+00 1.681587718863426480e-03
4.000000000000000222e-01 9.096679840956380048e+00 1.470317709683332781e-03
4.000000000000000222e-01 9.447033397416873868e+00 1.277685813276045659e-03
4.000000000000000222e-01 9.797386953877367688e+00 1.113087274972576410e-03
4.000000000000000222e-01 1.014774051033786151e+01 9.615355287673856867e-04
4.000000000000000222e-01 1.049809406679835533e+01 8.302138315424630348e-04
4.000000000000000222e-01 1.084844762325884915e+01 7.056565790880091338e-04
4.000000000000000222e-01 1.119880117971934297e+01 6.064809980560251484e-04
4.000000000000000222e-01 1.154915473617983679e+01 5.095915356589462292e-04
4.000000000000000222e-01 1.189950829264032706e+01 4.332991520973945203e-04
4.000000000000000222e-01 1.224986184910082088e+01 3.629602204229560457e-04
4.000000000000000222e-01 1.260021540556131470e+01 3.019659488221408780e-04
4.000000000000000222e-01 1.295056896202180852e+01 2.468192665686834777e-04
4.000000000000000222e-01 1.330092251848230234e+01 2.017690115897020431e-04
4.000000000000000222e-01 1.365127607494279616e+01 1.632388235007382340e-04
4.000000000000000222e-01 1.400162963140328998e+01 1.263180567911318752e-04
4.000000000000000222e-01 1.435198318786378380e+01 9.877674213044828548e-05
4.000000000000000222e-01 1.470233674432427406e+01 7.320490227988852541e-05
4.000000000000000222e-01 1.505269030078476789e+01 5.219407024038877054e-05
4.000000000000000222e-01 1.540304385724526171e+01 3.370214531840788434e-05
4.000000000000000222e-01 1.575339741370575553e+01 1.811884671171442888e-05
4.000000000000000222e-01 1.610375097016624935e+01 5.229715032365060597e-06
4.000000000000000222e-01 1.626641512138004941e+01 0.000000000000000000e+00
5.000000000000000000e-01 1.000000000000000000e+00 5.404713312800490249e-02
5.000000000000000000e-01 1.085412804683866694e+00 5.032953291816566477e-02
5.000000000000000000e-01 1.178120956571697464e+00 4.686178588727395872e-02
5.000000000000000000e-01 1.278747571729325960e+00 4.388798633764719181e-02
5.000000000000000000e-01 1.387968988313411645e+00 4.056089778732883955e-02
5.000000000000000000e-01 1.506519312419488887e+00 3.814624212318770691e-02
5.000000000000000000e-01 1.635195352203647756e+00 3.571492870680284537e-02
5.000000000000000000e-01 1.774861973441384633e+00 3.329439613282538651e-02
5.000000000000000000e-01 1.926457912519755400e+00 3.093404026134287388e-02
5.000000000000000000e-01 2.091002085933494570e+00 2.896273698356037485e-02
5.000000000000000000e-01 2.269600438692889632e+00 2.698940313016539097e-02
5.000000000000000000e-01 2.463453377673384015e+00 2.512082175146406263e-02
5.000000000000000000e-01 2.673863839868412029e+00 2.336483151101304001e-02
5.000000000000000000e-01 2.847443550925444100e+00 2.205606001383657658e-02
5.000000000000000000e-01 2.902246049774345860e+00 2.165914252130668807e-02
5.000000000000000000e-01 3.150135024768245806e+00 2.009674792499915527e-02
5.000000000000000000e-01 3.256307240289097571e+00 1.949445281118672782e-02
5.000000000000000000e-01 3.419196892366583196e+00 1.860851674012367618e-02
5.000000000000000000e-01 3.665170929652751042e+00 1.726001932636846842e-02
5.000000000000000000e-01 3.711240088709973683e+00 1.705765509644997444e-02
5.000000000000000000e-01 4.028227513541894567e+00 1.570315991130787070e-02
5.000000000000000000e-01 4.074034619016404513e+00 1.550942463717297493e-02
5.000000000000000000e-01 4.372289723378226078e+00 1.429279841167437060e-02
5.000000000000000000e-01 4.482898308380057983e+00 1.389671202498510109e-02
5.000000000000000000e-01 4.745739251542406834e+00 1.298460419893955435e-02
5.000000000000000000e-01 4.891761997743711454e+00 1.249955887016935586e-02
5.000000000000000000e-01 5.300625687107364925e+00 1.120537751446762896e-02
5.000000000000000000e-01 5.709489376471018396e+00 1.010669242373781439e-02
5.000000000000000000e-01 6.118353065834671867e+00 9.065409289558064992e-03
5.000000000000000000e-01 6.527216755198325338e+00 8.126966655020993399e-03
5.000000000000000000e-01 6.936080444561978808e+00 7.265490306616988192e-03
5.000000000000000000e-01 7.344944133925632279e+00 6.491693274612901632e-03
5.000000000000000000e-01 7.753807823289285750e+00 5.767804506588120918e-03
5.000000000000000000e-01 8.162671512652938333e+00 5.115634188511987250e-03
5.000000000000000000e-01 8.571535202016592692e+00 4.530496409811182561e-03
5.000000000000000000e-01 8.980398891380247051e+00 3.990627710717182218e-03
5.000000000000000000e-01 9.389262580743899633e+00 3.501823130100138390e-03
5.000000000000000000e-01 9.798126270107552216e+00 3.060766403290481660e-03
5.000000000000000000e-01 1.020698995947120657e+01 2.669695937228306823e-03
5.000000000000000000e-01 1.061585364883486093e+01 2.303818693729515251e-03
5.000000000000000000e-01 1.102471733819851352e+01 1.996893730408455091e-03
5.000000000000000000e-01 1.143358102756216610e+01 1.718932949806861905e-03
5.000000000000000000e-01 1.184244471692582046e+01 1.472299410366942514e-03
5.000000000000000000e-01 1.225130840628947482e+01 1.252630104782795741e-03
5.000000000000000000e-01 1.266017209565312740e+01 1.060469881638525722e-03
5.000000000000000000e-01 1.306903578501677998e+01 8.956303135091776184e-04
5.000000000000000000e-01 1.347789947438043434e+01 7.465941853180293152e-04
5.000000000000000000e-01 1.388676316374408870e+01 6.251336981688063437e-04
5.000000000000000000e-01 1.429562685310774128e+01 5.155719424212627062e-04
5.000000000000000000e-01 1.470449054247139387e+01 4.217979188105703929e-04
5.000000000000000000e-01 1.511335423183504822e+01 3.419836241060090283e-04
5.000000000000000000e-01 1.552221792119870258e+01 2.741804197951449966e-04
5.000000000000000000e-01 1.593108161056235517e+01 2.181218309830270936e-04
5.000000000000000000e-01 1.633994529992600775e+01 1.681614892598388110e-04
5.000000000000000000e-01 1.674880898928966388e+01 1.267336975621194167e-04
5.000000000000000000e-01 1.715767267865331647e+01 9.463597616631320574e-05
5.000000000000000000e-01 1.756653636801696905e+01 6.662758854889067810e-05
5.000000000000000000e-01 1.797540005738062163e+01 4.261302900358389069e-05
5.000000000000000000e-01 1.838426374674427421e+01 2.244007458569416310e-05
5.000000000000000000e-01 1.879312743610793035e+01 6.492985827151211335e-06
5.000000000000000000e-01 1.898295700616962733e+01 0.000000000000000000e+00
6.000000000000000888e-01 1.000000000000000000e+00 8.089123868125318306e-02
6.000000000000000888e-01 1.094026862818233026e+00 7.550056639460805963e-02
6.000000000000000888e-01 1.196894776567904994e+00 7.041184695208013711e-02
6.000000000000000888e-01 1.309435037532115098e+00 6.628265347041062405e-02
6.000000000000000888e-01 1.432557106175535111e+00 6.123995410286309227e-02
6.000000000000000888e-01 1.567255956677187090e+00 5.779518693389802675e-02
6.000000000000000888e-01 1.714620117516731490e+00 5.428298695517920491e-02
6.000000000000000888e-01 1.875840468091859892e+00 5.080539935417659192e-02
6.000000000000000888e-01 2.052219862454023325e+00 4.742299522447259580e-02
6.000000000000000888e-01 2.245183657933841115e+00 4.452048411012051593e-02
6.000000000000000888e-01 2.456291233740125257e+00 4.157215961557612222e-02
6.000000000000000888e-01 2.687248592616636067e+00 3.897063855217028361e-02
6.000000000000000888e-01 2.939922147393090324e+00 3.642053681346681115e-02
6.000000000000000888e-01 3.216353803842305403e+00 3.392246016604057168e-02
6.000000000000000888e-01 3.308894962271689000e+00 3.322622608043674514e-02
6.000000000000000888e-01 3.518777461731088074e+00 3.168761506622495144e-02
6.000000000000000888e-01 3.784018341469675306e+00 2.984983417506298017e-02
6.000000000000000888e-01 3.849637067413167468e+00 2.942026046637266981e-02
6.000000000000000888e-01 4.211606363850810553e+00 2.716342700225234455e-02
6.000000000000000888e-01 4.259141720667661168e+00 2.689587555567997043e-02
6.000000000000000888e-01 4.607610497669008431e+00 2.500187004775427865e-02
6.000000000000000888e-01 4.734265099865647031e+00 2.431993473141414591e-02
6.000000000000000888e-01 5.040849657853182286e+00 2.285628073666324048e-02
6.000000000000000888e-01 5.209388479063633781e+00 2.208398064178955511e-02
6.000000000000000888e-01 5.514824937119481518e+00 2.072324716078034756e-02
6.000000000000000888e-01 5.684511858261618755e+00 1.998054456913704591e-02
6.000000000000000888e-01 6.159635237459605506e+00 1.814776328557052981e-02
6.000000000000000888e-01 6.634758616657592256e+00 1.641616013896603221e-02
6.000000000000000888e-01 7.109881995855577230e+00 1.480205358870769622e-02
6.000000000000000888e-01 7.585005375053563981e+00 1.330689247862468921e-02
6.000000000000000888e-01 8.060128754251548955e+00 1.194571230439805780e-02
6.000000000000000888e-01 8.535252133449535705e+00 1.065009852414896055e-02
6.000000000000000888e-01 9.010375512647522456e+00 9.481861991464602540e-03
6.000000000000000888e-01 9.485498891845507430e+00 8.397386672852627520e-03
6.000000000000000888e-01 9.960622271043494180e+00 7.401029528718077073e-03
6.000000000000000888e-01 1.043574565024148093e+01 6.494159930933124207e-03
6.000000000000000888e-01 1.091086902943946590e+01 5.668660519331471769e-03
6.000000000000000888e-01 1.138599240863745266e+01 4.929497424361647950e-03
6.000000000000000888e-01 1.186111578783543763e+01 4.245881466253595589e-03
6.000000000000000888e-01 1.233623916703342438e+01 3.662307200980580331e-03
6.000000000000000888e-01 1.281136254623140935e+01 3.132064400070043875e-03
6.000000000000000888e-01 1.328648592542939610e+01 2.667022574510165365e-03
6.000000000000000888e-01 1.376160930462738285e+01 2.253544130350377313e-03
6.000000000000000888e-01 1.423673268382536783e+01 1.894662721780022334e-03
6.000000000000000888e-01 1.471185606302335458e+01 1.590516782425301567e-03
6.000000000000000888e-01 1.518697944222134133e+01 1.315156133804919669e-03
6.000000000000000888e-01 1.566210282141932630e+01 1.089382503864921642e-03
6.000000000000000888e-01 1.613722620061731305e+01 8.946530408228881752e-04
6.000000000000000888e-01 1.661234957981530158e+01 7.253620866370138727e-04
6.000000000000000888e-01 1.708747295901328656e+01 5.845964595172630516e-04
6.000000000000000888e-01 1.756259633821127153e+01 4.673427321697800306e-04
6.000000000000000888e-01 1.803771971740925650e+01 3.705519574543957658e-04
6.000000000000000888e-01 1.851284309660724503e+01 2.850020298710070009e-04
6.000000000000000888e-01 1.898796647580523000e+01 2.210406062850662709e-04
6.000000000000000888e-01 1.946308985500321853e+01 1.647384319828794201e-04
6.000000000000000888e-01 1.993821323420120351e+01 1.189010672152987079e-04
6.000000000000000888e-01 2.041333661339918848e+01 8.032141290395171742e-05
6.000000000000000888e-01 2.088845999259717701e+01 5.146301095851232133e-05
6.000000000000000888e-01 2.136358337179516198e+01 2.697413910780257080e-05
6.000000000000000888e-01 2.183870675099314695e+01 7.430722482804366084e-06
6.000000000000000888e-01 2.205929974847792607e+01 0.000000000000000000e+00
7.000000000000000666e-01 1.000000000000000000e+00 9.859610865157607262e-02
7.000000000000000666e-01 1.101589811807984542e+00 9.253028828054869759e-02
7.000000000000000666e-01 1.213500113479150988e+00 8.682817799044435791e-02
7.000000000000000666e-01 1.336779361636466046e+00 8.240917638213572649e-02
7.000000000000000666e-01 1.472582525413912435e+00 7.687378460988208984e-02
7.000000000000000666e-01 1.622181907042438365e+00 7.303826418427861178e-02
7.000000000000000666e-01 1.786979061697197446e+00 6.906410391986463060e-02
7.000000000000000666e-01 1.968517928279824636e+00 6.520275861313848398e-02
7.000000000000000666e-01 2.168499294154415669e+00 6.163578818361892947e-02
7.000000000000000666e-01 2.388796729353310333e+00 5.825516791961837804e-02
7.000000000000000666e-01 2.631474139535842305e+00 5.509042657384462943e-02
7.000000000000000666e-01 2.898805102148866997e+00 5.216816532042031773e-02
7.000000000000000666e-01 3.193294166944196100e+00 4.931611002663840310e-02
7.000000000000000666e-01 3.517700320411592418e+00 4.662792879923945144e-02
7.000000000000000666e-01 3.771634090740621392e+00 4.472815962442009546e-02
7.000000000000000666e-01 3.875062833959092679e+00 4.398296727674538831e-02
7.000000000000000666e-01 4.268729738005111685e+00 4.126569373783093436e-02
7.000000000000000666e-01 4.313202062744402987e+00 4.099326301634938219e-02
7.000000000000000666e-01 4.702389188748199444e+00 3.865641303345775104e-02
7.000000000000000666e-01 4.854770034748185026e+00 3.777045812322396556e-02
7.000000000000000666e-01 5.180104021481031218e+00 3.599552438067420840e-02
7.000000000000000666e-01 5.396338006751966176e+00 3.484775525592413020e-02
7.000000000000000666e-01 5.706349814169072943e+00 3.325451036878564887e-02
7.000000000000000666e-01 5.937905978755747327e+00 3.208640121084602864e-02
7.000000000000000666e-01 6.286056817901036098e+00 3.046987145883287701e-02
7.000000000000000666e-01 6.479473950759529366e+00 2.958066718459496577e-02
7.000000000000000666e-01 7.021041922763311405e+00 2.712393488473937783e-02
7.000000000000000666e-01 7.562609894767092555e+00 2.481680950304485447e-02
7.000000000000000666e-01 8.104177866770873706e+00 2.258474622405424667e-02
7.000000000000000666e-01 8.645745838774654857e+00 2.047365748774168312e-02
7.000000000000000666e-01 9.187313810778437784e+00 1.843517624753395617e-02
7.000000000000000666e-01 9.728881782782218934e+00 1.654763019119315920e-02
7.000000000000000666e-01 1.027044975478600009e+01 1.474486297525276317e-02
7.000000000000000666e-01 1.081201772678978124e+01 1.307461660010084473e-02
7.000000000000000666e-01 1.135358569879356416e+01 1.150494820969507649e-02
7.000000000000000666e-01 1.189515367079734531e+01 1.008511804384071633e-02
7.000000000000000666e-01 1.243672164280112646e+01 8.769923518232502699e-03
7.000000000000000666e-01 1.297828961480490761e+01 7.575945589822401585e-03
7.000000000000000666e-01 1.351985758680868877e+01 6.514639739824110848e-03
7.000000000000000666e-01 1.406142555881247169e+01 5.560675850767330883e-03
7.000000000000000666e-01 1.460299353081625284e+01 4.713368837667076226e-03
7.000000000000000666e-01 1.514456150282003399e+01 3.963925392967535336e-03
7.000000000000000666e-01 1.568612947482381692e+01 3.322517705825860958e-03
7.000000000000000666e-01 1.622769744682759807e+01 2.754769958642283405e-03
7.000000000000000666e-01 1.676926541883138100e+01 2.280890146804040973e-03
7.000000000000000666e-01 1.731083339083516037e+01 1.867553912965704867e-03
7.000000000000000666e-01 1.785240136283894330e+01 1.522838485586029385e-03
7.000000000000000666e-01 1.839396933484272623e+01 1.222974755846066228e-03
7.000000000000000666e-01 1.893553730684650560e+01 9.866341648937320373e-04
7.000000000000000666e-01 1.947710527885028853e+01 7.806141151180666675e-04
7.000000000000000666e-01 2.001867325085407145e+01 6.148159917284081637e-04
7.000000000000000666e-01 2.056024122285785083e+01 4.756909730511072127e-04
7.000000000000000666e-01 2.110180919486163376e+01 3.609915094901234981e-04
7.000000000000000666e-01 2.164337716686541668e+01 2.744266106395399957e-04
7.000000000000000666e-01 2.218494513886919606e+01 2.021080969811009625e-04
7.000000000000000666e-01 2.272651311087297898e+01 1.415162675607103818e-04
7.000000000000000666e-01 2.326808108287675836e+01 9.643406000304463902e-05
7.000000000000000666e-01 2.380964905488054129e+01 5.833113620771632408e-05
7.000000000000000666e-01 2.435121702688432421e+01 3.146635767669856857e-05
7.000000000000000666e-01 2.489278499888810359e+01 7.963066026387934570e-06
7.000000000000000666e-01 2.514422727160414439e+01 0.000000000000000000e+00
8.000000000000000444e-01 1.000000000000000000e+00 9.904845988948207669e-02
8.000000000000000444e-01 1.107452349798563995e+00 9.369321694188885441e-02
8.000000000000000444e-01 1.226450707074361102e+00 8.884622489559157454e-02
8.000000000000000444e-01 1.358235717461611758e+00 8.359903551827860269e-02
8.000000000000000444e-01 1.504181336883200437e+00 8.048311087992153501e-02
8.000000000000000444e-01 1.665809156054445905e+00 7.699861634315387227e-02
8.000000000000000444e-01 1.844804264188459220e+00 7.351387111323093304e-02
8.000000000000000444e-01 2.043032817293920278e+00 7.012123899027122853e-02
8.000000000000000444e-01 2.262561494227732339e+00 6.725443780449226472e-02
8.000000000000000444e-01 2.505679043346252577e+00 6.444319710455849448e-02
8.000000000000000444e-01 2.774920144394825261e+00 6.192318757921998901e-02
8.000000000000000444e-01 3.073091834413419932e+00 5.951108323218933654e-02
8.000000000000000444e-01 3.403302773167922179e+00 5.722622722013345764e-02
8.000000000000000444e-01 3.768995653220784448e+00 5.500502637973037068e-02
8.000000000000000444e-01 4.171835551661682295e+00 5.265846088738817404e-02
8.000000000000000444e-01 4.173983092539932827e+00 5.264626716312433702e-02
8.000000000000000444e-01 4.622487383852824649e+00 5.042530624318435073e-02
8.000000000000000444e-01 4.770868348823359639e+00 4.967100540271185416e-02
8.000000000000000444e-01 5.119184515162028326e+00 4.804303280067245829e-02
8.000000000000000444e-01 5.369901145985036983e+00 4.689372247849456915e-02
8.000000000000000444e-01 5.669252920368612614e+00 4.553147370736874283e-02
8.000000000000000444e-01 5.968933943146714327e+00 4.419084704518901757e-02
8.000000000000000444e-01 6.278427468264590416e+00 4.284364326198094458e-02
8.000000000000000444e-01 6.567966740308392559e+00 4.157348958772031505e-02
8.000000000000000444e-01 6.953059252769471676e+00 3.986663649418480809e-02
8.000000000000000444e-01 7.166999537470069015e+00 3.889822207829728151e-02
8.000000000000000444e-01 7.766032334631747247e+00 3.628105342310833370e-02
8.000000000000000444e-01 8.365065131793425479e+00 3.361301289379402257e-02
8.000000000000000444e-01 8.964097928955101935e+00 3.095480187499420263e-02
8.000000000000000444e-01 9.563130726116778391e+00 2.830771815847401077e-02
8.000000000000000444e-01 1.016216352327845662e+01 2.572878392551051011e-02
8.000000000000000444e-01 1.076119632044013485e+01 2.321244767650984878e-02
8.000000000000000444e-01 1.136022911760181131e+01 2.076116810054420836e-02
8.000000000000000444e-01 1.195926191476348954e+01 1.846832744654996333e-02
8.000000000000000444e-01 1.255829471192516777e+01 1.628352771438026231e-02
8.000000000000000444e-01 1.315732750908684423e+01 1.424336633237874121e-02
8.000000000000000444e-01 1.375636030624852069e+01 1.237875135476913628e-02
8.000000000000000444e-01 1.435539310341020069e+01 1.067043837796323100e-02
8.000000000000000444e-01 1.495442590057187715e+01 9.119126124338221978e-03
8.000000000000000444e-01 1.555345869773355361e+01 7.727500152308621438e-03
8.000000000000000444e-01 1.615249149489523006e+01 6.518666841447232421e-03
8.000000000000000444e-01 1.675152429205691007e+01 5.432817080187112534e-03
8.000000000000000444e-01 1.735055708921858653e+01 4.515523526951843725e-03
8.000000000000000444e-01 1.794958988638026298e+01 3.712411139225175322e-03
8.000000000000000444e-01 1.854862268354194299e+01 3.036596877687010657e-03
8.000000000000000444e-01 1.914765548070361945e+01 2.450025735737100790e-03
8.000000000000000444e-01 1.974668827786529590e+01 1.980182633727388744e-03
8.000000000000000444e-01 2.034572107502697591e+01 1.573280528548115899e-03
8.000000000000000444e-01 2.094475387218865237e+01 1.246358388943916715e-03
8.000000000000000444e-01 2.154378666935032882e+01 9.729056211092099995e-04
8.000000000000000444e-01 2.214281946651200528e+01 7.556033493853434469e-04
8.000000000000000444e-01 2.274185226367368529e+01 5.774433199055047225e-04
8.000000000000000444e-01 2.334088506083536174e+01 4.348833759923435459e-04
8.000000000000000444e-01 2.393991785799703820e+01 3.248079151798560879e-04
8.000000000000000444e-01 2.453895065515871821e+01 2.331563672986783039e-04
8.000000000000000444e-01 2.513798345232039466e+01 1.643030042334260306e-04
8.000000000000000444e-01 2.573701624948207112e+01 1.078305893928969853e-04
8.000000000000000444e-01 2.633604904664374757e+01 6.717337802448789474e-05
8.000000000000000444e-01 2.693508184380542758e+01 3.487557962567016778e-05
8.000000000000000444e-01 2.753411464096710404e+01 9.627085562448959276e-06
8.000000000000000444e-01 2.781223701107788315e+01 0.000000000000000000e+00
9.000000000000000222e-01 1.000000000000000000e+00 9.059970375758424899e-02
9.000000000000000222e-01 1.111159029494328987e+00 8.591902754137917264e-02
9.000000000000000222e-01 1.234674388826779268e+00 8.097832467737721418e-02
9.000000000000000222e-01 1.371919595630267885e+00 7.883501206168161413e-02
9.000000000000000222e-01 1.524420846424780818e+00 7.602108524236389497e-02
9.000000000000000222e-01 1.693873988254283258e+00 7.323927371249873419e-02
9.000000000000000222e-01 1.882163376874317784e+00 7.035990722200330394e-02
9.000000000000000222e-01 2.091382831197436065e+00 6.825653517410139315e-02
9.000000000000000222e-01 2.323858917014445247e+00 6.602768776050685351e-02
9.000000000000000222e-01 2.582176818911513738e+00 6.414137031544249468e-02
9.000000000000000222e-01 2.869209088084471837e+00 6.242317003335426384e-02
9.000000000000000222e-01 3.188147585732250100e+00 6.083630349025497680e-02
9.000000000000000222e-01 3.542538977246934895e+00 5.940232516275815999e-02
9.000000000000000222e-01 3.936324171903538005e+00 5.781974911619034568e-02
9.000000000000000222e-01 4.373882146627403600e+00 5.638988888524596593e-02
9.000000000000000222e-01 4.445283117517178972e+00 5.611979441953881403e-02
9.000000000000000222e-01 4.860078641169079283e+00 5.480937887660908281e-02
9.000000000000000222e-01 5.083580180545286709e+00 5.413849628025452221e-02
9.000000000000000222e-01 5.400320266187550899e+00 5.311937915510734493e-02
9.000000000000000222e-01 5.721877243573394445e+00 5.210184749263576526e-02
9.000000000000000222e-01 6.000614625935515534e+00 5.125715876283283567e-02
9.000000000000000222e-01 6.360174306601502181e+00 5.006778203558540086e-02
9.000000000000000222e-01 6.667637124123984904e+00 4.899884509510193248e-02
9.000000000000000222e-01 6.998471369629610805e+00 4.785753457440582170e-02
9.000000000000000222e-01 7.408805195861965842e+00 4.632292056221823384e-02
9.000000000000000222e-01 7.636768432657717653e+00 4.544175494546642130e-02
9.000000000000000222e-01 8.275065495685826278e+00 4.292274768476378455e-02
9.000000000000000222e-01 8.913362558713934902e+00 4.020597456309628337e-02
9.000000000000000222e-01 9.551659621742041750e+00 3.740811368603030873e-02
9.000000000000000222e-01 1.018995668477014860e+01 3.451839194370026620e-02
9.000000000000000222e-01 1.082825374779825722e+01 3.155521108103132022e-02
9.000000000000000222e-01 1.146655081082636585e+01 2.863588406586407842e-02
9.000000000000000222e-01 1.210484787385447447e+01 2.575272859582878118e-02
9.000000000000000222e-01 1.274314493688257954e+01 2.293840494310344855e-02
9.000000000000000222e-01 1.338144199991068817e+01 2.027080116526628825e-02
9.000000000000000222e-01 1.401973906293879679e+01 1.775762490478555861e-02
9.000000000000000222e-01 1.465803612596690542e+01 1.540416569369225386e-02
9.000000000000000222e-01 1.529633318899501404e+01 1.323877090678613443e-02
9.000000000000000222e-01 1.593463025202311911e+01 1.130802533135627681e-02
9.000000000000000222e-01 1.657292731505122774e+01 9.539235734108602108e-03
9.000000000000000222e-01 1.721122437807933636e+01 8.008795792775387848e-03
9.000000000000000222e-01 1.784952144110744499e+01 6.653229990310923631e-03
9.000000000000000222e-01 1.848781850413555006e+01 5.495316709316854474e-03
9.000000000000000222e-01 1.912611556716365868e+01 4.473121874660354602e-03
9.000000000000000222e-01 1.976441263019176731e+01 3.639020867131481825e-03
9.000000000000000222e-01 2.040270969321987593e+01 2.920035492462298883e-03
9.000000000000000222e-01 2.104100675624798100e+01 2.334298325822823424e-03
9.000000000000000222e-01 2.167930381927608963e+01 1.837440997149133526e-03
9.000000000000000222e-01 2.231760088230419825e+01 1.444124732460516040e-03
9.000000000000000222e-01 2.295589794533230688e+01 1.115423385394548241e-03
9.000000000000000222e-01 2.359419500836041195e+01 8.583574302503748461e-04
9.000000000000000222e-01 2.423249207138852057e+01 6.570025169457078748e-04
9.000000000000000222e-01 2.487078913441662920e+01 4.819050788070144910e-04
9.000000000000000222e-01 2.550908619744473782e+01 3.588862698847034992e-04
9.000000000000000222e-01 2.614738326047284644e+01 2.570404355642683472e-04
9.000000000000000222e-01 2.678568032350095152e+01 1.801395375602646439e-04
9.000000000000000222e-01 2.742397738652906014e+01 1.181201616024539941e-04
9.000000000000000222e-01 2.806227444955716877e+01 7.392111783814158744e-05
9.000000000000000222e-01 2.870057151258527739e+01 3.622393015001800458e-05
9.000000000000000222e-01 2.933886857561338601e+01 1.053169713369067234e-05
9.000000000000000222e-01 2.963522078344786337e+01 0.000000000000000000e+00
1.000000000000000000e+00 1.000000000000000000e+00 8.586993620465341315e-02
1.000000000000000000e+00 1.112418451447242385e+00 7.892351875818276463e-02
1.000000000000000000e+00 1.237474811120280682e+00 7.776909347406218975e-02
1.000000000000000000e+00 1.376589813091391390e+00 7.570065264982203668e-02
1.000000000000000000e+00 1.531343908157174249e+00 7.297364945682791038e-02
1.000000000000000000e+00 1.703495218945372036e+00 6.996551149363297584e-02
1.000000000000000000e+00 1.894999513506991695e+00 6.836586194234545166e-02
1.000000000000000000e+00 2.108032424308725616e+00 6.611839278179468260e-02
1.000000000000000000e+00 2.345014165050088195e+00 6.467207493945786867e-02
1.000000000000000000e+00 2.608637026106867207e+00 6.323892832945904319e-02
1.000000000000000000e+00 2.901895960969740784e+00 6.159366373840147874e-02
1.000000000000000000e+00 3.228122611162966393e+00 6.060316849274695328e-02
1.000000000000000000e+00 3.591023156191735399e+00 5.914967798438931085e-02
1.000000000000000000e+00 3.994720418521998440e+00 5.826942888868310438e-02
1.000000000000000000e+00 4.443800701936922337e+00 5.708508448225867865e-02
1.000000000000000000e+00 4.541995949817382083e+00 5.688359636153213911e-02
1.000000000000000000e+00 4.943365895388839526e+00 5.600717931182348786e-02
1.000000000000000000e+00 5.194179983637313924e+00 5.513856560289085579e-02
1.000000000000000000e+00 5.499091434285563018e+00 5.455956428585900797e-02
1.000000000000000000e+00 5.846364017457245765e+00 5.377368196322553778e-02
1.000000000000000000e+00 6.117290777694741166e+00 5.280325934241670433e-02
1.000000000000000000e+00 6.498548051277177606e+00 5.190738573632190656e-02
1.000000000000000000e+00 6.804987133975680003e+00 5.108166238187097918e-02
1.000000000000000000e+00 7.150732085097109447e+00 4.993337990392411607e-02
1.000000000000000000e+00 7.569993249695635917e+00 4.861761748040951958e-02
1.000000000000000000e+00 7.802916118917041288e+00 4.782692122976900384e-02
1.000000000000000000e+00 8.455100152736971353e+00 4.526145952044267895e-02
1.000000000000000000e+00 9.107284186556903194e+00 4.271103580912549019e-02
1.000000000000000000e+00 9.759468220376835035e+00 3.985880382382758769e-02
1.000000000000000000e+00 1.041165225419676688e+01 3.681688769118419968e-02
1.000000000000000000e+00 1.106383628801669872e+01 3.385859670009405686e-02
1.000000000000000000e+00 1.171602032183663056e+01 3.065425283329062736e-02
1.000000000000000000e+00 1.236820435565656240e+01 2.769240977978252444e-02
1.000000000000000000e+00 1.302038838947649424e+01 2.468994549028828700e-02
1.000000000000000000e+00 1.367257242329642608e+01 2.188504791562268653e-02
1.000000000000000000e+00 1.432475645711635792e+01 1.907037996112852241e-02
1.000000000000000000e+00 1.497694049093628976e+01 1.661180197677925713e-02
1.000000000000000000e+00 1.562912452475622160e+01 1.422232472063721456e-02
1.000000000000000000e+00 1.628130855857615344e+01 1.217122721154844343e-02
1.000000000000000000e+00 1.693349259239608529e+01 1.026500416486390843e-02
1.000000000000000000e+00 1.758567662621601713e+01 8.630023139373863700e-03
1.000000000000000000e+00 1.823786066003594897e+01 7.096518142150775102e-03
1.000000000000000000e+00 1.889004469385588081e+01 5.874631846098582640e-03
1.000000000000000000e+00 1.954222872767581265e+01 4.780098607330009186e-03
1.000000000000000000e+00 2.019441276149574094e+01 3.895811041264541155e-03
1.000000000000000000e+00 2.084659679531567633e+01 3.082340997244625239e-03
1.000000000000000000e+00 2.149878082913560462e+01 2.479612685450589479e-03
1.000000000000000000e+00 2.215096486295554001e+01 1.928430102133398601e-03
1.000000000000000000e+00 2.280314889677546830e+01 1.532610825431377768e-03
1.000000000000000000e+00 2.345533293059540370e+01 1.182780744560495102e-03
1.000000000000000000e+00 2.410751696441533198e+01 8.716169517048645175e-04
1.000000000000000000e+00 2.475970099823526738e+01 6.826228681930659667e-04
1.000000000000000000e+00 2.541188503205519567e+01 5.088694896263244120e-04
1.000000000000000000e+00 2.606406906587513106e+01 3.500245749313991958e-04
1.000000000000000000e+00 2.671625309969505935e+01 2.711137134794551137e-04
1.000000000000000000e+00 2.736843713351499474e+01 1.797948933263236607e-04
1.000000000000000000e+00 2.802062116733492303e+01 1.267452049845159542e-04
1.000000000000000000e+00 2.867280520115485842e+01 7.203716977315701439e-05
1.000000000000000000e+00 2.932498923497478671e+01 4.512850927836071320e-05
1.000000000000000000e+00 2.997717326879472211e+01 1.280670437607838985e-05
1.000000000000000000e+00 3.027997299878254722e+01 0.000000000000000000e+00
