# mx [GeV]: 10000.0
# sigma_p [cm^2]: 6.3095734448e-28
# depth [m]: 0.3
# loc: MPI
# Columns: gamma/pi, v [km/s], f(v, gamma) [s/km]
0.000000000000000000e+00 2.531057680635331875e-01 6.579508331881249450e-03
0.000000000000000000e+00 2.894491604008610497e-01 6.562741783090578034e-03
0.000000000000000000e+00 3.257925527381888564e-01 6.529787553578393633e-03
0.000000000000000000e+00 3.621359450755167186e-01 6.482565396884008325e-03
0.000000000000000000e+00 3.984793374128445809e-01 6.003489176623492615e-03
0.000000000000000000e+00 4.218429467725553494e-01 5.986889380654171824e-03
0.000000000000000000e+00 4.348227297501724431e-01 5.975234732000643534e-03
0.000000000000000000e+00 4.414481465721777353e-01 5.968774186961053885e-03
0.000000000000000000e+00 4.619645003027210706e-01 5.945649157586744768e-03
0.000000000000000000e+00 4.711661220875003053e-01 5.934161516930046808e-03
0.000000000000000000e+00 4.834343539486343766e-01 5.917652382375698621e-03
0.000000000000000000e+00 5.059020215288972944e-01 5.883958004232889977e-03
0.000000000000000000e+00 5.075095144248280565e-01 5.881366196769613475e-03
0.000000000000000000e+00 5.294138765616532849e-01 5.844393722845561863e-03
0.000000000000000000e+00 5.438529067621560298e-01 5.818239962184312483e-03
0.000000000000000000e+00 5.540184477796710194e-01 5.798942472134209838e-03
0.000000000000000000e+00 5.797665192941945378e-01 5.559302527306588491e-03
0.000000000000000000e+00 5.801962990994837810e-01 5.558584180288182915e-03
0.000000000000000000e+00 6.067112354139183594e-01 5.513098680010760505e-03
0.000000000000000000e+00 6.165396914368117542e-01 5.495054997757088840e-03
0.000000000000000000e+00 6.349082103354377615e-01 5.459736169153032483e-03
0.000000000000000000e+00 6.528830837741395055e-01 5.423327664699676733e-03
0.000000000000000000e+00 6.644156429315746237e-01 5.399050667006617329e-03
0.000000000000000000e+00 6.892264761114673677e-01 4.942144272289021069e-03
0.000000000000000000e+00 6.952944368745045400e-01 4.933468376266535171e-03
0.000000000000000000e+00 7.255698684487952299e-01 4.887490272442094469e-03
0.000000000000000000e+00 7.276083263416198710e-01 4.884132506631724650e-03
0.000000000000000000e+00 7.614240075635877458e-01 4.386315943352881060e-03
0.000000000000000000e+00 7.619132607861229811e-01 4.381959895858168405e-03
0.000000000000000000e+00 7.968112764861186026e-01 4.071427975855539463e-03
0.000000000000000000e+00 7.982566531234509544e-01 4.058611079585051386e-03
0.000000000000000000e+00 8.338431728295822021e-01 3.571107873590870663e-03
0.000000000000000000e+00 8.346000454607787056e-01 3.565259784294996879e-03
0.000000000000000000e+00 8.709434377981066788e-01 3.285676771558096020e-03
0.000000000000000000e+00 8.725961308438101582e-01 3.273131341480630535e-03
0.000000000000000000e+00 9.072868301354344300e-01 2.717853369291631672e-03
0.000000000000000000e+00 9.131501370692457487e-01 2.683297751901345726e-03
0.000000000000000000e+00 9.436302224727624033e-01 2.505722135231145883e-03
0.000000000000000000e+00 9.555888954300618687e-01 2.437221421214366170e-03
0.000000000000000000e+00 9.799736148100901545e-01 2.299897053239259321e-03
0.000000000000000000e+00 1.000000000000000000e+00 2.073056212416401513e-03
0.000000000000000000e+00 1.016317007147417906e+00 1.993996329148707905e-03
0.000000000000000000e+00 1.052660399484745879e+00 1.823262722213342488e-03
0.000000000000000000e+00 1.089003791822073630e+00 1.488924094162442143e-03
0.000000000000000000e+00 1.125347184159401603e+00 1.361173532075294007e-03
0.000000000000000000e+00 1.161690576496729355e+00 1.117953525633016585e-03
0.000000000000000000e+00 1.198033968834057328e+00 1.020354460485699060e-03
0.000000000000000000e+00 1.234377361171385079e+00 8.610760969583146482e-04
0.000000000000000000e+00 1.270720753508712830e+00 7.832895547437577132e-04
0.000000000000000000e+00 1.307064145846040804e+00 6.003346359918327680e-04
0.000000000000000000e+00 1.343407538183368555e+00 5.459668971824889428e-04
0.000000000000000000e+00 1.379750930520696528e+00 4.494412935797608929e-04
0.000000000000000000e+00 1.416094322858024279e+00 3.234380497779606187e-04
0.000000000000000000e+00 1.452437715195352030e+00 2.938688478100981395e-04
0.000000000000000000e+00 1.488781107532680004e+00 2.090711756439864611e-04
0.000000000000000000e+00 1.525124499870007755e+00 1.664653954105701713e-04
0.000000000000000000e+00 1.561467892207335728e+00 1.013170746537760190e-04
0.000000000000000000e+00 1.597811284544663479e+00 9.190220158003439138e-05
0.000000000000000000e+00 1.634154676881991453e+00 3.421531932756996459e-05
0.000000000000000000e+00 1.670498069219319204e+00 1.969292185560167813e-05
0.000000000000000000e+00 1.687371787090221398e+00 0.000000000000000000e+00
1.000000000000000056e-01 2.592661651678991319e-01 7.462503644251268324e-03
1.000000000000000056e-01 2.964941273458538973e-01 7.385839121563609819e-03
1.000000000000000056e-01 3.337220895238086071e-01 7.207805588915467028e-03
1.000000000000000056e-01 3.709500517017633725e-01 7.019219000808707420e-03
1.000000000000000056e-01 4.081780138797180824e-01 6.951230484016698331e-03
1.000000000000000056e-01 4.321102752798318680e-01 6.890310641773165178e-03
1.000000000000000056e-01 4.454059760576728477e-01 6.854571234199052787e-03
1.000000000000000056e-01 4.516206854440731888e-01 6.837305417692660960e-03
1.000000000000000056e-01 4.720120191284285505e-01 6.760738617647540395e-03
1.000000000000000056e-01 4.826339382356276131e-01 6.717292968255391371e-03
1.000000000000000056e-01 4.933240513167017061e-01 6.675617561983461512e-03
1.000000000000000056e-01 5.155983528913195002e-01 6.587537564685241355e-03
1.000000000000000056e-01 5.198619004135822674e-01 6.569952155875875138e-03
1.000000000000000056e-01 5.388783717207777935e-01 6.484821771294492672e-03
1.000000000000000056e-01 5.570898625915370328e-01 6.356365826509009775e-03
1.000000000000000056e-01 5.632095174083046052e-01 6.342818383752358083e-03
1.000000000000000056e-01 5.886392498670488527e-01 6.284307621622355414e-03
1.000000000000000056e-01 5.943178247694917982e-01 6.270570599805029045e-03
1.000000000000000056e-01 6.152171718945685930e-01 6.218689712428481994e-03
1.000000000000000056e-01 6.315457869474465635e-01 6.156341437033305448e-03
1.000000000000000056e-01 6.429951259271924346e-01 6.098541248753918363e-03
1.000000000000000056e-01 6.687737491254013289e-01 5.907596814987682576e-03
1.000000000000000056e-01 6.720272951629815417e-01 5.897672282853597819e-03
1.000000000000000056e-01 7.023703092505417800e-01 5.806696061942098232e-03
1.000000000000000056e-01 7.060017113033560943e-01 5.795864318593779360e-03
1.000000000000000056e-01 7.340833547498388789e-01 5.711490140132235299e-03
1.000000000000000056e-01 7.432296734813108596e-01 5.378025441008503840e-03
1.000000000000000056e-01 7.672282905804821418e-01 5.170552004051818910e-03
1.000000000000000056e-01 7.804576356592655140e-01 5.007791714781353182e-03
1.000000000000000056e-01 8.018697686826661286e-01 4.726051841106514509e-03
1.000000000000000056e-01 8.176855978372202793e-01 4.535271117413625271e-03
1.000000000000000056e-01 8.380753601261295982e-01 4.125182736902944722e-03
1.000000000000000056e-01 8.549135600151750447e-01 3.947427039813601081e-03
1.000000000000000056e-01 8.759156869131196066e-01 3.743430005771913177e-03
1.000000000000000056e-01 8.921415221931298101e-01 3.592135414148369017e-03
1.000000000000000056e-01 9.154645597324505557e-01 3.301748823423313658e-03
1.000000000000000056e-01 9.293694843710845754e-01 3.154184940324382142e-03
1.000000000000000056e-01 9.567991219333610298e-01 2.915811716404819506e-03
1.000000000000000056e-01 9.665974465490392298e-01 2.835847131466027148e-03
1.000000000000000056e-01 1.000000000000000000e+00 2.440874678841146485e-03
1.000000000000000056e-01 1.003825408726993995e+00 2.415247073712594762e-03
1.000000000000000056e-01 1.041053370904948761e+00 2.186089002464118320e-03
1.000000000000000056e-01 1.078281333082903526e+00 1.898398745537155808e-03
1.000000000000000056e-01 1.115509295260858291e+00 1.695483334973856395e-03
1.000000000000000056e-01 1.152737257438813057e+00 1.421932122384737861e-03
1.000000000000000056e-01 1.189965219616767822e+00 1.267857112301366395e-03
1.000000000000000056e-01 1.227193181794722587e+00 1.174745358240931103e-03
1.000000000000000056e-01 1.264421143972677131e+00 9.498250936870525352e-04
1.000000000000000056e-01 1.301649106150631896e+00 8.291224408595991059e-04
1.000000000000000056e-01 1.338877068328586661e+00 7.017098512405342374e-04
1.000000000000000056e-01 1.376105030506541427e+00 5.582716195340419558e-04
1.000000000000000056e-01 1.413332992684496192e+00 4.964699375735195062e-04
1.000000000000000056e-01 1.450560954862450957e+00 3.992760074021283931e-04
1.000000000000000056e-01 1.487788917040405723e+00 3.414833557213281631e-04
1.000000000000000056e-01 1.525016879218360488e+00 2.585712804979320933e-04
1.000000000000000056e-01 1.562244841396315254e+00 2.056547483741454703e-04
1.000000000000000056e-01 1.599472803574270019e+00 1.447534672526445769e-04
1.000000000000000056e-01 1.636700765752224784e+00 9.171045732966455011e-05
1.000000000000000056e-01 1.673928727930179328e+00 6.239598250617755940e-05
1.000000000000000056e-01 1.711156690108134093e+00 2.868162525624989430e-05
1.000000000000000056e-01 1.728441101119327472e+00 0.000000000000000000e+00
2.000000000000000111e-01 2.782727216145862714e-01 1.027533975266703599e-02
2.000000000000000111e-01 3.182298303592447919e-01 1.012971611882674747e-02
2.000000000000000111e-01 3.581869391039033124e-01 9.993753322718625445e-03
2.000000000000000111e-01 3.981440478485618883e-01 9.835222272728136317e-03
2.000000000000000111e-01 4.381011565932204088e-01 9.656954577448341459e-03
2.000000000000000111e-01 4.637878693576437672e-01 9.552051986797144636e-03
2.000000000000000111e-01 4.780582653378789293e-01 9.495141809481315656e-03
2.000000000000000111e-01 4.829270397693637418e-01 9.475479831678497097e-03
2.000000000000000111e-01 5.028560278288721763e-01 9.392752948566758867e-03
2.000000000000000111e-01 5.180153740825375053e-01 9.326675478768765501e-03
2.000000000000000111e-01 5.236074270030401934e-01 9.301634541988580349e-03
2.000000000000000111e-01 5.452151757958951794e-01 9.199381175538737590e-03
2.000000000000000111e-01 5.579724828271960257e-01 9.132475745627395905e-03
2.000000000000000111e-01 5.677146132543741119e-01 9.002139952685039512e-03
2.000000000000000111e-01 5.911425367646381268e-01 8.957573013176064330e-03
2.000000000000000111e-01 5.979295915718545462e-01 8.934129055763408503e-03
2.000000000000000111e-01 6.155372622334713828e-01 8.838706665551530547e-03
2.000000000000000111e-01 6.378867003165130667e-01 8.736489592584889205e-03
2.000000000000000111e-01 6.409386867531914334e-01 8.722916048630362587e-03
2.000000000000000111e-01 6.673883538525561265e-01 8.311695786948954806e-03
2.000000000000000111e-01 6.778438090611715872e-01 8.280477766308150245e-03
2.000000000000000111e-01 6.949295214403858889e-01 8.228318339242481419e-03
2.000000000000000111e-01 7.178009178058302187e-01 8.156207934130675977e-03
2.000000000000000111e-01 7.236072325530198412e-01 8.137556346254130185e-03
2.000000000000000111e-01 7.534683890213139668e-01 7.779220811421748254e-03
2.000000000000000111e-01 7.577580265504886281e-01 7.703350625440906832e-03
2.000000000000000111e-01 7.845618281776595149e-01 7.206026132978878701e-03
2.000000000000000111e-01 7.977151352951472596e-01 6.970698099680920634e-03
2.000000000000000111e-01 8.169384027284775085e-01 6.637700530875979311e-03
2.000000000000000111e-01 8.376722440398057801e-01 6.284982756873751762e-03
2.000000000000000111e-01 8.506510639228166415e-01 5.798205030164444579e-03
2.000000000000000111e-01 8.776293527844643005e-01 5.435449585643123589e-03
2.000000000000000111e-01 8.857549481530766489e-01 5.329302277922783049e-03
2.000000000000000111e-01 9.175864615291228210e-01 4.908333171816237420e-03
2.000000000000000111e-01 9.223074671294907434e-01 4.841284858563896579e-03
2.000000000000000111e-01 9.575435702737813415e-01 4.250312250574788363e-03
2.000000000000000111e-01 9.603684017758449265e-01 4.220167862836945484e-03
2.000000000000000111e-01 9.975006790184398620e-01 3.829914376375182557e-03
2.000000000000000111e-01 1.000000000000000000e+00 3.802837323570818027e-03
2.000000000000000111e-01 1.037457787763098382e+00 3.359169779762841493e-03
2.000000000000000111e-01 1.077414896507757014e+00 3.007871806783670755e-03
2.000000000000000111e-01 1.117372005252415423e+00 2.663436129721615756e-03
2.000000000000000111e-01 1.157329113997074055e+00 2.283686536207033251e-03
2.000000000000000111e-01 1.197286222741732686e+00 2.018511244289670267e-03
2.000000000000000111e-01 1.237243331486391096e+00 1.747371883080815237e-03
2.000000000000000111e-01 1.277200440231049505e+00 1.539579879389470218e-03
2.000000000000000111e-01 1.317157548975708359e+00 1.288964695455005081e-03
2.000000000000000111e-01 1.357114657720366768e+00 1.127467460574452327e-03
2.000000000000000111e-01 1.397071766465025178e+00 9.388730919569203848e-04
2.000000000000000111e-01 1.437028875209683587e+00 8.209652252868482021e-04
2.000000000000000111e-01 1.476985983954342441e+00 6.816715654729420303e-04
2.000000000000000111e-01 1.516943092699000850e+00 5.839828035066022167e-04
2.000000000000000111e-01 1.556900201443659260e+00 4.643242994663694082e-04
2.000000000000000111e-01 1.596857310188318113e+00 3.721082582314034462e-04
2.000000000000000111e-01 1.636814418932976523e+00 3.127960432027811471e-04
2.000000000000000111e-01 1.676771527677634932e+00 2.276441089562093885e-04
2.000000000000000111e-01 1.716728636422293341e+00 1.746059445978708554e-04
2.000000000000000111e-01 1.756685745166952195e+00 1.185899381044722628e-04
2.000000000000000111e-01 1.796642853911610604e+00 6.934384576472082127e-05
2.000000000000000111e-01 1.836599962656269236e+00 3.887263952328417934e-05
2.000000000000000111e-01 1.855151477430575069e+00 0.000000000000000000e+00
3.000000000000000444e-01 3.116577651132654281e-01 1.782422563812580477e-02
3.000000000000000444e-01 3.564086236936317431e-01 1.725066866600339852e-02
3.000000000000000444e-01 4.011594822739980581e-01 1.701253028649266433e-02
3.000000000000000444e-01 4.459103408543643732e-01 1.663785425456969225e-02
3.000000000000000444e-01 4.906611994347306882e-01 1.618216863302088943e-02
3.000000000000000444e-01 5.194296085221090653e-01 1.604926732464799152e-02
3.000000000000000444e-01 5.354120580150969477e-01 1.597132989422811802e-02
3.000000000000000444e-01 5.376491710092552445e-01 1.596023547405216528e-02
3.000000000000000444e-01 5.565078046078218987e-01 1.586465447524513031e-02
3.000000000000000444e-01 5.760279254370624935e-01 1.576122419181246251e-02
3.000000000000000444e-01 5.801629165954633738e-01 1.555230609891750972e-02
3.000000000000000444e-01 5.962327358861668758e-01 1.548122070132024186e-02
3.000000000000000444e-01 6.171462521935410228e-01 1.538396273034980596e-02
3.000000000000000444e-01 6.249137751758295778e-01 1.534679733296301016e-02
3.000000000000000444e-01 6.387933329934596394e-01 1.527798409779153321e-02
3.000000000000000444e-01 6.611997088640243492e-01 1.453859516768714680e-02
3.000000000000000444e-01 6.696646337561960038e-01 1.450558986695813304e-02
3.000000000000000444e-01 6.843920129115479423e-01 1.458840808506265199e-02
3.000000000000000444e-01 7.083978124277202637e-01 1.448182150799700967e-02
3.000000000000000444e-01 7.144154923365622079e-01 1.445406556307765600e-02
3.000000000000000444e-01 7.332456416571837554e-01 1.436693462644975106e-02
3.000000000000000444e-01 7.589650357144671622e-01 1.398278967199429942e-02
3.000000000000000444e-01 7.591663509169286339e-01 1.397603576329443757e-02
3.000000000000000444e-01 7.855865656905933747e-01 1.251905755168523059e-02
3.000000000000000444e-01 8.039172094972948379e-01 1.199515105487672199e-02
3.000000000000000444e-01 8.131418749910893640e-01 1.174848974286323879e-02
3.000000000000000444e-01 8.416637169485924330e-01 1.101160271324590212e-02
3.000000000000000444e-01 8.486680680776612640e-01 1.083467082887140664e-02
3.000000000000000444e-01 8.711859937547591359e-01 1.026714321421277019e-02
3.000000000000000444e-01 8.934189266580274680e-01 9.531597398435936314e-03
3.000000000000000444e-01 9.017437967577538460e-01 9.349851029510643230e-03
3.000000000000000444e-01 9.333734481732159916e-01 8.678412056177876518e-03
3.000000000000000444e-01 9.381697852383938940e-01 8.578980976795540225e-03
3.000000000000000444e-01 9.661125442582846334e-01 7.984115726388768541e-03
3.000000000000000444e-01 9.829206438187600980e-01 7.644260277817605670e-03
3.000000000000000444e-01 1.000000000000000000e+00 7.052554567386451131e-03
3.000000000000000444e-01 1.027671502399126524e+00 6.606754935276490208e-03
3.000000000000000444e-01 1.072422360979492728e+00 5.904585040390264439e-03
3.000000000000000444e-01 1.117173219559859154e+00 5.114484875573766139e-03
3.000000000000000444e-01 1.161924078140225358e+00 4.546568539454518346e-03
3.000000000000000444e-01 1.206674936720591784e+00 3.967682615784687283e-03
3.000000000000000444e-01 1.251425795300957988e+00 3.502847157958277440e-03
3.000000000000000444e-01 1.296176653881324414e+00 3.085502903541822908e-03
3.000000000000000444e-01 1.340927512461690618e+00 2.615051508252108116e-03
3.000000000000000444e-01 1.385678371042057044e+00 2.304974341108254488e-03
3.000000000000000444e-01 1.430429229622423470e+00 1.963027745962337908e-03
3.000000000000000444e-01 1.475180088202789674e+00 1.712804134947133825e-03
3.000000000000000444e-01 1.519930946783155878e+00 1.417821803977763803e-03
3.000000000000000444e-01 1.564681805363522304e+00 1.230186942990983776e-03
3.000000000000000444e-01 1.609432663943888731e+00 1.007144353051662305e-03
3.000000000000000444e-01 1.654183522524254935e+00 8.655642932083505931e-04
3.000000000000000444e-01 1.698934381104621139e+00 7.111002029096848143e-04
3.000000000000000444e-01 1.743685239684987565e+00 5.968392971610372551e-04
3.000000000000000444e-01 1.788436098265353991e+00 4.681674727503023570e-04
3.000000000000000444e-01 1.833186956845720195e+00 3.641073119287690715e-04
3.000000000000000444e-01 1.877937815426086399e+00 2.945605744778901432e-04
3.000000000000000444e-01 1.922688674006452825e+00 2.088579901213495019e-04
3.000000000000000444e-01 1.967439532586819251e+00 1.515743495379567884e-04
3.000000000000000444e-01 2.012190391167185233e+00 9.568071468718579399e-05
3.000000000000000444e-01 2.056941249747551659e+00 3.867043957243896204e-05
3.000000000000000444e-01 2.077718434088436261e+00 0.000000000000000000e+00
4.000000000000000222e-01 3.609543326578854017e-01 3.567797528557275361e-02
4.000000000000000222e-01 4.127836727318381915e-01 3.373071913349381945e-02
4.000000000000000222e-01 4.646130128057909814e-01 3.371177526805278768e-02
4.000000000000000222e-01 5.164423528797437157e-01 3.273576544864487819e-02
4.000000000000000222e-01 5.682716929536965056e-01 3.258462778652766734e-02
4.000000000000000222e-01 6.015905544298090213e-01 3.075533806681637200e-02
4.000000000000000222e-01 6.178979369154525836e-01 3.067649325295179752e-02
4.000000000000000222e-01 6.201010330276492954e-01 3.066561649280754795e-02
4.000000000000000222e-01 6.346473654431673550e-01 3.059020086920644088e-02
4.000000000000000222e-01 6.518508226044871234e-01 3.049460390209186855e-02
4.000000000000000222e-01 6.695206158043952582e-01 3.039054335477818503e-02
4.000000000000000222e-01 6.719303731016020853e-01 3.037545614866612315e-02
4.000000000000000222e-01 6.876693860660796354e-01 2.961976745889912527e-02
4.000000000000000222e-01 7.063101170743583124e-01 2.953200390359812799e-02
4.000000000000000222e-01 7.237597131755548752e-01 2.944349734322361176e-02
4.000000000000000222e-01 7.254561444642466661e-01 2.943402063013086933e-02
4.000000000000000222e-01 7.451211653613112329e-01 2.932526339455054920e-02
4.000000000000000222e-01 7.653192481806336822e-01 2.828942789212064365e-02
4.000000000000000222e-01 7.755890532495076650e-01 2.617940135016729938e-02
4.000000000000000222e-01 7.860648426913982023e-01 2.567013769070558560e-02
4.000000000000000222e-01 8.073727903542992079e-01 2.490957650337746049e-02
4.000000000000000222e-01 8.274183933234604549e-01 2.390254439964941899e-02
4.000000000000000222e-01 8.292583349391670078e-01 2.381115775731946008e-02
4.000000000000000222e-01 8.517371334304069119e-01 2.270162508220166867e-02
4.000000000000000222e-01 8.748252672280526498e-01 2.157125711634189091e-02
4.000000000000000222e-01 8.792477333974131337e-01 2.136000873794945826e-02
4.000000000000000222e-01 8.985392536524484663e-01 2.045949529054452709e-02
4.000000000000000222e-01 9.228960577607896454e-01 1.864966966601426870e-02
4.000000000000000222e-01 9.310770734713660346e-01 1.834689991080656890e-02
4.000000000000000222e-01 9.479131044839755882e-01 1.771224363144091596e-02
4.000000000000000222e-01 9.736082910924576117e-01 1.678179225437474026e-02
4.000000000000000222e-01 9.829064135453187134e-01 1.645277453671140436e-02
4.000000000000000222e-01 1.000000000000000000e+00 1.585619829886113913e-02
4.000000000000000222e-01 1.034735753619271614e+00 1.441444529796142432e-02
4.000000000000000222e-01 1.086565093693224293e+00 1.285014721529287481e-02
4.000000000000000222e-01 1.138394433767177194e+00 1.139867716933960079e-02
4.000000000000000222e-01 1.190223773841129873e+00 9.809225225181053900e-03
4.000000000000000222e-01 1.242053113915082774e+00 8.695998822739067768e-03
4.000000000000000222e-01 1.293882453989035453e+00 7.469947670849103917e-03
4.000000000000000222e-01 1.345711794062988353e+00 6.602525258759429395e-03
4.000000000000000222e-01 1.397541134136941032e+00 5.797824356107466465e-03
4.000000000000000222e-01 1.449370474210893933e+00 5.002753757114602323e-03
4.000000000000000222e-01 1.501199814284846612e+00 4.367162275067866008e-03
4.000000000000000222e-01 1.553029154358799513e+00 3.665633116395980266e-03
4.000000000000000222e-01 1.604858494432752192e+00 3.188422498068161151e-03
4.000000000000000222e-01 1.656687834506705093e+00 2.701627203087921328e-03
4.000000000000000222e-01 1.708517174580657771e+00 2.334011534713526913e-03
4.000000000000000222e-01 1.760346514654610672e+00 1.989092631189694725e-03
4.000000000000000222e-01 1.812175854728563351e+00 1.636299111555164542e-03
4.000000000000000222e-01 1.864005194802516252e+00 1.443946894904363709e-03
4.000000000000000222e-01 1.915834534876468931e+00 1.128165649481752434e-03
4.000000000000000222e-01 1.967663874950421832e+00 9.455331532972454777e-04
4.000000000000000222e-01 2.019493215024374511e+00 7.641077535560857840e-04
4.000000000000000222e-01 2.071322555098327189e+00 5.802689927152653460e-04
4.000000000000000222e-01 2.123151895172279868e+00 4.738060992508925625e-04
4.000000000000000222e-01 2.174981235246232547e+00 3.625113156728278154e-04
4.000000000000000222e-01 2.226810575320185670e+00 2.503617076458726693e-04
4.000000000000000222e-01 2.278639915394138349e+00 1.795870862237193132e-04
4.000000000000000222e-01 2.330469255468091028e+00 1.067631825527100574e-04
4.000000000000000222e-01 2.382298595542043707e+00 4.489001051268811738e-05
4.000000000000000222e-01 2.406362217719236085e+00 0.000000000000000000e+00
5.000000000000000000e-01 4.262278387717445272e-01 7.501222593333981004e-02
5.000000000000000000e-01 4.874297848517898935e-01 7.055819413133730678e-02
5.000000000000000000e-01 5.486317309318352597e-01 6.821748045934269977e-02
5.000000000000000000e-01 6.098336770118806260e-01 6.860647545608991593e-02
5.000000000000000000e-01 6.710356230919259923e-01 6.311675239302896867e-02
5.000000000000000000e-01 7.103797312862408786e-01 6.329430211599340605e-02
5.000000000000000000e-01 7.232806521066257321e-01 6.333616274670920976e-02
5.000000000000000000e-01 7.322375691719713586e-01 6.336059428967050211e-02
5.000000000000000000e-01 7.364158613655509278e-01 6.336705772516416924e-02
5.000000000000000000e-01 7.497896138811958044e-01 6.337507835238406773e-02
5.000000000000000000e-01 7.634062417417823987e-01 6.178786565323320101e-02
5.000000000000000000e-01 7.772701557088460556e-01 6.016381592857018845e-02
5.000000000000000000e-01 7.913858466459900987e-01 5.672691454336350331e-02
5.000000000000000000e-01 7.934395152520168359e-01 5.651611641015055754e-02
5.000000000000000000e-01 8.057578869735867455e-01 5.526067782646939403e-02
5.000000000000000000e-01 8.203909321498972229e-01 5.378213166617439034e-02
5.000000000000000000e-01 8.352897221790891447e-01 5.229290586254201761e-02
5.000000000000000000e-01 8.504590831466413148e-01 5.074992890455224531e-02
5.000000000000000000e-01 8.546414613320620912e-01 5.033693799766265214e-02
5.000000000000000000e-01 8.659039287826311160e-01 4.923538905050071912e-02
5.000000000000000000e-01 8.816292620534132984e-01 4.772959876278056596e-02
5.000000000000000000e-01 8.976401767822042022e-01 4.447574499176031038e-02
5.000000000000000000e-01 9.139418592990963264e-01 4.325406474433367288e-02
5.000000000000000000e-01 9.158434074121075685e-01 4.348840954222621402e-02
5.000000000000000000e-01 9.305395901210389287e-01 4.234160991011488850e-02
5.000000000000000000e-01 9.474387456623273307e-01 4.103951116969875579e-02
5.000000000000000000e-01 9.646447999761564862e-01 3.971016359011639296e-02
5.000000000000000000e-01 9.770453534921529348e-01 3.877659052953292412e-02
5.000000000000000000e-01 9.821633265278013614e-01 3.839573249777819552e-02
5.000000000000000000e-01 1.000000000000000000e+00 3.708746500342024327e-02
5.000000000000000000e-01 1.038247299572198301e+00 3.439336779854047094e-02
5.000000000000000000e-01 1.099449245652243778e+00 2.974682994576543713e-02
5.000000000000000000e-01 1.160651191732289034e+00 2.641616738483734336e-02
5.000000000000000000e-01 1.221853137812334289e+00 2.307190075764233364e-02
5.000000000000000000e-01 1.283055083892379766e+00 2.036808152661928259e-02
5.000000000000000000e-01 1.344257029972425244e+00 1.788827313187759185e-02
5.000000000000000000e-01 1.405458976052470499e+00 1.539256540204462370e-02
5.000000000000000000e-01 1.466660922132515754e+00 1.348471516501931373e-02
5.000000000000000000e-01 1.527862868212561231e+00 1.154833934044008359e-02
5.000000000000000000e-01 1.589064814292606709e+00 1.006698680017633837e-02
5.000000000000000000e-01 1.650266760372652186e+00 8.724026665326276020e-03
5.000000000000000000e-01 1.711468706452697219e+00 7.466287700096240799e-03
5.000000000000000000e-01 1.772670652532742697e+00 6.413794942097521094e-03
5.000000000000000000e-01 1.833872598612788174e+00 5.364752860907004949e-03
5.000000000000000000e-01 1.895074544692833651e+00 4.595260906476482735e-03
5.000000000000000000e-01 1.956276490772878685e+00 3.857542002369547529e-03
5.000000000000000000e-01 2.017478436852924162e+00 3.268922110743617028e-03
5.000000000000000000e-01 2.078680382932969639e+00 2.747642430098574170e-03
5.000000000000000000e-01 2.139882329013015116e+00 2.244246559269752559e-03
5.000000000000000000e-01 2.201084275093060150e+00 1.929815315325599055e-03
5.000000000000000000e-01 2.262286221173105627e+00 1.504712198201918483e-03
5.000000000000000000e-01 2.323488167253151104e+00 1.245710476676376239e-03
5.000000000000000000e-01 2.384690113333196582e+00 9.869901844339675368e-04
5.000000000000000000e-01 2.445892059413241615e+00 7.447434095985305163e-04
5.000000000000000000e-01 2.507094005493287092e+00 6.005090186258963368e-04
5.000000000000000000e-01 2.568295951573332569e+00 4.486258456073038731e-04
5.000000000000000000e-01 2.629497897653378047e+00 3.060062250445927672e-04
5.000000000000000000e-01 2.690699843733423080e+00 2.268302279471755343e-04
5.000000000000000000e-01 2.751901789813468557e+00 1.369106934125734155e-04
5.000000000000000000e-01 2.813103735893514035e+00 5.171179215492763856e-05
5.000000000000000000e-01 2.841518925144963514e+00 0.000000000000000000e+00
6.000000000000000888e-01 5.042828891216617482e-01 1.380681397920344722e-01
6.000000000000000888e-01 5.766927398673362681e-01 1.414010548677186174e-01
6.000000000000000888e-01 6.491025906130107881e-01 1.368348197796454557e-01
6.000000000000000888e-01 7.215124413586853080e-01 1.392575500591843873e-01
6.000000000000000888e-01 7.939222921043598280e-01 1.181604289250385853e-01
6.000000000000000888e-01 8.404714818694363210e-01 1.097594528121740298e-01
6.000000000000000888e-01 8.481945088988719350e-01 1.083808822155679918e-01
6.000000000000000888e-01 8.559885022225649509e-01 1.069652908863993473e-01
6.000000000000000888e-01 8.638541139442699190e-01 1.055646226943355165e-01
6.000000000000000888e-01 8.663321428500343480e-01 1.051267192276510859e-01
6.000000000000000888e-01 8.717920021598716263e-01 1.012856516977553994e-01
6.000000000000000888e-01 8.798028310124470508e-01 1.000383150963197743e-01
6.000000000000000888e-01 8.878872707478319137e-01 9.878278276659528678e-02
6.000000000000000888e-01 8.960459977706990431e-01 9.752264987274426866e-02
6.000000000000000888e-01 9.042796947011508824e-01 9.626039208748329856e-02
6.000000000000000888e-01 9.125890504318330265e-01 9.502850728853221018e-02
6.000000000000000888e-01 9.209747601855720056e-01 9.383240514269929056e-02
6.000000000000000888e-01 9.294375255735427555e-01 9.262655156742459484e-02
6.000000000000000888e-01 9.379780546539705499e-01 9.141324211042677061e-02
6.000000000000000888e-01 9.387419935957087569e-01 9.130577680472447277e-02
6.000000000000000888e-01 9.465970619913728346e-01 9.019390897824754172e-02
6.000000000000000888e-01 9.552952687163446255e-01 8.895935245747622899e-02
6.000000000000000888e-01 9.640734025858936906e-01 8.767422947947541012e-02
6.000000000000000888e-01 9.729321980443307316e-01 8.640471572997801553e-02
6.000000000000000888e-01 9.818723962847176745e-01 8.514220826249220553e-02
6.000000000000000888e-01 9.908947453108819525e-01 8.387907685507563216e-02
6.000000000000000888e-01 1.000000000000000000e+00 7.993153506470888903e-02
6.000000000000000888e-01 1.011151844341383388e+00 7.861103878163203107e-02
6.000000000000000888e-01 1.083561695087057686e+00 7.061431003901466608e-02
6.000000000000000888e-01 1.155971545832732428e+00 6.252495318407595704e-02
6.000000000000000888e-01 1.228381396578406726e+00 5.442084969417187307e-02
6.000000000000000888e-01 1.300791247324081468e+00 4.818867163011302662e-02
6.000000000000000888e-01 1.373201098069755766e+00 4.209038608280516597e-02
6.000000000000000888e-01 1.445610948815430286e+00 3.698268998894813087e-02
6.000000000000000888e-01 1.518020799561104806e+00 3.230373849372141642e-02
6.000000000000000888e-01 1.590430650306779325e+00 2.783328098359307001e-02
6.000000000000000888e-01 1.662840501052453845e+00 2.417893622291099678e-02
6.000000000000000888e-01 1.735250351798128365e+00 2.066666484131198314e-02
6.000000000000000888e-01 1.807660202543802885e+00 1.783549085537900619e-02
6.000000000000000888e-01 1.880070053289477405e+00 1.531029824265445725e-02
6.000000000000000888e-01 1.952479904035151925e+00 1.299672073646006808e-02
6.000000000000000888e-01 2.024889754780826223e+00 1.106209521079880298e-02
6.000000000000000888e-01 2.097299605526500965e+00 9.203767722121471845e-03
6.000000000000000888e-01 2.169709456272175707e+00 7.787235209558632590e-03
6.000000000000000888e-01 2.242119307017850005e+00 6.472951678615216330e-03
6.000000000000000888e-01 2.314529157763524303e+00 5.429993035724911890e-03
6.000000000000000888e-01 2.386939008509198601e+00 4.502839925240051042e-03
6.000000000000000888e-01 2.459348859254873343e+00 3.654611955031843423e-03
6.000000000000000888e-01 2.531758710000548085e+00 3.017696042941150902e-03
6.000000000000000888e-01 2.604168560746222383e+00 2.410213881940713627e-03
6.000000000000000888e-01 2.676578411491896681e+00 1.966496445181308353e-03
6.000000000000000888e-01 2.748988262237571867e+00 1.566814621636719021e-03
6.000000000000000888e-01 2.821398112983246165e+00 1.243874374849710798e-03
6.000000000000000888e-01 2.893807963728920463e+00 9.389747773280844676e-04
6.000000000000000888e-01 2.966217814474594761e+00 7.385497599007767632e-04
6.000000000000000888e-01 3.038627665220269058e+00 5.444485848635610128e-04
6.000000000000000888e-01 3.111037515965944245e+00 3.716242915887067169e-04
6.000000000000000888e-01 3.183447366711618542e+00 2.569728385304528157e-04
6.000000000000000888e-01 3.255857217457292840e+00 1.504287482310819957e-04
6.000000000000000888e-01 3.328267068202967582e+00 6.025909538272357705e-05
6.000000000000000888e-01 3.361885927477745284e+00 0.000000000000000000e+00
7.000000000000000666e-01 5.875691864006851173e-01 2.376351206715361930e-01
7.000000000000000666e-01 6.719380952171937205e-01 2.333643017115162310e-01
7.000000000000000666e-01 7.563070040337024347e-01 2.383882774974136476e-01
7.000000000000000666e-01 8.406759128502110379e-01 1.948840502008684916e-01
7.000000000000000666e-01 9.250448216667197521e-01 1.745894036734679244e-01
7.000000000000000666e-01 9.792819773344753065e-01 1.597864090728208231e-01
7.000000000000000666e-01 9.803616197642257557e-01 1.595691700134914404e-01
7.000000000000000666e-01 9.814424524821701024e-01 1.593510530790911151e-01
7.000000000000000666e-01 9.825244768005817475e-01 1.591337740628963326e-01
7.000000000000000666e-01 9.836076940331807128e-01 1.589168708133220365e-01
7.000000000000000666e-01 9.846921054951354169e-01 1.586985067842464625e-01
7.000000000000000666e-01 9.857777125030644516e-01 1.584791150873569587e-01
7.000000000000000666e-01 9.868645163750375815e-01 1.582539393776571657e-01
7.000000000000000666e-01 9.879525184305780749e-01 1.580268802445635723e-01
7.000000000000000666e-01 9.890417199906638146e-01 1.578038607455934939e-01
7.000000000000000666e-01 9.901321223777288516e-01 1.575813213710258454e-01
7.000000000000000666e-01 9.912237269156654040e-01 1.573590313486288583e-01
7.000000000000000666e-01 9.923165349298254112e-01 1.571368430485748369e-01
7.000000000000000666e-01 9.934105477470216439e-01 1.569186967450799663e-01
7.000000000000000666e-01 9.945057666955299247e-01 1.566951174943915226e-01
7.000000000000000666e-01 9.956021931050902385e-01 1.564725402405683918e-01
7.000000000000000666e-01 9.966998283069088416e-01 1.562508655736305763e-01
7.000000000000000666e-01 9.977986736336595941e-01 1.560289561681927062e-01
7.000000000000000666e-01 9.988987304194852923e-01 1.558059196225293486e-01
7.000000000000000666e-01 1.000000000000000000e+00 1.555855130861800439e-01
7.000000000000000666e-01 1.009413730483228466e+00 1.536939170967800972e-01
7.000000000000000666e-01 1.093782639299736958e+00 1.341564880413592953e-01
7.000000000000000666e-01 1.178151548116245673e+00 1.207029944570359448e-01
7.000000000000000666e-01 1.262520456932754165e+00 1.075631425793598522e-01
7.000000000000000666e-01 1.346889365749262879e+00 9.455403434607727309e-02
7.000000000000000666e-01 1.431258274565771593e+00 8.376772821925165813e-02
7.000000000000000666e-01 1.515627183382280307e+00 7.352468599996624110e-02
7.000000000000000666e-01 1.599996092198788800e+00 6.447290064819291566e-02
7.000000000000000666e-01 1.684365001015297514e+00 5.577407065171664097e-02
7.000000000000000666e-01 1.768733909831806228e+00 4.854491589970405530e-02
7.000000000000000666e-01 1.853102818648314720e+00 4.198072397196322969e-02
7.000000000000000666e-01 1.937471727464823434e+00 3.584371979235852212e-02
7.000000000000000666e-01 2.021840636281332149e+00 3.069416735578306757e-02
7.000000000000000666e-01 2.106209545097840419e+00 2.600101344860740807e-02
7.000000000000000666e-01 2.190578453914349133e+00 2.202525513315613595e-02
7.000000000000000666e-01 2.274947362730857847e+00 1.852972036643665138e-02
7.000000000000000666e-01 2.359316271547366561e+00 1.540736867504301916e-02
7.000000000000000666e-01 2.443685180363875276e+00 1.285521883569124696e-02
7.000000000000000666e-01 2.528054089180383990e+00 1.060155389668706455e-02
7.000000000000000666e-01 2.612422997996892704e+00 8.759547128352668244e-03
7.000000000000000666e-01 2.696791906813401418e+00 7.083945219099919109e-03
7.000000000000000666e-01 2.781160815629910132e+00 5.808351905806056689e-03
7.000000000000000666e-01 2.865529724446418847e+00 4.789619556652286933e-03
7.000000000000000666e-01 2.949898633262927561e+00 3.763649130927307612e-03
7.000000000000000666e-01 3.034267542079435387e+00 3.027722129725182038e-03
7.000000000000000666e-01 3.118636450895944101e+00 2.387362865042067569e-03
7.000000000000000666e-01 3.203005359712452815e+00 1.893724159191359372e-03
7.000000000000000666e-01 3.287374268528961530e+00 1.433500146393345458e-03
7.000000000000000666e-01 3.371743177345470244e+00 1.117837716558646617e-03
7.000000000000000666e-01 3.456112086161978958e+00 8.379151761872636207e-04
7.000000000000000666e-01 3.540480994978487672e+00 5.853469159281366558e-04
7.000000000000000666e-01 3.624849903794996386e+00 4.315167251493590237e-04
7.000000000000000666e-01 3.709218812611505101e+00 2.782308487590691285e-04
7.000000000000000666e-01 3.793587721428013815e+00 1.701030540233481399e-04
7.000000000000000666e-01 3.877956630244522085e+00 6.482221332808709878e-05
7.000000000000000666e-01 3.917127909337901226e+00 0.000000000000000000e+00
8.000000000000000444e-01 6.641301293989937404e-01 3.219661022950452423e-01
8.000000000000000444e-01 7.594924043896185140e-01 3.326946311636962417e-01
8.000000000000000444e-01 8.548546793802431765e-01 2.793676198029075297e-01
8.000000000000000444e-01 9.502169543708679500e-01 2.497309688678590600e-01
8.000000000000000444e-01 1.000000000000000000e+00 2.383171283346392777e-01
8.000000000000000444e-01 1.005358963574875864e+00 2.370713983473542730e-01
8.000000000000000444e-01 1.010746645640348440e+00 2.358226156700908849e-01
8.000000000000000444e-01 1.016163200097762953e+00 2.344831298334023595e-01
8.000000000000000444e-01 1.021608781673216004e+00 2.331792786575040688e-01
8.000000000000000444e-01 1.027083545921976038e+00 2.318865498914878809e-01
8.000000000000000444e-01 1.032587649232926230e+00 2.305931745807006661e-01
8.000000000000000444e-01 1.038121248833032029e+00 2.292867757547396579e-01
8.000000000000000444e-01 1.043684502791832891e+00 2.279859610507438128e-01
8.000000000000000444e-01 1.045579229361492724e+00 2.275434918753806990e-01
8.000000000000000444e-01 1.049277570025956674e+00 2.266781054418073316e-01
8.000000000000000444e-01 1.054900610303659780e+00 2.253712021850982072e-01
8.000000000000000444e-01 1.060553784249391507e+00 2.240591962276392290e-01
8.000000000000000444e-01 1.066237253348380598e+00 2.227420998376225536e-01
8.000000000000000444e-01 1.071951179951250221e+00 2.214153132385428269e-01
8.000000000000000444e-01 1.077695727278654036e+00 2.200943292224925019e-01
8.000000000000000444e-01 1.083471059425939576e+00 2.187705586194010621e-01
8.000000000000000444e-01 1.089277341367835383e+00 2.128828511433776272e-01
8.000000000000000444e-01 1.095114738963163026e+00 2.117311993492168865e-01
8.000000000000000444e-01 1.100983418959576188e+00 2.105745444218601048e-01
8.000000000000000444e-01 1.106883548998322864e+00 2.094052540443635257e-01
8.000000000000000444e-01 1.140941504352117386e+00 2.034295635514548339e-01
8.000000000000000444e-01 1.236303779342742271e+00 1.841233344587915322e-01
8.000000000000000444e-01 1.331666054333366933e+00 1.643908803892306092e-01
8.000000000000000444e-01 1.427028329323991596e+00 1.477506238697222918e-01
8.000000000000000444e-01 1.522390604314616258e+00 1.313232202586241959e-01
8.000000000000000444e-01 1.617752879305240921e+00 1.165155953963083746e-01
8.000000000000000444e-01 1.713115154295865583e+00 1.025637501137976054e-01
8.000000000000000444e-01 1.808477429286490690e+00 8.942196909319108378e-02
8.000000000000000444e-01 1.903839704277115352e+00 7.774060391303386219e-02
8.000000000000000444e-01 1.999201979267740015e+00 6.686366134707226461e-02
8.000000000000000444e-01 2.094564254258364677e+00 5.742437407040928976e-02
8.000000000000000444e-01 2.189926529248989340e+00 4.884404756760175881e-02
8.000000000000000444e-01 2.285288804239614002e+00 4.136087654267683877e-02
8.000000000000000444e-01 2.380651079230239109e+00 3.480442320711050336e-02
8.000000000000000444e-01 2.476013354220863771e+00 2.894696078083713181e-02
8.000000000000000444e-01 2.571375629211488434e+00 2.410282986875102867e-02
8.000000000000000444e-01 2.666737904202113096e+00 1.985383734272691200e-02
8.000000000000000444e-01 2.762100179192737759e+00 1.634896133949196098e-02
8.000000000000000444e-01 2.857462454183362865e+00 1.334226685821339638e-02
8.000000000000000444e-01 2.952824729173987528e+00 1.076992012923019132e-02
8.000000000000000444e-01 3.048187004164612190e+00 8.724775654579693118e-03
8.000000000000000444e-01 3.143549279155236853e+00 6.954755757030840757e-03
8.000000000000000444e-01 3.238911554145861516e+00 5.580176063564726459e-03
8.000000000000000444e-01 3.334273829136486178e+00 4.396160368428502635e-03
8.000000000000000444e-01 3.429636104127111285e+00 3.485930892369996838e-03
8.000000000000000444e-01 3.524998379117735947e+00 2.668163096334979362e-03
8.000000000000000444e-01 3.620360654108360610e+00 2.090170886206319835e-03
8.000000000000000444e-01 3.715722929098985272e+00 1.598618500145355253e-03
8.000000000000000444e-01 3.811085204089609935e+00 1.214664427458653825e-03
8.000000000000000444e-01 3.906447479080234597e+00 8.788082099041242667e-04
8.000000000000000444e-01 4.001809754070858816e+00 6.368795756095106024e-04
8.000000000000000444e-01 4.097172029061484366e+00 4.377437373949465767e-04
8.000000000000000444e-01 4.192534304052109029e+00 2.920454915500056143e-04
8.000000000000000444e-01 4.287896579042733691e+00 1.638931934961661090e-04
8.000000000000000444e-01 4.383258854033358354e+00 5.184974513072302407e-05
8.000000000000000444e-01 4.427534195993291455e+00 0.000000000000000000e+00
9.000000000000000222e-01 7.186477580991194047e-01 3.849625419856537167e-01
9.000000000000000222e-01 8.218382054159160122e-01 3.455129326196988981e-01
9.000000000000000222e-01 9.250286527327127306e-01 3.145620135570927345e-01
9.000000000000000222e-01 1.000000000000000000e+00 2.983909709695962142e-01
9.000000000000000222e-01 1.009542169317915850e+00 2.962262574638829249e-01
9.000000000000000222e-01 1.019175391631123473e+00 2.940358394056586944e-01
9.000000000000000222e-01 1.028219100049509338e+00 2.919742164883826763e-01
9.000000000000000222e-01 1.028900535782720782e+00 2.918246230258374485e-01
9.000000000000000222e-01 1.038718478906453857e+00 2.895786889673180320e-01
9.000000000000000222e-01 1.048630106505827220e+00 2.810365610212344767e-01
9.000000000000000222e-01 1.058636312533969726e+00 2.791831861157798578e-01
9.000000000000000222e-01 1.068737999474262956e+00 2.772717924398542810e-01
9.000000000000000222e-01 1.078936078421736999e+00 2.764999529573174408e-01
9.000000000000000222e-01 1.089231469165245381e+00 2.744118346144582277e-01
9.000000000000000222e-01 1.099625100270422262e+00 2.722868649077975767e-01
9.000000000000000222e-01 1.110117909163432781e+00 2.701292423186028580e-01
9.000000000000000222e-01 1.120710842215520975e+00 2.679430661447477213e-01
9.000000000000000222e-01 1.131404854828365503e+00 2.657227705412412710e-01
9.000000000000000222e-01 1.131409547366305945e+00 2.657245935259053282e-01
9.000000000000000222e-01 1.142200911520249829e+00 2.634734249377276849e-01
9.000000000000000222e-01 1.153099986013053746e+00 2.612046447204121602e-01
9.000000000000000222e-01 1.164103061320076682e+00 2.589091385002522117e-01
9.000000000000000222e-01 1.175211129834696999e+00 2.564023195583470804e-01
9.000000000000000222e-01 1.186425193419878843e+00 2.539842555956318693e-01
9.000000000000000222e-01 1.197746263498532304e+00 2.515711879799512052e-01
9.000000000000000222e-01 1.234599994683102553e+00 2.437873241760102339e-01
9.000000000000000222e-01 1.337790441999899382e+00 2.213360423838758306e-01
9.000000000000000222e-01 1.440980889316695990e+00 2.012527997396948987e-01
9.000000000000000222e-01 1.544171336633492597e+00 1.809488584080924112e-01
9.000000000000000222e-01 1.647361783950289205e+00 1.619803372887479442e-01
9.000000000000000222e-01 1.750552231267085812e+00 1.432365486003093769e-01
9.000000000000000222e-01 1.853742678583882419e+00 1.263718928613747350e-01
9.000000000000000222e-01 1.956933125900679027e+00 1.100236277207432695e-01
9.000000000000000222e-01 2.060123573217475634e+00 9.560007228204303598e-02
9.000000000000000222e-01 2.163314020534272242e+00 8.200483811028411174e-02
9.000000000000000222e-01 2.266504467851068849e+00 7.008412149544129832e-02
9.000000000000000222e-01 2.369694915167865457e+00 5.935961626823014342e-02
9.000000000000000222e-01 2.472885362484662064e+00 4.976923988838398427e-02
9.000000000000000222e-01 2.576075809801458671e+00 4.159103612067890920e-02
9.000000000000000222e-01 2.679266257118255279e+00 3.441127565055509402e-02
9.000000000000000222e-01 2.782456704435051886e+00 2.841683748859482120e-02
9.000000000000000222e-01 2.885647151751848494e+00 2.305270993250380443e-02
9.000000000000000222e-01 2.988837599068645101e+00 1.884856833196333833e-02
9.000000000000000222e-01 3.092028046385441709e+00 1.538824195370065359e-02
9.000000000000000222e-01 3.195218493702238760e+00 1.223189886105108953e-02
9.000000000000000222e-01 3.298408941019035368e+00 9.778676565018660366e-03
9.000000000000000222e-01 3.401599388335831975e+00 7.753580780782079983e-03
9.000000000000000222e-01 3.504789835652628582e+00 6.146586335956739748e-03
9.000000000000000222e-01 3.607980282969425190e+00 4.767201164408385768e-03
9.000000000000000222e-01 3.711170730286221797e+00 3.733860344018393070e-03
9.000000000000000222e-01 3.814361177603018405e+00 2.878277525214269043e-03
9.000000000000000222e-01 3.917551624919815012e+00 2.236971427408939329e-03
9.000000000000000222e-01 4.020742072236611619e+00 1.643763915158451532e-03
9.000000000000000222e-01 4.123932519553408227e+00 1.258427860689630574e-03
9.000000000000000222e-01 4.227122966870204834e+00 9.297244496056368372e-04
9.000000000000000222e-01 4.330313414187001442e+00 6.375989524836966947e-04
9.000000000000000222e-01 4.433503861503798049e+00 4.606656666870239140e-04
9.000000000000000222e-01 4.536694308820594657e+00 2.823600389864754524e-04
9.000000000000000222e-01 4.639884756137391264e+00 1.662351360142332794e-04
9.000000000000000222e-01 4.743075203454187871e+00 5.288835334656897657e-05
9.000000000000000222e-01 4.790985053994129217e+00 0.000000000000000000e+00
1.000000000000000000e+00 7.385762253763622498e-01 3.746242455460594978e-01
1.000000000000000000e+00 8.446281961996348064e-01 3.496176822925344818e-01
1.000000000000000000e+00 9.506801670229073631e-01 3.291674878833512619e-01
1.000000000000000000e+00 1.000000000000000000e+00 3.126492313564358527e-01
1.000000000000000000e+00 1.010996583740378041e+00 3.106958264052967489e-01
1.000000000000000000e+00 1.022114092334715396e+00 3.086804814797617369e-01
1.000000000000000000e+00 1.033353855543294841e+00 3.066059279518670855e-01
1.000000000000000000e+00 1.044717217749219218e+00 3.044758807111763721e-01
1.000000000000000000e+00 1.056205538119213472e+00 3.022872917635573420e-01
1.000000000000000000e+00 1.056732137846179809e+00 3.021872481891110240e-01
1.000000000000000000e+00 1.067820190766192390e+00 3.000474293348250332e-01
1.000000000000000000e+00 1.079562564913619571e+00 2.977569047372994882e-01
1.000000000000000000e+00 1.091434065061669623e+00 2.954164484043092509e-01
1.000000000000000000e+00 1.103436111155221555e+00 2.930267666488124978e-01
1.000000000000000000e+00 1.115570138753697149e+00 2.905999934207464941e-01
1.000000000000000000e+00 1.127837599202767382e+00 2.881301002674996337e-01
1.000000000000000000e+00 1.140239959807947789e+00 2.856144648102508787e-01
1.000000000000000000e+00 1.152778704010101185e+00 2.830592979110894691e-01
1.000000000000000000e+00 1.162784108669452365e+00 2.756425764643534171e-01
1.000000000000000000e+00 1.165455331562872843e+00 2.752012881633169594e-01
1.000000000000000000e+00 1.178271358712074113e+00 2.730706076606475574e-01
1.000000000000000000e+00 1.191228318377040685e+00 2.708672313367339046e-01
1.000000000000000000e+00 1.204327760333983699e+00 2.685916607826437374e-01
1.000000000000000000e+00 1.217571251401358357e+00 2.662462379060120954e-01
1.000000000000000000e+00 1.230960375627270453e+00 2.638454475623220885e-01
1.000000000000000000e+00 1.268836079492724922e+00 2.568511306873810240e-01
1.000000000000000000e+00 1.374888050315997479e+00 2.348354640332611376e-01
1.000000000000000000e+00 1.480940021139270035e+00 2.147177281414011929e-01
1.000000000000000000e+00 1.586991991962542592e+00 1.921366562981949855e-01
1.000000000000000000e+00 1.693043962785815149e+00 1.730941485087524601e-01
1.000000000000000000e+00 1.799095933609087705e+00 1.527353135131697404e-01
1.000000000000000000e+00 1.905147904432360040e+00 1.352368040505932956e-01
1.000000000000000000e+00 2.011199875255632818e+00 1.184850096697313976e-01
1.000000000000000000e+00 2.117251846078905153e+00 1.024043263048541874e-01
1.000000000000000000e+00 2.223303816902177932e+00 8.817210131446083510e-02
1.000000000000000000e+00 2.329355787725450266e+00 7.447811878159338317e-02
1.000000000000000000e+00 2.435407758548723045e+00 6.321803311989934726e-02
1.000000000000000000e+00 2.541459729371995380e+00 5.282973316641636358e-02
1.000000000000000000e+00 2.647511700195268158e+00 4.417918711854042918e-02
1.000000000000000000e+00 2.753563671018540493e+00 3.601552782467176000e-02
1.000000000000000000e+00 2.859615641841812828e+00 2.977773216589387276e-02
1.000000000000000000e+00 2.965667612665085606e+00 2.491202276055080184e-02
1.000000000000000000e+00 3.071719583488357941e+00 1.957267622830632242e-02
1.000000000000000000e+00 3.177771554311630720e+00 1.591326319171158105e-02
1.000000000000000000e+00 3.283823525134903054e+00 1.265242094852062245e-02
1.000000000000000000e+00 3.389875495958175833e+00 1.019453987236954191e-02
1.000000000000000000e+00 3.495927466781448167e+00 7.798636491125943149e-03
1.000000000000000000e+00 3.601979437604720946e+00 6.252208094688879551e-03
1.000000000000000000e+00 3.708031408427993281e+00 4.825117102717971576e-03
1.000000000000000000e+00 3.814083379251266059e+00 3.845701369721818679e-03
1.000000000000000000e+00 3.920135350074538394e+00 2.772028402231550750e-03
1.000000000000000000e+00 4.026187320897811617e+00 2.205497421622452936e-03
1.000000000000000000e+00 4.132239291721083951e+00 1.668548311159040974e-03
1.000000000000000000e+00 4.238291262544356286e+00 1.220511114859551853e-03
1.000000000000000000e+00 4.344343233367628621e+00 8.966472115613545717e-04
1.000000000000000000e+00 4.450395204190900955e+00 5.400900102270016602e-04
1.000000000000000000e+00 4.556447175014174178e+00 4.294790950796065405e-04
1.000000000000000000e+00 4.662499145837446513e+00 2.822597613786779688e-04
1.000000000000000000e+00 4.768551116660718847e+00 1.297388475290198488e-04
1.000000000000000000e+00 4.874603087483991182e+00 1.996519857497800371e-05
1.000000000000000000e+00 4.923841502509081813e+00 0.000000000000000000e+00
