# mx [GeV]: 1000.0
# sigma_p [cm^2]: 4.67735141287e-29
# depth [m]: 0.3
# loc: MPI
# Columns: gamma/pi, v [km/s], f(v, gamma) [s/km]
0.000000000000000000e+00 1.000000000000000000e+00 7.086585024712750355e-03
0.000000000000000000e+00 1.052504898458839877e+00 6.873864949327943008e-03
0.000000000000000000e+00 1.107766561279852624e+00 6.383457973648218840e-03
0.000000000000000000e+00 1.165929732095949412e+00 6.204957249938080309e-03
0.000000000000000000e+00 1.227146754289789587e+00 6.007564936563322515e-03
0.000000000000000000e+00 1.291577970017869781e+00 5.795762799979876922e-03
0.000000000000000000e+00 1.359392140185332387e+00 5.574545278156822423e-03
0.000000000000000000e+00 1.430766886471508181e+00 4.997870773477192628e-03
0.000000000000000000e+00 1.505889156563965159e+00 4.860367576916349748e-03
0.000000000000000000e+00 1.584955713819623968e+00 4.706016265843402345e-03
0.000000000000000000e+00 1.586388817432774934e+00 4.703018699096063807e-03
0.000000000000000000e+00 1.668173652635481119e+00 4.538174275926835054e-03
0.000000000000000000e+00 1.755760940878819065e+00 4.136566243951255405e-03
0.000000000000000000e+00 1.814177980961583669e+00 4.055179707257854614e-03
0.000000000000000000e+00 1.847946990797658451e+00 4.006457439109102972e-03
0.000000000000000000e+00 1.944973259906807916e+00 3.862596794363737807e-03
0.000000000000000000e+00 2.041967144490392183e+00 3.715278314804658279e-03
0.000000000000000000e+00 2.047093883423373395e+00 3.707434785339306944e-03
0.000000000000000000e+00 2.154576339908230054e+00 3.455523433611559260e-03
0.000000000000000000e+00 2.267702151856930026e+00 3.310128273087139129e-03
0.000000000000000000e+00 2.269756308019200919e+00 3.307465450355050011e-03
0.000000000000000000e+00 2.386767623075070510e+00 3.156450696912861502e-03
0.000000000000000000e+00 2.497545471548009655e+00 2.859142031796855360e-03
0.000000000000000000e+00 2.512084614769473756e+00 2.845815730866075362e-03
0.000000000000000000e+00 2.643981362387958445e+00 2.722406101045022741e-03
0.000000000000000000e+00 2.725334635076818390e+00 2.644827424946656191e-03
0.000000000000000000e+00 2.953123798605627126e+00 2.326744280633452188e-03
0.000000000000000000e+00 3.180912962134435862e+00 2.149836889357997858e-03
0.000000000000000000e+00 3.408702125663244598e+00 1.931168279029821418e-03
0.000000000000000000e+00 3.636491289192052889e+00 1.773830379099501902e-03
0.000000000000000000e+00 3.864280452720861625e+00 1.547534747132363938e-03
0.000000000000000000e+00 4.092069616249670361e+00 1.423580028850871589e-03
0.000000000000000000e+00 4.319858779778479096e+00 1.273063074319135974e-03
0.000000000000000000e+00 4.547647943307287832e+00 1.115580098986518548e-03
0.000000000000000000e+00 4.775437106836096568e+00 1.023956749071303811e-03
0.000000000000000000e+00 5.003226270364905304e+00 8.777637661270730690e-04
0.000000000000000000e+00 5.231015433893714039e+00 8.055055969655200735e-04
0.000000000000000000e+00 5.458804597422522775e+00 7.114141923459916216e-04
0.000000000000000000e+00 5.686593760951331511e+00 6.498840578103647720e-04
0.000000000000000000e+00 5.914382924480140247e+00 5.495590627309571759e-04
0.000000000000000000e+00 6.142172088008948982e+00 5.017519786322444022e-04
0.000000000000000000e+00 6.369961251537757718e+00 4.285093507349083336e-04
0.000000000000000000e+00 6.597750415066566454e+00 3.903129385955789979e-04
0.000000000000000000e+00 6.825539578595375190e+00 3.393792711857350052e-04
0.000000000000000000e+00 7.053328742124183925e+00 3.079546257061282263e-04
0.000000000000000000e+00 7.281117905652992661e+00 2.528980459641181353e-04
0.000000000000000000e+00 7.508907069181801397e+00 2.293489059410401900e-04
0.000000000000000000e+00 7.736696232710610133e+00 1.962645105789045984e-04
0.000000000000000000e+00 7.964485396239418868e+00 1.575571195662627975e-04
0.000000000000000000e+00 8.192274559768227604e+00 1.427045424577439879e-04
0.000000000000000000e+00 8.420063723297035452e+00 1.153230316479433062e-04
0.000000000000000000e+00 8.647852886825845076e+00 9.598573202063904780e-05
0.000000000000000000e+00 8.875642050354652923e+00 8.674271788180012467e-05
0.000000000000000000e+00 9.103431213883462547e+00 6.510799949770858209e-05
0.000000000000000000e+00 9.331220377412270395e+00 5.288424663607286293e-05
0.000000000000000000e+00 9.559009540941080019e+00 3.727600839471547853e-05
0.000000000000000000e+00 9.786798704469887866e+00 2.605249199917354297e-05
0.000000000000000000e+00 1.001458786799869749e+01 2.052744080080969060e-05
0.000000000000000000e+00 1.024237703152750534e+01 9.525145988344823760e-06
0.000000000000000000e+00 1.047016619505631496e+01 2.828541897318825684e-06
0.000000000000000000e+00 1.057592544955183378e+01 0.000000000000000000e+00
1.000000000000000056e-01 1.000000000000000000e+00 8.092700391269488577e-03
1.000000000000000056e-01 1.053972084552095678e+00 7.539382445984562503e-03
1.000000000000000056e-01 1.110857155015090081e+00 7.271486982301004175e-03
1.000000000000000056e-01 1.170812431310864987e+00 6.996509144162382267e-03
1.000000000000000056e-01 1.234003618848219741e+00 6.710866752542244025e-03
1.000000000000000056e-01 1.300605366502288085e+00 6.328681313000689666e-03
1.000000000000000056e-01 1.370801749312059226e+00 6.038865273745565310e-03
1.000000000000000056e-01 1.444786777230090413e+00 5.766845653768467792e-03
1.000000000000000056e-01 1.522764931330502725e+00 5.494065652646372075e-03
1.000000000000000056e-01 1.604951728957238810e+00 5.128527296693376376e-03
1.000000000000000056e-01 1.628937077123910004e+00 5.061452251108696475e-03
1.000000000000000056e-01 1.691574319374551161e+00 4.907243859491166975e-03
1.000000000000000056e-01 1.782872111565988238e+00 4.697291647482947606e-03
1.000000000000000056e-01 1.862835734351958594e+00 4.519066051047456595e-03
1.000000000000000056e-01 1.879097435917001402e+00 4.483836001255143283e-03
1.000000000000000056e-01 1.980516241609939998e+00 4.168955893023274482e-03
1.000000000000000056e-01 2.087408831658910557e+00 3.990461291246492036e-03
1.000000000000000056e-01 2.096734391580007184e+00 3.975030962680003478e-03
1.000000000000000056e-01 2.200070637615996638e+00 3.804143876682742308e-03
1.000000000000000056e-01 2.318813036089990565e+00 3.570638122888154190e-03
1.000000000000000056e-01 2.330633048808055996e+00 3.548326976662262867e-03
1.000000000000000056e-01 2.443964209334341220e+00 3.357838718392553486e-03
1.000000000000000056e-01 2.564531706036104808e+00 3.186662173929887681e-03
1.000000000000000056e-01 2.575870052282830169e+00 3.170703993052338254e-03
1.000000000000000056e-01 2.714895128539850155e+00 2.961216927812819651e-03
1.000000000000000056e-01 2.798430363264153176e+00 2.818267345122962928e-03
1.000000000000000056e-01 3.032329020492201987e+00 2.562853271461239257e-03
1.000000000000000056e-01 3.266227677720250355e+00 2.310479105624528920e-03
1.000000000000000056e-01 3.500126334948299167e+00 2.073498810779095345e-03
1.000000000000000056e-01 3.734024992176347979e+00 1.867317603656152040e-03
1.000000000000000056e-01 3.967923649404396347e+00 1.684863939919527612e-03
1.000000000000000056e-01 4.201822306632445603e+00 1.499540723011510632e-03
1.000000000000000056e-01 4.435720963860493526e+00 1.357077742777613007e-03
1.000000000000000056e-01 4.669619621088542338e+00 1.219693864381884421e-03
1.000000000000000056e-01 4.903518278316591150e+00 1.088174085038643574e-03
1.000000000000000056e-01 5.137416935544639074e+00 9.698861084664580278e-04
1.000000000000000056e-01 5.371315592772688774e+00 8.702642382076132901e-04
1.000000000000000056e-01 5.605214250000736698e+00 7.633826805769828487e-04
1.000000000000000056e-01 5.839112907228786398e+00 6.838727436316161109e-04
1.000000000000000056e-01 6.073011564456834321e+00 6.042164228346167971e-04
1.000000000000000056e-01 6.306910221684882245e+00 5.370155872818219763e-04
1.000000000000000056e-01 6.540808878912931945e+00 4.662440036968908737e-04
1.000000000000000056e-01 6.774707536140979869e+00 4.165650714399242688e-04
1.000000000000000056e-01 7.008606193369029569e+00 3.573673284050066755e-04
1.000000000000000056e-01 7.242504850597077493e+00 3.152775070743490731e-04
1.000000000000000056e-01 7.476403507825125416e+00 2.744358946470431453e-04
1.000000000000000056e-01 7.710302165053175116e+00 2.366478244550418203e-04
1.000000000000000056e-01 7.944200822281223040e+00 2.038764586721628839e-04
1.000000000000000056e-01 8.178099479509272740e+00 1.731104962523060948e-04
1.000000000000000056e-01 8.411998136737320664e+00 1.473173907279116404e-04
1.000000000000000056e-01 8.645896793965368587e+00 1.233380486607706344e-04
1.000000000000000056e-01 8.879795451193418288e+00 1.028232038555438428e-04
1.000000000000000056e-01 9.113694108421466211e+00 8.390101003752915257e-05
1.000000000000000056e-01 9.347592765649515911e+00 6.750641491566938184e-05
1.000000000000000056e-01 9.581491422877563835e+00 5.206582559197528117e-05
1.000000000000000056e-01 9.815390080105611759e+00 3.993595172662837707e-05
1.000000000000000056e-01 1.004928873733366146e+01 2.818731291024083934e-05
1.000000000000000056e-01 1.028318739456170938e+01 1.935335706168851079e-05
1.000000000000000056e-01 1.051708605178975731e+01 1.102151565229698995e-05
1.000000000000000056e-01 1.075098470901780701e+01 3.511844614565640808e-06
1.000000000000000056e-01 1.085958051415940062e+01 0.000000000000000000e+00
2.000000000000000111e-01 1.000000000000000000e+00 1.113640544320908428e-02
2.000000000000000111e-01 1.058293390680676849e+00 1.062810828890382517e-02
2.000000000000000111e-01 1.119984900758403512e+00 1.011711166937030552e-02
2.000000000000000111e-01 1.185272618134772360e+00 9.576530831885690306e-03
2.000000000000000111e-01 1.254366177926811154e+00 8.932799521773299861e-03
2.000000000000000111e-01 1.327487435593326159e+00 8.534447435886587802e-03
2.000000000000000111e-01 1.404871179300057671e+00 8.131372354978995409e-03
2.000000000000000111e-01 1.486765883811019151e+00 7.701083679750805183e-03
2.000000000000000111e-01 1.573434508326716497e+00 7.284519031327912203e-03
2.000000000000000111e-01 1.665155340831064423e+00 6.914082268830099888e-03
2.000000000000000111e-01 1.760624915867593732e+00 6.550833955723860992e-03
2.000000000000000111e-01 1.762222891658145274e+00 6.545081435049183646e-03
2.000000000000000111e-01 1.864948839148005577e+00 6.075167760530806975e-03
2.000000000000000111e-01 1.973663030427934784e+00 5.795470583453859494e-03
2.000000000000000111e-01 2.013432596094735239e+00 5.693807153726975108e-03
2.000000000000000111e-01 2.088714540532679020e+00 5.504807781087924824e-03
2.000000000000000111e-01 2.210472793264360636e+00 5.182093393587332460e-03
2.000000000000000111e-01 2.266240276321877190e+00 5.045443199631817303e-03
2.000000000000000111e-01 2.339328747391126839e+00 4.817534977547999198e-03
2.000000000000000111e-01 2.475696151993336258e+00 4.556906486672711136e-03
2.000000000000000111e-01 2.519047956549018696e+00 4.475412339132219496e-03
2.000000000000000111e-01 2.620012874988132179e+00 4.275276342682864453e-03
2.000000000000000111e-01 2.771855636776160203e+00 3.981191975220572943e-03
2.000000000000000111e-01 2.772742309098218616e+00 3.979730434239929504e-03
2.000000000000000111e-01 2.934374859779322442e+00 3.718504524313396599e-03
2.000000000000000111e-01 3.024663317003302154e+00 3.577536929581226748e-03
2.000000000000000111e-01 3.277470997230443661e+00 3.181644615134687510e-03
2.000000000000000111e-01 3.530278677457585168e+00 2.873248847371877215e-03
2.000000000000000111e-01 3.783086357684727119e+00 2.579614059910299417e-03
2.000000000000000111e-01 4.035894037911868182e+00 2.317333152958313096e-03
2.000000000000000111e-01 4.288701718139011021e+00 2.071988000279464254e-03
2.000000000000000111e-01 4.541509398366152084e+00 1.868156741338397944e-03
2.000000000000000111e-01 4.794317078593293147e+00 1.648892871702245435e-03
2.000000000000000111e-01 5.047124758820435986e+00 1.485377590122552785e-03
2.000000000000000111e-01 5.299932439047577049e+00 1.329489456509845872e-03
2.000000000000000111e-01 5.552740119274719000e+00 1.182297518425130204e-03
2.000000000000000111e-01 5.805547799501860950e+00 1.041216979074905541e-03
2.000000000000000111e-01 6.058355479729002013e+00 9.312218764055470730e-04
2.000000000000000111e-01 6.311163159956143076e+00 8.252269014998923988e-04
2.000000000000000111e-01 6.563970840183285915e+00 7.234414486940801692e-04
2.000000000000000111e-01 6.816778520410426978e+00 6.400294380156924768e-04
2.000000000000000111e-01 7.069586200637568041e+00 5.604765223158292243e-04
2.000000000000000111e-01 7.322393880864710880e+00 4.912053355479739387e-04
2.000000000000000111e-01 7.575201561091851943e+00 4.258187717315017906e-04
2.000000000000000111e-01 7.828009241318993006e+00 3.712445818916116215e-04
2.000000000000000111e-01 8.080816921546135845e+00 3.185290821636954021e-04
2.000000000000000111e-01 8.333624601773276908e+00 2.760993809139545944e-04
2.000000000000000111e-01 8.586432282000419747e+00 2.362604977600775316e-04
2.000000000000000111e-01 8.839239962227560810e+00 2.008550866781586290e-04
2.000000000000000111e-01 9.092047642454701872e+00 1.687876412921040235e-04
2.000000000000000111e-01 9.344855322681844711e+00 1.411478045228699502e-04
2.000000000000000111e-01 9.597663002908985774e+00 1.175586707480929068e-04
2.000000000000000111e-01 9.850470683136126837e+00 9.552265028508990683e-05
2.000000000000000111e-01 1.010327836336326790e+01 7.553516584942719669e-05
2.000000000000000111e-01 1.035608604359041074e+01 6.055349724583524031e-05
2.000000000000000111e-01 1.060889372381755180e+01 4.580160322529302396e-05
2.000000000000000111e-01 1.086170140404469286e+01 3.315774795416084761e-05
2.000000000000000111e-01 1.111450908427183570e+01 2.202707507713270348e-05
2.000000000000000111e-01 1.136731676449897677e+01 1.209771288759546847e-05
2.000000000000000111e-01 1.162012444472611783e+01 3.499447154872972549e-06
2.000000000000000111e-01 1.173749943911729154e+01 0.000000000000000000e+00
3.000000000000000444e-01 1.000000000000000000e+00 1.772755002616644912e-02
3.000000000000000444e-01 1.065251124089435342e+00 1.698408458565650245e-02
3.000000000000000444e-01 1.134759957373805639e+00 1.618218858385778169e-02
3.000000000000000444e-01 1.208804320164126311e+00 1.531733821319324756e-02
3.000000000000000444e-01 1.287680160859001388e+00 1.445431903964739320e-02
3.000000000000000444e-01 1.371702738822716316e+00 1.357645040307872350e-02
3.000000000000000444e-01 1.461207884447455863e+00 1.269371972350215837e-02
3.000000000000000444e-01 1.556553341435998217e+00 1.198937173861124202e-02
3.000000000000000444e-01 1.658120196669863766e+00 1.131654413849985177e-02
3.000000000000000444e-01 1.766314403377968079e+00 1.059549818524582396e-02
3.000000000000000444e-01 1.881568403693741010e+00 9.988776824430981374e-03
3.000000000000000444e-01 1.994064823431087596e+00 9.438388040711636132e-03
3.000000000000000444e-01 2.004342857085922081e+00 9.390040883577746231e-03
3.000000000000000444e-01 2.135128481571409331e+00 8.781053435577603969e-03
3.000000000000000444e-01 2.274448015069313378e+00 8.167218233892761456e-03
3.000000000000000444e-01 2.280392080128884835e+00 8.147850157036241533e-03
3.000000000000000444e-01 2.422858304735571178e+00 7.680612546657995636e-03
3.000000000000000444e-01 2.566719336826682074e+00 7.225275564814551653e-03
3.000000000000000444e-01 2.580952532628991047e+00 7.180132326372710636e-03
3.000000000000000444e-01 2.749362586604507719e+00 6.622459316794481084e-03
3.000000000000000444e-01 2.853046593524479313e+00 6.367870855136423779e-03
3.000000000000000444e-01 2.928761585909889664e+00 6.179977555341769659e-03
3.000000000000000444e-01 3.119866571580467429e+00 5.730817978921114338e-03
3.000000000000000444e-01 3.139373850222276552e+00 5.686215962793508653e-03
3.000000000000000444e-01 3.323441372385145698e+00 5.270467802258379554e-03
3.000000000000000444e-01 3.425701106920073791e+00 5.064827004073180206e-03
3.000000000000000444e-01 3.712028363617870586e+00 4.523561285313499984e-03
3.000000000000000444e-01 3.998355620315667824e+00 4.035892576350834371e-03
3.000000000000000444e-01 4.284682877013464619e+00 3.618406907093622230e-03
3.000000000000000444e-01 4.571010133711261858e+00 3.220840449462681471e-03
3.000000000000000444e-01 4.857337390409059097e+00 2.884102658345226358e-03
3.000000000000000444e-01 5.143664647106856336e+00 2.571321828199224589e-03
3.000000000000000444e-01 5.429991903804653575e+00 2.294793490465899932e-03
3.000000000000000444e-01 5.716319160502450814e+00 2.023135179549356844e-03
3.000000000000000444e-01 6.002646417200248052e+00 1.805838400959281333e-03
3.000000000000000444e-01 6.288973673898045291e+00 1.598808293582304040e-03
3.000000000000000444e-01 6.575300930595842530e+00 1.414197212514883579e-03
3.000000000000000444e-01 6.861628187293639769e+00 1.236856734930880195e-03
3.000000000000000444e-01 7.147955443991437008e+00 1.094656345604529211e-03
3.000000000000000444e-01 7.434282700689234247e+00 9.604569803649401017e-04
3.000000000000000444e-01 7.720609957387031486e+00 8.344412534273343502e-04
3.000000000000000444e-01 8.006937214084828724e+00 7.323681158356225122e-04
3.000000000000000444e-01 8.293264470782625963e+00 6.337966014553409909e-04
3.000000000000000444e-01 8.579591727480423202e+00 5.502539532048516440e-04
3.000000000000000444e-01 8.865918984178218665e+00 4.696911143672340529e-04
3.000000000000000444e-01 9.152246240876017680e+00 4.066318274150567888e-04
3.000000000000000444e-01 9.438573497573813142e+00 3.438047055774475056e-04
3.000000000000000444e-01 9.724900754271612158e+00 2.949941888771074510e-04
3.000000000000000444e-01 1.001122801096940762e+01 2.488205204876104424e-04
3.000000000000000444e-01 1.029755526766720664e+01 2.091917428494858189e-04
3.000000000000000444e-01 1.058388252436500210e+01 1.724156286559067996e-04
3.000000000000000444e-01 1.087020978106280111e+01 1.425735235949434493e-04
3.000000000000000444e-01 1.115653703776059658e+01 1.161485502889689333e-04
3.000000000000000444e-01 1.144286429445839559e+01 9.122291337837587803e-05
3.000000000000000444e-01 1.172919155115619105e+01 7.007621048647725832e-05
3.000000000000000444e-01 1.201551880785399007e+01 5.436728409946157660e-05
3.000000000000000444e-01 1.230184606455178553e+01 3.903908664010249875e-05
3.000000000000000444e-01 1.258817332124958455e+01 2.564430076267279007e-05
3.000000000000000444e-01 1.287450057794738001e+01 1.350465989010995889e-05
3.000000000000000444e-01 1.316082783464517902e+01 4.222662032166624669e-06
3.000000000000000444e-01 1.329376548954058457e+01 0.000000000000000000e+00
4.000000000000000222e-01 1.000000000000000000e+00 3.303221698367474202e-02
4.000000000000000222e-01 1.074343840083980206e+00 3.079601930475632174e-02
4.000000000000000222e-01 1.154214686726392713e+00 2.796125955830777721e-02
4.000000000000000222e-01 1.240023438818960821e+00 2.651064427420422170e-02
4.000000000000000222e-01 1.332211543054904856e+00 2.498449887650008860e-02
4.000000000000000222e-01 1.431253264969811090e+00 2.345474663908451649e-02
4.000000000000000222e-01 1.537658128820401204e+00 2.189015878789843730e-02
4.000000000000000222e-01 1.651973538853257262e+00 2.028095693313062067e-02
4.000000000000000222e-01 1.774787595448730659e+00 1.907898885307364456e-02
4.000000000000000222e-01 1.906732120627802507e+00 1.785979018990381181e-02
4.000000000000000222e-01 2.048485908486744389e+00 1.661788285493489767e-02
4.000000000000000222e-01 2.200778217281569749e+00 1.553014615816207533e-02
4.000000000000000222e-01 2.343548328219060561e+00 1.458622814749408955e-02
4.000000000000000222e-01 2.364392521127457680e+00 1.445400102265704916e-02
4.000000000000000222e-01 2.540170540613916117e+00 1.331999105916523846e-02
4.000000000000000222e-01 2.680057831758207776e+00 1.265825821501848081e-02
4.000000000000000222e-01 2.729016573071354479e+00 1.242980353062647821e-02
4.000000000000000222e-01 2.931902144766302509e+00 1.153132597440989851e-02
4.000000000000000222e-01 3.016567335297354990e+00 1.117371533355018647e-02
4.000000000000000222e-01 3.149871008958686769e+00 1.055365234747309387e-02
4.000000000000000222e-01 3.353076838836502205e+00 9.855205933608075092e-03
4.000000000000000222e-01 3.384044515533876307e+00 9.752026685575504797e-03
4.000000000000000222e-01 3.635627379833797246e+00 8.927576202299853519e-03
4.000000000000000222e-01 3.689586342375648975e+00 8.759359268505481286e-03
4.000000000000000222e-01 3.905913880365100788e+00 8.118554930853496762e-03
4.000000000000000222e-01 4.026095845914796634e+00 7.791157684880834280e-03
4.000000000000000222e-01 4.362605349453943404e+00 6.930646909911093029e-03
4.000000000000000222e-01 4.699114852993091063e+00 6.168070212879817396e-03
4.000000000000000222e-01 5.035624356532237833e+00 5.501586733170379592e-03
4.000000000000000222e-01 5.372133860071384603e+00 4.874652746737381283e-03
4.000000000000000222e-01 5.708643363610532262e+00 4.342004922604807658e-03
4.000000000000000222e-01 6.045152867149679921e+00 3.846273959469610412e-03
4.000000000000000222e-01 6.381662370688825803e+00 3.406496342009945281e-03
4.000000000000000222e-01 6.718171874227973461e+00 2.988159958946050819e-03
4.000000000000000222e-01 7.054681377767121120e+00 2.643909224621111484e-03
4.000000000000000222e-01 7.391190881306268778e+00 2.324893672743150435e-03
4.000000000000000222e-01 7.727700384845414661e+00 2.035819558160685983e-03
4.000000000000000222e-01 8.064209888384562319e+00 1.776496980168654595e-03
4.000000000000000222e-01 8.400719391923709978e+00 1.547645407587002831e-03
4.000000000000000222e-01 8.737228895462855860e+00 1.347547751572510761e-03
4.000000000000000222e-01 9.073738399002003518e+00 1.156313576721097486e-03
4.000000000000000222e-01 9.410247902541151177e+00 1.003232979842684372e-03
4.000000000000000222e-01 9.746757406080298836e+00 8.626576703103979718e-04
4.000000000000000222e-01 1.008326690961944472e+01 7.402439478608850709e-04
4.000000000000000222e-01 1.041977641315859238e+01 6.307497807422555699e-04
4.000000000000000222e-01 1.075628591669774003e+01 5.341478040348330777e-04
4.000000000000000222e-01 1.109279542023688769e+01 4.537242304556153333e-04
4.000000000000000222e-01 1.142930492377603358e+01 3.802630712363557234e-04
4.000000000000000222e-01 1.176581442731518123e+01 3.181974196499923711e-04
4.000000000000000222e-01 1.210232393085432889e+01 2.646584243872847808e-04
4.000000000000000222e-01 1.243883343439347655e+01 2.136477653432317656e-04
4.000000000000000222e-01 1.277534293793262243e+01 1.768294706185770783e-04
4.000000000000000222e-01 1.311185244147177009e+01 1.415017297239455076e-04
4.000000000000000222e-01 1.344836194501091775e+01 1.120767994818749782e-04
4.000000000000000222e-01 1.378487144855006363e+01 8.630493588383942574e-05
4.000000000000000222e-01 1.412138095208921129e+01 6.389541370282247131e-05
4.000000000000000222e-01 1.445789045562835895e+01 4.579926967888986900e-05
4.000000000000000222e-01 1.479439995916750661e+01 2.924867090285571982e-05
4.000000000000000222e-01 1.513090946270665249e+01 1.671956314004183463e-05
4.000000000000000222e-01 1.546741896624580015e+01 5.090594416463378780e-06
4.000000000000000222e-01 1.562365552146040493e+01 0.000000000000000000e+00
5.000000000000000000e-01 1.000000000000000000e+00 5.724813062776482053e-02
5.000000000000000000e-01 1.084743709005838053e+00 5.316766091530050059e-02
5.000000000000000000e-01 1.176668914227742446e+00 4.936541816968502416e-02
5.000000000000000000e-01 1.276384202291273917e+00 4.501856673008496762e-02
5.000000000000000000e-01 1.384549733709894426e+00 4.244127252884843937e-02
5.000000000000000000e-01 1.501881613447516362e+00 3.978282592074414148e-02
5.000000000000000000e-01 1.629156631858731386e+00 3.714861058977671215e-02
5.000000000000000000e-01 1.767217407393899098e+00 3.453720022095062292e-02
5.000000000000000000e-01 1.916977965116139382e+00 3.205962480574085782e-02
5.000000000000000000e-01 2.079429787962545184e+00 2.991255441107523727e-02
5.000000000000000000e-01 2.255648380811714926e+00 2.775624724220472628e-02
5.000000000000000000e-01 2.446800390814713122e+00 2.583592989677380505e-02
5.000000000000000000e-01 2.654151331129285918e+00 2.397368517644445779e-02
5.000000000000000000e-01 2.814277460537617959e+00 2.266618615803394493e-02
5.000000000000000000e-01 2.879073959191964516e+00 2.208466836888551763e-02
5.000000000000000000e-01 3.123057364996014496e+00 2.047612719904470455e-02
5.000000000000000000e-01 3.218378839486609522e+00 1.988161870305056936e-02
5.000000000000000000e-01 3.387716829543776953e+00 1.886367855064419868e-02
5.000000000000000000e-01 3.622480218435600641e+00 1.748665895471682857e-02
5.000000000000000000e-01 3.674804518740814707e+00 1.722883964655673103e-02
5.000000000000000000e-01 3.986221083530324893e+00 1.573767136036697406e-02
5.000000000000000000e-01 4.026581597384591760e+00 1.555275544883753282e-02
5.000000000000000000e-01 4.324028243065956012e+00 1.424023251052994668e-02
5.000000000000000000e-01 4.430682976333583767e+00 1.381398080686045693e-02
5.000000000000000000e-01 4.690462434229363708e+00 1.282473435338921802e-02
5.000000000000000000e-01 4.834784355282573998e+00 1.229471837196973762e-02
5.000000000000000000e-01 5.238885734231566005e+00 1.091053457709210105e-02
5.000000000000000000e-01 5.642987113180558012e+00 9.715653897453865873e-03
5.000000000000000000e-01 6.047088492129548243e+00 8.616141957670920767e-03
5.000000000000000000e-01 6.451189871078540250e+00 7.623860866048415806e-03
5.000000000000000000e-01 6.855291250027530481e+00 6.723820056438220560e-03
5.000000000000000000e-01 7.259392628976522488e+00 5.930434703512829642e-03
5.000000000000000000e-01 7.663494007925514495e+00 5.200192399071805298e-03
5.000000000000000000e-01 8.067595386874504726e+00 4.546744193790546243e-03
5.000000000000000000e-01 8.471696765823496733e+00 3.974109680026983484e-03
5.000000000000000000e-01 8.875798144772488740e+00 3.450639511962136450e-03
5.000000000000000000e-01 9.279899523721478971e+00 2.993367149504761685e-03
5.000000000000000000e-01 9.684000902670470978e+00 2.580746897454752522e-03
5.000000000000000000e-01 1.008810228161946121e+01 2.224965028027936498e-03
5.000000000000000000e-01 1.049220366056845322e+01 1.905710515152894647e-03
5.000000000000000000e-01 1.089630503951744345e+01 1.626262015652629430e-03
5.000000000000000000e-01 1.130040641846643545e+01 1.388921344887495291e-03
5.000000000000000000e-01 1.170450779741542746e+01 1.177164621560728309e-03
5.000000000000000000e-01 1.210860917636441769e+01 9.958745813016863652e-04
5.000000000000000000e-01 1.251271055531340970e+01 8.324729611117384891e-04
5.000000000000000000e-01 1.291681193426240171e+01 7.012293958633059390e-04
5.000000000000000000e-01 1.332091331321139194e+01 5.804204385045365041e-04
5.000000000000000000e-01 1.372501469216038394e+01 4.844007188531961093e-04
5.000000000000000000e-01 1.412911607110937595e+01 3.989982675592489169e-04
5.000000000000000000e-01 1.453321745005836618e+01 3.280479040724579407e-04
5.000000000000000000e-01 1.493731882900735819e+01 2.634161972066902547e-04
5.000000000000000000e-01 1.534142020795634842e+01 2.133811881865547544e-04
5.000000000000000000e-01 1.574552158690534043e+01 1.693123146834672667e-04
5.000000000000000000e-01 1.614962296585433421e+01 1.322127533314726292e-04
5.000000000000000000e-01 1.655372434480332444e+01 1.008645569793527102e-04
5.000000000000000000e-01 1.695782572375231467e+01 7.401299632716228820e-05
5.000000000000000000e-01 1.736192710270130490e+01 5.227289146436927343e-05
5.000000000000000000e-01 1.776602848165029869e+01 3.295490968592408549e-05
5.000000000000000000e-01 1.817012986059928892e+01 1.854328428435333655e-05
5.000000000000000000e-01 1.857423123954827915e+01 5.467764206370002147e-06
5.000000000000000000e-01 1.876184973691745483e+01 0.000000000000000000e+00
6.000000000000000888e-01 1.000000000000000000e+00 8.607914087242049539e-02
6.000000000000000888e-01 1.095447960594336578e+00 8.004357323818600545e-02
6.000000000000000888e-01 1.200006234370291081e+00 7.433712085440918882e-02
6.000000000000000888e-01 1.314544382141424883e+00 6.931842259192631805e-02
6.000000000000000888e-01 1.440014962527566000e+00 6.411698776455118653e-02
6.000000000000000888e-01 1.577461453926152002e+00 6.018401693395023649e-02
6.000000000000000888e-01 1.728026932619580291e+00 5.629098547750863851e-02
6.000000000000000888e-01 1.892963579190205969e+00 5.247100770168339201e-02
6.000000000000000888e-01 2.073643092303266933e+00 4.888804161292841649e-02
6.000000000000000888e-01 2.271568096464147590e+00 4.569455325225178083e-02
6.000000000000000888e-01 2.488384638622809231e+00 4.257679786593213112e-02
6.000000000000000888e-01 2.725895877553631941e+00 3.971782811469317526e-02
6.000000000000000888e-01 2.986077079858635575e+00 3.694190706724162498e-02
6.000000000000000888e-01 3.271092047308633788e+00 3.426114635331585501e-02
6.000000000000000888e-01 3.391521094096224154e+00 3.326073618911772056e-02
6.000000000000000888e-01 3.583311112140595167e+00 3.174074025722523062e-02
6.000000000000000888e-01 3.878508738376707843e+00 2.944953191737530174e-02
6.000000000000000888e-01 3.925330849969439928e+00 2.914011213977231451e-02
6.000000000000000888e-01 4.299995674257056422e+00 2.675359470657688934e-02
6.000000000000000888e-01 4.365496382657191532e+00 2.635101625850871584e-02
6.000000000000000888e-01 4.710421491929360549e+00 2.431179326199145799e-02
6.000000000000000888e-01 4.852484026937674777e+00 2.354616666109462034e-02
6.000000000000000888e-01 5.160021616873750716e+00 2.194867692438612003e-02
6.000000000000000888e-01 5.339471671218158022e+00 2.105773793491807350e-02
6.000000000000000888e-01 5.652535156827041440e+00 1.953479291740610121e-02
6.000000000000000888e-01 5.826459315498642155e+00 1.877623144546395131e-02
6.000000000000000888e-01 6.313446959779125400e+00 1.675032742349074136e-02
6.000000000000000888e-01 6.800434604059608645e+00 1.484772906031202148e-02
6.000000000000000888e-01 7.287422248340092779e+00 1.316147194336854051e-02
6.000000000000000888e-01 7.774409892620576024e+00 1.159839718924285390e-02
6.000000000000000888e-01 8.261397536901059269e+00 1.018720555586268353e-02
6.000000000000000888e-01 8.748385181181543402e+00 8.884052282892294580e-03
6.000000000000000888e-01 9.235372825462025759e+00 7.750167975704669483e-03
6.000000000000000888e-01 9.722360469742509892e+00 6.719119377113420312e-03
6.000000000000000888e-01 1.020934811402299403e+01 5.798165343142683628e-03
6.000000000000000888e-01 1.069633575830347638e+01 4.978754858485645585e-03
6.000000000000000888e-01 1.118332340258396052e+01 4.261595112950708648e-03
6.000000000000000888e-01 1.167031104686444465e+01 3.634578664605197986e-03
6.000000000000000888e-01 1.215729869114492701e+01 3.072012142663783398e-03
6.000000000000000888e-01 1.264428633542540936e+01 2.603189588673504151e-03
6.000000000000000888e-01 1.313127397970589527e+01 2.192352393496504754e-03
6.000000000000000888e-01 1.361826162398637763e+01 1.838561828013816424e-03
6.000000000000000888e-01 1.410524926826685999e+01 1.536810851192590803e-03
6.000000000000000888e-01 1.459223691254734590e+01 1.273397470128470772e-03
6.000000000000000888e-01 1.507922455682782825e+01 1.058530955450840208e-03
6.000000000000000888e-01 1.556621220110831061e+01 8.691556855953097268e-04
6.000000000000000888e-01 1.605319984538879652e+01 7.160054722967112073e-04
6.000000000000000888e-01 1.654018748966927888e+01 5.846797029773144385e-04
6.000000000000000888e-01 1.702717513394976123e+01 4.758722940512946122e-04
6.000000000000000888e-01 1.751416277823024714e+01 3.803015238299476157e-04
6.000000000000000888e-01 1.800115042251072950e+01 3.075708422237619891e-04
6.000000000000000888e-01 1.848813806679121186e+01 2.427747086787532846e-04
6.000000000000000888e-01 1.897512571107169776e+01 1.902668036777943421e-04
6.000000000000000888e-01 1.946211335535218012e+01 1.463194293696540684e-04
6.000000000000000888e-01 1.994910099963266248e+01 1.088507686620578487e-04
6.000000000000000888e-01 2.043608864391314484e+01 8.090759794925533920e-05
6.000000000000000888e-01 2.092307628819363075e+01 5.635457945894539527e-05
6.000000000000000888e-01 2.141006393247411310e+01 3.578531993267416127e-05
6.000000000000000888e-01 2.189705157675459546e+01 1.918887138654661192e-05
6.000000000000000888e-01 2.238403922103508137e+01 5.479544995281740593e-06
6.000000000000000888e-01 2.261014062730816221e+01 0.000000000000000000e+00
7.000000000000000666e-01 1.000000000000000000e+00 1.055045170320825093e-01
7.000000000000000666e-01 1.105356348616355566e+00 9.852160143709542961e-02
7.000000000000000666e-01 1.221812657426482041e+00 9.203960001627076171e-02
7.000000000000000666e-01 1.350538377706182347e+00 8.646331357014343244e-02
7.000000000000000666e-01 1.492826169847562223e+00 8.073532527630931932e-02
7.000000000000000666e-01 1.650104884221640589e+00 7.620626441842265342e-02
7.000000000000000666e-01 1.823953909657247019e+00 7.172655329266944269e-02
7.000000000000000666e-01 2.016119033623260393e+00 6.723640823297308278e-02
7.000000000000000666e-01 2.228529973381742302e+00 6.350923156977704431e-02
7.000000000000000666e-01 2.463319754159346786e+00 5.977721859674842847e-02
7.000000000000000666e-01 2.722846128932113974e+00 5.644197491203229583e-02
7.000000000000000666e-01 3.009715254920580119e+00 5.317915955518949522e-02
7.000000000000000666e-01 3.326807864553956495e+00 4.992990800864278295e-02
7.000000000000000666e-01 3.677308193711535722e+00 4.690537700541540928e-02
7.000000000000000666e-01 4.024344394160871197e+00 4.400229745117664737e-02
7.000000000000000666e-01 4.064735957737990013e+00 4.371162602485661325e-02
7.000000000000000666e-01 4.492981696334868325e+00 4.070361384671523919e-02
7.000000000000000666e-01 4.602198973835252893e+00 3.996578691194714594e-02
7.000000000000000666e-01 4.966345842260829535e+00 3.757107933530055843e-02
7.000000000000000666e-01 5.180053553509634590e+00 3.624004000921771107e-02
7.000000000000000666e-01 5.489581906167450676e+00 3.438301919850433874e-02
7.000000000000000666e-01 5.757908133184015398e+00 3.281754447414080705e-02
7.000000000000000666e-01 6.067944211231664831e+00 3.106547898622271167e-02
7.000000000000000666e-01 6.335762712858397094e+00 2.963830822877707924e-02
7.000000000000000666e-01 6.707240656934785328e+00 2.769511335443146718e-02
7.000000000000000666e-01 6.913617292532778791e+00 2.664708836842182016e-02
7.000000000000000666e-01 7.491471872207160487e+00 2.382205943128069825e-02
7.000000000000000666e-01 8.069326451881542184e+00 2.119231316780956567e-02
7.000000000000000666e-01 8.647181031555923880e+00 1.874164824080001499e-02
7.000000000000000666e-01 9.225035611230305577e+00 1.645685176499649474e-02
7.000000000000000666e-01 9.802890190904687273e+00 1.437500607743515471e-02
7.000000000000000666e-01 1.038074477057906897e+01 1.248477961004433416e-02
7.000000000000000666e-01 1.095859935025345067e+01 1.077536766000787745e-02
7.000000000000000666e-01 1.153645392992783059e+01 9.243214536914526325e-03
7.000000000000000666e-01 1.211430850960221406e+01 7.887047941122061687e-03
7.000000000000000666e-01 1.269216308927659398e+01 6.694213831797141655e-03
7.000000000000000666e-01 1.327001766895097745e+01 5.639810934636780605e-03
7.000000000000000666e-01 1.384787224862535737e+01 4.748209182415492197e-03
7.000000000000000666e-01 1.442572682829974084e+01 3.968072791692722236e-03
7.000000000000000666e-01 1.500358140797412076e+01 3.308547324551405940e-03
7.000000000000000666e-01 1.558143598764850424e+01 2.737037639312010339e-03
7.000000000000000666e-01 1.615929056732288416e+01 2.256725742387682369e-03
7.000000000000000666e-01 1.673714514699726763e+01 1.860026269458804095e-03
7.000000000000000666e-01 1.731499972667164755e+01 1.517024883588864032e-03
7.000000000000000666e-01 1.789285430634602747e+01 1.241348646922907795e-03
7.000000000000000666e-01 1.847070888602041094e+01 1.006964498831481930e-03
7.000000000000000666e-01 1.904856346569479086e+01 8.175024042025086021e-04
7.000000000000000666e-01 1.962641804536917434e+01 6.519743491267609645e-04
7.000000000000000666e-01 2.020427262504355426e+01 5.254806039496957458e-04
7.000000000000000666e-01 2.078212720471793773e+01 4.174612219971878782e-04
7.000000000000000666e-01 2.135998178439231765e+01 3.311398247726471400e-04
7.000000000000000666e-01 2.193783636406670112e+01 2.566913767855028895e-04
7.000000000000000666e-01 2.251569094374108104e+01 2.005616601124892806e-04
7.000000000000000666e-01 2.309354552341546096e+01 1.519850796554642340e-04
7.000000000000000666e-01 2.367140010308984444e+01 1.127966805023891483e-04
7.000000000000000666e-01 2.424925468276422436e+01 8.215662056207669148e-05
7.000000000000000666e-01 2.482710926243860783e+01 5.656689974319580104e-05
7.000000000000000666e-01 2.540496384211298775e+01 3.622652380292447133e-05
7.000000000000000666e-01 2.598281842178737122e+01 1.928902644111199976e-05
7.000000000000000666e-01 2.656067300146175114e+01 5.507166120793331377e-06
7.000000000000000666e-01 2.682896262773914131e+01 0.000000000000000000e+00
8.000000000000000444e-01 1.000000000000000000e+00 1.066321616026129071e-01
8.000000000000000444e-01 1.113431149684073640e+00 1.003654544957887362e-01
8.000000000000000444e-01 1.239728925086797995e+00 9.458441426320381151e-02
8.000000000000000444e-01 1.380352802355994335e+00 8.890926574482824196e-02
8.000000000000000444e-01 1.536927807696867765e+00 8.494399258749690818e-02
8.000000000000000444e-01 1.711263295905346427e+00 8.089379265769654215e-02
8.000000000000000444e-01 1.905373858972047030e+00 7.694240035186743210e-02
8.000000000000000444e-01 2.121502606373226296e+00 7.327632136594662560e-02
8.000000000000000444e-01 2.362147086071900492e+00 7.005593333495963027e-02
8.000000000000000444e-01 2.630088145767920604e+00 6.699297177711543982e-02
8.000000000000000444e-01 2.928422067912829441e+00 6.415071820915962952e-02
8.000000000000000444e-01 3.260596349836394570e+00 6.132858726034879499e-02
8.000000000000000444e-01 3.630449542454030176e+00 5.866794910326809248e-02
8.000000000000000444e-01 4.042255607924609251e+00 5.582823382515441496e-02
8.000000000000000444e-01 4.500773308848392773e+00 5.308746956208689610e-02
8.000000000000000444e-01 4.621204899973626823e+00 5.237233109839935230e-02
8.000000000000000444e-01 5.011301199738459111e+00 5.012117764602248143e-02
8.000000000000000444e-01 5.284762526636506585e+00 4.859034949252357544e-02
8.000000000000000444e-01 5.579738856237969280e+00 4.695507013228326920e-02
8.000000000000000444e-01 5.948320153299386348e+00 4.488740120287573743e-02
8.000000000000000444e-01 6.212655049637939797e+00 4.346489203273656149e-02
8.000000000000000444e-01 6.611877779962266111e+00 4.131628348717925753e-02
8.000000000000000444e-01 6.917363654508938531e+00 3.965960993167721993e-02
8.000000000000000444e-01 7.275435406625145873e+00 3.771520434985496661e-02
8.000000000000000444e-01 7.702008166622711371e+00 3.544519186259852128e-02
8.000000000000000444e-01 7.938993033288025636e+00 3.419306649455335079e-02
8.000000000000000444e-01 8.602550659950905398e+00 3.074337461521749887e-02
8.000000000000000444e-01 9.266108286613786049e+00 2.738156023202733755e-02
8.000000000000000444e-01 9.929665913276664924e+00 2.420540261099162968e-02
8.000000000000000444e-01 1.059322353993954380e+01 2.122231833415254634e-02
8.000000000000000444e-01 1.125678116660242445e+01 1.844371755003353791e-02
8.000000000000000444e-01 1.192033879326530510e+01 1.589340998118769777e-02
8.000000000000000444e-01 1.258389641992818397e+01 1.361263841481320444e-02
8.000000000000000444e-01 1.324745404659106285e+01 1.156795879127273108e-02
8.000000000000000444e-01 1.391101167325394350e+01 9.760675518224799785e-03
8.000000000000000444e-01 1.457456929991682415e+01 8.191612732794161314e-03
8.000000000000000444e-01 1.523812692657970302e+01 6.828107381527104974e-03
8.000000000000000444e-01 1.590168455324258190e+01 5.664332159306700865e-03
8.000000000000000444e-01 1.656524217990546077e+01 4.667745011103729968e-03
8.000000000000000444e-01 1.722879980656834320e+01 3.836472081408670663e-03
8.000000000000000444e-01 1.789235743323122207e+01 3.148581910106891014e-03
8.000000000000000444e-01 1.855591505989410095e+01 2.552712295598059868e-03
8.000000000000000444e-01 1.921947268655698338e+01 2.073442541007140989e-03
8.000000000000000444e-01 1.988303031321986225e+01 1.675973845535368807e-03
8.000000000000000444e-01 2.054658793988274113e+01 1.348575332911754231e-03
8.000000000000000444e-01 2.121014556654562000e+01 1.079693652265591641e-03
8.000000000000000444e-01 2.187370319320849887e+01 8.647950022829454424e-04
8.000000000000000444e-01 2.253726081987138130e+01 6.897380659065247737e-04
8.000000000000000444e-01 2.320081844653426018e+01 5.445115387593796839e-04
8.000000000000000444e-01 2.386437607319713905e+01 4.283452362546173839e-04
8.000000000000000444e-01 2.452793369986002148e+01 3.375760385656613200e-04
8.000000000000000444e-01 2.519149132652290035e+01 2.596536829286622320e-04
8.000000000000000444e-01 2.585504895318577923e+01 2.002668684241491032e-04
8.000000000000000444e-01 2.651860657984865810e+01 1.510640015541870522e-04
8.000000000000000444e-01 2.718216420651153697e+01 1.108121902397961474e-04
8.000000000000000444e-01 2.784572183317441940e+01 7.950014018791576786e-05
8.000000000000000444e-01 2.850927945983729828e+01 5.463601965282300575e-05
8.000000000000000444e-01 2.917283708650017715e+01 3.485162284425769160e-05
8.000000000000000444e-01 2.983639471316305958e+01 1.821027857984309283e-05
8.000000000000000444e-01 3.049995233982593845e+01 4.995508693830115105e-06
8.000000000000000444e-01 3.080803266649084549e+01 0.000000000000000000e+00
9.000000000000000222e-01 1.000000000000000000e+00 9.800690563466128713e-02
9.000000000000000222e-01 1.118736158666645331e+00 9.251521917190504152e-02
9.000000000000000222e-01 1.251570592708201479e+00 8.719263641185931446e-02
9.000000000000000222e-01 1.400177277186509972e+00 8.419628634382828047e-02
9.000000000000000222e-01 1.566428948531958909e+00 8.076717989142066789e-02
9.000000000000000222e-01 1.752420704704876098e+00 7.749905404264137432e-02
9.000000000000000222e-01 1.960496407549428666e+00 7.459282342941520039e-02
9.000000000000000222e-01 2.193278220061605666e+00 7.196149926127946850e-02
9.000000000000000222e-01 2.453699650798938148e+00 6.971224557758767815e-02
9.000000000000000222e-01 2.745042521856493334e+00 6.766690078520132268e-02
9.000000000000000222e-01 3.070978326278334336e+00 6.564758732698437738e-02
9.000000000000000222e-01 3.435614496089147707e+00 6.387202627515360664e-02
9.000000000000000222e-01 3.843546164014215449e+00 6.189603340221336292e-02
9.000000000000000222e-01 4.299914071187183495e+00 5.999049045757597759e-02
9.000000000000000222e-01 4.810469350596606297e+00 5.789572880974345331e-02
9.000000000000000222e-01 5.057979653600225944e+00 5.689922570940880719e-02
9.000000000000000222e-01 5.381646002670079199e+00 5.549815118937815456e-02
9.000000000000000222e-01 5.784253655142822304e+00 5.380842889421393743e-02
9.000000000000000222e-01 6.020641976330831646e+00 5.278135354333696183e-02
9.000000000000000222e-01 6.510527656685418663e+00 5.056942177084926271e-02
9.000000000000000222e-01 6.735509877307514159e+00 4.947467060763756364e-02
9.000000000000000222e-01 7.236801658228015910e+00 4.706296002929534483e-02
9.000000000000000222e-01 7.535258446800256138e+00 4.557815114358080427e-02
9.000000000000000222e-01 7.963075659770611381e+00 4.340280178170263792e-02
9.000000000000000222e-01 8.429966089333712276e+00 4.095582906755449587e-02
9.000000000000000222e-01 8.689349661313208628e+00 3.958489965986051323e-02
9.000000000000000222e-01 9.415623662855804099e+00 3.570943886844469423e-02
9.000000000000000222e-01 1.014189766439840135e+01 3.190063230881744205e-02
9.000000000000000222e-01 1.086817166594099859e+01 2.817163994821323889e-02
9.000000000000000222e-01 1.159444566748359406e+01 2.463012748623970988e-02
9.000000000000000222e-01 1.232071966902618954e+01 2.134439573560855882e-02
9.000000000000000222e-01 1.304699367056878678e+01 1.828000756562117232e-02
9.000000000000000222e-01 1.377326767211138403e+01 1.556907033340971559e-02
9.000000000000000222e-01 1.449954167365397950e+01 1.313016647593569057e-02
9.000000000000000222e-01 1.522581567519657675e+01 1.100232185811217574e-02
9.000000000000000222e-01 1.595208967673917222e+01 9.140515067976315647e-03
9.000000000000000222e-01 1.667836367828176947e+01 7.563066391450542353e-03
9.000000000000000222e-01 1.740463767982436849e+01 6.213217142855853060e-03
9.000000000000000222e-01 1.813091168136696041e+01 5.076983069764996921e-03
9.000000000000000222e-01 1.885718568290955943e+01 4.131169184452388767e-03
9.000000000000000222e-01 1.958345968445215490e+01 3.352489717470209709e-03
9.000000000000000222e-01 2.030973368599475037e+01 2.699065103997002040e-03
9.000000000000000222e-01 2.103600768753734940e+01 2.173660149282058938e-03
9.000000000000000222e-01 2.176228168907994132e+01 1.738642813786717579e-03
9.000000000000000222e-01 2.248855569062254034e+01 1.389320745477903895e-03
9.000000000000000222e-01 2.321482969216513936e+01 1.106975729782748181e-03
9.000000000000000222e-01 2.394110369370773128e+01 8.738757257800151661e-04
9.000000000000000222e-01 2.466737769525033031e+01 6.929516934982940827e-04
9.000000000000000222e-01 2.539365169679292933e+01 5.426737534384341735e-04
9.000000000000000222e-01 2.611992569833552125e+01 4.287195129279621885e-04
9.000000000000000222e-01 2.684619969987812027e+01 3.313000856024018786e-04
9.000000000000000222e-01 2.757247370142071929e+01 2.547231146986211458e-04
9.000000000000000222e-01 2.829874770296331121e+01 1.948682426838679069e-04
9.000000000000000222e-01 2.902502170450591024e+01 1.465094498277340514e-04
9.000000000000000222e-01 2.975129570604850926e+01 1.082847223941377630e-04
9.000000000000000222e-01 3.047756970759110118e+01 7.741639465941871703e-05
9.000000000000000222e-01 3.120384370913370020e+01 5.283556776878054959e-05
9.000000000000000222e-01 3.193011771067629212e+01 3.315272921405131549e-05
9.000000000000000222e-01 3.265639171221889114e+01 1.773290878348181634e-05
9.000000000000000222e-01 3.338266571376149017e+01 4.398621355659156991e-06
9.000000000000000222e-01 3.371986435733484200e+01 0.000000000000000000e+00
1.000000000000000000e+00 1.000000000000000000e+00 9.308100641959043964e-02
1.000000000000000000e+00 1.120575195370467458e+00 8.583483080896141260e-02
1.000000000000000000e+00 1.255688768479561457e+00 8.381510189645430264e-02
1.000000000000000000e+00 1.407093687063486476e+00 8.103976446969728131e-02
1.000000000000000000e+00 1.576754283285717984e+00 7.660270248796896553e-02
1.000000000000000000e+00 1.766871739044115097e+00 7.487601137428120945e-02
1.000000000000000000e+00 1.979912644173916769e+00 7.218757259658444003e-02
1.000000000000000000e+00 2.218640998061645941e+00 7.051544332642926960e-02
1.000000000000000000e+00 2.486154069859857874e+00 6.879616242531000347e-02
1.000000000000000000e+00 2.785922582554293481e+00 6.678378720024041870e-02
1.000000000000000000e+00 3.121835742232775157e+00 6.552912848420594516e-02
1.000000000000000000e+00 3.498251696767000762e+00 6.379464699031811570e-02
1.000000000000000000e+00 3.920054078559750632e+00 6.255323034064573517e-02
1.000000000000000000e+00 4.392715364944891121e+00 6.096536448032224137e-02
1.000000000000000000e+00 4.922367878279976239e+00 5.894022230103387883e-02
1.000000000000000000e+00 5.218315615986860223e+00 5.813061286230168656e-02
1.000000000000000000e+00 5.515883346888898586e+00 5.719502368781705787e-02
1.000000000000000000e+00 5.967612217256768048e+00 5.559126204966826496e-02
1.000000000000000000e+00 6.180962059080735926e+00 5.457148094819182921e-02
1.000000000000000000e+00 6.716908818526675873e+00 5.250369611477290893e-02
1.000000000000000000e+00 6.926232766931843088e+00 5.149185233515648358e-02
1.000000000000000000e+00 7.466205419796584586e+00 4.912875346837735496e-02
1.000000000000000000e+00 7.761364635985985139e+00 4.773828878519243563e-02
1.000000000000000000e+00 8.215502021066491523e+00 4.532010236695886013e-02
1.000000000000000000e+00 8.697192693311432521e+00 4.293266405718910300e-02
1.000000000000000000e+00 8.964798622336399347e+00 4.156394651028033627e-02
1.000000000000000000e+00 9.714095223606308949e+00 3.755761943874329906e-02
1.000000000000000000e+00 1.046339182487621677e+01 3.348620640064229464e-02
1.000000000000000000e+00 1.121268842614612460e+01 2.965011431730611019e-02
1.000000000000000000e+00 1.196198502741603242e+01 2.580865055378952361e-02
1.000000000000000000e+00 1.271128162868594025e+01 2.237914772689764825e-02
1.000000000000000000e+00 1.346057822995584807e+01 1.915270715971183202e-02
1.000000000000000000e+00 1.420987483122575767e+01 1.629025456597561761e-02
1.000000000000000000e+00 1.495917143249566550e+01 1.364044276373425381e-02
1.000000000000000000e+00 1.570846803376557332e+01 1.143015996157845972e-02
1.000000000000000000e+00 1.645776463503548115e+01 9.437054124916124595e-03
1.000000000000000000e+00 1.720706123630538897e+01 7.809104372702492004e-03
1.000000000000000000e+00 1.795635783757529680e+01 6.384568571294427751e-03
1.000000000000000000e+00 1.870565443884520462e+01 5.226619437130523675e-03
1.000000000000000000e+00 1.945495104011511245e+01 4.195322396326175464e-03
1.000000000000000000e+00 2.020424764138502027e+01 3.412034513424194206e-03
1.000000000000000000e+00 2.095354424265492810e+01 2.735964446922368488e-03
1.000000000000000000e+00 2.170284084392483592e+01 2.212659730806286213e-03
1.000000000000000000e+00 2.245213744519474375e+01 1.737390195421466233e-03
1.000000000000000000e+00 2.320143404646465513e+01 1.401994673752223223e-03
1.000000000000000000e+00 2.395073064773456295e+01 1.092973518281584438e-03
1.000000000000000000e+00 2.470002724900447078e+01 8.815093317223567700e-04
1.000000000000000000e+00 2.544932385027437860e+01 6.902466405391630968e-04
1.000000000000000000e+00 2.619862045154428642e+01 5.563416130665933866e-04
1.000000000000000000e+00 2.694791705281419425e+01 4.159470263213826892e-04
1.000000000000000000e+00 2.769721365408410207e+01 3.361329005871719483e-04
1.000000000000000000e+00 2.844651025535400990e+01 2.581420829309159825e-04
1.000000000000000000e+00 2.919580685662391772e+01 1.820440820411972345e-04
1.000000000000000000e+00 2.994510345789382555e+01 1.477949971211539300e-04
1.000000000000000000e+00 3.069440005916373337e+01 1.014943091819724109e-04
1.000000000000000000e+00 3.144369666043364120e+01 7.507849811986538478e-05
1.000000000000000000e+00 3.219299326170354902e+01 4.435206590567949872e-05
1.000000000000000000e+00 3.294228986297345330e+01 2.936933015137014320e-05
1.000000000000000000e+00 3.369158646424336467e+01 1.335285353278175051e-05
1.000000000000000000e+00 3.444088306551327605e+01 7.142487867665640782e-06
1.000000000000000000e+00 3.478877077324573719e+01 0.000000000000000000e+00
