# mx [GeV]: 100000.0
# sigma_p [cm^2]: 6.3095734448e-27
# depth [m]: 0.3
# loc: MPI
# Columns: gamma/pi, v [km/s], f(v, gamma) [s/km]
0.000000000000000000e+00 2.363166396284972770e-01 6.508476079816866676e-03
0.000000000000000000e+00 2.702492853187430377e-01 6.465180213901531962e-03
0.000000000000000000e+00 3.041819310089888262e-01 6.408878857518221159e-03
0.000000000000000000e+00 3.381145766992346147e-01 5.962887706223302976e-03
0.000000000000000000e+00 3.720472223894803476e-01 5.925330582309169987e-03
0.000000000000000000e+00 3.938610660474954894e-01 5.894974674722460069e-03
0.000000000000000000e+00 4.059798680797260806e-01 5.875944805554457473e-03
0.000000000000000000e+00 4.136573888018261758e-01 5.863219945858118634e-03
0.000000000000000000e+00 4.344487182434804695e-01 5.826202279236981571e-03
0.000000000000000000e+00 4.399125137699718691e-01 5.815812820390419725e-03
0.000000000000000000e+00 4.562850655952547796e-01 5.783419101290989198e-03
0.000000000000000000e+00 4.738451594602176575e-01 5.557993126669423002e-03
0.000000000000000000e+00 4.792189557539113243e-01 5.549016112303147182e-03
0.000000000000000000e+00 5.033055536329557045e-01 5.505776575999243513e-03
0.000000000000000000e+00 5.077778051504634460e-01 5.497355569278512127e-03
0.000000000000000000e+00 5.286027968556803458e-01 5.455738508135183143e-03
0.000000000000000000e+00 5.417104508407092345e-01 5.428007234897126373e-03
0.000000000000000000e+00 5.551715351176518265e-01 5.398723584006694803e-03
0.000000000000000000e+00 5.756430965309549119e-01 5.351269130004246595e-03
0.000000000000000000e+00 5.830756765538631647e-01 5.333783719607926993e-03
0.000000000000000000e+00 6.095757422212007004e-01 5.268281609992932560e-03
0.000000000000000000e+00 6.123823414626208272e-01 5.261081017474605014e-03
0.000000000000000000e+00 6.431620237559321218e-01 4.835731767599431297e-03
0.000000000000000000e+00 6.435083879114464889e-01 4.835108887440758320e-03
0.000000000000000000e+00 6.754887605247438254e-01 4.772690178640551575e-03
0.000000000000000000e+00 6.774410336016922773e-01 4.768821301147684391e-03
0.000000000000000000e+00 7.094403101269025624e-01 4.388550644220991399e-03
0.000000000000000000e+00 7.113736792919380658e-01 4.385417989060770745e-03
0.000000000000000000e+00 7.450983392262069405e-01 4.328715992608069864e-03
0.000000000000000000e+00 7.453063249821837433e-01 4.328314390239625976e-03
0.000000000000000000e+00 7.792389706724295317e-01 3.835850536883938372e-03
0.000000000000000000e+00 7.825486192324543344e-01 3.806299718950062645e-03
0.000000000000000000e+00 8.131716163626753202e-01 3.535641439237799735e-03
0.000000000000000000e+00 8.218812326149952385e-01 3.459805304654853687e-03
0.000000000000000000e+00 8.471042620529211087e-01 2.923452082905202663e-03
0.000000000000000000e+00 8.631907895860607693e-01 2.814885900338670848e-03
0.000000000000000000e+00 8.810369077431667861e-01 2.695903660266116449e-03
0.000000000000000000e+00 9.065766556750703975e-01 2.528838750974858954e-03
0.000000000000000000e+00 9.149695534334125746e-01 2.336805881301948912e-03
0.000000000000000000e+00 9.489021991236583631e-01 2.145946090209705729e-03
0.000000000000000000e+00 9.521431907413245854e-01 2.128021172246636998e-03
0.000000000000000000e+00 9.828348448139041516e-01 1.962637960364782639e-03
0.000000000000000000e+00 1.000000000000000000e+00 1.672904150105781551e-03
0.000000000000000000e+00 1.016767490504149940e+00 1.602825111117707479e-03
0.000000000000000000e+00 1.050700136194395728e+00 1.616841692287745514e-03
0.000000000000000000e+00 1.084632781884641517e+00 1.204054983017699984e-03
0.000000000000000000e+00 1.118565427574887305e+00 1.099279439074190515e-03
0.000000000000000000e+00 1.152498073265133094e+00 9.279434682670115132e-04
0.000000000000000000e+00 1.186430718955378882e+00 8.444065144863800590e-04
0.000000000000000000e+00 1.220363364645624671e+00 6.473752205036796071e-04
0.000000000000000000e+00 1.254296010335870237e+00 5.332382280868771911e-04
0.000000000000000000e+00 1.288228656026116026e+00 4.850280798839078436e-04
0.000000000000000000e+00 1.322161301716361814e+00 3.491732116321468512e-04
0.000000000000000000e+00 1.356093947406607603e+00 3.173844271563124194e-04
0.000000000000000000e+00 1.390026593096853391e+00 2.258970400434533578e-04
0.000000000000000000e+00 1.423959238787099180e+00 1.799461032433041525e-04
0.000000000000000000e+00 1.457891884477344968e+00 1.095663781598750107e-04
0.000000000000000000e+00 1.491824530167590757e+00 7.770502840046149599e-05
0.000000000000000000e+00 1.525757175857836323e+00 3.703597508145514775e-05
0.000000000000000000e+00 1.559689821548082111e+00 2.132533655756405124e-05
0.000000000000000000e+00 1.575444264189981958e+00 0.000000000000000000e+00
1.000000000000000056e-01 2.420503175919003769e-01 7.196251118587294361e-03
1.000000000000000056e-01 2.768062606307373774e-01 7.001612172035823027e-03
1.000000000000000056e-01 3.115622036695743224e-01 6.938858748415543953e-03
1.000000000000000056e-01 3.463181467084113230e-01 6.845679515952768704e-03
1.000000000000000056e-01 3.810740897472483235e-01 6.716401814985852557e-03
1.000000000000000056e-01 4.034171959865006651e-01 6.623346270887761449e-03
1.000000000000000056e-01 4.158300327860852685e-01 6.570373495096786497e-03
1.000000000000000056e-01 4.231595771765699343e-01 6.537515697509546468e-03
1.000000000000000056e-01 4.438681085925880176e-01 6.428681811073475201e-03
1.000000000000000056e-01 4.505859758249222691e-01 6.359805015986378512e-03
1.000000000000000056e-01 4.655900715756512986e-01 6.321145904871440166e-03
1.000000000000000056e-01 4.853419188637592141e-01 6.273242272709506073e-03
1.000000000000000056e-01 4.883750613153195475e-01 6.265603264260130936e-03
1.000000000000000056e-01 5.122751000844480984e-01 6.203164605212988826e-03
1.000000000000000056e-01 5.200978619025962146e-01 6.181498823435519104e-03
1.000000000000000056e-01 5.373447560154919200e-01 6.082561226531226287e-03
1.000000000000000056e-01 5.548538049414332152e-01 6.007337114601665577e-03
1.000000000000000056e-01 5.636412676894702045e-01 5.971353840697018502e-03
1.000000000000000056e-01 5.896097479802702157e-01 5.864085083463927393e-03
1.000000000000000056e-01 5.912246748220501003e-01 5.857106428439563285e-03
1.000000000000000056e-01 6.201579553451298521e-01 5.710947944905770887e-03
1.000000000000000056e-01 6.243656910191071052e-01 5.697472300587707802e-03
1.000000000000000056e-01 6.505071691969043224e-01 5.611977330363007548e-03
1.000000000000000056e-01 6.591216340579442168e-01 5.583340394272662266e-03
1.000000000000000056e-01 6.823416091487102264e-01 5.304978807001631443e-03
1.000000000000000056e-01 6.938775770967811063e-01 5.268327258469207575e-03
1.000000000000000056e-01 7.157339590130177287e-01 5.180219762172933937e-03
1.000000000000000056e-01 7.286335201356181068e-01 5.139089004016763815e-03
1.000000000000000056e-01 7.507604595937843461e-01 5.063506543110251820e-03
1.000000000000000056e-01 7.633894631744551074e-01 5.351000185387533303e-03
1.000000000000000056e-01 7.875010827580682937e-01 4.386763864705880804e-03
1.000000000000000056e-01 7.981454062132919969e-01 4.251159099498040897e-03
1.000000000000000056e-01 8.260397140263355809e-01 3.941386394017565818e-03
1.000000000000000056e-01 8.329013492521291084e-01 3.868178617541613226e-03
1.000000000000000056e-01 8.664643440983502698e-01 3.410841985885458734e-03
1.000000000000000056e-01 8.676572922909659979e-01 3.397704721367367404e-03
1.000000000000000056e-01 9.024132353298028875e-01 3.054269575895987663e-03
1.000000000000000056e-01 9.088672697519344368e-01 2.994614920428866414e-03
1.000000000000000056e-01 9.371691783686399990e-01 2.600467079209746370e-03
1.000000000000000056e-01 9.533453045732875886e-01 2.482308579603137531e-03
1.000000000000000056e-01 9.719251214074768885e-01 2.353905866760274985e-03
1.000000000000000056e-01 1.000000000000000000e+00 2.099475723505208388e-03
1.000000000000000056e-01 1.006681064446314000e+00 2.045473357570191681e-03
1.000000000000000056e-01 1.041437007485150890e+00 1.826658445942463396e-03
1.000000000000000056e-01 1.076192950523988001e+00 1.533079208767038938e-03
1.000000000000000056e-01 1.110948893562824891e+00 1.366627583889686633e-03
1.000000000000000056e-01 1.145704836601661780e+00 1.143192524542793222e-03
1.000000000000000056e-01 1.180460779640498892e+00 1.024310831764303547e-03
1.000000000000000056e-01 1.215216722679335781e+00 8.626329821270728145e-04
1.000000000000000056e-01 1.249972665718172893e+00 7.578062286774781865e-04
1.000000000000000056e-01 1.284728608757009782e+00 6.031109098632063880e-04
1.000000000000000056e-01 1.319484551795846894e+00 5.364711511871508593e-04
1.000000000000000056e-01 1.354240494834683783e+00 4.324349896494503751e-04
1.000000000000000056e-01 1.388996437873520673e+00 3.710415441377519063e-04
1.000000000000000056e-01 1.423752380912357784e+00 2.807458093020271913e-04
1.000000000000000056e-01 1.458508323951194674e+00 2.235788741702194400e-04
1.000000000000000056e-01 1.493264266990031786e+00 1.586086188985584566e-04
1.000000000000000056e-01 1.528020210028868675e+00 1.011247634328969129e-04
1.000000000000000056e-01 1.562776153067705565e+00 7.257666193224868254e-05
1.000000000000000056e-01 1.597532096106542676e+00 3.217452330300897892e-05
1.000000000000000056e-01 1.613668783946002661e+00 0.000000000000000000e+00
2.000000000000000111e-01 2.597772343317113486e-01 9.974600862250293867e-03
2.000000000000000111e-01 2.970785807998544970e-01 9.824349885493426429e-03
2.000000000000000111e-01 3.343799272679977008e-01 9.653051458704667298e-03
2.000000000000000111e-01 3.716812737361408492e-01 9.494029807790592412e-03
2.000000000000000111e-01 4.089826202042839975e-01 9.330927976410916674e-03
2.000000000000000111e-01 4.329620572195189698e-01 9.215278522515246706e-03
2.000000000000000111e-01 4.462839666724272014e-01 9.144386197385837717e-03
2.000000000000000111e-01 4.524640280662265424e-01 9.108448283977376228e-03
2.000000000000000111e-01 4.728444289290613667e-01 8.954558295973823190e-03
2.000000000000000111e-01 4.835853131405703498e-01 8.924030820893179283e-03
2.000000000000000111e-01 4.941428270548058332e-01 8.898611482234813561e-03
2.000000000000000111e-01 5.164005719233049074e-01 8.779664231632634472e-03
2.000000000000000111e-01 5.208866596087136092e-01 8.757703671845487592e-03
2.000000000000000111e-01 5.396608755248404332e-01 8.668439323538331548e-03
2.000000000000000111e-01 5.581880060768567020e-01 8.580558934130025350e-03
2.000000000000000111e-01 5.639688962534514793e-01 8.552832879798561924e-03
2.000000000000000111e-01 5.893718265790717226e-01 8.429051785776037892e-03
2.000000000000000111e-01 5.954893525449997949e-01 8.398840129260292872e-03
2.000000000000000111e-01 6.159189846686968783e-01 8.106640649817607736e-03
2.000000000000000111e-01 6.327906990131431098e-01 8.047440405463858124e-03
2.000000000000000111e-01 6.436619101344556171e-01 8.008525268104822042e-03
2.000000000000000111e-01 6.700920454812862026e-01 7.928671373297809313e-03
2.000000000000000111e-01 6.726544640944758235e-01 7.908609088335452272e-03
2.000000000000000111e-01 7.029529337408059186e-01 7.598076560151216692e-03
2.000000000000000111e-01 7.073933919494292955e-01 7.580982258032727128e-03
2.000000000000000111e-01 7.346161416174030734e-01 7.475358234879151374e-03
2.000000000000000111e-01 7.446947384175726103e-01 7.436434864217001360e-03
2.000000000000000111e-01 7.677055598203466058e-01 7.064272744649187710e-03
2.000000000000000111e-01 7.819960848857157032e-01 6.452496438471784328e-03
2.000000000000000111e-01 8.022854293419865446e-01 6.118678576806840796e-03
2.000000000000000111e-01 8.192974313538587960e-01 5.856654599259512872e-03
2.000000000000000111e-01 8.384228847907276849e-01 5.570606948473553685e-03
2.000000000000000111e-01 8.565987778220021109e-01 5.292441877541832762e-03
2.000000000000000111e-01 8.761880847285853369e-01 4.800504848149435809e-03
2.000000000000000111e-01 8.939001242901452038e-01 4.577344032703538346e-03
2.000000000000000111e-01 9.156543478795520219e-01 4.314542824578708469e-03
2.000000000000000111e-01 9.312014707582882966e-01 4.126389321020077980e-03
2.000000000000000111e-01 9.568982954732190294e-01 3.736890871503039530e-03
2.000000000000000111e-01 9.685028172264316115e-01 3.617666031896569871e-03
2.000000000000000111e-01 1.000000000000000000e+00 3.307229569944747719e-03
2.000000000000000111e-01 1.005804163694574704e+00 3.241943549104290417e-03
2.000000000000000111e-01 1.043105510162717797e+00 2.740026906668688918e-03
2.000000000000000111e-01 1.080406856630861112e+00 2.462598617205680965e-03
2.000000000000000111e-01 1.117708203099004205e+00 2.175555964972082298e-03
2.000000000000000111e-01 1.155009549567147298e+00 1.884439054284000161e-03
2.000000000000000111e-01 1.192310896035290613e+00 1.660287544520330175e-03
2.000000000000000111e-01 1.229612242503433706e+00 1.391841179507463363e-03
2.000000000000000111e-01 1.266913588971576798e+00 1.217048989553833494e-03
2.000000000000000111e-01 1.304214935439720113e+00 1.014235971866830552e-03
2.000000000000000111e-01 1.341516281907863206e+00 8.870807398097884603e-04
2.000000000000000111e-01 1.378817628376006299e+00 7.378297220792977892e-04
2.000000000000000111e-01 1.416118974844149614e+00 6.322968191105486678e-04
2.000000000000000111e-01 1.453420321312292707e+00 5.034388388756873799e-04
2.000000000000000111e-01 1.490721667780435800e+00 4.045121451044285193e-04
2.000000000000000111e-01 1.528023014248579114e+00 3.399778581102872420e-04
2.000000000000000111e-01 1.565324360716722207e+00 2.482729022592340793e-04
2.000000000000000111e-01 1.602625707184865300e+00 1.912938865809314583e-04
2.000000000000000111e-01 1.639927053653008615e+00 1.325237082061706602e-04
2.000000000000000111e-01 1.677228400121151708e+00 7.815623724458484634e-05
2.000000000000000111e-01 1.714529746589294801e+00 4.482080094743867043e-05
2.000000000000000111e-01 1.731848228878075657e+00 0.000000000000000000e+00
3.000000000000000444e-01 2.909215563169743612e-01 1.735478826753732856e-02
3.000000000000000444e-01 3.326949079932578490e-01 1.677808073728104601e-02
3.000000000000000444e-01 3.744682596695413368e-01 1.644402704872353210e-02
3.000000000000000444e-01 4.162416113458248801e-01 1.624226246373536992e-02
3.000000000000000444e-01 4.580149630221083679e-01 1.575703809064955482e-02
3.000000000000000444e-01 4.848692605282906576e-01 1.560406520062436464e-02
3.000000000000000444e-01 4.997883146983918556e-01 1.551455488882374362e-02
3.000000000000000444e-01 5.036985756679923654e-01 1.549056055803863831e-02
3.000000000000000444e-01 5.232591046368485488e-01 1.536731326793321258e-02
3.000000000000000444e-01 5.415616663746753989e-01 1.513106042037363000e-02
3.000000000000000444e-01 5.435792432453271372e-01 1.511731234046388879e-02
3.000000000000000444e-01 5.646884900210765723e-01 1.497978521768735666e-02
3.000000000000000444e-01 5.833350180509588867e-01 1.486078182829457181e-02
3.000000000000000444e-01 5.866174890316226964e-01 1.483983147405704660e-02
3.000000000000000444e-01 6.093980743700336822e-01 1.424929705609020124e-02
3.000000000000000444e-01 6.251083697272423745e-01 1.428750451846563796e-02
3.000000000000000444e-01 6.330633163681314013e-01 1.424679686351732442e-02
3.000000000000000444e-01 6.576475696043390107e-01 1.411841449408817589e-02
3.000000000000000444e-01 6.668817214035258623e-01 1.406768837999914680e-02
3.000000000000000444e-01 6.831865227758537884e-01 1.397834584446036241e-02
3.000000000000000444e-01 7.086550730798093500e-01 1.383192286480332267e-02
3.000000000000000444e-01 7.097172505075470816e-01 1.382597020660519815e-02
3.000000000000000444e-01 7.372782671728003168e-01 1.303607861579089700e-02
3.000000000000000444e-01 7.504284247560928378e-01 1.296053535112593087e-02
3.000000000000000444e-01 7.659095828044082399e-01 1.248384209131865596e-02
3.000000000000000444e-01 7.922017764323764366e-01 1.170357060713883568e-02
3.000000000000000444e-01 7.956527611767154617e-01 1.160347234533741327e-02
3.000000000000000444e-01 8.265509801433023052e-01 1.047416172919517566e-02
3.000000000000000444e-01 8.339751281086599244e-01 1.028448281240369744e-02
3.000000000000000444e-01 8.586490943178128887e-01 9.668936974185733321e-03
3.000000000000000444e-01 8.757484797849434122e-01 9.255519733382419276e-03
3.000000000000000444e-01 8.919937001889169936e-01 8.855165951456534998e-03
3.000000000000000444e-01 9.175218314612268999e-01 7.905103261833070979e-03
3.000000000000000444e-01 9.266332037639342101e-01 7.729070510395389358e-03
3.000000000000000444e-01 9.592951831375103877e-01 7.118926008773780560e-03
3.000000000000000444e-01 9.626178908393164813e-01 7.058361776472512131e-03
3.000000000000000444e-01 1.000000000000000000e+00 6.381016435188740718e-03
3.000000000000000444e-01 1.001068534813793764e+00 6.362629278128379556e-03
3.000000000000000444e-01 1.042841886490077474e+00 5.508798695635270387e-03
3.000000000000000444e-01 1.084615238166360740e+00 4.898214403059011207e-03
3.000000000000000444e-01 1.126388589842644450e+00 4.271560855337293815e-03
3.000000000000000444e-01 1.168161941518927938e+00 3.774695538238526018e-03
3.000000000000000444e-01 1.209935293195211425e+00 3.187503086288936884e-03
3.000000000000000444e-01 1.251708644871494913e+00 2.818672109736160628e-03
3.000000000000000444e-01 1.293481996547778401e+00 2.485340715203516581e-03
3.000000000000000444e-01 1.335255348224062111e+00 2.117812056235396714e-03
3.000000000000000444e-01 1.377028699900345377e+00 1.848396187268262943e-03
3.000000000000000444e-01 1.418802051576629086e+00 1.530872134317296396e-03
3.000000000000000444e-01 1.460575403252912352e+00 1.332010723918329153e-03
3.000000000000000444e-01 1.502348754929196062e+00 1.088964088172227757e-03
3.000000000000000444e-01 1.544122106605479328e+00 9.369107124600793224e-04
3.000000000000000444e-01 1.585895458281763037e+00 7.704561138280121039e-04
3.000000000000000444e-01 1.627668809958046303e+00 6.475462900637225360e-04
3.000000000000000444e-01 1.669442161634330013e+00 5.080713934628701628e-04
3.000000000000000444e-01 1.711215513310613279e+00 3.961908446940827326e-04
3.000000000000000444e-01 1.752988864986896989e+00 3.216300655260866137e-04
3.000000000000000444e-01 1.794762216663180254e+00 2.300035306080010049e-04
3.000000000000000444e-01 1.836535568339463964e+00 1.547615590972194536e-04
3.000000000000000444e-01 1.878308920015747230e+00 1.060647280788191646e-04
3.000000000000000444e-01 1.920082271692030940e+00 4.518318209106385699e-05
3.000000000000000444e-01 1.939477042113162630e+00 0.000000000000000000e+00
4.000000000000000222e-01 3.368829062787811468e-01 3.523072795927053441e-02
4.000000000000000222e-01 3.852558364111189348e-01 3.350253084728403025e-02
4.000000000000000222e-01 4.336287665434567784e-01 3.250087410735592874e-02
4.000000000000000222e-01 4.820016966757945664e-01 3.231633277023952810e-02
4.000000000000000222e-01 5.303746268081324100e-01 3.038303192346004933e-02
4.000000000000000222e-01 5.614715104646352817e-01 3.021158881645109526e-02
4.000000000000000222e-01 5.787475569404701981e-01 3.013303692810475470e-02
4.000000000000000222e-01 5.787899777650823419e-01 3.013281297468642719e-02
4.000000000000000222e-01 5.966426294436263378e-01 3.004405750942855738e-02
4.000000000000000222e-01 6.150459423018714844e-01 2.994383860564441349e-02
4.000000000000000222e-01 6.271204870728079861e-01 2.918653322453285126e-02
4.000000000000000222e-01 6.340169013648042640e-01 2.914374103579430580e-02
4.000000000000000222e-01 6.535730155568327815e-01 2.899442994762501530e-02
4.000000000000000222e-01 6.737323338613516732e-01 2.883783277879852641e-02
4.000000000000000222e-01 6.754934172051458852e-01 2.882424344166682056e-02
4.000000000000000222e-01 6.945134619787445285e-01 2.867442934950405545e-02
4.000000000000000222e-01 7.159355794981993037e-01 2.704497022380217622e-02
4.000000000000000222e-01 7.238663473374835622e-01 2.701001858826513474e-02
4.000000000000000222e-01 7.380184575991837193e-01 2.728695206030190556e-02
4.000000000000000222e-01 7.607824772989204565e-01 2.658076472576067703e-02
4.000000000000000222e-01 7.722392774698214613e-01 2.591103310983507158e-02
4.000000000000000222e-01 7.842486482626995770e-01 2.521902688331497874e-02
4.000000000000000222e-01 8.084386281943934938e-01 2.382707450670982011e-02
4.000000000000000222e-01 8.206122076021592493e-01 2.314406638040087186e-02
4.000000000000000222e-01 8.333747428250658507e-01 2.244567935079240170e-02
4.000000000000000222e-01 8.590800065181262157e-01 2.024048443585274581e-02
4.000000000000000222e-01 8.689851377344970373e-01 1.981543424625272984e-02
4.000000000000000222e-01 8.855781435100459342e-01 1.909191994542237814e-02
4.000000000000000222e-01 9.128936098062390148e-01 1.794809218914134377e-02
4.000000000000000222e-01 9.173580678668348254e-01 1.776608758883287814e-02
4.000000000000000222e-01 9.410516157523167724e-01 1.681313694345032417e-02
4.000000000000000222e-01 9.657309979991726134e-01 1.555131523118741949e-02
4.000000000000000222e-01 9.700781493015481205e-01 1.539134150748886626e-02
4.000000000000000222e-01 1.000000000000000000e+00 1.433841734884640402e-02
4.000000000000000222e-01 1.014103928131510513e+00 1.386025325104629606e-02
4.000000000000000222e-01 1.062476858263848190e+00 1.229449519467463309e-02
4.000000000000000222e-01 1.110849788396186089e+00 1.056887383177779367e-02
4.000000000000000222e-01 1.159222718528523988e+00 9.370905099402233526e-03
4.000000000000000222e-01 1.207595648660861665e+00 8.047285408658053085e-03
4.000000000000000222e-01 1.255968578793199564e+00 7.114942861659743524e-03
4.000000000000000222e-01 1.304341508925537241e+00 6.248695448080970188e-03
4.000000000000000222e-01 1.352714439057875140e+00 5.392802749122307948e-03
4.000000000000000222e-01 1.401087369190213039e+00 4.708665398714213454e-03
4.000000000000000222e-01 1.449460299322550938e+00 3.954133492479016201e-03
4.000000000000000222e-01 1.497833229454888393e+00 3.440122566968473357e-03
4.000000000000000222e-01 1.546206159587226292e+00 2.916336321139537547e-03
4.000000000000000222e-01 1.594579089719564191e+00 2.520493346225029067e-03
4.000000000000000222e-01 1.642952019851902090e+00 2.060780039766679436e-03
4.000000000000000222e-01 1.691324949984239989e+00 1.769378375135241283e-03
4.000000000000000222e-01 1.739697880116577444e+00 1.562443377770249709e-03
4.000000000000000222e-01 1.788070810248915343e+00 1.222129961515879253e-03
4.000000000000000222e-01 1.836443740381253242e+00 9.934724191244716923e-04
4.000000000000000222e-01 1.884816670513591141e+00 8.321683038712483597e-04
4.000000000000000222e-01 1.933189600645929040e+00 6.309937982221315621e-04
4.000000000000000222e-01 1.981562530778266495e+00 5.164672537067192077e-04
4.000000000000000222e-01 2.029935460910604395e+00 3.992330316647874685e-04
4.000000000000000222e-01 2.078308391042942294e+00 2.744099918649657382e-04
4.000000000000000222e-01 2.126681321175280193e+00 1.979988200670212994e-04
4.000000000000000222e-01 2.175054251307618092e+00 1.191573174658109750e-04
4.000000000000000222e-01 2.223427181439955547e+00 5.124279389149404977e-05
4.000000000000000222e-01 2.245886041858541127e+00 0.000000000000000000e+00
5.000000000000000000e-01 3.977824435146510296e-01 7.567364156074217474e-02
5.000000000000000000e-01 4.548999225834214344e-01 7.085441772274961303e-02
5.000000000000000000e-01 5.120174016521918947e-01 6.822838911275501406e-02
5.000000000000000000e-01 5.691348807209621885e-01 6.844815576175525274e-02
5.000000000000000000e-01 6.262523597897327043e-01 6.300290675592394585e-02
5.000000000000000000e-01 6.629707391910850678e-01 6.302096625356085058e-02
5.000000000000000000e-01 6.774689487960360301e-01 6.300883800980602856e-02
5.000000000000000000e-01 6.833698388585029981e-01 6.300082939628631751e-02
5.000000000000000000e-01 6.922842132411530791e-01 6.298616810444943037e-02
5.000000000000000000e-01 7.074234660564661104e-01 6.294905571708415970e-02
5.000000000000000000e-01 7.228937923982617919e-01 6.051042264201800247e-02
5.000000000000000000e-01 7.387024323649301616e-01 6.045006150223668911e-02
5.000000000000000000e-01 7.404873179272735140e-01 6.044184560475789059e-02
5.000000000000000000e-01 7.548567843853245529e-01 5.981729997848042601e-02
5.000000000000000000e-01 7.713644086812186940e-01 5.786201178779414034e-02
5.000000000000000000e-01 7.882330308054841250e-01 5.598880922395838011e-02
5.000000000000000000e-01 7.976047969960438078e-01 5.494296354707792901e-02
5.000000000000000000e-01 8.054705452576412794e-01 5.408035467302423072e-02
5.000000000000000000e-01 8.230850191784783165e-01 4.941224442502393371e-02
5.000000000000000000e-01 8.410846961254652143e-01 4.836382614619039871e-02
5.000000000000000000e-01 8.547222760648143236e-01 4.710979673452384692e-02
5.000000000000000000e-01 8.594779999307312623e-01 4.667476093800080467e-02
5.000000000000000000e-01 8.782735386434107339e-01 4.499938811868058747e-02
5.000000000000000000e-01 8.974801085582015947e-01 4.324457401891235869e-02
5.000000000000000000e-01 9.118397551335846174e-01 4.197505965534893690e-02
5.000000000000000000e-01 9.171066983320235178e-01 4.151750511482726891e-02
5.000000000000000000e-01 9.371624931907009959e-01 3.980662284873788537e-02
5.000000000000000000e-01 9.576568792276404229e-01 3.811084306119907894e-02
5.000000000000000000e-01 9.689572342023551332e-01 3.719882161310288787e-02
5.000000000000000000e-01 9.785994477965130889e-01 3.525911636808807398e-02
5.000000000000000000e-01 1.000000000000000000e+00 3.381296467648254450e-02
5.000000000000000000e-01 1.026074713271125427e+00 3.209676212865028577e-02
5.000000000000000000e-01 1.083192192339895943e+00 2.849699574323045700e-02
5.000000000000000000e-01 1.140309671408666237e+00 2.486667741506585691e-02
5.000000000000000000e-01 1.197427150477436752e+00 2.194967915217932095e-02
5.000000000000000000e-01 1.254544629546207046e+00 1.881185186977834753e-02
5.000000000000000000e-01 1.311662108614977562e+00 1.657717394488602072e-02
5.000000000000000000e-01 1.368779587683747856e+00 1.452384824178659661e-02
5.000000000000000000e-01 1.425897066752518372e+00 1.243856935281489190e-02
5.000000000000000000e-01 1.483014545821288888e+00 1.084411569399324100e-02
5.000000000000000000e-01 1.540132024890059181e+00 9.291588445892678613e-03
5.000000000000000000e-01 1.597249503958829475e+00 8.046909938445869284e-03
5.000000000000000000e-01 1.654366983027599991e+00 6.915619353236710301e-03
5.000000000000000000e-01 1.711484462096370507e+00 5.786515520284297304e-03
5.000000000000000000e-01 1.768601941165140801e+00 4.959084636502087903e-03
5.000000000000000000e-01 1.825719420233911094e+00 4.164680226868641526e-03
5.000000000000000000e-01 1.882836899302681610e+00 3.532143185554910154e-03
5.000000000000000000e-01 1.939954378371452126e+00 2.874260565620994929e-03
5.000000000000000000e-01 1.997071857440222420e+00 2.427908122772431867e-03
5.000000000000000000e-01 2.054189336508992714e+00 1.952666285888283787e-03
5.000000000000000000e-01 2.111306815577763007e+00 1.630865495268214900e-03
5.000000000000000000e-01 2.168424294646533745e+00 1.315317483685825425e-03
5.000000000000000000e-01 2.225541773715304039e+00 1.072562195807464421e-03
5.000000000000000000e-01 2.282659252784074333e+00 8.111733841796464227e-04
5.000000000000000000e-01 2.339776731852844627e+00 6.544716341196434072e-04
5.000000000000000000e-01 2.396894210921615365e+00 4.908181200403347304e-04
5.000000000000000000e-01 2.454011689990385658e+00 3.362175378255605998e-04
5.000000000000000000e-01 2.511129169059155952e+00 2.529395641119213853e-04
5.000000000000000000e-01 2.568246648127926690e+00 1.419887903186630622e-04
5.000000000000000000e-01 2.625364127196696984e+00 5.908595553231450824e-05
5.000000000000000000e-01 2.651882956764340271e+00 0.000000000000000000e+00
6.000000000000000888e-01 4.706455909401795479e-01 1.405115242524245800e-01
6.000000000000000888e-01 5.382254706649232112e-01 1.431081855407023984e-01
6.000000000000000888e-01 6.058053503896669856e-01 1.384672530918294731e-01
6.000000000000000888e-01 6.733852301144107599e-01 1.263396716670181497e-01
6.000000000000000888e-01 7.409651098391544233e-01 1.277866053272279923e-01
6.000000000000000888e-01 7.844093182336325798e-01 1.207046801849000345e-01
6.000000000000000888e-01 7.944985812707051620e-01 1.186887438773520376e-01
6.000000000000000888e-01 8.047176148577508403e-01 1.122806774426280824e-01
6.000000000000000888e-01 8.085449895638980866e-01 1.116227715812999483e-01
6.000000000000000888e-01 8.150680881350804707e-01 1.104887921698824299e-01
6.000000000000000888e-01 8.255516917118923548e-01 1.086444790755994594e-01
6.000000000000000888e-01 8.361701379424107961e-01 1.067846924274013093e-01
6.000000000000000888e-01 8.469251612055759271e-01 1.048969233263321865e-01
6.000000000000000888e-01 8.578185181883305477e-01 1.029940004556505334e-01
6.000000000000000888e-01 8.688519881725513816e-01 1.010740714964422082e-01
6.000000000000000888e-01 8.761248692886418610e-01 9.981529726480936615e-02
6.000000000000000888e-01 8.800273733256703812e-01 9.914178821454076862e-02
6.000000000000000888e-01 8.913464989950345974e-01 9.719962166982623608e-02
6.000000000000000888e-01 9.028112140060514657e-01 9.520997962642706314e-02
6.000000000000000888e-01 9.144233909641696911e-01 9.322619225049913472e-02
6.000000000000000888e-01 9.261849265607439152e-01 8.726316975536828335e-02
6.000000000000000888e-01 9.380977418828330139e-01 8.562297684933629915e-02
6.000000000000000888e-01 9.437047490133856353e-01 8.567968190472184664e-02
6.000000000000000888e-01 9.501637827269840963e-01 8.475858547052905756e-02
6.000000000000000888e-01 9.623850199170516095e-01 8.302959716310136240e-02
6.000000000000000888e-01 9.747634496261049497e-01 8.129522065646752060e-02
6.000000000000000888e-01 9.873010937024758737e-01 7.955937126968604112e-02
6.000000000000000888e-01 1.000000000000000000e+00 7.782013284802177799e-02
6.000000000000000888e-01 1.011284628738129410e+00 7.634847480652112717e-02
6.000000000000000888e-01 1.078864508462872962e+00 6.750075941899683074e-02
6.000000000000000888e-01 1.146444388187616736e+00 5.864709312360497084e-02
6.000000000000000888e-01 1.214024267912360511e+00 5.190555507760553217e-02
6.000000000000000888e-01 1.281604147637104063e+00 4.530881732202667739e-02
6.000000000000000888e-01 1.349184027361848059e+00 3.980334274554273716e-02
6.000000000000000888e-01 1.416763907086591612e+00 3.420666691653386632e-02
6.000000000000000888e-01 1.484343786811335164e+00 2.994601641484760310e-02
6.000000000000000888e-01 1.551923666536079160e+00 2.601557804773948351e-02
6.000000000000000888e-01 1.619503546260822713e+00 2.223992695269231060e-02
6.000000000000000888e-01 1.687083425985566709e+00 1.919822531601013751e-02
6.000000000000000888e-01 1.754663305710310262e+00 1.635520065680638041e-02
6.000000000000000888e-01 1.822243185435053814e+00 1.399762126870933085e-02
6.000000000000000888e-01 1.889823065159797810e+00 1.191724324654166826e-02
6.000000000000000888e-01 1.957402944884541363e+00 9.921819074265340530e-03
6.000000000000000888e-01 2.024982824609284915e+00 8.398054458232469613e-03
6.000000000000000888e-01 2.092562704334028911e+00 6.984764442719052467e-03
6.000000000000000888e-01 2.160142584058772464e+00 5.861816683889962618e-03
6.000000000000000888e-01 2.227722463783516460e+00 4.863697414068422938e-03
6.000000000000000888e-01 2.295302343508260012e+00 3.951212170967200420e-03
6.000000000000000888e-01 2.362882223233003565e+00 3.264424693699183311e-03
6.000000000000000888e-01 2.430462102957747561e+00 2.609994922748510009e-03
6.000000000000000888e-01 2.498041982682491113e+00 2.130823908247645934e-03
6.000000000000000888e-01 2.565621862407235110e+00 1.699205537105428999e-03
6.000000000000000888e-01 2.633201742131978662e+00 1.351264464551075800e-03
6.000000000000000888e-01 2.700781621856722214e+00 1.022170216793576777e-03
6.000000000000000888e-01 2.768361501581466211e+00 7.781716117823104942e-04
6.000000000000000888e-01 2.835941381306209763e+00 5.952311548272392391e-04
6.000000000000000888e-01 2.903521261030953760e+00 4.079919313965112582e-04
6.000000000000000888e-01 2.971101140755697312e+00 2.865609870319221178e-04
6.000000000000000888e-01 3.038681020480440864e+00 1.680187258610134154e-04
6.000000000000000888e-01 3.106260900205184861e+00 6.877673493354022024e-05
6.000000000000000888e-01 3.137637272934530319e+00 0.000000000000000000e+00
7.000000000000000666e-01 5.484704612375518318e-01 2.429753521289067242e-01
7.000000000000000666e-01 6.272251941332003256e-01 2.387971114790722604e-01
7.000000000000000666e-01 7.059799270288487083e-01 2.203013001184758179e-01
7.000000000000000666e-01 7.847346599244972021e-01 2.140011244908151811e-01
7.000000000000000666e-01 8.634893928201456959e-01 1.865154848148116162e-01
7.000000000000000666e-01 9.141174353959197196e-01 1.742237691635631636e-01
7.000000000000000666e-01 9.184478867664602753e-01 1.731732970255009940e-01
7.000000000000000666e-01 9.227988527977505351e-01 1.721182242153146413e-01
7.000000000000000666e-01 9.271704306739568802e-01 1.710440399807129364e-01
7.000000000000000666e-01 9.315627180396361950e-01 1.699734935673365699e-01
7.000000000000000666e-01 9.359758130019174560e-01 1.688975076203709791e-01
7.000000000000000666e-01 9.404098141326927562e-01 1.678251802192568809e-01
7.000000000000000666e-01 9.422441257157941896e-01 1.673845213758530237e-01
7.000000000000000666e-01 9.448648204708191001e-01 1.667501119187239922e-01
7.000000000000000666e-01 9.493409315243307445e-01 1.656766436944780985e-01
7.000000000000000666e-01 9.538382472726615324e-01 1.645979880894971326e-01
7.000000000000000666e-01 9.583568681688779956e-01 1.635201899605476517e-01
7.000000000000000666e-01 9.628968951419237809e-01 1.624406019841706239e-01
7.000000000000000666e-01 9.674584295988729599e-01 1.613600955970573014e-01
7.000000000000000666e-01 9.720415734271961039e-01 1.602793370710445253e-01
7.000000000000000666e-01 9.766464289970354651e-01 1.591928454820375483e-01
7.000000000000000666e-01 9.812730991634917022e-01 1.581112385234373918e-01
7.000000000000000666e-01 9.859216872689210431e-01 1.513913331678537477e-01
7.000000000000000666e-01 9.905922971452441050e-01 1.504912665611604639e-01
7.000000000000000666e-01 9.952850331162647057e-01 1.495850305787495282e-01
7.000000000000000666e-01 1.000000000000000000e+00 1.486746214946394473e-01
7.000000000000000666e-01 1.020998858611442683e+00 1.456786563500221121e-01
7.000000000000000666e-01 1.099753591507091066e+00 1.302311192979818677e-01
7.000000000000000666e-01 1.178508324402739671e+00 1.141680774185101499e-01
7.000000000000000666e-01 1.257263057298388054e+00 1.017254832033717693e-01
7.000000000000000666e-01 1.336017790194036436e+00 9.007959329860520947e-02
7.000000000000000666e-01 1.414772523089685041e+00 7.902746479718389394e-02
7.000000000000000666e-01 1.493527255985333424e+00 6.928239246472521484e-02
7.000000000000000666e-01 1.572281988880981807e+00 5.992867338508203051e-02
7.000000000000000666e-01 1.651036721776630412e+00 5.216135426626470478e-02
7.000000000000000666e-01 1.729791454672279016e+00 4.581799838115085260e-02
7.000000000000000666e-01 1.808546187567927177e+00 3.852727033312020044e-02
7.000000000000000666e-01 1.887300920463575782e+00 3.300037266483032972e-02
7.000000000000000666e-01 1.966055653359224387e+00 2.796581911311771251e-02
7.000000000000000666e-01 2.044810386254872547e+00 2.369487105577612260e-02
7.000000000000000666e-01 2.123565119150521152e+00 1.972281164182947133e-02
7.000000000000000666e-01 2.202319852046169757e+00 1.659152248232410864e-02
7.000000000000000666e-01 2.281074584941817918e+00 1.384778503830560482e-02
7.000000000000000666e-01 2.359829317837466522e+00 1.142633631879911085e-02
7.000000000000000666e-01 2.438584050733115127e+00 9.445812140269502222e-03
7.000000000000000666e-01 2.517338783628763288e+00 7.644669442521409911e-03
7.000000000000000666e-01 2.596093516524411893e+00 6.271983874016448697e-03
7.000000000000000666e-01 2.674848249420060498e+00 4.998882472788420891e-03
7.000000000000000666e-01 2.753602982315708658e+00 4.069071030795698082e-03
7.000000000000000666e-01 2.832357715211357263e+00 3.275317854259393070e-03
7.000000000000000666e-01 2.911112448107005868e+00 2.585323315955217333e-03
7.000000000000000666e-01 2.989867181002654029e+00 2.051267576193215817e-03
7.000000000000000666e-01 3.068621913898302633e+00 1.555959256561951793e-03
7.000000000000000666e-01 3.147376646793951238e+00 1.183704102479708146e-03
7.000000000000000666e-01 3.226131379689599399e+00 9.114518041688869426e-04
7.000000000000000666e-01 3.304886112585248004e+00 6.398751591080976096e-04
7.000000000000000666e-01 3.383640845480896608e+00 4.719428335365407766e-04
7.000000000000000666e-01 3.462395578376544769e+00 3.056866904630908908e-04
7.000000000000000666e-01 3.541150311272193374e+00 1.892196872631775122e-04
7.000000000000000666e-01 3.619905044167841979e+00 7.405906986832616189e-05
7.000000000000000666e-01 3.656469741583678879e+00 0.000000000000000000e+00
8.000000000000000444e-01 6.198752271895506816e-01 3.319935265360598464e-01
8.000000000000000444e-01 7.088829521193322769e-01 3.143536936531981518e-01
8.000000000000000444e-01 7.978906770491138722e-01 3.066172588228382456e-01
8.000000000000000444e-01 8.868984019788955786e-01 2.722382539300591264e-01
8.000000000000000444e-01 9.759061269086771739e-01 2.471445621952592375e-01
8.000000000000000444e-01 1.000000000000000000e+00 2.332220030194966653e-01
8.000000000000000444e-01 1.001716658938087923e+00 2.328324663314554621e-01
8.000000000000000444e-01 1.003436264794085542e+00 2.324352784131319405e-01
8.000000000000000444e-01 1.005158822626845971e+00 2.320438819862840618e-01
8.000000000000000444e-01 1.006884337503906268e+00 2.316539332607449042e-01
8.000000000000000444e-01 1.008612814501502974e+00 2.312594153950692233e-01
8.000000000000000444e-01 1.010344258704586995e+00 2.308608644509191621e-01
8.000000000000000444e-01 1.012078675206838030e+00 2.304650586042083227e-01
8.000000000000000444e-01 1.013816069110680118e+00 2.300688692320224382e-01
8.000000000000000444e-01 1.015556445527296070e+00 2.296703679700445588e-01
8.000000000000000444e-01 1.017299809576643455e+00 2.292711142647462230e-01
8.000000000000000444e-01 1.019046166387468144e+00 2.288720928615328165e-01
8.000000000000000444e-01 1.020795521097321634e+00 2.284710729277290853e-01
8.000000000000000444e-01 1.022547878852573477e+00 2.295451949343939868e-01
8.000000000000000444e-01 1.024303244808428381e+00 2.291192473006223029e-01
8.000000000000000444e-01 1.026061624128941308e+00 2.287018003583441983e-01
8.000000000000000444e-01 1.027823021987031238e+00 2.282797903862281153e-01
8.000000000000000444e-01 1.029587443564497828e+00 2.278557451206175699e-01
8.000000000000000444e-01 1.031354894052036064e+00 2.274340185486058430e-01
8.000000000000000444e-01 1.033125378649251136e+00 2.270087613082671651e-01
8.000000000000000444e-01 1.064913851838458658e+00 2.193881763050470335e-01
8.000000000000000444e-01 1.153921576768240476e+00 1.987672844854690424e-01
8.000000000000000444e-01 1.242929301698022071e+00 1.768126711650695182e-01
8.000000000000000444e-01 1.331937026627803666e+00 1.588203902651515176e-01
8.000000000000000444e-01 1.420944751557585262e+00 1.410922852444863040e-01
8.000000000000000444e-01 1.509952476487366857e+00 1.251532969649794547e-01
8.000000000000000444e-01 1.598960201417148674e+00 1.094373774645087255e-01
8.000000000000000444e-01 1.687967926346930270e+00 9.605042221441539851e-02
8.000000000000000444e-01 1.776975651276711865e+00 8.351235313469108912e-02
8.000000000000000444e-01 1.865983376206493460e+00 7.185245405204757074e-02
8.000000000000000444e-01 1.954991101136275056e+00 6.172304662451763568e-02
8.000000000000000444e-01 2.043998826066056651e+00 5.252238724885462812e-02
8.000000000000000444e-01 2.133006550995838246e+00 4.449200953832766620e-02
8.000000000000000444e-01 2.222014275925619842e+00 3.745712259088362223e-02
8.000000000000000444e-01 2.311022000855401437e+00 3.117032583980030441e-02
8.000000000000000444e-01 2.400029725785183032e+00 2.596708176547518274e-02
8.000000000000000444e-01 2.489037450714964628e+00 2.140177032889432548e-02
8.000000000000000444e-01 2.578045175644746223e+00 1.763130503221277748e-02
8.000000000000000444e-01 2.667052900574527818e+00 1.425660826593199565e-02
8.000000000000000444e-01 2.756060625504309858e+00 1.162901850199463301e-02
8.000000000000000444e-01 2.845068350434091453e+00 9.526597982893634034e-03
8.000000000000000444e-01 2.934076075363873048e+00 7.519179901896808939e-03
8.000000000000000444e-01 3.023083800293654644e+00 6.038111633821078607e-03
8.000000000000000444e-01 3.112091525223436239e+00 4.759047405367453770e-03
8.000000000000000444e-01 3.201099250153217834e+00 3.776447644476554639e-03
8.000000000000000444e-01 3.290106975082999430e+00 2.894050083898353550e-03
8.000000000000000444e-01 3.379114700012781025e+00 2.268698280481405444e-03
8.000000000000000444e-01 3.468122424942562620e+00 1.735961253035786826e-03
8.000000000000000444e-01 3.557130149872344216e+00 1.321963847527529278e-03
8.000000000000000444e-01 3.646137874802125811e+00 9.571078604081204120e-04
8.000000000000000444e-01 3.735145599731907406e+00 6.949869111949289477e-04
8.000000000000000444e-01 3.824153324661689002e+00 4.806172195535152571e-04
8.000000000000000444e-01 3.913161049591470597e+00 3.236757721310316860e-04
8.000000000000000444e-01 4.002168774521251748e+00 1.842039426098560258e-04
8.000000000000000444e-01 4.091176499451034232e+00 6.064131886285503568e-05
8.000000000000000444e-01 4.132501514597004544e+00 0.000000000000000000e+00
9.000000000000000222e-01 6.709486681449724488e-01 3.975178160300972818e-01
9.000000000000000222e-01 7.672900153657890021e-01 3.775701850356150135e-01
9.000000000000000222e-01 8.636313625866055554e-01 3.426862078845970272e-01
9.000000000000000222e-01 9.599727098074221088e-01 3.068349016491361825e-01
9.000000000000000222e-01 1.000000000000000000e+00 2.999161358868360217e-01
9.000000000000000222e-01 1.005899596490981152e+00 2.985094785870854306e-01
9.000000000000000222e-01 1.011833998220718955e+00 2.970882516125968320e-01
9.000000000000000222e-01 1.017803410526077368e+00 2.956620907153257871e-01
9.000000000000000222e-01 1.023808039955325766e+00 2.942177889785602685e-01
9.000000000000000222e-01 1.029848094275284565e+00 2.927637027488201871e-01
9.000000000000000222e-01 1.035923782478514577e+00 2.912923839713207896e-01
9.000000000000000222e-01 1.042035314790549005e+00 2.898087797715688807e-01
9.000000000000000222e-01 1.048182902677165851e+00 2.883178747702263012e-01
9.000000000000000222e-01 1.054366758851706498e+00 2.868106621161066738e-01
9.000000000000000222e-01 1.056314057028238551e+00 2.863336592499759470e-01
9.000000000000000222e-01 1.060587097282435387e+00 2.852914937265528805e-01
9.000000000000000222e-01 1.066844133199942757e+00 2.837590686729167255e-01
9.000000000000000222e-01 1.073138083104592910e+00 2.822223727399912896e-01
9.000000000000000222e-01 1.079469164774015111e+00 2.806730281929782356e-01
9.000000000000000222e-01 1.085837597270638444e+00 2.791094804672382690e-01
9.000000000000000222e-01 1.092243600949271753e+00 2.775416193874450377e-01
9.000000000000000222e-01 1.098687397464728877e+00 2.759276089539274279e-01
9.000000000000000222e-01 1.105169209779496953e+00 2.743369771040648497e-01
9.000000000000000222e-01 1.111689262171452697e+00 2.727518979131812182e-01
9.000000000000000222e-01 1.118247780241620859e+00 2.711695434773032098e-01
9.000000000000000222e-01 1.152655404249055326e+00 2.628700426547830871e-01
9.000000000000000222e-01 1.248996751469871658e+00 2.378554131464771515e-01
9.000000000000000222e-01 1.345338098690688433e+00 2.161249941670835562e-01
9.000000000000000222e-01 1.441679445911504764e+00 1.942262190601456162e-01
9.000000000000000222e-01 1.538020793132321540e+00 1.738143631669068212e-01
9.000000000000000222e-01 1.634362140353137871e+00 1.536847490146164286e-01
9.000000000000000222e-01 1.730703487573954646e+00 1.355973119981983555e-01
9.000000000000000222e-01 1.827044834794770978e+00 1.180689750014234374e-01
9.000000000000000222e-01 1.923386182015587753e+00 1.026136491971724046e-01
9.000000000000000222e-01 2.019727529236404084e+00 8.804514542426833401e-02
9.000000000000000222e-01 2.116068876457220860e+00 7.527370304080475971e-02
9.000000000000000222e-01 2.212410223678037191e+00 6.377210917210648922e-02
9.000000000000000222e-01 2.308751570898853966e+00 5.349987012806523001e-02
9.000000000000000222e-01 2.405092918119670298e+00 4.472170456255981918e-02
9.000000000000000222e-01 2.501434265340487073e+00 3.702424201789139557e-02
9.000000000000000222e-01 2.597775612561303404e+00 3.057740841642449942e-02
9.000000000000000222e-01 2.694116959782119736e+00 2.482838728436021630e-02
9.000000000000000222e-01 2.790458307002936511e+00 2.030650983746195085e-02
9.000000000000000222e-01 2.886799654223753286e+00 1.657853568387048643e-02
9.000000000000000222e-01 2.983141001444569618e+00 1.319162974556987826e-02
9.000000000000000222e-01 3.079482348665385949e+00 1.054884445086898444e-02
9.000000000000000222e-01 3.175823695886202724e+00 8.370160540297674409e-03
9.000000000000000222e-01 3.272165043107019500e+00 6.637194047652134749e-03
9.000000000000000222e-01 3.368506390327835831e+00 5.151814616882648482e-03
9.000000000000000222e-01 3.464847737548652162e+00 4.037104034351418104e-03
9.000000000000000222e-01 3.561189084769468938e+00 3.113782337568079660e-03
9.000000000000000222e-01 3.657530431990285713e+00 2.421481030785907311e-03
9.000000000000000222e-01 3.753871779211102044e+00 1.781090421989077292e-03
9.000000000000000222e-01 3.850213126431918376e+00 1.364462570199659937e-03
9.000000000000000222e-01 3.946554473652735151e+00 1.013540481660683184e-03
9.000000000000000222e-01 4.042895820873551926e+00 6.930545798117231787e-04
9.000000000000000222e-01 4.139237168094368258e+00 5.024514971566208885e-04
9.000000000000000222e-01 4.235578515315184589e+00 3.105714886831593600e-04
9.000000000000000222e-01 4.331919862536001808e+00 1.848168640311463541e-04
9.000000000000000222e-01 4.428261209756818140e+00 6.012305956238290551e-05
9.000000000000000222e-01 4.472991120966483436e+00 0.000000000000000000e+00
1.000000000000000000e+00 6.896230601840226404e-01 3.878828714485354490e-01
1.000000000000000000e+00 7.886458585694208212e-01 3.797173403331174368e-01
1.000000000000000000e+00 8.876686569548188910e-01 3.427429781288233723e-01
1.000000000000000000e+00 9.866914553402170718e-01 3.258628457131933498e-01
1.000000000000000000e+00 1.000000000000000000e+00 3.228304943904165558e-01
1.000000000000000000e+00 1.007354040876011325e+00 3.211289159584133079e-01
1.000000000000000000e+00 1.014762163669228778e+00 3.194115906745195188e-01
1.000000000000000000e+00 1.022224766100281901e+00 3.176735904795955912e-01
1.000000000000000000e+00 1.029742248814654593e+00 3.159080706866921884e-01
1.000000000000000000e+00 1.037315015404193241e+00 3.141205698675890168e-01
1.000000000000000000e+00 1.044943472428776055e+00 3.123150009026654517e-01
1.000000000000000000e+00 1.052628029438138491e+00 3.104913384421427169e-01
1.000000000000000000e+00 1.060369098993861892e+00 3.086500361730639685e-01
1.000000000000000000e+00 1.068167096691521989e+00 3.067801857356967643e-01
1.000000000000000000e+00 1.076022441183001943e+00 2.983422677978310733e-01
1.000000000000000000e+00 1.083935554198967255e+00 2.968537022052837870e-01
1.000000000000000000e+00 1.085714253725615253e+00 2.965126887816529333e-01
1.000000000000000000e+00 1.091906860571508320e+00 2.953300132837272107e-01
1.000000000000000000e+00 1.099936788256948406e+00 2.937638680879284814e-01
1.000000000000000000e+00 1.108025768358818608e+00 2.921646879865321678e-01
1.000000000000000000e+00 1.116174235151003336e+00 2.905287607446691567e-01
1.000000000000000000e+00 1.124382626101054550e+00 2.888610545926940110e-01
1.000000000000000000e+00 1.132651381893678533e+00 2.871685496581797281e-01
1.000000000000000000e+00 1.140980946454395406e+00 2.854314250574842560e-01
1.000000000000000000e+00 1.149371766973371178e+00 2.836718622182541338e-01
1.000000000000000000e+00 1.184737052111013433e+00 2.760791303263833707e-01
1.000000000000000000e+00 1.283759850496411392e+00 2.521819101447694278e-01
1.000000000000000000e+00 1.382782648881809573e+00 2.304602662900804566e-01
1.000000000000000000e+00 1.481805447267207754e+00 2.061261502575186533e-01
1.000000000000000000e+00 1.580828245652605935e+00 1.856720295926022335e-01
1.000000000000000000e+00 1.679851044038004115e+00 1.638310647294413114e-01
1.000000000000000000e+00 1.778873842423402074e+00 1.450731238650338206e-01
1.000000000000000000e+00 1.877896640808800477e+00 1.263776315930058292e-01
1.000000000000000000e+00 1.976919439194198436e+00 1.098925324687091837e-01
1.000000000000000000e+00 2.075942237579596394e+00 9.464602579793082726e-02
1.000000000000000000e+00 2.174965035964994797e+00 7.998709804005441071e-02
1.000000000000000000e+00 2.273987834350392756e+00 6.791237122735520326e-02
1.000000000000000000e+00 2.373010632735791159e+00 5.678120933466180437e-02
1.000000000000000000e+00 2.472033431121189118e+00 4.749887822209176991e-02
1.000000000000000000e+00 2.571056229506587076e+00 3.874821006676234386e-02
1.000000000000000000e+00 2.670079027891985479e+00 3.204679746713875316e-02
1.000000000000000000e+00 2.769101826277383882e+00 2.575765327125823650e-02
1.000000000000000000e+00 2.868124624662781841e+00 2.108402087133834715e-02
1.000000000000000000e+00 2.967147423048179800e+00 1.714824292737253050e-02
1.000000000000000000e+00 3.066170221433578202e+00 1.364214585317655160e-02
1.000000000000000000e+00 3.165193019818976161e+00 1.099430907176456029e-02
1.000000000000000000e+00 3.264215818204374564e+00 8.417822246378037915e-03
1.000000000000000000e+00 3.363238616589772523e+00 6.749851337880930988e-03
1.000000000000000000e+00 3.462261414975170482e+00 5.212180934726701707e-03
1.000000000000000000e+00 3.561284213360568884e+00 4.154880279595654473e-03
1.000000000000000000e+00 3.660307011745966843e+00 2.997929710991351169e-03
1.000000000000000000e+00 3.759329810131365246e+00 2.385774643919544649e-03
1.000000000000000000e+00 3.858352608516763205e+00 1.805736421820012573e-03
1.000000000000000000e+00 3.957375406902161163e+00 1.321400946809827073e-03
1.000000000000000000e+00 4.056398205287559122e+00 9.713025786168242182e-04
1.000000000000000000e+00 4.155421003672957525e+00 5.858076269037954063e-04
1.000000000000000000e+00 4.254443802058355928e+00 4.657599850476209428e-04
1.000000000000000000e+00 4.353466600443753443e+00 3.062360986502681709e-04
1.000000000000000000e+00 4.452489398829151845e+00 1.409042533606853689e-04
1.000000000000000000e+00 4.551512197214550248e+00 2.170325870047822370e-05
1.000000000000000000e+00 4.597487067893484713e+00 0.000000000000000000e+00
