# mx [GeV]: 1.0
# sigma_p [cm^2]: 2.51188643151e-28
# depth [m]: 0.3
# loc: MPI
# Columns: gamma/pi, v [km/s], f(v, gamma) [s/km]
0.000000000000000000e+00 1.000000000000000000e+00 3.041070788304953317e-03
0.000000000000000000e+00 1.221817079665058259e+00 2.569479036218158628e-03
0.000000000000000000e+00 1.492836976161251439e+00 2.479772135545918552e-03
0.000000000000000000e+00 1.823973714629356424e+00 2.162069785755172269e-03
0.000000000000000000e+00 2.228562237394268841e+00 1.875210158007819703e-03
0.000000000000000000e+00 2.722895404744893444e+00 1.580226440259917394e-03
0.000000000000000000e+00 3.326880111658812922e+00 1.488753232353366577e-03
0.000000000000000000e+00 4.064838942422733581e+00 1.323003955873648359e-03
0.000000000000000000e+00 4.966489645939748954e+00 1.225803625426581970e-03
0.000000000000000000e+00 6.068141875388852746e+00 1.097186972660367825e-03
0.000000000000000000e+00 7.414159385180857598e+00 9.762215844049418551e-04
0.000000000000000000e+00 9.058746568172958646e+00 9.157107721715694419e-04
0.000000000000000000e+00 1.106813127735095570e+01 7.984125094916823219e-04
0.000000000000000000e+00 1.352323183464243250e+01 7.755843847908629705e-04
0.000000000000000000e+00 1.652291562783636891e+01 7.397303408488405466e-04
0.000000000000000000e+00 2.018798051995517895e+01 6.835269292879300827e-04
0.000000000000000000e+00 2.466601940322673059e+01 6.582405105635240079e-04
0.000000000000000000e+00 2.699410262161394058e+01 6.184155844757952165e-04
0.000000000000000000e+00 3.013736379421215261e+01 6.139490937596909018e-04
0.000000000000000000e+00 3.087017889548671334e+01 6.115616825169261630e-04
0.000000000000000000e+00 3.474625516935948610e+01 5.958332598485909263e-04
0.000000000000000000e+00 3.682234581984774024e+01 5.891905666874293649e-04
0.000000000000000000e+00 3.862233144323225531e+01 5.579099065227057386e-04
0.000000000000000000e+00 4.249840771710502452e+01 5.456853716488498963e-04
0.000000000000000000e+00 4.499017103602324141e+01 5.358309239277281050e-04
0.000000000000000000e+00 4.637448399097779372e+01 5.286811574624834028e-04
0.000000000000000000e+00 5.025056026485057004e+01 4.922047750891995208e-04
0.000000000000000000e+00 5.412663653872333924e+01 4.766407042660960876e-04
0.000000000000000000e+00 5.800271281259611555e+01 4.577690293684172178e-04
0.000000000000000000e+00 6.187878908646888476e+01 4.229338779457434056e-04
0.000000000000000000e+00 6.575486536034165397e+01 4.043427111019029193e-04
0.000000000000000000e+00 6.963094163421442317e+01 3.850701709912885632e-04
0.000000000000000000e+00 7.350701790808719238e+01 3.600827855605389944e-04
0.000000000000000000e+00 7.738309418195996159e+01 3.329069991842110651e-04
0.000000000000000000e+00 8.125917045583273080e+01 3.130778236289727878e-04
0.000000000000000000e+00 8.513524672970551421e+01 2.896192354901047585e-04
0.000000000000000000e+00 8.901132300357828342e+01 2.705290325051405449e-04
0.000000000000000000e+00 9.288739927745106684e+01 2.450357581981817026e-04
0.000000000000000000e+00 9.676347555132383604e+01 2.278704607942268299e-04
0.000000000000000000e+00 1.006395518251966053e+02 2.110308137235449434e-04
0.000000000000000000e+00 1.045156280990693745e+02 1.880898178298379033e-04
0.000000000000000000e+00 1.083917043729421437e+02 1.733487820790084960e-04
0.000000000000000000e+00 1.122677806468149129e+02 1.543221205326835560e-04
0.000000000000000000e+00 1.161438569206876821e+02 1.414602371966396533e-04
0.000000000000000000e+00 1.200199331945604513e+02 1.267852054521485935e-04
0.000000000000000000e+00 1.238960094684332205e+02 1.155644040158116439e-04
0.000000000000000000e+00 1.277720857423059897e+02 1.015203399414417939e-04
0.000000000000000000e+00 1.316481620161787589e+02 8.746143721286191099e-05
0.000000000000000000e+00 1.355242382900515281e+02 7.951610100469508867e-05
0.000000000000000000e+00 1.394003145639243257e+02 6.859946795904023635e-05
0.000000000000000000e+00 1.432763908377970949e+02 6.043071094903174469e-05
0.000000000000000000e+00 1.471524671116698642e+02 5.094183096759687541e-05
0.000000000000000000e+00 1.510285433855426334e+02 4.346749908659275493e-05
0.000000000000000000e+00 1.549046196594154026e+02 3.772357795261514627e-05
0.000000000000000000e+00 1.587806959332881718e+02 3.118371199996958519e-05
0.000000000000000000e+00 1.626567722071609410e+02 2.497397536318473257e-05
0.000000000000000000e+00 1.665328484810337102e+02 2.026315638754591750e-05
0.000000000000000000e+00 1.704089247549064794e+02 1.398250501803288325e-05
0.000000000000000000e+00 1.742850010287792486e+02 9.168479689501954144e-06
0.000000000000000000e+00 1.781610773026520178e+02 3.730904361151475511e-06
0.000000000000000000e+00 1.799606841440929372e+02 0.000000000000000000e+00
1.000000000000000056e-01 1.000000000000000000e+00 3.396920476567115085e-03
1.000000000000000056e-01 1.225485266131971729e+00 2.809244997557591023e-03
1.000000000000000056e-01 1.501814137506549240e+00 2.776568989598832225e-03
1.000000000000000056e-01 1.840451097982970907e+00 2.468024514798400609e-03
1.000000000000000056e-01 2.255445703614540776e+00 2.022259549901601460e-03
1.000000000000000056e-01 2.764015478340277276e+00 1.748121188427928258e-03
1.000000000000000056e-01 3.387260244066723214e+00 1.642669092478208715e-03
1.000000000000000056e-01 4.151037521658356155e+00 1.496878593588184345e-03
1.000000000000000056e-01 5.087035321953290001e+00 1.363621759864347199e-03
1.000000000000000056e-01 6.234086835346666966e+00 1.196060119110187517e-03
1.000000000000000056e-01 7.639781564504632527e+00 1.063795748871218701e-03
1.000000000000000056e-01 9.362439743767088984e+00 1.011309153914289032e-03
1.000000000000000056e-01 1.147353196103495776e+01 9.143963097091233018e-04
1.000000000000000056e-01 1.406064436874260615e+01 8.569730607185033818e-04
1.000000000000000056e-01 1.723111250621554902e+01 7.945938044109333853e-04
1.000000000000000056e-01 2.111647449542950383e+01 7.496321064281070718e-04
1.000000000000000056e-01 2.587792836680041475e+01 7.147022157137386490e-04
1.000000000000000056e-01 2.857623700572149517e+01 7.013824029803768928e-04
1.000000000000000056e-01 3.171301993153250010e+01 6.728030509075671453e-04
1.000000000000000056e-01 3.267949155013278784e+01 6.681842675712378965e-04
1.000000000000000056e-01 3.678274609454408051e+01 6.435726662113702744e-04
1.000000000000000056e-01 3.886383867064262176e+01 6.324145725335847575e-04
1.000000000000000056e-01 4.088600063895537318e+01 6.195629010124745250e-04
1.000000000000000056e-01 4.498925518336666585e+01 5.911439610169676390e-04
1.000000000000000056e-01 4.762706167620248010e+01 5.778219951192331734e-04
1.000000000000000056e-01 4.909250972777795852e+01 5.691954103768733127e-04
1.000000000000000056e-01 5.319576427218925119e+01 5.443141678065056225e-04
1.000000000000000056e-01 5.729901881660054386e+01 5.132007954754046284e-04
1.000000000000000056e-01 6.140227336101183653e+01 4.894069428495499089e-04
1.000000000000000056e-01 6.550552790542312209e+01 4.634736451660852142e-04
1.000000000000000056e-01 6.960878244983442187e+01 4.370503187389966474e-04
1.000000000000000056e-01 7.371203699424572164e+01 4.075933999704649366e-04
1.000000000000000056e-01 7.781529153865700721e+01 3.816159012472415202e-04
1.000000000000000056e-01 8.191854608306829277e+01 3.557614619371028382e-04
1.000000000000000056e-01 8.602180062747959255e+01 3.298523695963015336e-04
1.000000000000000056e-01 9.012505517189089232e+01 3.046987539601027947e-04
1.000000000000000056e-01 9.422830971630217789e+01 2.802969547037799814e-04
1.000000000000000056e-01 9.833156426071347767e+01 2.577163631185493999e-04
1.000000000000000056e-01 1.024348188051247632e+02 2.348918834526833891e-04
1.000000000000000056e-01 1.065380733495360488e+02 2.109822521548890034e-04
1.000000000000000056e-01 1.106413278939473486e+02 1.943894579022464734e-04
1.000000000000000056e-01 1.147445824383586483e+02 1.751567300771867362e-04
1.000000000000000056e-01 1.188478369827699339e+02 1.571587797144452601e-04
1.000000000000000056e-01 1.229510915271812195e+02 1.413922797828516759e-04
1.000000000000000056e-01 1.270543460715925193e+02 1.252382047806716232e-04
1.000000000000000056e-01 1.311576006160038332e+02 1.120185234391711683e-04
1.000000000000000056e-01 1.352608551604151046e+02 9.862968485205385858e-05
1.000000000000000056e-01 1.393641097048263759e+02 8.696046784830447078e-05
1.000000000000000056e-01 1.434673642492376757e+02 7.597719305265747262e-05
1.000000000000000056e-01 1.475706187936489755e+02 6.577470170949688895e-05
1.000000000000000056e-01 1.516738733380602753e+02 5.636692913976060909e-05
1.000000000000000056e-01 1.557771278824715750e+02 4.796019489678383967e-05
1.000000000000000056e-01 1.598803824268828748e+02 4.031416938333913568e-05
1.000000000000000056e-01 1.639836369712941746e+02 3.336583036743515437e-05
1.000000000000000056e-01 1.680868915157054744e+02 2.684569818262717185e-05
1.000000000000000056e-01 1.721901460601167173e+02 2.092677381057199434e-05
1.000000000000000056e-01 1.762934006045280171e+02 1.534713517547987995e-05
1.000000000000000056e-01 1.803966551489393169e+02 1.042676884497822555e-05
1.000000000000000056e-01 1.844999096933506166e+02 5.877608374009532031e-06
1.000000000000000056e-01 1.886031642377618880e+02 1.752332550408940156e-06
1.000000000000000056e-01 1.905082467048099772e+02 0.000000000000000000e+00
2.000000000000000111e-01 1.000000000000000000e+00 4.995490367434907153e-03
2.000000000000000111e-01 1.232959474736605499e+00 4.013495728649124281e-03
2.000000000000000111e-01 1.520189066342765960e+00 3.718916267187456250e-03
2.000000000000000111e-01 1.874331512738307337e+00 3.402672387315246530e-03
2.000000000000000111e-01 2.310974797428090532e+00 2.828811194800635778e-03
2.000000000000000111e-01 2.849338272366471969e+00 2.383893126374071140e-03
2.000000000000000111e-01 3.513118619643871732e+00 2.192309695426307176e-03
2.000000000000000111e-01 4.331532887963496670e+00 2.021405949392841243e-03
2.000000000000000111e-01 5.340604514347805143e+00 1.815814295199635582e-03
2.000000000000000111e-01 6.584748936786213314e+00 1.611739378633482043e-03
2.000000000000000111e-01 8.118728590372350951e+00 1.441267879349465405e-03
2.000000000000000111e-01 1.001006333831455386e+01 1.326441972155747214e-03
2.000000000000000111e-01 1.234200243568846211e+01 1.214016581980298859e-03
2.000000000000000111e-01 1.521718884030435603e+01 1.111222195774142158e-03
2.000000000000000111e-01 1.876217715950938825e+01 1.040729967338540219e-03
2.000000000000000111e-01 2.313300409550383918e+01 9.731010046592223142e-04
2.000000000000000111e-01 2.852205657867215294e+01 9.319017116185670862e-04
2.000000000000000111e-01 3.207587367210609841e+01 8.994290609360500264e-04
2.000000000000000111e-01 3.516653989764735400e+01 8.678624372451874914e-04
2.000000000000000111e-01 3.668164014810081852e+01 8.618676454418506758e-04
2.000000000000000111e-01 4.128740662409553863e+01 8.322628440076771782e-04
2.000000000000000111e-01 4.335891856050717053e+01 8.169043204425314748e-04
2.000000000000000111e-01 4.589317310009026585e+01 7.999352115535599255e-04
2.000000000000000111e-01 5.049893957608497885e+01 7.608683662461402340e-04
2.000000000000000111e-01 5.345978945351016165e+01 7.418677896437827655e-04
2.000000000000000111e-01 5.510470605207970607e+01 7.309021078874752830e-04
2.000000000000000111e-01 5.971047252807442618e+01 6.971875540470516639e-04
2.000000000000000111e-01 6.431623900406914629e+01 6.591484528128243713e-04
2.000000000000000111e-01 6.892200548006385930e+01 6.220105440899706579e-04
2.000000000000000111e-01 7.352777195605858651e+01 5.892034200667874014e-04
2.000000000000000111e-01 7.813353843205331373e+01 5.523971237525936119e-04
2.000000000000000111e-01 8.273930490804802673e+01 5.137066454542556400e-04
2.000000000000000111e-01 8.734507138404275395e+01 4.779876324669375220e-04
2.000000000000000111e-01 9.195083786003746695e+01 4.430056312015857411e-04
2.000000000000000111e-01 9.655660433603219417e+01 4.076219421214441105e-04
2.000000000000000111e-01 1.011623708120269072e+02 3.740213835009057169e-04
2.000000000000000111e-01 1.057681372880216344e+02 3.431767878148272045e-04
2.000000000000000111e-01 1.103739037640163616e+02 3.108956970558942852e-04
2.000000000000000111e-01 1.149796702400110746e+02 2.825409447163379430e-04
2.000000000000000111e-01 1.195854367160058018e+02 2.546126519786284011e-04
2.000000000000000111e-01 1.241912031920005148e+02 2.285097070259442238e-04
2.000000000000000111e-01 1.287969696679952563e+02 2.047238481321227448e-04
2.000000000000000111e-01 1.334027361439899551e+02 1.822332799506535487e-04
2.000000000000000111e-01 1.380085026199846823e+02 1.611550459853710400e-04
2.000000000000000111e-01 1.426142690959794095e+02 1.423993578094110638e-04
2.000000000000000111e-01 1.472200355719741083e+02 1.243605492369283532e-04
2.000000000000000111e-01 1.518258020479688639e+02 1.086955108120266718e-04
2.000000000000000111e-01 1.564315685239635627e+02 9.405295745921820553e-05
2.000000000000000111e-01 1.610373349999582899e+02 8.085992928330887927e-05
2.000000000000000111e-01 1.656431014759530171e+02 6.878822286837726950e-05
2.000000000000000111e-01 1.702488679519477159e+02 5.811349411742836735e-05
2.000000000000000111e-01 1.748546344279424432e+02 4.835808739888131129e-05
2.000000000000000111e-01 1.794604009039371704e+02 3.973946098948229151e-05
2.000000000000000111e-01 1.840661673799318976e+02 3.207743392936468778e-05
2.000000000000000111e-01 1.886719338559266248e+02 2.531363284191904197e-05
2.000000000000000111e-01 1.932777003319213236e+02 1.919661867838523940e-05
2.000000000000000111e-01 1.978834668079160508e+02 1.385998608809657087e-05
2.000000000000000111e-01 2.024892332839107780e+02 9.041588411682520898e-06
2.000000000000000111e-01 2.070949997599055052e+02 5.093764452876807481e-06
2.000000000000000111e-01 2.117007662359002325e+02 1.504933225263804933e-06
2.000000000000000111e-01 2.138391578140406466e+02 0.000000000000000000e+00
3.000000000000000444e-01 1.000000000000000000e+00 8.081288356935339631e-03
3.000000000000000444e-01 1.241998887289955666e+00 6.052715758070321105e-03
3.000000000000000444e-01 1.542561236029488247e+00 5.328622161743064127e-03
3.000000000000000444e-01 1.915859338725243166e+00 5.160447123117088003e-03
3.000000000000000444e-01 2.379495166900822412e+00 4.303528847831881998e-03
3.000000000000000444e-01 2.955330349602649065e+00 3.532164958921705025e-03
3.000000000000000444e-01 3.670517005780726372e+00 3.187175624604884731e-03
3.000000000000000444e-01 4.558778036958521795e+00 2.958294261312478801e-03
3.000000000000000444e-01 5.661997249304373092e+00 2.668067908152001611e-03
3.000000000000000444e-01 7.032194283474821006e+00 2.353000910886532057e-03
3.000000000000000444e-01 8.733977475282515002e+00 2.091000648512141534e-03
3.000000000000000444e-01 1.084759030591642315e+01 1.925959484996493144e-03
3.000000000000000444e-01 1.347269508972550867e+01 1.748021998178845345e-03
3.000000000000000444e-01 1.673307231023592934e+01 1.605363619315919570e-03
3.000000000000000444e-01 2.078245719025539628e+01 1.495652297059638265e-03
3.000000000000000444e-01 2.581178870544833970e+01 1.408473897400917395e-03
3.000000000000000444e-01 3.205821285113028551e+01 1.343412376032760477e-03
3.000000000000000444e-01 3.685141588420773218e+01 1.299230568653883706e-03
3.000000000000000444e-01 3.981626468960837428e+01 1.264243804150747257e-03
3.000000000000000444e-01 4.214290124194012321e+01 1.245428788910192845e-03
3.000000000000000444e-01 4.743438659967251425e+01 1.203634840649942537e-03
3.000000000000000444e-01 4.945175644053595221e+01 1.186881845460058173e-03
3.000000000000000444e-01 5.272587195740490529e+01 1.157090639755388580e-03
3.000000000000000444e-01 5.801735731513730343e+01 1.110061684758974210e-03
3.000000000000000444e-01 6.141902647367955126e+01 1.082771321682985321e-03
3.000000000000000444e-01 6.330884267286968736e+01 1.064952510734889146e-03
3.000000000000000444e-01 6.860032803060208551e+01 1.015311668293729461e-03
3.000000000000000444e-01 7.389181338833446944e+01 9.569182153919066373e-04
3.000000000000000444e-01 7.918329874606686758e+01 9.082020433263845701e-04
3.000000000000000444e-01 8.447478410379926572e+01 8.585454646908604985e-04
3.000000000000000444e-01 8.976626946153164965e+01 8.019534978480316774e-04
3.000000000000000444e-01 9.505775481926403359e+01 7.445885336551271621e-04
3.000000000000000444e-01 1.003492401769964317e+02 6.911417641022947174e-04
3.000000000000000444e-01 1.056407255347288299e+02 6.374104400756564013e-04
3.000000000000000444e-01 1.109322108924612280e+02 5.836444431955144924e-04
3.000000000000000444e-01 1.162236962501935977e+02 5.316879371200901663e-04
3.000000000000000444e-01 1.215151816079259959e+02 4.833165703720225265e-04
3.000000000000000444e-01 1.268066669656583940e+02 4.376445653720001925e-04
3.000000000000000444e-01 1.320981523233907922e+02 3.942868987820698592e-04
3.000000000000000444e-01 1.373896376811231903e+02 3.519364906656659341e-04
3.000000000000000444e-01 1.426811230388555600e+02 3.131497555937913448e-04
3.000000000000000444e-01 1.479726083965879582e+02 2.777376234603319322e-04
3.000000000000000444e-01 1.532640937543203563e+02 2.438430431342990192e-04
3.000000000000000444e-01 1.585555791120527545e+02 2.136780953931704369e-04
3.000000000000000444e-01 1.638470644697851526e+02 1.867250639918992619e-04
3.000000000000000444e-01 1.691385498275175507e+02 1.608124418721169988e-04
3.000000000000000444e-01 1.744300351852499205e+02 1.390033552144950629e-04
3.000000000000000444e-01 1.797215205429823186e+02 1.181107920235988112e-04
3.000000000000000444e-01 1.850130059007147167e+02 1.003587193428934964e-04
3.000000000000000444e-01 1.903044912584471149e+02 8.414318389866509197e-05
3.000000000000000444e-01 1.955959766161794846e+02 6.995991192077223825e-05
3.000000000000000444e-01 2.008874619739118828e+02 5.727320736040189889e-05
3.000000000000000444e-01 2.061789473316442809e+02 4.636051740314269280e-05
3.000000000000000444e-01 2.114704326893766790e+02 3.687702707779969837e-05
3.000000000000000444e-01 2.167619180471090772e+02 2.863020484882022068e-05
3.000000000000000444e-01 2.220534034048414469e+02 2.139129252314012609e-05
3.000000000000000444e-01 2.273448887625738450e+02 1.523305564905694121e-05
3.000000000000000444e-01 2.326363741203062432e+02 9.921255986955796629e-06
3.000000000000000444e-01 2.379278594780386413e+02 5.386676560413563115e-06
3.000000000000000444e-01 2.432193448357710110e+02 1.589929687122259068e-06
3.000000000000000444e-01 2.456761058947182050e+02 0.000000000000000000e+00
4.000000000000000222e-01 1.000000000000000000e+00 1.218861684415092211e-02
4.000000000000000222e-01 1.251249908231764740e+00 8.725421282678757703e-03
4.000000000000000222e-01 1.565626332849999747e+00 7.588487128003892739e-03
4.000000000000000222e-01 1.958989805303796627e+00 7.384198554001415726e-03
4.000000000000000222e-01 2.451185814113338246e+00 6.186528674074615736e-03
4.000000000000000222e-01 3.067046024968317575e+00 4.954152180756695063e-03
4.000000000000000222e-01 3.837641057284206791e+00 4.458658044115242601e-03
4.000000000000000222e-01 4.801848020753315183e+00 4.154470955379535417e-03
4.000000000000000222e-01 6.008311895310467499e+00 3.777255997119176485e-03
4.000000000000000222e-01 7.517899707635043782e+00 3.298117268239568727e-03
4.000000000000000222e-01 9.406771319273957488e+00 2.949355983746772270e-03
4.000000000000000222e-01 1.177022174999873805e+01 2.717730194673423014e-03
4.000000000000000222e-01 1.472748888455344307e+01 2.471401571652201510e-03
4.000000000000000222e-01 1.842776911528183348e+01 2.283695279062728737e-03
4.000000000000000222e-01 2.305774441441253231e+01 2.131451980194975452e-03
4.000000000000000222e-01 2.885100058256517030e+01 2.040681697375841888e-03
4.000000000000000222e-01 3.609981183132926219e+01 1.953478429705805472e-03
4.000000000000000222e-01 4.243149801057562343e+01 1.888830130954407454e-03
4.000000000000000222e-01 4.516988624113471928e+01 1.874719659192406991e-03
4.000000000000000222e-01 4.852422593004289553e+01 1.847540459991182027e-03
4.000000000000000222e-01 5.461695384951016052e+01 1.796365256239181637e-03
4.000000000000000222e-01 5.651881601405907674e+01 1.781973267107886220e-03
4.000000000000000222e-01 6.070968176897743263e+01 1.739613612351285444e-03
4.000000000000000222e-01 6.680240968844469762e+01 1.688798611718606143e-03
4.000000000000000222e-01 7.071916335095939132e+01 1.650034070539956130e-03
4.000000000000000222e-01 7.289513760791197683e+01 1.626018939933582697e-03
4.000000000000000222e-01 7.898786552737924183e+01 1.559513715326370838e-03
4.000000000000000222e-01 8.508059344684650682e+01 1.483446935335647069e-03
4.000000000000000222e-01 9.117332136631378603e+01 1.411454888337492029e-03
4.000000000000000222e-01 9.726604928578105103e+01 1.329858800196292426e-03
4.000000000000000222e-01 1.033587772052483160e+02 1.243196727102149988e-03
4.000000000000000222e-01 1.094515051247155810e+02 1.162689683761331362e-03
4.000000000000000222e-01 1.155442330441828602e+02 1.079430155124924337e-03
4.000000000000000222e-01 1.216369609636501252e+02 9.937978073588516880e-04
4.000000000000000222e-01 1.277296888831173902e+02 9.071441104667108931e-04
4.000000000000000222e-01 1.338224168025846552e+02 8.268449938281719662e-04
4.000000000000000222e-01 1.399151447220519344e+02 7.467544946120237281e-04
4.000000000000000222e-01 1.460078726415192136e+02 6.731218678943443317e-04
4.000000000000000222e-01 1.521006005609864928e+02 6.005594811520301862e-04
4.000000000000000222e-01 1.581933284804537436e+02 5.338148584430212800e-04
4.000000000000000222e-01 1.642860563999209944e+02 4.714302021162657314e-04
4.000000000000000222e-01 1.703787843193882736e+02 4.129114411142232916e-04
4.000000000000000222e-01 1.764715122388555528e+02 3.602961519195501490e-04
4.000000000000000222e-01 1.825642401583228320e+02 3.128752333249178738e-04
4.000000000000000222e-01 1.886569680777901112e+02 2.683473463942837511e-04
4.000000000000000222e-01 1.947496959972573336e+02 2.303769289254368341e-04
4.000000000000000222e-01 2.008424239167246128e+02 1.945743008809785362e-04
4.000000000000000222e-01 2.069351518361918920e+02 1.639402526846437226e-04
4.000000000000000222e-01 2.130278797556591712e+02 1.366498418885449338e-04
4.000000000000000222e-01 2.191206076751264504e+02 1.131291953339208934e-04
4.000000000000000222e-01 2.252133355945937296e+02 9.231763628931330228e-05
4.000000000000000222e-01 2.313060635140609520e+02 7.466920361264100224e-05
4.000000000000000222e-01 2.373987914335282312e+02 5.949653638431175065e-05
4.000000000000000222e-01 2.434915193529955104e+02 4.658516539868824393e-05
4.000000000000000222e-01 2.495842472724627896e+02 3.518355457332842008e-05
4.000000000000000222e-01 2.556769751919300688e+02 2.584969599861286827e-05
4.000000000000000222e-01 2.617697031113973480e+02 1.826338318069146253e-05
4.000000000000000222e-01 2.678624310308645704e+02 1.175097758978359329e-05
4.000000000000000222e-01 2.739551589503318496e+02 6.259049011868388063e-06
4.000000000000000222e-01 2.800478868697991288e+02 1.807148748350326306e-06
4.000000000000000222e-01 2.828766534038375084e+02 0.000000000000000000e+00
5.000000000000000000e-01 1.000000000000000000e+00 1.504540509939618007e-02
5.000000000000000000e-01 1.259758773284194167e+00 1.057683157781204135e-02
5.000000000000000000e-01 1.586992166866497467e+00 9.106026439305203030e-03
5.000000000000000000e-01 1.999227305343364014e+00 8.938972891182783709e-03
5.000000000000000000e-01 2.518544137695621021e+00 7.451377786134429602e-03
5.000000000000000000e-01 3.172758073365534059e+00 5.936111808298567827e-03
5.000000000000000000e-01 3.996909818430488759e+00 5.393745496338026371e-03
5.000000000000000000e-01 5.035142209793542989e+00 5.048300812489502250e-03
5.000000000000000000e-01 6.343064573520980076e+00 4.598403513063474557e-03
5.000000000000000000e-01 7.990731246001220534e+00 3.988794130714568877e-03
5.000000000000000000e-01 1.006639379210617591e+01 3.626968393518353699e-03
5.000000000000000000e-01 1.268122789493930469e+01 3.344749878625019688e-03
5.000000000000000000e-01 1.597528809666604133e+01 3.079011239573211517e-03
5.000000000000000000e-01 2.012500933551760340e+01 2.870604659178648422e-03
5.000000000000000000e-01 2.535265707284460035e+01 2.736742606219632994e-03
5.000000000000000000e-01 3.193823217358156086e+01 2.665710080195369831e-03
5.000000000000000000e-01 4.023446818385689028e+01 2.608974403382946852e-03
5.000000000000000000e-01 4.826270844548132999e+01 2.583678166781470421e-03
5.000000000000000000e-01 5.068572428303750144e+01 2.572897120014092185e-03
5.000000000000000000e-01 5.519273837611454780e+01 2.552004072834485916e-03
5.000000000000000000e-01 6.212276830674776562e+01 2.523417461083964867e-03
5.000000000000000000e-01 6.385178584582021699e+01 2.511702582993117962e-03
5.000000000000000000e-01 6.905279823738098344e+01 2.497947750019374660e-03
5.000000000000000000e-01 7.598282816801420836e+01 2.449950970571915590e-03
5.000000000000000000e-01 8.043784740913555709e+01 2.408338546870576920e-03
5.000000000000000000e-01 8.291285809864741907e+01 2.382813619395734474e-03
5.000000000000000000e-01 8.984288802928062978e+01 2.321596686408469116e-03
5.000000000000000000e-01 9.677291795991385470e+01 2.233207261251037804e-03
5.000000000000000000e-01 1.037029478905470796e+02 2.143856221827921456e-03
5.000000000000000000e-01 1.106329778211802903e+02 2.028045816560472038e-03
5.000000000000000000e-01 1.175630077518135010e+02 1.916287329009556169e-03
5.000000000000000000e-01 1.244930376824467260e+02 1.794191678758681741e-03
5.000000000000000000e-01 1.314230676130799509e+02 1.671954631673618812e-03
5.000000000000000000e-01 1.383530975437131758e+02 1.545502498151214103e-03
5.000000000000000000e-01 1.452831274743463723e+02 1.416343497612246143e-03
5.000000000000000000e-01 1.522131574049795972e+02 1.285980714911690546e-03
5.000000000000000000e-01 1.591431873356128222e+02 1.165606297673999836e-03
5.000000000000000000e-01 1.660732172662460471e+02 1.043066296351105810e-03
5.000000000000000000e-01 1.730032471968792436e+02 9.310457105764002655e-04
5.000000000000000000e-01 1.799332771275124685e+02 8.233898143969800836e-04
5.000000000000000000e-01 1.868633070581456934e+02 7.206317057423737267e-04
5.000000000000000000e-01 1.937933369887789183e+02 6.292077055127635616e-04
5.000000000000000000e-01 2.007233669194121148e+02 5.422393931173193201e-04
5.000000000000000000e-01 2.076533968500453398e+02 4.677732069870563962e-04
5.000000000000000000e-01 2.145834267806785647e+02 3.971699718445586636e-04
5.000000000000000000e-01 2.215134567113117896e+02 3.352154228394327740e-04
5.000000000000000000e-01 2.284434866419450145e+02 2.806953491763474178e-04
5.000000000000000000e-01 2.353735165725782110e+02 2.342607966606822709e-04
5.000000000000000000e-01 2.423035465032114359e+02 1.920020648095555451e-04
5.000000000000000000e-01 2.492335764338446609e+02 1.570818027013248114e-04
5.000000000000000000e-01 2.561636063644778574e+02 1.260290517380535343e-04
5.000000000000000000e-01 2.630936362951110823e+02 1.003618010135660742e-04
5.000000000000000000e-01 2.700236662257443072e+02 7.870459292861000267e-05
5.000000000000000000e-01 2.769536961563775321e+02 6.039790578723875042e-05
5.000000000000000000e-01 2.838837260870107571e+02 4.514014668809946366e-05
5.000000000000000000e-01 2.908137560176439251e+02 3.292843302411010671e-05
5.000000000000000000e-01 2.977437859482771501e+02 2.258131720329650637e-05
5.000000000000000000e-01 3.046738158789103750e+02 1.432754409619435035e-05
5.000000000000000000e-01 3.116038458095435999e+02 7.570258818260275093e-06
5.000000000000000000e-01 3.185338757401768248e+02 2.006066722458278637e-06
5.000000000000000000e-01 3.217513896365422283e+02 0.000000000000000000e+00
6.000000000000000888e-01 1.000000000000000000e+00 1.435750985214746811e-02
6.000000000000000888e-01 1.266976745332667020e+00 1.010135721612222259e-02
6.000000000000000888e-01 1.605230073213757658e+00 8.911466673661638457e-03
6.000000000000000888e-01 2.033789173670485173e+00 8.668052219854924939e-03
6.000000000000000888e-01 2.576763587949845391e+00 7.093167958513555901e-03
6.000000000000000888e-01 3.264699544152420252e+00 5.771282354066827047e-03
6.000000000000000888e-01 4.136298402939274865e+00 5.329623416730059661e-03
6.000000000000000888e-01 5.240593888280710821e+00 4.997908681076084110e-03
6.000000000000000888e-01 6.639710588184160933e+00 4.521841266321583244e-03
6.000000000000000888e-01 8.412358910968416481e+00 3.952142820072552035e-03
6.000000000000000888e-01 1.065826311358901890e+01 3.640917358716816259e-03
6.000000000000000888e-01 1.350377151055423397e+01 3.393353417174452095e-03
6.000000000000000888e-01 1.710896447815799348e+01 3.181066873177039109e-03
6.000000000000000888e-01 2.167666013054882512e+01 3.016443761397909294e-03
6.000000000000000888e-01 2.746382430188513624e+01 2.958354514183276530e-03
6.000000000000000888e-01 3.479602672839063615e+01 2.960421597986290666e-03
6.000000000000000888e-01 4.408575669484485360e+01 2.990551598143033080e-03
6.000000000000000888e-01 5.379668080742794700e+01 3.067403396910365482e-03
6.000000000000000888e-01 5.585562853276236694e+01 3.080544675039047393e-03
6.000000000000000888e-01 6.152133241054580992e+01 3.112820035223083648e-03
6.000000000000000888e-01 6.924598401366367284e+01 3.161632908849244718e-03
6.000000000000000888e-01 7.076778244694970965e+01 3.163399364791968666e-03
6.000000000000000888e-01 7.697063561678152155e+01 3.182544771395593927e-03
6.000000000000000888e-01 8.469528721989938447e+01 3.181879115911610042e-03
6.000000000000000888e-01 8.966113467904658307e+01 3.188196262921286217e-03
6.000000000000000888e-01 9.241993882301724739e+01 3.153096634977905956e-03
6.000000000000000888e-01 1.001445904261350961e+02 3.120575155960798094e-03
6.000000000000000888e-01 1.078692420292529590e+02 3.058337284642858710e-03
6.000000000000000888e-01 1.155938936323708219e+02 2.970987987677137579e-03
6.000000000000000888e-01 1.233185452354886849e+02 2.857960920926138834e-03
6.000000000000000888e-01 1.310431968386065478e+02 2.725977896480350979e-03
6.000000000000000888e-01 1.387678484417243965e+02 2.577953152481010906e-03
6.000000000000000888e-01 1.464925000448422452e+02 2.417411744493400908e-03
6.000000000000000888e-01 1.542171516479601223e+02 2.245873170711338955e-03
6.000000000000000888e-01 1.619418032510779710e+02 2.070693813625777181e-03
6.000000000000000888e-01 1.696664548541958197e+02 1.888503687629171411e-03
6.000000000000000888e-01 1.773911064573136969e+02 1.712982639172671217e-03
6.000000000000000888e-01 1.851157580604315456e+02 1.539290658740896916e-03
6.000000000000000888e-01 1.928404096635494227e+02 1.369703762963618609e-03
6.000000000000000888e-01 2.005650612666672714e+02 1.210040602237541204e-03
6.000000000000000888e-01 2.082897128697851485e+02 1.058962962238927524e-03
6.000000000000000888e-01 2.160143644729029972e+02 9.191933895368847428e-04
6.000000000000000888e-01 2.237390160760208460e+02 7.900345476963883560e-04
6.000000000000000888e-01 2.314636676791387231e+02 6.752593953821936675e-04
6.000000000000000888e-01 2.391883192822565718e+02 5.694795432567748656e-04
6.000000000000000888e-01 2.469129708853744205e+02 4.773642201555651976e-04
6.000000000000000888e-01 2.546376224884922976e+02 3.957788087567522739e-04
6.000000000000000888e-01 2.623622740916101748e+02 3.255148995403197828e-04
6.000000000000000888e-01 2.700869256947279951e+02 2.632747172882325811e-04
6.000000000000000888e-01 2.778115772978458722e+02 2.122628784392321976e-04
6.000000000000000888e-01 2.855362289009636925e+02 1.689765530352852808e-04
6.000000000000000888e-01 2.932608805040815696e+02 1.322835021982454392e-04
6.000000000000000888e-01 3.009855321071994467e+02 1.018885225518952254e-04
6.000000000000000888e-01 3.087101837103173239e+02 7.706570153478255810e-05
6.000000000000000888e-01 3.164348353134351441e+02 5.686871847947325473e-05
6.000000000000000888e-01 3.241594869165530213e+02 4.078435622079029313e-05
6.000000000000000888e-01 3.318841385196708984e+02 2.760071301343534905e-05
6.000000000000000888e-01 3.396087901227887187e+02 1.719659449074568624e-05
6.000000000000000888e-01 3.473334417259065958e+02 9.044641839511676111e-06
6.000000000000000888e-01 3.550580933290244730e+02 2.463548945573759993e-06
6.000000000000000888e-01 3.586445387161863323e+02 0.000000000000000000e+00
7.000000000000000666e-01 1.000000000000000000e+00 1.085530309236774384e-02
7.000000000000000666e-01 1.272625077105816516e+00 7.861911394614534698e-03
7.000000000000000666e-01 1.619574586878585354e+00 7.098017971837516579e-03
7.000000000000000666e-01 2.061111233504980600e+00 6.814509423389178595e-03
7.000000000000000666e-01 2.623021842462940345e+00 5.490103842176033422e-03
7.000000000000000666e-01 3.338123374514640584e+00 4.627658648893189820e-03
7.000000000000000666e-01 4.248179516880422391e+00 4.369261071713015886e-03
7.000000000000000666e-01 5.406339785229297590e+00 4.074834823158911962e-03
7.000000000000000666e-01 6.880243586037678050e+00 3.651411098284488427e-03
7.000000000000000666e-01 8.755970524187999260e+00 3.271220632321379749e-03
7.000000000000000666e-01 1.114306766348101085e+01 3.079023369926558746e-03
7.000000000000000666e-01 1.418094734443284999e+01 2.881874476124235505e-03
7.000000000000000666e-01 1.804702920764237817e+01 2.752047570106857209e-03
7.000000000000000666e-01 2.296710193690680413e+01 2.687750887867045978e-03
7.000000000000000666e-01 2.922850987335316830e+01 2.731564995685232741e-03
7.000000000000000666e-01 3.719693463126419175e+01 2.813510419477294449e-03
7.000000000000000666e-01 4.733775180321260478e+01 2.982856817956284178e-03
7.000000000000000666e-01 5.854102320628329181e+01 3.168923446352645088e-03
7.000000000000000666e-01 6.024321003857944135e+01 3.197790408997532724e-03
7.000000000000000666e-01 6.694691371795474311e+01 3.331453133153222668e-03
7.000000000000000666e-01 7.535280422962618729e+01 3.462045444542328262e-03
7.000000000000000666e-01 7.666701982044905606e+01 3.480145697176667118e-03
7.000000000000000666e-01 8.375869474129763148e+01 3.574428773770268498e-03
7.000000000000000666e-01 9.216458525296908988e+01 3.667182521194519134e-03
7.000000000000000666e-01 9.756837201047213171e+01 3.700564287865619733e-03
7.000000000000000666e-01 1.005704757646405199e+02 3.723092092359180094e-03
7.000000000000000666e-01 1.089763662763119783e+02 3.729962095060062113e-03
7.000000000000000666e-01 1.173822567879834367e+02 3.723495638226395187e-03
7.000000000000000666e-01 1.257881472996548666e+02 3.666080777902137183e-03
7.000000000000000666e-01 1.341940378113263250e+02 3.585825508467863684e-03
7.000000000000000666e-01 1.425999283229977550e+02 3.468299541067431518e-03
7.000000000000000666e-01 1.510058188346692134e+02 3.313364752981742562e-03
7.000000000000000666e-01 1.594117093463406718e+02 3.141900012801247463e-03
7.000000000000000666e-01 1.678175998580121018e+02 2.939428180648185219e-03
7.000000000000000666e-01 1.762234903696835602e+02 2.744004544464044570e-03
7.000000000000000666e-01 1.846293808813550186e+02 2.515847269116832426e-03
7.000000000000000666e-01 1.930352713930264485e+02 2.294005919878324990e-03
7.000000000000000666e-01 2.014411619046979069e+02 2.065883064033889865e-03
7.000000000000000666e-01 2.098470524163693369e+02 1.848659602326161279e-03
7.000000000000000666e-01 2.182529429280407953e+02 1.633318062266578751e-03
7.000000000000000666e-01 2.266588334397122253e+02 1.432385196590561533e-03
7.000000000000000666e-01 2.350647239513836837e+02 1.240353937405412653e-03
7.000000000000000666e-01 2.434706144630551421e+02 1.063831942961875575e-03
7.000000000000000666e-01 2.518765049747265721e+02 9.041801078137619123e-04
7.000000000000000666e-01 2.602823954863980589e+02 7.608793052744501455e-04
7.000000000000000666e-01 2.686882859980694889e+02 6.343000104783352898e-04
7.000000000000000666e-01 2.770941765097409188e+02 5.216719633855018256e-04
7.000000000000000666e-01 2.855000670214124057e+02 4.253970692886191603e-04
7.000000000000000666e-01 2.939059575330838356e+02 3.432736413888830902e-04
7.000000000000000666e-01 3.023118480447552656e+02 2.738742759541188364e-04
7.000000000000000666e-01 3.107177385564267524e+02 2.145451505300463135e-04
7.000000000000000666e-01 3.191236290680981824e+02 1.665381847504486469e-04
7.000000000000000666e-01 3.275295195797696124e+02 1.265835200586551748e-04
7.000000000000000666e-01 3.359354100914410424e+02 9.495027627645458515e-05
7.000000000000000666e-01 3.443413006031125292e+02 6.923795275685464044e-05
7.000000000000000666e-01 3.527471911147839592e+02 4.859831982982771979e-05
7.000000000000000666e-01 3.611530816264553891e+02 3.257938874592427334e-05
7.000000000000000666e-01 3.695589721381268760e+02 1.986700741241681549e-05
7.000000000000000666e-01 3.779648626497983059e+02 1.015218911134524805e-05
7.000000000000000666e-01 3.863707531614697359e+02 2.741373933503208208e-06
7.000000000000000666e-01 3.902734880418886405e+02 0.000000000000000000e+00
8.000000000000000444e-01 1.000000000000000000e+00 7.233682645465576780e-03
8.000000000000000444e-01 1.276635357430532691e+00 5.600980531467725058e-03
8.000000000000000444e-01 1.629797835841784170e+00 5.313141735904711692e-03
8.000000000000000444e-01 2.080657542699384521e+00 4.743733495896365615e-03
8.000000000000000444e-01 2.656240985714562797e+00 3.855354922074485415e-03
8.000000000000000444e-01 3.391051160219341831e+00 3.412463754381144052e-03
8.000000000000000444e-01 4.329135809991841555e+00 3.235793181556819321e-03
8.000000000000000444e-01 5.526727842154254056e+00 2.979676223600521024e-03
8.000000000000000444e-01 7.055616174189873746e+00 2.666205196057729130e-03
8.000000000000000444e-01 9.007449076429537627e+00 2.456899186849439368e-03
8.000000000000000444e-01 1.149922797122494522e+01 2.331769854786075718e-03
8.000000000000000444e-01 1.468032101121993982e+01 2.224013316436236967e-03
8.000000000000000444e-01 1.874141686135371998e+01 2.168923176243331245e-03
8.000000000000000444e-01 2.392595541354891964e+01 2.183696404404542567e-03
8.000000000000000444e-01 3.054472064124301411e+01 2.288741059057638073e-03
8.000000000000000444e-01 3.899447035344905288e+01 2.429703360127471751e-03
8.000000000000000444e-01 4.978171959748974729e+01 2.696023448374489529e-03
8.000000000000000444e-01 6.214722622143769826e+01 3.013756925692936614e-03
8.000000000000000444e-01 6.355310339184788404e+01 3.048517373401929756e-03
8.000000000000000444e-01 7.107093049938772822e+01 3.245979672445894939e-03
8.000000000000000444e-01 7.999463477733775107e+01 3.453528051513036004e-03
8.000000000000000444e-01 8.113413886447132484e+01 3.482410599980158457e-03
8.000000000000000444e-01 8.891833905528778814e+01 3.667692925793167563e-03
8.000000000000000444e-01 9.784204333323782521e+01 3.827546505235226732e-03
8.000000000000000444e-01 1.035787103690628328e+02 3.914884380542762651e-03
8.000000000000000444e-01 1.067657476111878481e+02 3.961058319242037259e-03
8.000000000000000444e-01 1.156894518891378709e+02 4.052116321089807224e-03
8.000000000000000444e-01 1.246131561670879080e+02 4.104261880504545684e-03
8.000000000000000444e-01 1.335368604450379451e+02 4.102052853654554292e-03
8.000000000000000444e-01 1.424605647229879821e+02 4.063000354914827333e-03
8.000000000000000444e-01 1.513842690009379908e+02 3.971882045422570583e-03
8.000000000000000444e-01 1.603079732788880278e+02 3.847838248560481785e-03
8.000000000000000444e-01 1.692316775568380649e+02 3.681290030075865666e-03
8.000000000000000444e-01 1.781553818347881020e+02 3.485143352893551628e-03
8.000000000000000444e-01 1.870790861127381106e+02 3.270635939760233209e-03
8.000000000000000444e-01 1.960027903906881477e+02 3.027401762457344100e-03
8.000000000000000444e-01 2.049264946686381847e+02 2.772599480681072794e-03
8.000000000000000444e-01 2.138501989465882218e+02 2.513334682880952620e-03
8.000000000000000444e-01 2.227739032245382589e+02 2.251472786703449368e-03
8.000000000000000444e-01 2.316976075024882675e+02 1.999261675830910339e-03
8.000000000000000444e-01 2.406213117804383046e+02 1.749753051795217363e-03
8.000000000000000444e-01 2.495450160583883417e+02 1.519669022356626500e-03
8.000000000000000444e-01 2.584687203363383219e+02 1.305841625796017079e-03
8.000000000000000444e-01 2.673924246142883590e+02 1.108710176031130375e-03
8.000000000000000444e-01 2.763161288922383960e+02 9.308079175767612840e-04
8.000000000000000444e-01 2.852398331701884331e+02 7.736929458826498525e-04
8.000000000000000444e-01 2.941635374481384702e+02 6.350094512175611088e-04
8.000000000000000444e-01 3.030872417260885072e+02 5.146906646623225154e-04
8.000000000000000444e-01 3.120109460040385443e+02 4.140829641647602623e-04
8.000000000000000444e-01 3.209346502819885245e+02 3.274737874934929957e-04
8.000000000000000444e-01 3.298583545599385616e+02 2.553259463959435321e-04
8.000000000000000444e-01 3.387820588378885986e+02 1.967279210658642061e-04
8.000000000000000444e-01 3.477057631158386357e+02 1.489071048101980258e-04
8.000000000000000444e-01 3.566294673937886728e+02 1.102028982135791978e-04
8.000000000000000444e-01 3.655531716717387098e+02 7.973660915571238706e-05
8.000000000000000444e-01 3.744768759496887469e+02 5.573178611560406865e-05
8.000000000000000444e-01 3.834005802276387840e+02 3.691288128933096927e-05
8.000000000000000444e-01 3.923242845055887642e+02 2.252136058424574736e-05
8.000000000000000444e-01 4.012479887835388013e+02 1.134128973252468500e-05
8.000000000000000444e-01 4.101716930614888383e+02 3.128247928883430136e-06
8.000000000000000444e-01 4.143148414762513312e+02 0.000000000000000000e+00
9.000000000000000222e-01 1.000000000000000000e+00 5.078228874352742721e-03
9.000000000000000222e-01 1.279012683964850572e+00 4.151795019448388004e-03
9.000000000000000222e-01 1.635873445742970445e+00 4.039148537831644889e-03
9.000000000000000222e-01 2.092302886466544720e+00 3.465520349274858313e-03
9.000000000000000222e-01 2.676081930486979399e+00 2.831236381896135804e-03
9.000000000000000222e-01 3.422742732421990119e+00 2.648665899411380576e-03
9.000000000000000222e-01 4.377731368716235139e+00 2.459968156694235155e-03
9.000000000000000222e-01 5.599173947578870880e+00 2.257351039115619920e-03
9.000000000000000222e-01 7.161414498678918328e+00 2.018624126732250241e-03
9.000000000000000222e-01 9.159539978940117066e+00 1.911142172967021571e-03
9.000000000000000222e-01 1.171516781234755022e+01 1.810268316344205248e-03
9.000000000000000222e-01 1.498384822676927008e+01 1.754663675225874402e-03
9.000000000000000222e-01 1.916453193664212407e+01 1.747971289800048181e-03
9.000000000000000222e-01 2.451167942921473042e+01 1.812308440013321023e-03
9.000000000000000222e-01 3.135074889524595676e+01 1.931286359243766619e-03
9.000000000000000222e-01 4.009800548881661086e+01 2.131313870181900626e-03
9.000000000000000222e-01 5.128585762188862418e+01 2.419616074567868241e-03
9.000000000000000222e-01 6.438332876231388013e+01 2.815199352698585615e-03
9.000000000000000222e-01 6.559526240641093864e+01 2.847023461952929643e-03
9.000000000000000222e-01 7.362811443074869544e+01 3.086575698733512278e-03
9.000000000000000222e-01 8.287290009918351075e+01 3.347296954580989813e-03
9.000000000000000222e-01 8.389717262580234092e+01 3.385396950163648434e-03
9.000000000000000222e-01 9.211768576761832605e+01 3.598437750206259864e-03
9.000000000000000222e-01 1.013624714360531414e+02 3.826145669065654422e-03
9.000000000000000222e-01 1.073055479371898571e+02 3.952550275830480839e-03
9.000000000000000222e-01 1.106072571044879567e+02 4.014250236161884776e-03
9.000000000000000222e-01 1.198520427729227720e+02 4.153628083797033903e-03
9.000000000000000222e-01 1.290968284413575873e+02 4.255747608539020219e-03
9.000000000000000222e-01 1.383416141097924026e+02 4.299662347129661923e-03
9.000000000000000222e-01 1.475863997782272179e+02 4.300221980564985017e-03
9.000000000000000222e-01 1.568311854466620332e+02 4.245225993538774729e-03
9.000000000000000222e-01 1.660759711150968485e+02 4.130280972678158566e-03
9.000000000000000222e-01 1.753207567835316638e+02 3.995502225502937238e-03
9.000000000000000222e-01 1.845655424519664791e+02 3.803929461487865014e-03
9.000000000000000222e-01 1.938103281204012944e+02 3.583631356492931845e-03
9.000000000000000222e-01 2.030551137888361097e+02 3.339154521565483938e-03
9.000000000000000222e-01 2.122998994572709250e+02 3.063445012009690261e-03
9.000000000000000222e-01 2.215446851257057403e+02 2.791402306283619246e-03
9.000000000000000222e-01 2.307894707941405557e+02 2.510912998572819178e-03
9.000000000000000222e-01 2.400342564625753710e+02 2.230848723134093523e-03
9.000000000000000222e-01 2.492790421310101863e+02 1.962441358916933165e-03
9.000000000000000222e-01 2.585238277994450300e+02 1.706592397686197606e-03
9.000000000000000222e-01 2.677686134678798453e+02 1.468788603183493772e-03
9.000000000000000222e-01 2.770133991363146606e+02 1.245572781747276200e-03
9.000000000000000222e-01 2.862581848047494759e+02 1.044243915362628181e-03
9.000000000000000222e-01 2.955029704731842912e+02 8.686763515486083413e-04
9.000000000000000222e-01 3.047477561416191065e+02 7.119357730755610522e-04
9.000000000000000222e-01 3.139925418100539218e+02 5.760202547261915329e-04
9.000000000000000222e-01 3.232373274784887371e+02 4.604941090851746898e-04
9.000000000000000222e-01 3.324821131469235524e+02 3.637243839985590272e-04
9.000000000000000222e-01 3.417268988153583678e+02 2.824509137787059761e-04
9.000000000000000222e-01 3.509716844837931831e+02 2.170418666661029354e-04
9.000000000000000222e-01 3.602164701522279984e+02 1.634832574515966827e-04
9.000000000000000222e-01 3.694612558206628137e+02 1.203847073231799174e-04
9.000000000000000222e-01 3.787060414890976290e+02 8.677279039794753358e-05
9.000000000000000222e-01 3.879508271575324443e+02 5.997403004971989970e-05
9.000000000000000222e-01 3.971956128259672596e+02 3.976404044782983968e-05
9.000000000000000222e-01 4.064403984944020749e+02 2.414931797663808109e-05
9.000000000000000222e-01 4.156851841628368902e+02 1.231996470054924502e-05
9.000000000000000222e-01 4.249299698312716487e+02 3.250789714566642201e-06
9.000000000000000222e-01 4.292221917487592577e+02 0.000000000000000000e+00
1.000000000000000000e+00 1.000000000000000000e+00 4.462873231253709772e-03
1.000000000000000000e+00 1.279798711904958086e+00 3.710752161373631793e-03
1.000000000000000000e+00 1.637884742993590104e+00 3.600252818641515220e-03
1.000000000000000000e+00 2.096162784331980333e+00 3.017136532185443407e-03
1.000000000000000000e+00 2.682666431331178547e+00 2.455989629868331105e-03
1.000000000000000000e+00 3.433273043288313175e+00 2.387309159363123177e-03
1.000000000000000000e+00 4.393898418418399565e+00 2.169526416579282968e-03
1.000000000000000000e+00 5.623305536133099913e+00 2.015338782041290432e-03
1.000000000000000000e+00 7.196699181791161415e+00 1.836902761454509972e-03
1.000000000000000000e+00 9.210326342823794477e+00 1.732276021982219038e-03
1.000000000000000000e+00 1.178736378977019505e+01 1.653490963777524449e-03
1.000000000000000000e+00 1.508545299490304537e+01 1.604957121491082774e-03
1.000000000000000000e+00 1.930634331137971316e+01 1.625908512435082125e-03
1.000000000000000000e+00 2.470823330149865527e+01 1.685047107688447416e-03
1.000000000000000000e+00 3.162156515270517332e+01 1.776931296203265948e-03
1.000000000000000000e+00 4.046923835085078025e+01 2.020152993223023677e-03
1.000000000000000000e+00 5.179247911319357200e+01 2.323949118996249119e-03
1.000000000000000000e+00 6.513928033522066130e+01 2.711581824190057582e-03
1.000000000000000000e+00 6.628394805542959034e+01 2.753512522172522729e-03
1.000000000000000000e+00 7.449261289617543014e+01 3.024142575572186763e-03
1.000000000000000000e+00 8.384594545713018476e+01 3.298190652635840225e-03
1.000000000000000000e+00 8.483011134131392339e+01 3.320784228648775496e-03
1.000000000000000000e+00 9.319927801808495360e+01 3.569272587403548615e-03
1.000000000000000000e+00 1.025526105790397082e+02 3.804480579475481763e-03
1.000000000000000000e+00 1.085654672253677688e+02 3.939205666660763362e-03
1.000000000000000000e+00 1.119059431399944771e+02 4.004974661072690199e-03
1.000000000000000000e+00 1.212592757009492459e+02 4.168948729829279054e-03
1.000000000000000000e+00 1.306126082619040005e+02 4.277375350642472450e-03
1.000000000000000000e+00 1.399659408228587836e+02 4.354214877917139508e-03
1.000000000000000000e+00 1.493192733838135382e+02 4.355272543867244953e-03
1.000000000000000000e+00 1.586726059447682928e+02 4.324053780921921324e-03
1.000000000000000000e+00 1.680259385057230475e+02 4.223963311764741477e-03
1.000000000000000000e+00 1.773792710666778305e+02 4.082099373479814407e-03
1.000000000000000000e+00 1.867326036276325851e+02 3.906966487129582763e-03
1.000000000000000000e+00 1.960859361885873398e+02 3.681229824475391876e-03
1.000000000000000000e+00 2.054392687495421228e+02 3.441428353068771550e-03
1.000000000000000000e+00 2.147926013104968774e+02 3.167888275450153352e-03
1.000000000000000000e+00 2.241459338714516321e+02 2.889333009727205592e-03
1.000000000000000000e+00 2.334992664324064151e+02 2.601153112750686971e-03
1.000000000000000000e+00 2.428525989933611697e+02 2.314688152707515545e-03
1.000000000000000000e+00 2.522059315543159244e+02 2.030449590058649653e-03
1.000000000000000000e+00 2.615592641152707074e+02 1.764563898666570438e-03
1.000000000000000000e+00 2.709125966762254620e+02 1.523510794472776250e-03
1.000000000000000000e+00 2.802659292371802167e+02 1.295578204677839485e-03
1.000000000000000000e+00 2.896192617981349713e+02 1.083900868977980773e-03
1.000000000000000000e+00 2.989725943590897259e+02 8.992891878142859896e-04
1.000000000000000000e+00 3.083259269200444805e+02 7.388152591006313377e-04
1.000000000000000000e+00 3.176792594809992352e+02 5.951116918832029127e-04
1.000000000000000000e+00 3.270325920419539898e+02 4.775287335352954520e-04
1.000000000000000000e+00 3.363859246029088581e+02 3.763297104313810494e-04
1.000000000000000000e+00 3.457392571638636127e+02 2.905711849172068657e-04
1.000000000000000000e+00 3.550925897248183674e+02 2.245777924311282315e-04
1.000000000000000000e+00 3.644459222857731220e+02 1.683006055809734946e-04
1.000000000000000000e+00 3.737992548467278766e+02 1.247229242466706145e-04
1.000000000000000000e+00 3.831525874076826312e+02 8.720957374424904865e-05
1.000000000000000000e+00 3.925059199686373859e+02 6.339699411368742040e-05
1.000000000000000000e+00 4.018592525295921405e+02 4.003457534836826228e-05
1.000000000000000000e+00 4.112125850905468951e+02 2.388357289958196284e-05
1.000000000000000000e+00 4.205659176515016497e+02 1.291610240345392773e-05
1.000000000000000000e+00 4.299192502124564044e+02 3.495641441807209183e-06
1.000000000000000000e+00 4.342618689014711322e+02 0.000000000000000000e+00
