# mx [GeV]: 10000.0
# sigma_p [cm^2]: 6.02559586074e-28
# depth [m]: 0.3
# loc: MPI
# Columns: gamma/pi, v [km/s], f(v, gamma) [s/km]
0.000000000000000000e+00 3.214361090889827355e-01 7.328892052560929612e-03
0.000000000000000000e+00 3.675910375735546021e-01 7.345170412452801771e-03
0.000000000000000000e+00 4.137459660581264687e-01 7.114867226013417596e-03
0.000000000000000000e+00 4.599008945426983352e-01 7.117976872372914175e-03
0.000000000000000000e+00 5.060558230272702573e-01 7.101200128177108037e-03
0.000000000000000000e+00 5.357268484816378740e-01 7.080989205847452138e-03
0.000000000000000000e+00 5.522107515118420684e-01 7.066902222164846321e-03
0.000000000000000000e+00 5.536171665168215794e-01 7.065512309288068601e-03
0.000000000000000000e+00 5.721049223700037656e-01 6.596467298674029041e-03
0.000000000000000000e+00 5.912100671647849692e-01 6.596535582468295543e-03
0.000000000000000000e+00 5.983656799964139905e-01 6.699409659476078700e-03
0.000000000000000000e+00 6.109532182821083568e-01 6.693641911089058538e-03
0.000000000000000000e+00 6.313556816095751145e-01 6.681965338260659713e-03
0.000000000000000000e+00 6.445206084809858016e-01 6.672673555450885433e-03
0.000000000000000000e+00 6.524394745337647183e-01 6.666461735695115333e-03
0.000000000000000000e+00 6.742273497003707927e-01 6.647479529547840882e-03
0.000000000000000000e+00 6.906755369655577237e-01 6.630955663556801528e-03
0.000000000000000000e+00 6.967428195677954905e-01 6.624506454477548101e-03
0.000000000000000000e+00 7.200101817806970894e-01 6.101787767076012961e-03
0.000000000000000000e+00 7.368304654501296458e-01 6.096879664715584152e-03
0.000000000000000000e+00 7.440545453908750106e-01 6.094204602962483529e-03
0.000000000000000000e+00 7.689018579537865161e-01 5.906115039245060302e-03
0.000000000000000000e+00 7.829853939347014569e-01 5.767159334167734283e-03
0.000000000000000000e+00 7.945789335299389133e-01 5.410472994404172224e-03
0.000000000000000000e+00 8.211134816213717658e-01 5.182235454423246741e-03
0.000000000000000000e+00 8.291403224192732679e-01 5.112812462237667846e-03
0.000000000000000000e+00 8.485341370744592382e-01 4.945140359465602028e-03
0.000000000000000000e+00 8.752952509038451900e-01 4.714694271769365001e-03
0.000000000000000000e+00 8.768704909813002102e-01 4.701235196380485447e-03
0.000000000000000000e+00 9.061531226130448147e-01 4.100500245791762789e-03
0.000000000000000000e+00 9.214501793884171121e-01 3.998921854072246852e-03
0.000000000000000000e+00 9.364136324196162819e-01 3.899474502602078875e-03
0.000000000000000000e+00 9.676051078729890342e-01 3.693219334435320772e-03
0.000000000000000000e+00 9.676846761314432666e-01 3.692683444518013100e-03
0.000000000000000000e+00 1.000000000000000000e+00 3.252609723764250844e-03
0.000000000000000000e+00 1.013760036357560734e+00 3.177780624376059376e-03
0.000000000000000000e+00 1.059914964842132656e+00 2.929175954124786999e-03
0.000000000000000000e+00 1.106069893326704578e+00 2.573492974946037237e-03
0.000000000000000000e+00 1.152224821811276501e+00 2.361396362881945394e-03
0.000000000000000000e+00 1.198379750295848423e+00 1.960633713812328510e-03
0.000000000000000000e+00 1.244534678780420123e+00 1.799726046691106683e-03
0.000000000000000000e+00 1.290689607264992045e+00 1.558936170848591917e-03
0.000000000000000000e+00 1.336844535749563967e+00 1.425374870705306768e-03
0.000000000000000000e+00 1.382999464234135889e+00 1.161782727316481656e-03
0.000000000000000000e+00 1.429154392718707811e+00 1.061793323580394145e-03
0.000000000000000000e+00 1.475309321203279733e+00 8.705488171629750501e-04
0.000000000000000000e+00 1.521464249687851433e+00 7.942487366679475656e-04
0.000000000000000000e+00 1.567619178172423355e+00 6.693478204827682477e-04
0.000000000000000000e+00 1.613774106656995277e+00 6.086057270645433550e-04
0.000000000000000000e+00 1.659929035141567200e+00 4.653387690785717513e-04
0.000000000000000000e+00 1.706083963626138900e+00 4.229612733356430377e-04
0.000000000000000000e+00 1.752238892110710822e+00 3.476581241857061360e-04
0.000000000000000000e+00 1.798393820595282744e+00 3.150043289365244163e-04
0.000000000000000000e+00 1.844548749079854666e+00 2.266337640407581344e-04
0.000000000000000000e+00 1.890703677564426588e+00 1.869178814821538840e-04
0.000000000000000000e+00 1.936858606048998288e+00 1.279474914639721391e-04
0.000000000000000000e+00 1.983013534533570210e+00 1.158570760660307516e-04
0.000000000000000000e+00 2.029168463018141910e+00 7.043132588637100668e-05
0.000000000000000000e+00 2.075323391502713832e+00 2.616129442021309593e-05
0.000000000000000000e+00 2.121478319987285754e+00 1.503826285172620169e-05
0.000000000000000000e+00 2.142907393926551496e+00 0.000000000000000000e+00
1.000000000000000056e-01 3.293910651735856288e-01 8.230604837707657453e-03
1.000000000000000056e-01 3.766882437626132840e-01 8.054143244777409866e-03
1.000000000000000056e-01 4.239854223516409948e-01 8.015350703276719058e-03
1.000000000000000056e-01 4.712826009406686500e-01 7.932294163755137378e-03
1.000000000000000056e-01 5.185797795296963608e-01 7.834813303196666925e-03
1.000000000000000056e-01 5.489851086226427146e-01 7.768446599319109129e-03
1.000000000000000056e-01 5.658769581187239606e-01 7.724311023877248467e-03
1.000000000000000056e-01 5.665886924801937230e-01 7.722102865501489707e-03
1.000000000000000056e-01 5.847567473220440792e-01 7.657611279632736169e-03
1.000000000000000056e-01 6.035073732972707772e-01 7.629820377037745474e-03
1.000000000000000056e-01 6.131741367077516713e-01 7.614753960797586603e-03
1.000000000000000056e-01 6.228592509486396978e-01 7.598754772604866467e-03
1.000000000000000056e-01 6.428316598233266843e-01 7.563537494568908781e-03
1.000000000000000056e-01 6.604713152967793821e-01 7.530083224052432772e-03
1.000000000000000056e-01 6.634444976804042549e-01 7.524079012136625395e-03
1.000000000000000056e-01 6.847183003142306434e-01 7.298393550852855759e-03
1.000000000000000056e-01 7.066742620134880415e-01 7.242514451693550862e-03
1.000000000000000056e-01 7.077684938858070929e-01 7.240244735282287160e-03
1.000000000000000056e-01 7.293342566762547330e-01 7.195807649967215711e-03
1.000000000000000056e-01 7.527208596021460751e-01 7.113809415973816608e-03
1.000000000000000056e-01 7.550656724748346926e-01 7.078478444262436761e-03
1.000000000000000056e-01 7.768573699832361790e-01 6.759151049884237934e-03
1.000000000000000056e-01 8.017678341161652567e-01 6.162859776870524206e-03
1.000000000000000056e-01 8.023628510638624034e-01 6.156783855135088482e-03
1.000000000000000056e-01 8.274770693585596915e-01 5.857296560314899196e-03
1.000000000000000056e-01 8.496600296528901142e-01 5.615083851938784155e-03
1.000000000000000056e-01 8.540106888536317387e-01 5.568305197537056980e-03
1.000000000000000056e-01 8.813951270475893773e-01 5.165264969789184861e-03
1.000000000000000056e-01 8.969572082419177139e-01 4.996340396699093869e-03
1.000000000000000056e-01 9.096576660252799762e-01 4.855200623770534844e-03
1.000000000000000056e-01 9.388264626903043419e-01 4.565018283439557095e-03
1.000000000000000056e-01 9.442543868309454247e-01 4.513417185721687631e-03
1.000000000000000056e-01 9.689305768166800448e-01 4.283151187394233610e-03
1.000000000000000056e-01 9.915515654199731355e-01 3.941320350203216145e-03
1.000000000000000056e-01 1.000000000000000000e+00 3.855948697052718165e-03
1.000000000000000056e-01 1.038848744009000846e+00 3.555815687055353079e-03
1.000000000000000056e-01 1.086145922598028335e+00 3.211154396058531809e-03
1.000000000000000056e-01 1.133443101187056268e+00 2.816207764099769393e-03
1.000000000000000056e-01 1.180740279776083757e+00 2.535782567990423671e-03
1.000000000000000056e-01 1.228037458365111467e+00 2.226109585263711613e-03
1.000000000000000056e-01 1.275334636954139178e+00 1.991551467589793532e-03
1.000000000000000056e-01 1.322631815543166667e+00 1.711384365463266676e-03
1.000000000000000056e-01 1.369928994132194600e+00 1.534538333927153077e-03
1.000000000000000056e-01 1.417226172721222088e+00 1.327267757704047538e-03
1.000000000000000056e-01 1.464523351310249799e+00 1.183614967009029642e-03
1.000000000000000056e-01 1.511820529899277510e+00 9.895828162862095514e-04
1.000000000000000056e-01 1.559117708488305221e+00 8.774173721975590335e-04
1.000000000000000056e-01 1.606414887077332931e+00 7.389377189979571495e-04
1.000000000000000056e-01 1.653712065666360642e+00 6.462697443860252475e-04
1.000000000000000056e-01 1.701009244255388131e+00 5.449136811151219367e-04
1.000000000000000056e-01 1.748306422844415842e+00 4.693275788003655065e-04
1.000000000000000056e-01 1.795603601433443552e+00 3.838413595714976309e-04
1.000000000000000056e-01 1.842900780022471263e+00 3.203558747246802534e-04
1.000000000000000056e-01 1.890197958611498974e+00 2.622404409041035472e-04
1.000000000000000056e-01 1.937495137200526685e+00 1.978193455211622301e-04
1.000000000000000056e-01 1.984792315789554396e+00 1.567596713859288615e-04
1.000000000000000056e-01 2.032089494378581662e+00 1.156231172023388450e-04
1.000000000000000056e-01 2.079386672967609595e+00 8.409732331251549089e-05
1.000000000000000056e-01 2.126683851556637528e+00 4.429179637568377508e-05
1.000000000000000056e-01 2.173981030145665017e+00 2.049191664448592594e-05
1.000000000000000056e-01 2.195940434490570858e+00 0.000000000000000000e+00
2.000000000000000111e-01 3.537339742826478006e-01 1.135820674329411292e-02
2.000000000000000111e-01 4.045265449488741338e-01 1.123048564241551847e-02
2.000000000000000111e-01 4.553191156151005226e-01 1.110626668616805299e-02
2.000000000000000111e-01 5.061116862813268558e-01 1.098812873675441594e-02
2.000000000000000111e-01 5.569042569475531890e-01 1.084333188773406974e-02
2.000000000000000111e-01 5.895566238044129825e-01 1.060448131559052140e-02
2.000000000000000111e-01 6.061821268974395549e-01 1.058168508124382977e-02
2.000000000000000111e-01 6.076968276137795222e-01 1.057954066501730003e-02
2.000000000000000111e-01 6.232764693553987101e-01 1.055563233401635853e-02
2.000000000000000111e-01 6.408528724533929521e-01 1.050629234259329442e-02
2.000000000000000111e-01 6.584893982800059664e-01 1.045177372773255578e-02
2.000000000000000111e-01 6.589249303066239127e-01 1.045049978036315802e-02
2.000000000000000111e-01 6.775066203844873902e-01 1.022004196708253647e-02
2.000000000000000111e-01 6.966123143211653268e-01 1.018404391386022560e-02
2.000000000000000111e-01 7.092819689462322996e-01 1.015952958881292424e-02
2.000000000000000111e-01 7.162567890310773677e-01 1.014567888143852979e-02
2.000000000000000111e-01 7.364552381377877932e-01 1.010426081822931622e-02
2.000000000000000111e-01 7.572232837252077520e-01 9.927665052987137695e-03
2.000000000000000111e-01 7.600745396124586328e-01 9.869995737834280983e-03
2.000000000000000111e-01 7.785769884201816371e-01 9.098433495301015000e-03
2.000000000000000111e-01 8.005328678158023514e-01 8.823609832693439861e-03
2.000000000000000111e-01 8.108671102786849660e-01 8.651190784051644364e-03
2.000000000000000111e-01 8.231079032450649979e-01 8.450355195900908015e-03
2.000000000000000111e-01 8.463195549147363161e-01 8.078011844292581553e-03
2.000000000000000111e-01 8.616596809449112992e-01 7.837066391216857691e-03
2.000000000000000111e-01 8.701857754096005149e-01 7.704678496704818295e-03
2.000000000000000111e-01 8.947250235775248139e-01 7.012177312411481747e-03
2.000000000000000111e-01 9.124522516111377435e-01 6.784301603447723608e-03
2.000000000000000111e-01 9.199562788060834384e-01 6.689829663426682081e-03
2.000000000000000111e-01 9.458990557017830092e-01 6.370119442020613296e-03
2.000000000000000111e-01 9.632448222773639657e-01 6.161771794580005006e-03
2.000000000000000111e-01 9.725734191832424713e-01 6.060064086596456991e-03
2.000000000000000111e-01 1.000000000000000000e+00 5.710537512374685119e-03
2.000000000000000111e-01 1.014037392943590410e+00 5.451384046298765260e-03
2.000000000000000111e-01 1.064829963609816854e+00 4.925491907895493751e-03
2.000000000000000111e-01 1.115622534276043076e+00 4.410014709963649797e-03
2.000000000000000111e-01 1.166415104942269521e+00 3.858727122829085174e-03
2.000000000000000111e-01 1.217207675608495743e+00 3.445353583568335539e-03
2.000000000000000111e-01 1.268000246274722187e+00 3.007575720654550536e-03
2.000000000000000111e-01 1.318792816940948631e+00 2.688629385577253825e-03
2.000000000000000111e-01 1.369585387607174853e+00 2.365659857205360938e-03
2.000000000000000111e-01 1.420377958273401076e+00 2.090234619235977441e-03
2.000000000000000111e-01 1.471170528939627520e+00 1.794946026358918909e-03
2.000000000000000111e-01 1.521963099605853964e+00 1.579679324302177626e-03
2.000000000000000111e-01 1.572755670272080186e+00 1.394627778860239170e-03
2.000000000000000111e-01 1.623548240938306630e+00 1.203021192903553022e-03
2.000000000000000111e-01 1.674340811604532853e+00 1.048597595829399995e-03
2.000000000000000111e-01 1.725133382270759297e+00 8.777679938959827679e-04
2.000000000000000111e-01 1.775925952936985741e+00 7.885536274527498021e-04
2.000000000000000111e-01 1.826718523603211963e+00 6.368151530824368032e-04
2.000000000000000111e-01 1.877511094269438408e+00 5.419591525929962419e-04
2.000000000000000111e-01 1.928303664935664630e+00 4.515295001359326071e-04
2.000000000000000111e-01 1.979096235601891074e+00 3.551089330861868505e-04
2.000000000000000111e-01 2.029888806268117740e+00 2.971949743361449966e-04
2.000000000000000111e-01 2.080681376934343962e+00 2.391537905855718401e-04
2.000000000000000111e-01 2.131473947600570185e+00 1.722429715852286612e-04
2.000000000000000111e-01 2.182266518266796407e+00 1.361668469566749702e-04
2.000000000000000111e-01 2.233059088933023073e+00 9.178601293421879178e-05
2.000000000000000111e-01 2.283851659599249295e+00 4.963480707059524983e-05
2.000000000000000111e-01 2.334644230265475517e+00 2.571928515924826072e-05
2.000000000000000111e-01 2.358226495217651930e+00 0.000000000000000000e+00
3.000000000000000444e-01 3.966701052085606083e-01 1.905855172132756709e-02
3.000000000000000444e-01 4.536278639051744555e-01 1.897861366038021066e-02
3.000000000000000444e-01 5.105856226017883026e-01 1.851010927377863893e-02
3.000000000000000444e-01 5.675433812984020943e-01 1.816557763894564165e-02
3.000000000000000444e-01 6.245011399950159969e-01 1.804627976116542076e-02
3.000000000000000444e-01 6.611168420142676805e-01 1.794868853400504935e-02
3.000000000000000444e-01 6.756740847005243689e-01 1.714538627795912304e-02
3.000000000000000444e-01 6.814588986916297886e-01 1.713665516869140176e-02
3.000000000000000444e-01 6.905518657563390894e-01 1.712389716005105131e-02
3.000000000000000444e-01 7.057572431698605486e-01 1.710245142307645350e-02
3.000000000000000444e-01 7.212974303402630571e-01 1.707937937178093807e-02
3.000000000000000444e-01 7.371797994997677517e-01 1.705350435261626316e-02
3.000000000000000444e-01 7.384166573882435802e-01 1.705125538001637728e-02
3.000000000000000444e-01 7.534118852110142095e-01 1.692309383744883960e-02
3.000000000000000444e-01 7.700013879414412399e-01 1.640883055289593315e-02
3.000000000000000444e-01 7.869561777163720517e-01 1.589215775587074150e-02
3.000000000000000444e-01 7.953744160848574829e-01 1.529062846062914302e-02
3.000000000000000444e-01 8.042842978525384101e-01 1.505467104139638669e-02
3.000000000000000444e-01 8.219939687738130329e-01 1.456915251354999087e-02
3.000000000000000444e-01 8.400935919109611127e-01 1.409334813222635693e-02
3.000000000000000444e-01 8.523321747814713856e-01 1.377696052303028010e-02
3.000000000000000444e-01 8.585917536872618161e-01 1.361682485298526014e-02
3.000000000000000444e-01 8.774972295918894716e-01 1.314017068262104612e-02
3.000000000000000444e-01 8.968189883429869003e-01 1.216388345089035143e-02
3.000000000000000444e-01 9.092899334780851772e-01 1.189454996006501612e-02
3.000000000000000444e-01 9.165661961424068638e-01 1.185084474698339455e-02
3.000000000000000444e-01 9.367482210241391272e-01 1.142600705570398327e-02
3.000000000000000444e-01 9.573746372984855979e-01 1.100327360309213791e-02
3.000000000000000444e-01 9.662476921746989689e-01 1.082487160984244544e-02
3.000000000000000444e-01 9.784552300940936309e-01 1.058205862358393458e-02
3.000000000000000444e-01 1.000000000000000000e+00 1.016153715450890394e-02
3.000000000000000444e-01 1.023205450871312872e+00 9.706620887927312410e-03
3.000000000000000444e-01 1.080163209567926774e+00 8.444470977763686784e-03
3.000000000000000444e-01 1.137120968264540455e+00 7.589582101708478544e-03
3.000000000000000444e-01 1.194078726961154358e+00 6.704264232834940274e-03
3.000000000000000444e-01 1.251036485657768260e+00 5.982958438160660558e-03
3.000000000000000444e-01 1.307994244354381941e+00 5.321247048160372695e-03
3.000000000000000444e-01 1.364952003050995843e+00 4.621432899291792913e-03
3.000000000000000444e-01 1.421909761747609746e+00 4.117983830698945802e-03
3.000000000000000444e-01 1.478867520444223649e+00 3.556352566056825149e-03
3.000000000000000444e-01 1.535825279140837329e+00 3.156158005606615052e-03
3.000000000000000444e-01 1.592783037837451232e+00 2.737862647961123753e-03
3.000000000000000444e-01 1.649740796534065135e+00 2.412486798475872371e-03
3.000000000000000444e-01 1.706698555230679037e+00 2.103581602034746909e-03
3.000000000000000444e-01 1.763656313927292718e+00 1.795797064741008579e-03
3.000000000000000444e-01 1.820614072623906621e+00 1.556737022631895367e-03
3.000000000000000444e-01 1.877571831320520523e+00 1.331959023759002759e-03
3.000000000000000444e-01 1.934529590017134204e+00 1.146218427346765460e-03
3.000000000000000444e-01 1.991487348713748107e+00 9.505689625037626149e-04
3.000000000000000444e-01 2.048445107410362009e+00 8.119727694063875578e-04
3.000000000000000444e-01 2.105402866106976134e+00 6.666614689945607767e-04
3.000000000000000444e-01 2.162360624803589815e+00 5.618001433794551133e-04
3.000000000000000444e-01 2.219318383500203495e+00 4.576408117702832523e-04
3.000000000000000444e-01 2.276276142196817176e+00 3.522203550995375962e-04
3.000000000000000444e-01 2.333233900893430857e+00 2.884671847409502271e-04
3.000000000000000444e-01 2.390191659590044981e+00 2.219865944174264933e-04
3.000000000000000444e-01 2.447149418286659106e+00 1.544112306980508008e-04
3.000000000000000444e-01 2.504107176983272787e+00 1.099807770302004781e-04
3.000000000000000444e-01 2.561064935679886467e+00 6.574814996062392349e-05
3.000000000000000444e-01 2.618022694376500148e+00 2.938095226489595169e-05
3.000000000000000444e-01 2.644467368057070722e+00 0.000000000000000000e+00
4.000000000000000222e-01 4.601486247945126284e-01 3.664199186420826621e-02
4.000000000000000222e-01 5.262212478419298067e-01 3.678100822053489982e-02
4.000000000000000222e-01 5.922938708893470405e-01 3.507723043299532800e-02
4.000000000000000222e-01 6.583664939367641633e-01 3.423500892357200093e-02
4.000000000000000222e-01 7.244391169841813971e-01 3.420309288358183708e-02
4.000000000000000222e-01 7.669143746575211029e-01 3.306247263727719876e-02
4.000000000000000222e-01 7.777013123761312707e-01 3.238195441269513947e-02
4.000000000000000222e-01 7.886399724110653153e-01 3.007820122083975506e-02
4.000000000000000222e-01 7.905117400315986309e-01 2.999358337981871542e-02
4.000000000000000222e-01 7.997324887934886828e-01 2.957538955039952164e-02
4.000000000000000222e-01 8.109810255705139914e-01 2.906521041367218783e-02
4.000000000000000222e-01 8.223877772273859854e-01 2.855001334028294674e-02
4.000000000000000222e-01 8.339549691156062927e-01 2.802870765666216901e-02
4.000000000000000222e-01 8.456848578870780342e-01 2.750305962800875595e-02
4.000000000000000222e-01 8.565843630790157537e-01 2.701514807283380074e-02
4.000000000000000222e-01 8.575797319343577696e-01 2.696807708165125522e-02
4.000000000000000222e-01 8.696419118371002677e-01 2.642238646191608087e-02
4.000000000000000222e-01 8.818737508147814763e-01 2.588019374204385270e-02
4.000000000000000222e-01 8.942776351857898431e-01 2.533872633390793147e-02
4.000000000000000222e-01 9.068559848329755813e-01 2.479657323915405998e-02
4.000000000000000222e-01 9.196112536757463651e-01 2.425457248162122756e-02
4.000000000000000222e-01 9.226569861264329875e-01 2.412588948744217449e-02
4.000000000000000222e-01 9.325459301488051578e-01 2.330407333065371775e-02
4.000000000000000222e-01 9.456625376876203193e-01 2.281252633396489010e-02
4.000000000000000222e-01 9.589636352207243641e-01 2.231934130863894722e-02
4.000000000000000222e-01 9.724518176689374016e-01 2.179885053323044400e-02
4.000000000000000222e-01 9.861297164516124036e-01 2.129107733785413903e-02
4.000000000000000222e-01 9.887296091738502213e-01 2.119584528624306879e-02
4.000000000000000222e-01 1.000000000000000000e+00 2.078700688320911372e-02
4.000000000000000222e-01 1.054802232221267344e+00 1.831684485236413293e-02
4.000000000000000222e-01 1.120874855268684467e+00 1.654466668042553837e-02
4.000000000000000222e-01 1.186947478316101812e+00 1.475275966635667194e-02
4.000000000000000222e-01 1.253020101363518934e+00 1.280954380176926172e-02
4.000000000000000222e-01 1.319092724410936057e+00 1.144054794699599087e-02
4.000000000000000222e-01 1.385165347458353402e+00 1.014481948995141040e-02
4.000000000000000222e-01 1.451237970505770525e+00 8.903971453913897896e-03
4.000000000000000222e-01 1.517310593553187648e+00 7.862735356192491337e-03
4.000000000000000222e-01 1.583383216600604770e+00 6.787992989381093183e-03
4.000000000000000222e-01 1.649455839648022115e+00 5.985289092925727417e-03
4.000000000000000222e-01 1.715528462695439238e+00 5.145781999763923871e-03
4.000000000000000222e-01 1.781601085742856361e+00 4.518699318580774761e-03
4.000000000000000222e-01 1.847673708790273706e+00 3.944709815238217447e-03
4.000000000000000222e-01 1.913746331837690828e+00 3.398078699439292197e-03
4.000000000000000222e-01 1.979818954885107951e+00 2.938784433656215379e-03
4.000000000000000222e-01 2.045891577932525518e+00 2.470742555049902905e-03
4.000000000000000222e-01 2.111964200979942419e+00 2.132977748783883298e-03
4.000000000000000222e-01 2.178036824027359764e+00 1.803984801852150013e-03
4.000000000000000222e-01 2.244109447074776664e+00 1.536866096545072948e-03
4.000000000000000222e-01 2.310182070122194009e+00 1.258193363505820828e-03
4.000000000000000222e-01 2.376254693169611354e+00 1.069181521047410290e-03
4.000000000000000222e-01 2.442327316217028255e+00 8.629795488201996191e-04
4.000000000000000222e-01 2.508399939264445599e+00 7.228616356032901502e-04
4.000000000000000222e-01 2.574472562311862944e+00 5.794233599419254662e-04
4.000000000000000222e-01 2.640545185359280289e+00 4.724285725065731790e-04
4.000000000000000222e-01 2.706617808406697190e+00 3.569313887362586253e-04
4.000000000000000222e-01 2.772690431454114535e+00 2.691794393236286698e-04
4.000000000000000222e-01 2.838763054501531879e+00 2.049358139221105657e-04
4.000000000000000222e-01 2.904835677548948780e+00 1.374748935492253396e-04
4.000000000000000222e-01 2.970908300596366125e+00 8.107795643214539300e-05
4.000000000000000222e-01 3.036980923643783470e+00 2.937181639907228116e-05
4.000000000000000222e-01 3.067657498630084412e+00 0.000000000000000000e+00
5.000000000000000000e-01 5.444527488148602767e-01 7.419246800360054794e-02
5.000000000000000000e-01 6.226305794139170846e-01 7.532445987329453030e-02
5.000000000000000000e-01 7.008084100129740035e-01 7.092173697792444886e-02
5.000000000000000000e-01 7.789862406120309224e-01 6.548546560564977304e-02
5.000000000000000000e-01 8.571640712110877303e-01 5.774432647621534354e-02
5.000000000000000000e-01 9.074212480247670909e-01 5.116800630412816214e-02
5.000000000000000000e-01 9.120728461560262401e-01 5.084534202478056125e-02
5.000000000000000000e-01 9.167482891831614245e-01 5.052150817859641513e-02
5.000000000000000000e-01 9.214476993392293203e-01 5.019570532636827981e-02
5.000000000000000000e-01 9.261711994838749407e-01 4.986980563672990807e-02
5.000000000000000000e-01 9.309189131065426226e-01 4.954270099566678021e-02
5.000000000000000000e-01 9.353419018101445381e-01 4.923807343404420361e-02
5.000000000000000000e-01 9.356909643297051105e-01 4.921376837165293561e-02
5.000000000000000000e-01 9.404874779121084050e-01 4.888342021479905736e-02
5.000000000000000000e-01 9.453085792520334874e-01 4.855150449455682832e-02
5.000000000000000000e-01 9.501543943905742529e-01 4.821093977652930046e-02
5.000000000000000000e-01 9.550250500149335409e-01 4.787172916253083083e-02
5.000000000000000000e-01 9.599206734617342640e-01 4.753380723159766896e-02
5.000000000000000000e-01 9.648413927203489671e-01 4.719468260547196592e-02
5.000000000000000000e-01 9.697873364362459281e-01 4.685704234261310608e-02
5.000000000000000000e-01 9.747586339143523571e-01 4.651946390602516856e-02
5.000000000000000000e-01 9.797554151224345809e-01 4.617992044651907102e-02
5.000000000000000000e-01 9.847778106944966581e-01 4.583954075942050371e-02
5.000000000000000000e-01 9.898259519341946477e-01 4.550114540179980849e-02
5.000000000000000000e-01 9.948999708182700852e-01 4.516180004225850420e-02
5.000000000000000000e-01 1.000000000000000000e+00 4.482136054993388768e-02
5.000000000000000000e-01 1.013519732409201346e+00 4.392688066006792541e-02
5.000000000000000000e-01 1.091697563008258376e+00 3.854871112774505698e-02
5.000000000000000000e-01 1.169875393607315184e+00 3.427724725360353775e-02
5.000000000000000000e-01 1.248053224206371992e+00 2.998400962684511992e-02
5.000000000000000000e-01 1.326231054805429022e+00 2.665952998064761992e-02
5.000000000000000000e-01 1.404408885404485829e+00 2.357784006035265612e-02
5.000000000000000000e-01 1.482586716003542637e+00 2.055289064620554815e-02
5.000000000000000000e-01 1.560764546602599445e+00 1.815275105446274503e-02
5.000000000000000000e-01 1.638942377201656475e+00 1.585854854021179899e-02
5.000000000000000000e-01 1.717120207800713283e+00 1.393146952262263108e-02
5.000000000000000000e-01 1.795298038399770091e+00 1.216525964534354541e-02
5.000000000000000000e-01 1.873475868998826899e+00 1.048102442470781950e-02
5.000000000000000000e-01 1.951653699597883707e+00 9.129341522031920314e-03
5.000000000000000000e-01 2.029831530196940736e+00 7.803931881015980718e-03
5.000000000000000000e-01 2.108009360795997544e+00 6.760824763237907251e-03
5.000000000000000000e-01 2.186187191395054352e+00 5.774004846030011788e-03
5.000000000000000000e-01 2.264365021994111160e+00 4.957671038606912238e-03
5.000000000000000000e-01 2.342542852593168412e+00 4.229385775395728964e-03
5.000000000000000000e-01 2.420720683192224776e+00 3.534881778515347375e-03
5.000000000000000000e-01 2.498898513791282028e+00 3.007757579082200386e-03
5.000000000000000000e-01 2.577076344390338392e+00 2.505706308939311538e-03
5.000000000000000000e-01 2.655254174989395644e+00 2.107273195771532017e-03
5.000000000000000000e-01 2.733432005588452895e+00 1.711366882317070072e-03
5.000000000000000000e-01 2.811609836187509259e+00 1.427094204093531417e-03
5.000000000000000000e-01 2.889787666786566511e+00 1.141224478380381459e-03
5.000000000000000000e-01 2.967965497385622875e+00 9.415008876249893058e-04
5.000000000000000000e-01 3.046143327984680127e+00 7.447349485851718258e-04
5.000000000000000000e-01 3.124321158583736491e+00 5.963133711188359741e-04
5.000000000000000000e-01 3.202498989182793743e+00 4.493669856273930499e-04
5.000000000000000000e-01 3.280676819781850106e+00 3.323662891942244036e-04
5.000000000000000000e-01 3.358854650380907358e+00 2.491658477867416104e-04
5.000000000000000000e-01 3.437032480979964610e+00 1.621318896357427963e-04
5.000000000000000000e-01 3.515210311579020974e+00 9.388503964857130473e-05
5.000000000000000000e-01 3.593388142178077782e+00 3.350266433620753120e-05
5.000000000000000000e-01 3.629684992099068364e+00 0.000000000000000000e+00
6.000000000000000888e-01 6.457581510526121393e-01 1.433228989116933361e-01
6.000000000000000888e-01 7.384823983832435879e-01 1.347495642408697014e-01
6.000000000000000888e-01 8.312066457138751474e-01 1.163848565592551926e-01
6.000000000000000888e-01 9.239308930445067070e-01 1.033120187515274568e-01
6.000000000000000888e-01 1.000000000000000000e+00 9.340463584729521984e-02
6.000000000000000888e-01 1.003875669970033080e+00 8.979299721735049811e-02
6.000000000000000888e-01 1.007766360757782920e+00 8.939321349070190881e-02
6.000000000000000888e-01 1.011672130578981532e+00 8.898766211312190977e-02
6.000000000000000888e-01 1.015593037874986004e+00 8.858384636537175449e-02
6.000000000000000888e-01 1.016655140375138267e+00 8.847172373474661289e-02
6.000000000000000888e-01 1.019529141313652909e+00 8.817362188658015021e-02
6.000000000000000888e-01 1.023480499790215825e+00 8.776862707961055610e-02
6.000000000000000888e-01 1.027447172428167299e+00 8.736212096590639797e-02
6.000000000000000888e-01 1.031429218580142804e+00 8.695247650048491816e-02
6.000000000000000888e-01 1.035426697828808473e+00 8.654030062547153623e-02
6.000000000000000888e-01 1.039439669987754389e+00 8.612717923450111113e-02
6.000000000000000888e-01 1.043468195102386975e+00 8.571303387847653554e-02
6.000000000000000888e-01 1.047512333450830058e+00 8.530083415170768013e-02
6.000000000000000888e-01 1.051572145544824810e+00 8.488800041982128008e-02
6.000000000000000888e-01 1.055647692130636361e+00 8.447112583413546316e-02
6.000000000000000888e-01 1.059739034189961737e+00 8.405384406655500018e-02
6.000000000000000888e-01 1.063846232940843795e+00 8.363741582341431557e-02
6.000000000000000888e-01 1.067969349838585602e+00 8.321838972679342084e-02
6.000000000000000888e-01 1.072108446576670815e+00 8.280021037754892177e-02
6.000000000000000888e-01 1.076263585087686936e+00 8.238068257031930242e-02
6.000000000000000888e-01 1.109379387705769604e+00 7.904859782823388248e-02
6.000000000000000888e-01 1.202103635036401164e+00 6.972059515249574846e-02
6.000000000000000888e-01 1.294827882367032501e+00 6.200336370704329081e-02
6.000000000000000888e-01 1.387552129697664061e+00 5.439828850380995506e-02
6.000000000000000888e-01 1.480276377028295620e+00 4.839588741822878348e-02
6.000000000000000888e-01 1.573000624358927180e+00 4.275355347243977450e-02
6.000000000000000888e-01 1.665724871689558739e+00 3.737048504363391088e-02
6.000000000000000888e-01 1.758449119020190299e+00 3.287987577291546365e-02
6.000000000000000888e-01 1.851173366350821858e+00 2.867081601376033143e-02
6.000000000000000888e-01 1.943897613681452974e+00 2.503289779682042054e-02
6.000000000000000888e-01 2.036621861012084533e+00 2.174467489065418091e-02
6.000000000000000888e-01 2.129346108342716093e+00 1.867496717873753237e-02
6.000000000000000888e-01 2.222070355673347652e+00 1.612866445068331794e-02
6.000000000000000888e-01 2.314794603003979212e+00 1.372322122118926034e-02
6.000000000000000888e-01 2.407518850334610772e+00 1.176747453107196070e-02
6.000000000000000888e-01 2.500243097665242331e+00 1.002082177204224878e-02
6.000000000000000888e-01 2.592967344995873891e+00 8.471703169819762985e-03
6.000000000000000888e-01 2.685691592326505006e+00 7.138210388922669111e-03
6.000000000000000888e-01 2.778415839657136566e+00 5.931694208167867868e-03
6.000000000000000888e-01 2.871140086987768125e+00 4.975904019186561805e-03
6.000000000000000888e-01 2.963864334318399685e+00 4.121021742467412090e-03
6.000000000000000888e-01 3.056588581649031244e+00 3.414677960442219322e-03
6.000000000000000888e-01 3.149312828979662804e+00 2.811432648760149328e-03
6.000000000000000888e-01 3.242037076310293919e+00 2.276386164352239318e-03
6.000000000000000888e-01 3.334761323640925479e+00 1.889463968891839452e-03
6.000000000000000888e-01 3.427485570971557038e+00 1.475657120860729421e-03
6.000000000000000888e-01 3.520209818302188598e+00 1.185744080004706713e-03
6.000000000000000888e-01 3.612934065632820158e+00 9.295006200091872079e-04
6.000000000000000888e-01 3.705658312963451717e+00 6.955918549798113023e-04
6.000000000000000888e-01 3.798382560294083277e+00 5.457429316557272769e-04
6.000000000000000888e-01 3.891106807624714836e+00 3.998891210468145051e-04
6.000000000000000888e-01 3.983831054955346396e+00 2.693326941275370808e-04
6.000000000000000888e-01 4.076555302285977511e+00 1.891721585248176869e-04
6.000000000000000888e-01 4.169279549616609515e+00 1.085646348058281693e-04
6.000000000000000888e-01 4.262003796947240630e+00 3.872622470452606521e-05
6.000000000000000888e-01 4.305054340350747744e+00 0.000000000000000000e+00
7.000000000000000666e-01 7.543741606649727593e-01 2.170860481122957875e-01
7.000000000000000666e-01 8.626945529655842826e-01 1.928804932253720406e-01
7.000000000000000666e-01 9.710149452661958058e-01 1.678164580943524997e-01
7.000000000000000666e-01 1.000000000000000000e+00 1.628398986715429708e-01
7.000000000000000666e-01 1.012123363797558628e+00 1.607761260433519246e-01
7.000000000000000666e-01 1.024393703544885126e+00 1.587037769660464559e-01
7.000000000000000666e-01 1.036812801084888047e+00 1.566188178632312855e-01
7.000000000000000666e-01 1.049382459862405970e+00 1.545288515753400760e-01
7.000000000000000666e-01 1.062104505186094894e+00 1.524365200835134937e-01
7.000000000000000666e-01 1.074980784493491770e+00 1.464868014190767453e-01
7.000000000000000666e-01 1.079335337566807329e+00 1.459029494355855994e-01
7.000000000000000666e-01 1.088013167619291455e+00 1.447309528083630947e-01
7.000000000000000666e-01 1.101203547066874178e+00 1.429521137892560967e-01
7.000000000000000666e-01 1.114553838283127707e+00 1.410969159010763974e-01
7.000000000000000666e-01 1.128065979936599517e+00 1.392528609356712410e-01
7.000000000000000666e-01 1.141741934199020259e+00 1.374093033167928801e-01
7.000000000000000666e-01 1.155583687030243167e+00 1.355539375807321978e-01
7.000000000000000666e-01 1.169593248466634927e+00 1.336907443754207780e-01
7.000000000000000666e-01 1.183772652912964185e+00 1.318223421804067541e-01
7.000000000000000666e-01 1.187655729867418852e+00 1.313142021906811285e-01
7.000000000000000666e-01 1.198123959437829233e+00 1.299488676060917280e-01
7.000000000000000666e-01 1.212649252072665274e+00 1.280687781177788365e-01
7.000000000000000666e-01 1.227350640114379443e+00 1.261942199551191746e-01
7.000000000000000666e-01 1.242230258431652468e+00 1.243391533922775100e-01
7.000000000000000666e-01 1.257290267774954673e+00 1.224743832427553775e-01
7.000000000000000666e-01 1.295976122168030376e+00 1.170955898024484826e-01
7.000000000000000666e-01 1.404296514468641677e+00 1.049254719097505312e-01
7.000000000000000666e-01 1.512616906769253200e+00 9.318428305720849458e-02
7.000000000000000666e-01 1.620937299069864723e+00 8.311956731973740853e-02
7.000000000000000666e-01 1.729257691370476246e+00 7.312414732509302240e-02
7.000000000000000666e-01 1.837578083671087770e+00 6.476803357386440307e-02
7.000000000000000666e-01 1.945898475971699293e+00 5.699625516744873110e-02
7.000000000000000666e-01 2.054218868272310594e+00 4.973657535814833552e-02
7.000000000000000666e-01 2.162539260572922117e+00 4.329392685123501644e-02
7.000000000000000666e-01 2.270859652873533641e+00 3.727890369980329383e-02
7.000000000000000666e-01 2.379180045174145164e+00 3.217603886999557961e-02
7.000000000000000666e-01 2.487500437474756687e+00 2.756425185730073182e-02
7.000000000000000666e-01 2.595820829775368210e+00 2.339995568636641168e-02
7.000000000000000666e-01 2.704141222075979734e+00 1.985574212014752302e-02
7.000000000000000666e-01 2.812461614376591257e+00 1.670504455449773121e-02
7.000000000000000666e-01 2.920782006677202780e+00 1.402734710031678170e-02
7.000000000000000666e-01 3.029102398977814303e+00 1.161415693618844322e-02
7.000000000000000666e-01 3.137422791278425827e+00 9.672596412838156341e-03
7.000000000000000666e-01 3.245743183579037350e+00 8.004417968674780795e-03
7.000000000000000666e-01 3.354063575879648429e+00 6.562076940899688911e-03
7.000000000000000666e-01 3.462383968180259952e+00 5.379123585668472464e-03
7.000000000000000666e-01 3.570704360480871475e+00 4.324908664908195914e-03
7.000000000000000666e-01 3.679024752781482999e+00 3.514384173499835329e-03
7.000000000000000666e-01 3.787345145082094522e+00 2.790962386827034510e-03
7.000000000000000666e-01 3.895665537382706045e+00 2.244396393589579396e-03
7.000000000000000666e-01 4.003985929683317124e+00 1.764610971111852181e-03
7.000000000000000666e-01 4.112306321983929536e+00 1.401560286038266902e-03
7.000000000000000666e-01 4.220626714284540171e+00 1.052139230357079444e-03
7.000000000000000666e-01 4.328947106585152582e+00 8.198979084918975833e-04
7.000000000000000666e-01 4.437267498885763217e+00 6.134392925907735696e-04
7.000000000000000666e-01 4.545587891186375629e+00 4.493436649193770964e-04
7.000000000000000666e-01 4.653908283486986264e+00 3.089191827449093214e-04
7.000000000000000666e-01 4.762228675787598675e+00 1.984743525068071075e-04
7.000000000000000666e-01 4.870549068088209310e+00 1.192326218597632815e-04
7.000000000000000666e-01 4.978869460388820833e+00 4.056503398740708162e-05
7.000000000000000666e-01 5.029161071099818692e+00 0.000000000000000000e+00
8.000000000000000444e-01 8.544853514549283213e-01 2.657310175226099136e-01
8.000000000000000444e-01 9.771806839715333481e-01 2.358303092517000377e-01
8.000000000000000444e-01 1.000000000000000000e+00 2.316433738839279166e-01
8.000000000000000444e-01 1.018783157017301821e+00 2.282211612265245826e-01
8.000000000000000444e-01 1.037919121022140345e+00 2.247480320331727011e-01
8.000000000000000444e-01 1.057414518843559081e+00 2.212410964949150793e-01
8.000000000000000444e-01 1.077276101783372297e+00 2.129104529522413691e-01
8.000000000000000444e-01 1.097510747954156152e+00 2.099904610965875329e-01
8.000000000000000444e-01 1.099876016488138486e+00 2.096161100639701291e-01
8.000000000000000444e-01 1.118125464661155588e+00 2.068570909120246160e-01
8.000000000000000444e-01 1.139127390828929665e+00 2.037722517616013529e-01
8.000000000000000444e-01 1.160523799473578865e+00 2.006231381015237680e-01
8.000000000000000444e-01 1.182322100221406602e+00 1.974260770168499435e-01
8.000000000000000444e-01 1.204529841874891538e+00 1.941904134353251155e-01
8.000000000000000444e-01 1.222571349004743624e+00 1.915725910209942207e-01
8.000000000000000444e-01 1.227154715026853360e+00 1.909183749814385989e-01
8.000000000000000444e-01 1.250204554723725048e+00 1.876585594827788195e-01
8.000000000000000444e-01 1.273687343178846687e+00 1.843513093170284223e-01
8.000000000000000444e-01 1.297611212536724956e+00 1.801048576543193280e-01
8.000000000000000444e-01 1.321984447689213749e+00 1.767864470754016148e-01
8.000000000000000444e-01 1.345266681521348762e+00 1.736729192599223426e-01
8.000000000000000444e-01 1.346815489144591149e+00 1.734663133795195933e-01
8.000000000000000444e-01 1.372112935950528190e+00 1.701102685744661502e-01
8.000000000000000444e-01 1.397885548671958134e+00 1.667290656825977657e-01
8.000000000000000444e-01 1.424142252424880573e+00 1.633134588701471157e-01
8.000000000000000444e-01 1.467962014037953900e+00 1.576926110770386080e-01
8.000000000000000444e-01 1.590657346554558815e+00 1.422058244811731931e-01
8.000000000000000444e-01 1.713352679071163731e+00 1.279758870778805180e-01
8.000000000000000444e-01 1.836048011587768869e+00 1.141379905517551224e-01
8.000000000000000444e-01 1.958743344104374007e+00 1.016575284776462251e-01
8.000000000000000444e-01 2.081438676620979145e+00 8.972689495817597061e-02
8.000000000000000444e-01 2.204134009137584282e+00 7.881345089288599448e-02
8.000000000000000444e-01 2.326829341654189420e+00 6.848424414957690609e-02
8.000000000000000444e-01 2.449524674170794558e+00 5.937201201832149888e-02
8.000000000000000444e-01 2.572220006687399252e+00 5.111298429142446115e-02
8.000000000000000444e-01 2.694915339204004390e+00 4.355936159970415222e-02
8.000000000000000444e-01 2.817610671720609528e+00 3.703179664396603898e-02
8.000000000000000444e-01 2.940306004237214665e+00 3.116322036032032061e-02
8.000000000000000444e-01 3.063001336753819803e+00 2.614656037289338208e-02
8.000000000000000444e-01 3.185696669270424941e+00 2.165183169068240349e-02
8.000000000000000444e-01 3.308392001787030079e+00 1.798086991277457816e-02
8.000000000000000444e-01 3.431087334303634773e+00 1.482511987544173765e-02
8.000000000000000444e-01 3.553782666820239911e+00 1.212994502276922015e-02
8.000000000000000444e-01 3.676477999336845048e+00 9.881942894383535445e-03
8.000000000000000444e-01 3.799173331853450186e+00 7.946201403101623220e-03
8.000000000000000444e-01 3.921868664370055324e+00 6.428767189592819037e-03
8.000000000000000444e-01 4.044563996886660462e+00 5.109282987269182785e-03
8.000000000000000444e-01 4.167259329403266044e+00 4.093467590686009593e-03
8.000000000000000444e-01 4.289954661919870738e+00 3.248939657649375663e-03
8.000000000000000444e-01 4.412649994436475431e+00 2.553994418379940904e-03
8.000000000000000444e-01 4.535345326953081013e+00 1.994182049255739837e-03
8.000000000000000444e-01 4.658040659469685707e+00 1.525251447811436624e-03
8.000000000000000444e-01 4.780735991986291289e+00 1.183631803627831474e-03
8.000000000000000444e-01 4.903431324502895983e+00 8.843626216335787873e-04
8.000000000000000444e-01 5.026126657019501565e+00 6.350462199321918206e-04
8.000000000000000444e-01 5.148821989536106258e+00 4.729656423969488366e-04
8.000000000000000444e-01 5.271517322052711840e+00 3.131595457302827697e-04
8.000000000000000444e-01 5.394212654569316534e+00 2.063135105308249600e-04
8.000000000000000444e-01 5.516907987085922116e+00 1.102529682945849220e-04
8.000000000000000444e-01 5.639603319602526810e+00 4.702955220587287216e-05
8.000000000000000444e-01 5.696569009699522290e+00 0.000000000000000000e+00
9.000000000000000222e-01 9.265585396803573959e-01 2.863696811917559315e-01
9.000000000000000222e-01 1.000000000000000000e+00 2.745707139560554788e-01
9.000000000000000222e-01 1.023134469791159074e+00 2.642168160363799756e-01
9.000000000000000222e-01 1.046804143274836285e+00 2.613033486368712688e-01
9.000000000000000222e-01 1.059602842813947232e+00 2.596883427225039065e-01
9.000000000000000222e-01 1.071021402104688214e+00 2.582252153103965497e-01
9.000000000000000222e-01 1.095798914377363875e+00 2.549760567791841126e-01
9.000000000000000222e-01 1.121149641259212126e+00 2.515910206925585646e-01
9.000000000000000222e-01 1.147086843766292219e+00 2.479451448278567893e-01
9.000000000000000222e-01 1.173624089701239548e+00 2.442924726355130693e-01
9.000000000000000222e-01 1.192647145947536957e+00 2.416788376321216403e-01
9.000000000000000222e-01 1.200775260750609474e+00 2.405662276780136388e-01
9.000000000000000222e-01 1.228554559746415586e+00 2.367770656416268715e-01
9.000000000000000222e-01 1.256976518095659801e+00 2.320385004561906772e-01
9.000000000000000222e-01 1.286056003381740309e+00 2.281250331877990867e-01
9.000000000000000222e-01 1.315808227141713971e+00 2.242357838931371139e-01
9.000000000000000222e-01 1.325691449081126683e+00 2.229472478152259018e-01
9.000000000000000222e-01 1.346248752823482553e+00 2.202781612642745190e-01
9.000000000000000222e-01 1.377393503927063056e+00 2.162260146145458806e-01
9.000000000000000222e-01 1.409258772334202492e+00 2.120928325371108925e-01
9.000000000000000222e-01 1.441861226830694065e+00 2.066497051453179967e-01
9.000000000000000222e-01 1.458735752214716630e+00 2.046589354551261730e-01
9.000000000000000222e-01 1.475217921825852319e+00 2.029709897652125505e-01
9.000000000000000222e-01 1.509346306273709137e+00 1.986499134515894438e-01
9.000000000000000222e-01 1.544264232800595771e+00 1.942561749962422868e-01
9.000000000000000222e-01 1.591780055348306355e+00 1.883323302700655177e-01
9.000000000000000222e-01 1.724824358481896081e+00 1.710679082463076872e-01
9.000000000000000222e-01 1.857868661615485806e+00 1.553847089090896194e-01
9.000000000000000222e-01 1.990912964749075531e+00 1.394512818603086957e-01
9.000000000000000222e-01 2.123957267882665256e+00 1.245151187182307190e-01
9.000000000000000222e-01 2.257001571016254982e+00 1.101133249866800834e-01
9.000000000000000222e-01 2.390045874149845151e+00 9.646667977605619115e-02
9.000000000000000222e-01 2.523090177283434876e+00 8.398462309744078591e-02
9.000000000000000222e-01 2.656134480417024601e+00 7.237448876840334167e-02
9.000000000000000222e-01 2.789178783550614327e+00 6.198162332699056615e-02
9.000000000000000222e-01 2.922223086684204052e+00 5.261051854853076443e-02
9.000000000000000222e-01 3.055267389817793777e+00 4.438623707323198497e-02
9.000000000000000222e-01 3.188311692951383503e+00 3.702773120053683142e-02
9.000000000000000222e-01 3.321355996084973228e+00 3.083792951653785766e-02
9.000000000000000222e-01 3.454400299218562953e+00 2.547905332041757939e-02
9.000000000000000222e-01 3.587444602352152678e+00 2.093178266578696670e-02
9.000000000000000222e-01 3.720488905485742848e+00 1.704221541841196425e-02
9.000000000000000222e-01 3.853533208619332573e+00 1.377454946510382056e-02
9.000000000000000222e-01 3.986577511752922298e+00 1.113247117596058780e-02
9.000000000000000222e-01 4.119621814886512468e+00 8.891369495342211354e-03
9.000000000000000222e-01 4.252666118020101749e+00 7.099350054680823169e-03
9.000000000000000222e-01 4.385710421153691918e+00 5.617446034378152132e-03
9.000000000000000222e-01 4.518754724287281199e+00 4.450613558992138133e-03
9.000000000000000222e-01 4.651799027420871369e+00 3.505919668364455063e-03
9.000000000000000222e-01 4.784843330554461538e+00 2.694931696510217359e-03
9.000000000000000222e-01 4.917887633688050819e+00 2.103441923909375386e-03
9.000000000000000222e-01 5.050931936821640100e+00 1.614741477201219345e-03
9.000000000000000222e-01 5.183976239955230270e+00 1.182845110292047273e-03
9.000000000000000222e-01 5.317020543088820439e+00 9.063528380793744793e-04
9.000000000000000222e-01 5.450064846222409720e+00 6.625516433247373872e-04
9.000000000000000222e-01 5.583109149355999890e+00 4.723045128170686455e-04
9.000000000000000222e-01 5.716153452489589171e+00 3.288300156066844095e-04
9.000000000000000222e-01 5.849197755623179340e+00 1.971269005622771449e-04
9.000000000000000222e-01 5.982242058756768621e+00 1.138282688606085356e-04
9.000000000000000222e-01 6.115286361890358791e+00 4.258200366256051627e-05
9.000000000000000222e-01 6.177056931202383083e+00 0.000000000000000000e+00
1.000000000000000000e+00 9.526721574165016859e-01 2.849095708663736404e-01
1.000000000000000000e+00 1.000000000000000000e+00 2.803496359726727061e-01
1.000000000000000000e+00 1.024632227963055309e+00 2.776826934147921255e-01
1.000000000000000000e+00 1.049871202580534790e+00 2.747939509916219047e-01
1.000000000000000000e+00 1.075731869374345617e+00 2.717193295360107452e-01
1.000000000000000000e+00 1.089466108225024987e+00 2.700458065420969778e-01
1.000000000000000000e+00 1.102229542007898244e+00 2.684667753485020514e-01
1.000000000000000000e+00 1.129379911354250865e+00 2.624371587229402114e-01
1.000000000000000000e+00 1.157199054787624082e+00 2.594272614451771375e-01
1.000000000000000000e+00 1.185703445703784942e+00 2.562156424807115473e-01
1.000000000000000000e+00 1.214909963274940941e+00 2.528228921762125658e-01
1.000000000000000000e+00 1.226260059033548400e+00 2.514844351786003629e-01
1.000000000000000000e+00 1.244835902444916487e+00 2.492719900779956921e-01
1.000000000000000000e+00 1.275498984170535532e+00 2.455725268329539968e-01
1.000000000000000000e+00 1.306917365915269746e+00 2.378681077883751105e-01
1.000000000000000000e+00 1.339109652401370587e+00 2.355280107386837629e-01
1.000000000000000000e+00 1.363054009842071590e+00 2.329255521690939412e-01
1.000000000000000000e+00 1.372094906626848854e+00 2.319207031297585153e-01
1.000000000000000000e+00 1.405892661153828715e+00 2.281084906629600728e-01
1.000000000000000000e+00 1.440522929674956210e+00 2.241016553660820920e-01
1.000000000000000000e+00 1.476006218864718278e+00 2.199196466235622260e-01
1.000000000000000000e+00 1.499847960650595002e+00 2.170766099326815746e-01
1.000000000000000000e+00 1.512363540522681404e+00 2.155653996820071083e-01
1.000000000000000000e+00 1.549616424015849647e+00 2.110581626058022076e-01
1.000000000000000000e+00 1.587786929027502847e+00 2.041202616464898867e-01
1.000000000000000000e+00 1.636641911459118415e+00 1.987151114859924128e-01
1.000000000000000000e+00 1.773435862267641827e+00 1.827768963022830262e-01
1.000000000000000000e+00 1.910229813076165017e+00 1.657645151435950814e-01
1.000000000000000000e+00 2.047023763884688208e+00 1.496565642038127086e-01
1.000000000000000000e+00 2.183817714693211620e+00 1.328858536448490335e-01
1.000000000000000000e+00 2.320611665501735033e+00 1.179925398053070090e-01
1.000000000000000000e+00 2.457405616310258445e+00 1.030168416642624207e-01
1.000000000000000000e+00 2.594199567118781857e+00 8.988515033919226849e-02
1.000000000000000000e+00 2.730993517927304826e+00 7.732476078745952053e-02
1.000000000000000000e+00 2.867787468735828238e+00 6.629057462616222418e-02
1.000000000000000000e+00 3.004581419544351650e+00 5.570183177017331427e-02
1.000000000000000000e+00 3.141375370352875063e+00 4.708214049763712744e-02
1.000000000000000000e+00 3.278169321161398475e+00 3.916335596113931089e-02
1.000000000000000000e+00 3.414963271969921887e+00 3.262232106107023494e-02
1.000000000000000000e+00 3.551757222778444856e+00 2.697501028082593955e-02
1.000000000000000000e+00 3.688551173586968268e+00 2.180979440198450511e-02
1.000000000000000000e+00 3.825345124395491681e+00 1.785314867905851699e-02
1.000000000000000000e+00 3.962139075204015093e+00 1.423817744810945522e-02
1.000000000000000000e+00 4.098933026012538505e+00 1.155300939171746005e-02
1.000000000000000000e+00 4.235726976821061918e+00 9.161115129324564135e-03
1.000000000000000000e+00 4.372520927629584442e+00 7.373587196161495924e-03
1.000000000000000000e+00 4.509314878438107854e+00 5.619802101754544157e-03
1.000000000000000000e+00 4.646108829246631267e+00 4.505377610566595192e-03
1.000000000000000000e+00 4.782902780055154679e+00 3.598231415009625535e-03
1.000000000000000000e+00 4.919696730863678091e+00 2.769910750923864750e-03
1.000000000000000000e+00 5.056490681672201504e+00 1.990287472228925540e-03
1.000000000000000000e+00 5.193284632480724916e+00 1.586585157221668358e-03
1.000000000000000000e+00 5.330078583289248328e+00 1.201006585290131370e-03
1.000000000000000000e+00 5.466872534097771741e+00 8.784140936778740477e-04
1.000000000000000000e+00 5.603666484906295153e+00 6.457350084777900134e-04
1.000000000000000000e+00 5.740460435714818566e+00 5.136251331195057371e-04
1.000000000000000000e+00 5.877254386523341978e+00 3.097408871266917399e-04
1.000000000000000000e+00 6.014048337331865390e+00 2.037877723248318336e-04
1.000000000000000000e+00 6.150842288140387915e+00 9.357842489827710298e-05
1.000000000000000000e+00 6.287636238948911327e+00 1.440117615973195324e-05
1.000000000000000000e+00 6.351147716110011388e+00 0.000000000000000000e+00
