# mx [GeV]: 1000.0
# sigma_p [cm^2]: 3.98107170553e-29
# depth [m]: 0.3
# loc: MPI
# Columns: gamma/pi, v [km/s], f(v, gamma) [s/km]
0.000000000000000000e+00 1.000000000000000000e+00 7.197790782593234057e-03
0.000000000000000000e+00 1.082004748442849662e+00 6.856889337398451752e-03
0.000000000000000000e+00 1.170734275652874246e+00 6.488872799434566851e-03
0.000000000000000000e+00 1.266740045421210104e+00 5.784780837412304214e-03
0.000000000000000000e+00 1.370618744188460303e+00 5.548946693370937835e-03
0.000000000000000000e+00 1.483015989516689448e+00 5.279737963986589830e-03
0.000000000000000000e+00 1.604630342673729393e+00 4.993027997365787757e-03
0.000000000000000000e+00 1.736217650268452095e+00 4.401516654349496745e-03
0.000000000000000000e+00 1.878595741920751960e+00 4.236411460849968252e-03
0.000000000000000000e+00 2.032649513162771537e+00 4.040946516235891829e-03
0.000000000000000000e+00 2.199336425162165654e+00 3.787437644720532005e-03
0.000000000000000000e+00 2.379692455448785271e+00 3.457125988617241585e-03
0.000000000000000000e+00 2.574838536629210139e+00 3.288919316618995736e-03
0.000000000000000000e+00 2.682288068332215669e+00 3.106104920905972296e-03
0.000000000000000000e+00 2.785987523106443042e+00 3.032479349783044360e-03
0.000000000000000000e+00 3.014451729103705180e+00 2.865211648626884728e-03
0.000000000000000000e+00 3.067437124297867079e+00 2.826102890519329325e-03
0.000000000000000000e+00 3.261651084841967752e+00 2.535437350083272895e-03
0.000000000000000000e+00 3.452586180263518489e+00 2.443115009423803361e-03
0.000000000000000000e+00 3.529121961562780463e+00 2.404586948963207717e-03
0.000000000000000000e+00 3.818526720244872052e+00 2.255431285835076977e-03
0.000000000000000000e+00 3.837735236229169900e+00 2.245318975470394617e-03
0.000000000000000000e+00 4.131664043360853356e+00 2.023224400667440748e-03
0.000000000000000000e+00 4.222884292194821754e+00 1.985732218603332520e-03
0.000000000000000000e+00 4.470480113887026263e+00 1.882494552018502271e-03
0.000000000000000000e+00 4.608033348160472720e+00 1.781627223888719884e-03
0.000000000000000000e+00 4.993182404126124574e+00 1.640420200833376694e-03
0.000000000000000000e+00 5.378331460091775540e+00 1.434808301203949026e-03
0.000000000000000000e+00 5.763480516057427394e+00 1.324313234522246380e-03
0.000000000000000000e+00 6.148629572023079248e+00 1.168992975235342993e-03
0.000000000000000000e+00 6.533778627988730214e+00 1.076857117690481567e-03
0.000000000000000000e+00 6.918927683954381180e+00 9.658152492697356798e-04
0.000000000000000000e+00 7.304076739920033035e+00 8.846945035818463586e-04
0.000000000000000000e+00 7.689225795885684889e+00 7.697715284327050775e-04
0.000000000000000000e+00 8.074374851851336743e+00 7.050135291810309115e-04
0.000000000000000000e+00 8.459523907816986821e+00 6.277860259043359370e-04
0.000000000000000000e+00 8.844672963782638675e+00 5.475568962811951362e-04
0.000000000000000000e+00 9.229822019748290529e+00 5.001490760125193837e-04
0.000000000000000000e+00 9.614971075713942383e+00 4.264569069368581039e-04
0.000000000000000000e+00 1.000012013167959424e+01 3.892329565262760897e-04
0.000000000000000000e+00 1.038526918764524432e+01 3.417747197275314633e-04
0.000000000000000000e+00 1.077041824361089617e+01 3.106821771060574717e-04
0.000000000000000000e+00 1.115556729957654802e+01 2.610387884832279857e-04
0.000000000000000000e+00 1.154071635554219988e+01 2.370723348946646354e-04
0.000000000000000000e+00 1.192586541150785173e+01 2.012196798779713439e-04
0.000000000000000000e+00 1.231101446747350359e+01 1.740137055706435937e-04
0.000000000000000000e+00 1.269616352343915366e+01 1.576362544724970360e-04
0.000000000000000000e+00 1.308131257940480552e+01 1.282920421957877007e-04
0.000000000000000000e+00 1.346646163537045737e+01 1.091929950258024829e-04
0.000000000000000000e+00 1.385161069133610923e+01 9.882549963523553174e-05
0.000000000000000000e+00 1.423675974730175930e+01 7.866863292653003374e-05
0.000000000000000000e+00 1.462190880326741116e+01 6.309827225900311426e-05
0.000000000000000000e+00 1.500705785923306301e+01 5.708462489761246048e-05
0.000000000000000000e+00 1.539220691519871487e+01 4.726835171496528002e-05
0.000000000000000000e+00 1.577735597116436672e+01 3.516093085544127339e-05
0.000000000000000000e+00 1.616250502713001680e+01 2.844046952231327010e-05
0.000000000000000000e+00 1.654765408309566865e+01 1.989484433582228696e-05
0.000000000000000000e+00 1.693280313906132051e+01 1.201368721836890981e-05
0.000000000000000000e+00 1.731795219502697236e+01 7.141661901126851152e-06
0.000000000000000000e+00 1.770310125099262422e+01 1.631792792330551953e-06
0.000000000000000000e+00 1.788192045554810505e+01 0.000000000000000000e+00
1.000000000000000056e-01 1.000000000000000000e+00 8.248562653455963900e-03
1.000000000000000056e-01 1.083598519491544732e+00 7.613267910302012539e-03
1.000000000000000056e-01 1.174185751444267511e+00 7.110502570597750788e-03
1.000000000000000056e-01 1.272345941873075370e+00 6.672177264158403107e-03
1.000000000000000056e-01 1.378712178894739404e+00 6.224448971223326202e-03
1.000000000000000056e-01 1.493970475855301405e+00 5.829213345515896032e-03
1.000000000000000056e-01 1.618864195800883143e+00 5.428933198218557389e-03
1.000000000000000056e-01 1.754198845827707132e+00 5.080870825724352960e-03
1.000000000000000056e-01 1.900847272232679908e+00 4.727626014410899087e-03
1.000000000000000056e-01 2.059755289970873093e+00 4.406858756569824627e-03
1.000000000000000056e-01 2.231947782727315754e+00 4.140186651826105804e-03
1.000000000000000056e-01 2.418535312945754967e+00 3.869689826415363167e-03
1.000000000000000056e-01 2.620721284446040134e+00 3.562801970966741026e-03
1.000000000000000056e-01 2.758359751446809671e+00 3.431210314396135504e-03
1.000000000000000056e-01 2.839809703825708631e+00 3.353656226224744231e-03
1.000000000000000056e-01 3.077213590703259616e+00 3.082274589302458258e-03
1.000000000000000056e-01 3.154431920885325979e+00 3.016820239099356118e-03
1.000000000000000056e-01 3.334464091045312717e+00 2.869996309487167323e-03
1.000000000000000056e-01 3.550504090323842288e+00 2.698671566683151935e-03
1.000000000000000056e-01 3.613220352354419962e+00 2.639327701162772280e-03
1.000000000000000056e-01 3.915280224407966525e+00 2.414334260086890144e-03
1.000000000000000056e-01 3.946576259762358596e+00 2.396541214129801426e-03
1.000000000000000056e-01 4.242591854562996367e+00 2.220717958703085759e-03
1.000000000000000056e-01 4.342648429200874460e+00 2.163890523871828640e-03
1.000000000000000056e-01 4.597266252411349008e+00 2.011028514250932410e-03
1.000000000000000056e-01 4.738720598639391213e+00 1.946276264041600038e-03
1.000000000000000056e-01 5.134792768077907965e+00 1.745477488446968905e-03
1.000000000000000056e-01 5.530864937516423829e+00 1.583098342634455978e-03
1.000000000000000056e-01 5.926937106954939694e+00 1.405735905734444664e-03
1.000000000000000056e-01 6.323009276393456446e+00 1.277483980333263399e-03
1.000000000000000056e-01 6.719081445831973198e+00 1.155936245378767638e-03
1.000000000000000056e-01 7.115153615270488174e+00 1.031572965826333321e-03
1.000000000000000056e-01 7.511225784709004927e+00 9.261561102930457746e-04
1.000000000000000056e-01 7.907297954147521679e+00 8.352408984824994526e-04
1.000000000000000056e-01 8.303370123586038432e+00 7.399738897299887926e-04
1.000000000000000056e-01 8.699442293024553408e+00 6.659685043072475098e-04
1.000000000000000056e-01 9.095514462463070160e+00 5.919648364406524714e-04
1.000000000000000056e-01 9.491586631901586912e+00 5.284655517249106475e-04
1.000000000000000056e-01 9.887658801340103665e+00 4.658165110368222075e-04
1.000000000000000056e-01 1.028373097077861864e+01 4.168483496623922929e-04
1.000000000000000056e-01 1.067980314021713539e+01 3.614671597150769661e-04
1.000000000000000056e-01 1.107587530965565215e+01 3.219470176858242670e-04
1.000000000000000056e-01 1.147194747909416712e+01 2.818856433719340725e-04
1.000000000000000056e-01 1.186801964853268387e+01 2.478371532400314961e-04
1.000000000000000056e-01 1.226409181797120063e+01 2.143106960435431959e-04
1.000000000000000056e-01 1.266016398740971738e+01 1.870307650293923779e-04
1.000000000000000056e-01 1.305623615684823413e+01 1.603281023152293959e-04
1.000000000000000056e-01 1.345230832628674911e+01 1.396321710428825695e-04
1.000000000000000056e-01 1.384838049572526586e+01 1.187477798485103464e-04
1.000000000000000056e-01 1.424445266516378261e+01 9.898848793233652450e-05
1.000000000000000056e-01 1.464052483460229759e+01 8.424833660575484944e-05
1.000000000000000056e-01 1.503659700404081434e+01 7.105523773407543015e-05
1.000000000000000056e-01 1.543266917347933109e+01 5.703175813119743139e-05
1.000000000000000056e-01 1.582874134291784785e+01 4.571510206184887289e-05
1.000000000000000056e-01 1.622481351235636637e+01 3.596436812249561096e-05
1.000000000000000056e-01 1.662088568179488135e+01 2.745451063867445014e-05
1.000000000000000056e-01 1.701695785123339633e+01 2.005164557827377329e-05
1.000000000000000056e-01 1.741303002067191485e+01 1.300645571121299815e-05
1.000000000000000056e-01 1.780910219011042983e+01 7.351348396212583285e-06
1.000000000000000056e-01 1.820517435954894481e+01 2.222251200626626394e-06
1.000000000000000056e-01 1.838906500964539958e+01 0.000000000000000000e+00
2.000000000000000111e-01 1.000000000000000000e+00 1.138203649277080842e-02
2.000000000000000111e-01 1.088314956752888696e+00 1.062552233681430050e-02
2.000000000000000111e-01 1.184429445092042066e+00 9.900613231818247706e-03
2.000000000000000111e-01 1.289032280312193635e+00 9.124363962238557849e-03
2.000000000000000111e-01 1.402873110401042567e+00 8.534164393058599890e-03
2.000000000000000111e-01 1.526767788475901000e+00 7.904395846121733266e-03
2.000000000000000111e-01 1.661604219686853678e+00 7.193896525635860330e-03
2.000000000000000111e-01 1.808348724488915371e+00 6.829603181095606455e-03
2.000000000000000111e-01 1.968052963886295581e+00 6.359143193904208922e-03
2.000000000000000111e-01 2.141861476279308008e+00 5.897323558585337161e-03
2.000000000000000111e-01 2.331019879927593408e+00 5.420219552916815189e-03
2.000000000000000111e-01 2.536883799813522966e+00 5.084497646853586642e-03
2.000000000000000111e-01 2.760928582881157833e+00 4.726719773125235592e-03
2.000000000000000111e-01 2.995633008754877924e+00 4.361339650321873276e-03
2.000000000000000111e-01 3.004759871276121430e+00 4.348227690502073570e-03
2.000000000000000111e-01 3.270125109360687343e+00 4.015550552264413563e-03
2.000000000000000111e-01 3.425775184370962734e+00 3.839693280166571292e-03
2.000000000000000111e-01 3.558926066970412361e+00 3.691506586506894481e-03
2.000000000000000111e-01 3.855917359987047988e+00 3.407718663119502136e-03
2.000000000000000111e-01 3.873232468661632399e+00 3.392246028434022734e-03
2.000000000000000111e-01 4.215296826625368531e+00 3.088880580807550069e-03
2.000000000000000111e-01 4.286059535603133241e+00 3.027514769382528420e-03
2.000000000000000111e-01 4.587570583569377192e+00 2.793296881449751530e-03
2.000000000000000111e-01 4.716201711219218495e+00 2.707608141060066642e-03
2.000000000000000111e-01 4.992721681258130317e+00 2.531746284689951818e-03
2.000000000000000111e-01 5.146343886835303749e+00 2.440890070038788384e-03
2.000000000000000111e-01 5.576486062451388115e+00 2.180777045995841313e-03
2.000000000000000111e-01 6.006628238067472481e+00 1.960588466803746786e-03
2.000000000000000111e-01 6.436770413683557734e+00 1.767028057358771727e-03
2.000000000000000111e-01 6.866912589299642988e+00 1.577600786915718967e-03
2.000000000000000111e-01 7.297054764915728242e+00 1.416236591685580710e-03
2.000000000000000111e-01 7.727196940531813496e+00 1.273887328609267207e-03
2.000000000000000111e-01 8.157339116147898750e+00 1.133014372894068818e-03
2.000000000000000111e-01 8.587481291763984004e+00 1.017539967836268841e-03
2.000000000000000111e-01 9.017623467380067481e+00 9.052146567801864401e-04
2.000000000000000111e-01 9.447765642996152735e+00 8.061443386575208210e-04
2.000000000000000111e-01 9.877907818612237989e+00 7.125519535440792696e-04
2.000000000000000111e-01 1.030804999422832324e+01 6.335689428609313006e-04
2.000000000000000111e-01 1.073819216984440850e+01 5.597274300903510181e-04
2.000000000000000111e-01 1.116833434546049375e+01 4.938540015587021201e-04
2.000000000000000111e-01 1.159847652107657900e+01 4.333194926858966269e-04
2.000000000000000111e-01 1.202861869669266248e+01 3.818944490043347162e-04
2.000000000000000111e-01 1.245876087230874774e+01 3.297080284495769041e-04
2.000000000000000111e-01 1.288890304792483299e+01 2.895945143128927360e-04
2.000000000000000111e-01 1.331904522354091824e+01 2.512805838795600911e-04
2.000000000000000111e-01 1.374918739915700350e+01 2.174105832125377733e-04
2.000000000000000111e-01 1.417932957477308875e+01 1.857184753899221430e-04
2.000000000000000111e-01 1.460947175038917401e+01 1.600045389026929187e-04
2.000000000000000111e-01 1.503961392600525748e+01 1.351997375386830851e-04
2.000000000000000111e-01 1.546975610162134274e+01 1.143402712877237100e-04
2.000000000000000111e-01 1.589989827723742799e+01 9.623086428461999266e-05
2.000000000000000111e-01 1.633004045285351324e+01 7.905024099908900892e-05
2.000000000000000111e-01 1.676018262846960027e+01 6.458892574726009879e-05
2.000000000000000111e-01 1.719032480408568375e+01 5.219499186235668084e-05
2.000000000000000111e-01 1.762046697970177078e+01 4.082456718135216481e-05
2.000000000000000111e-01 1.805060915531785426e+01 3.074003003724608767e-05
2.000000000000000111e-01 1.848075133093394129e+01 2.255831472628615306e-05
2.000000000000000111e-01 1.891089350655002477e+01 1.475879752754385283e-05
2.000000000000000111e-01 1.934103568216611180e+01 7.875193754075304197e-06
2.000000000000000111e-01 1.977117785778219528e+01 2.378562673322575127e-06
2.000000000000000111e-01 1.997088672503252127e+01 0.000000000000000000e+00
3.000000000000000444e-01 1.000000000000000000e+00 1.800191227464395180e-02
3.000000000000000444e-01 1.095920989327014095e+00 1.701936605683351117e-02
3.000000000000000444e-01 1.201042814847501417e+00 1.591392432553161151e-02
3.000000000000000444e-01 1.316248029871775582e+00 1.476015687041610375e-02
3.000000000000000444e-01 1.442503843096809346e+00 1.343470287428557251e-02
3.000000000000000444e-01 1.580870238834675146e+00 1.248934058772500390e-02
3.000000000000000444e-01 1.732508876141330312e+00 1.155018242234131728e-02
3.000000000000000444e-01 1.898692841558639932e+00 1.042274014030973410e-02
3.000000000000000444e-01 2.080817337349064378e+00 9.808100273779164421e-03
3.000000000000000444e-01 2.280411394956390225e+00 9.074267624116070033e-03
3.000000000000000444e-01 2.499150712033203270e+00 8.363452465899959623e-03
3.000000000000000444e-01 2.738871720808739862e+00 7.653479962118128581e-03
3.000000000000000444e-01 3.001587005908495698e+00 7.093273173737871078e-03
3.000000000000000444e-01 3.289502201066349052e+00 6.528982195753204459e-03
3.000000000000000444e-01 3.419455056860335684e+00 6.275673645987815165e-03
3.000000000000000444e-01 3.605034506586022758e+00 5.931491025932685360e-03
3.000000000000000444e-01 3.910453731691563295e+00 5.496755609905262449e-03
3.000000000000000444e-01 3.950832983015778233e+00 5.441156203034723526e-03
3.000000000000000444e-01 4.329800791412450778e+00 4.941036014005717805e-03
3.000000000000000444e-01 4.401452406522791350e+00 4.859263252833019228e-03
3.000000000000000444e-01 4.745119566913621689e+00 4.470039868277083349e-03
3.000000000000000444e-01 4.892451081354018960e+00 4.313610125039524582e-03
3.000000000000000444e-01 5.200276130246948902e+00 3.988352105205783885e-03
3.000000000000000444e-01 5.383449756185246571e+00 3.831970719358757105e-03
3.000000000000000444e-01 5.699091761433892955e+00 3.575540248184282469e-03
3.000000000000000444e-01 5.874448431016474181e+00 3.437264886166347105e-03
3.000000000000000444e-01 6.365447105847701792e+00 3.061957058916419186e-03
3.000000000000000444e-01 6.856445780678929403e+00 2.746133767428819705e-03
3.000000000000000444e-01 7.347444455510157013e+00 2.453426463540000092e-03
3.000000000000000444e-01 7.838443130341385512e+00 2.195535337743624495e-03
3.000000000000000444e-01 8.329441805172612234e+00 1.946333034065066483e-03
3.000000000000000444e-01 8.820440480003840733e+00 1.743337087147574715e-03
3.000000000000000444e-01 9.311439154835067455e+00 1.550239308386227926e-03
3.000000000000000444e-01 9.802437829666295954e+00 1.373028841989685535e-03
3.000000000000000444e-01 1.029343650449752268e+01 1.220018350308865480e-03
3.000000000000000444e-01 1.078443517932875118e+01 1.077462553597283200e-03
3.000000000000000444e-01 1.127543385415997790e+01 9.507448968735268376e-04
3.000000000000000444e-01 1.176643252899120640e+01 8.326072277116742431e-04
3.000000000000000444e-01 1.225743120382243490e+01 7.337452769147405438e-04
3.000000000000000444e-01 1.274842987865366162e+01 6.415512353092060098e-04
3.000000000000000444e-01 1.323942855348489012e+01 5.605575836771447499e-04
3.000000000000000444e-01 1.373042722831611684e+01 4.863706373952911906e-04
3.000000000000000444e-01 1.422142590314734534e+01 4.239398751391368521e-04
3.000000000000000444e-01 1.471242457797857206e+01 3.620452567245488126e-04
3.000000000000000444e-01 1.520342325280980056e+01 3.141146368222397928e-04
3.000000000000000444e-01 1.569442192764102728e+01 2.688714850271699654e-04
3.000000000000000444e-01 1.618542060247225578e+01 2.311246883327624840e-04
3.000000000000000444e-01 1.667641927730348073e+01 1.933594704906773320e-04
3.000000000000000444e-01 1.716741795213470922e+01 1.649486972694139131e-04
3.000000000000000444e-01 1.765841662696593772e+01 1.375079069170978270e-04
3.000000000000000444e-01 1.814941530179716622e+01 1.149200948127895139e-04
3.000000000000000444e-01 1.864041397662839117e+01 9.458584318036720518e-05
3.000000000000000444e-01 1.913141265145961967e+01 7.543172866240274450e-05
3.000000000000000444e-01 1.962241132629084817e+01 6.101173375771976813e-05
3.000000000000000444e-01 2.011341000112207666e+01 4.773627261256658627e-05
3.000000000000000444e-01 2.060440867595330516e+01 3.558569914951673568e-05
3.000000000000000444e-01 2.109540735078453366e+01 2.545893371857456449e-05
3.000000000000000444e-01 2.158640602561575861e+01 1.704767635102857692e-05
3.000000000000000444e-01 2.207740470044698711e+01 9.401209927204409373e-06
3.000000000000000444e-01 2.256840337527821561e+01 2.854026997963766481e-06
3.000000000000000444e-01 2.279636704573557182e+01 0.000000000000000000e+00
4.000000000000000222e-01 1.000000000000000000e+00 3.259387245852571335e-02
4.000000000000000222e-01 1.105869555898361334e+00 2.869457920769417220e-02
4.000000000000000222e-01 1.222947474662839040e+00 2.703060858634589655e-02
4.000000000000000222e-01 1.352420380692416213e+00 2.510028294679443953e-02
4.000000000000000222e-01 1.495600525784215096e+00 2.306217515278220775e-02
4.000000000000000222e-01 1.653939089250345607e+00 2.098404415527736766e-02
4.000000000000000222e-01 1.829040886112220266e+00 1.934820461655608129e-02
4.000000000000000222e-01 2.022680632444866067e+00 1.774075195481942396e-02
4.000000000000000222e-01 2.236820932726020672e+00 1.611780798493908998e-02
4.000000000000000222e-01 2.473632171497882837e+00 1.493594880040760575e-02
4.000000000000000222e-01 2.735514510950263212e+00 1.371758741411413171e-02
4.000000000000000222e-01 3.025122217378090728e+00 1.244582329048317740e-02
4.000000000000000222e-01 3.345390563070175904e+00 1.150109864481900675e-02
4.000000000000000222e-01 3.699565576288984303e+00 1.050824071458356102e-02
4.000000000000000222e-01 4.059994019931520093e+00 9.613138732486368673e-03
4.000000000000000222e-01 4.091236940867563732e+00 9.541100110094145881e-03
4.000000000000000222e-01 4.524374378872183300e+00 8.647906123877623780e-03
4.000000000000000222e-01 4.642967520229379197e+00 8.423955882327149175e-03
4.000000000000000222e-01 5.003367885081305921e+00 7.777915998299589524e-03
4.000000000000000222e-01 5.225941020527239189e+00 7.431405912758566081e-03
4.000000000000000222e-01 5.533072221070987062e+00 6.973981574270829431e-03
4.000000000000000222e-01 5.808914520825098293e+00 6.583742238713686905e-03
4.000000000000000222e-01 6.118856119869332311e+00 6.163043175717091912e-03
4.000000000000000222e-01 6.391888021122957397e+00 5.849814467449128939e-03
4.000000000000000222e-01 6.766656699885868598e+00 5.439854268851206966e-03
4.000000000000000222e-01 6.974861521420817390e+00 5.218948492503006423e-03
4.000000000000000222e-01 7.557835021718676494e+00 4.635266141964813034e-03
4.000000000000000222e-01 8.140808522016536486e+00 4.134033409092170361e-03
4.000000000000000222e-01 8.723782022314395590e+00 3.672651222728225053e-03
4.000000000000000222e-01 9.306755522612254694e+00 3.263517549388956704e-03
4.000000000000000222e-01 9.889729022910113798e+00 2.879777192070636337e-03
4.000000000000000222e-01 1.047270252320797468e+01 2.554789545872950159e-03
4.000000000000000222e-01 1.105567602350583201e+01 2.256387110178561042e-03
4.000000000000000222e-01 1.163864952380369289e+01 1.981633691692705722e-03
4.000000000000000222e-01 1.222162302410155377e+01 1.742612453873312352e-03
4.000000000000000222e-01 1.280459652439941109e+01 1.526324849400868778e-03
4.000000000000000222e-01 1.338757002469727198e+01 1.333167289883341192e-03
4.000000000000000222e-01 1.397054352499512930e+01 1.156087668626414305e-03
4.000000000000000222e-01 1.455351702529299018e+01 1.007615288169005701e-03
4.000000000000000222e-01 1.513649052559085106e+01 8.712984521635897244e-04
4.000000000000000222e-01 1.571946402588870839e+01 7.539280855563654411e-04
4.000000000000000222e-01 1.630243752618656927e+01 6.453966480588820692e-04
4.000000000000000222e-01 1.688541102648442660e+01 5.562953973806825580e-04
4.000000000000000222e-01 1.746838452678228748e+01 4.752326099272568866e-04
4.000000000000000222e-01 1.805135802708014481e+01 4.038913908804410511e-04
4.000000000000000222e-01 1.863433152737800569e+01 3.433550342908332970e-04
4.000000000000000222e-01 1.921730502767586657e+01 2.898197086723612701e-04
4.000000000000000222e-01 1.980027852797372390e+01 2.439328531964359546e-04
4.000000000000000222e-01 2.038325202827158478e+01 2.022483781338013490e-04
4.000000000000000222e-01 2.096622552856944210e+01 1.689676551500172280e-04
4.000000000000000222e-01 2.154919902886730299e+01 1.379632633069386783e-04
4.000000000000000222e-01 2.213217252916516031e+01 1.123110719877878173e-04
4.000000000000000222e-01 2.271514602946302119e+01 9.077682731233612347e-05
4.000000000000000222e-01 2.329811952976088207e+01 7.114303536929950957e-05
4.000000000000000222e-01 2.388109303005873940e+01 5.484888879012941935e-05
4.000000000000000222e-01 2.446406653035660028e+01 4.125045953808775812e-05
4.000000000000000222e-01 2.504704003065445761e+01 2.947046445157530060e-05
4.000000000000000222e-01 2.563001353095231849e+01 1.921910015440314264e-05
4.000000000000000222e-01 2.621298703125017937e+01 1.013562700344636583e-05
4.000000000000000222e-01 2.679596053154803670e+01 2.895770485334517724e-06
4.000000000000000222e-01 2.706662679954347084e+01 0.000000000000000000e+00
5.000000000000000000e-01 1.000000000000000000e+00 5.322416174442800435e-02
5.000000000000000000e-01 1.117303428012703215e+00 4.903885081320571993e-02
5.000000000000000000e-01 1.248366950248937624e+00 4.354683567827480339e-02
5.000000000000000000e-01 1.394804672930901601e+00 4.059523527990123448e-02
5.000000000000000000e-01 1.558420042473833700e+00 3.732380125684551381e-02
5.000000000000000000e-01 1.741228055739716618e+00 3.414270660084711695e-02
5.000000000000000000e-01 1.945480075629879568e+00 3.117124706474399751e-02
5.000000000000000000e-01 2.173691557631677540e+00 2.855035813327544067e-02
5.000000000000000000e-01 2.428673028784145149e+00 2.590853745249899198e-02
5.000000000000000000e-01 2.713564700582519862e+00 2.397515650583335878e-02
5.000000000000000000e-01 3.031875142095114217e+00 2.199435963971344693e-02
5.000000000000000000e-01 3.387524489569372133e+00 2.003850165504225678e-02
5.000000000000000000e-01 3.784892724672841435e+00 1.843172593154791122e-02
5.000000000000000000e-01 4.228873615937306596e+00 1.681340506014830302e-02
5.000000000000000000e-01 4.724934987719227486e+00 1.521297189360575758e-02
5.000000000000000000e-01 4.936313617297747314e+00 1.464885638004900445e-02
5.000000000000000000e-01 5.279186058915852797e+00 1.376584138347880341e-02
5.000000000000000000e-01 5.645117623884090108e+00 1.289419454392410312e-02
5.000000000000000000e-01 5.898452680743553778e+00 1.235383609380963192e-02
5.000000000000000000e-01 6.353921630470433790e+00 1.143177974163219097e-02
5.000000000000000000e-01 6.590361400165490657e+00 1.098193331951574994e-02
5.000000000000000000e-01 7.062725637056777472e+00 1.013808328386731072e-02
5.000000000000000000e-01 7.363433384247501934e+00 9.659608269242723685e-03
5.000000000000000000e-01 7.771529643643120266e+00 9.032561532253810185e-03
5.000000000000000000e-01 8.227189362162912190e+00 8.397288002664834647e-03
5.000000000000000000e-01 8.480333650229463061e+00 8.012895560925468313e-03
5.000000000000000000e-01 9.189137656815805855e+00 7.128934294269881865e-03
5.000000000000000000e-01 9.897941663402150425e+00 6.313037857037765051e-03
5.000000000000000000e-01 1.060674566998849322e+01 5.585741004512672324e-03
5.000000000000000000e-01 1.131554967657483601e+01 4.911381129090707995e-03
5.000000000000000000e-01 1.202435368316118058e+01 4.329625703677894739e-03
5.000000000000000000e-01 1.273315768974752338e+01 3.796256012808652165e-03
5.000000000000000000e-01 1.344196169633386617e+01 3.311121916069317394e-03
5.000000000000000000e-01 1.415076570292020897e+01 2.886908666823046962e-03
5.000000000000000000e-01 1.485956970950655354e+01 2.505924608941983295e-03
5.000000000000000000e-01 1.556837371609289633e+01 2.169402686450179214e-03
5.000000000000000000e-01 1.627717772267924090e+01 1.862569797116586613e-03
5.000000000000000000e-01 1.698598172926558192e+01 1.605965840006461304e-03
5.000000000000000000e-01 1.769478573585192294e+01 1.377044829412278452e-03
5.000000000000000000e-01 1.840358974243827106e+01 1.175629552544095414e-03
5.000000000000000000e-01 1.911239374902461208e+01 9.989364483105613816e-04
5.000000000000000000e-01 1.982119775561095310e+01 8.486996412049608316e-04
5.000000000000000000e-01 2.053000176219730122e+01 7.182897749548758717e-04
5.000000000000000000e-01 2.123880576878364224e+01 6.019844550371323925e-04
5.000000000000000000e-01 2.194760977536998325e+01 5.074430710427989223e-04
5.000000000000000000e-01 2.265641378195633138e+01 4.236624644625160249e-04
5.000000000000000000e-01 2.336521778854267239e+01 3.535763522511326993e-04
5.000000000000000000e-01 2.407402179512901341e+01 2.903168148045852295e-04
5.000000000000000000e-01 2.478282580171536154e+01 2.408658014462852781e-04
5.000000000000000000e-01 2.549162980830170255e+01 1.953565131491829133e-04
5.000000000000000000e-01 2.620043381488804357e+01 1.600667442688429487e-04
5.000000000000000000e-01 2.690923782147438459e+01 1.286798900743484867e-04
5.000000000000000000e-01 2.761804182806073271e+01 1.022481661063534721e-04
5.000000000000000000e-01 2.832684583464707373e+01 7.946927673043124819e-05
5.000000000000000000e-01 2.903564984123341475e+01 6.074593089332467949e-05
5.000000000000000000e-01 2.974445384781976287e+01 4.462778397275881336e-05
5.000000000000000000e-01 3.045325785440610389e+01 3.183815462972393112e-05
5.000000000000000000e-01 3.116206186099244491e+01 2.061296453628976483e-05
5.000000000000000000e-01 3.187086586757879303e+01 1.052188149295820284e-05
5.000000000000000000e-01 3.257966987416513405e+01 3.163170822449638426e-06
5.000000000000000000e-01 3.290875744865164876e+01 0.000000000000000000e+00
6.000000000000000888e-01 1.000000000000000000e+00 7.359474565795742773e-02
6.000000000000000888e-01 1.129130050516499173e+00 6.706684586352468225e-02
6.000000000000000888e-01 1.274934670979392060e+00 6.044088623558295514e-02
6.000000000000000888e-01 1.439567049448197134e+00 5.658900211626930604e-02
6.000000000000000888e-01 1.625458415265330414e+00 5.219024721525132582e-02
6.000000000000000888e-01 1.835353942541011474e+00 4.787577104088178853e-02
6.000000000000000888e-01 2.072353289856987857e+00 4.390816943531000716e-02
6.000000000000000888e-01 2.339956374864254229e+00 4.037879145634642314e-02
6.000000000000000888e-01 2.642115059756879436e+00 3.704665833724637286e-02
6.000000000000000888e-01 2.983291510893688603e+00 3.434425358977805098e-02
6.000000000000000888e-01 3.368524094400834112e+00 3.171259576974456984e-02
6.000000000000000888e-01 3.803501780876858085e+00 2.922467451995538340e-02
6.000000000000000888e-01 4.294648157981081127e+00 2.694383262463946258e-02
6.000000000000000888e-01 4.849216291571767812e+00 2.469780959991284969e-02
6.000000000000000888e-01 5.475395836267862748e+00 2.256142533283371845e-02
6.000000000000000888e-01 6.029573601040115527e+00 2.089325194026559265e-02
6.000000000000000888e-01 6.182433977202960840e+00 2.047539996148419264e-02
6.000000000000000888e-01 6.895358528368952911e+00 1.865508210614790635e-02
6.000000000000000888e-01 6.980771988994099786e+00 1.844996640336945756e-02
6.000000000000000888e-01 7.761143455697789406e+00 1.666676694781962439e-02
6.000000000000000888e-01 7.882199428577069789e+00 1.641374441502507775e-02
6.000000000000000888e-01 8.626928383026626790e+00 1.491912994745938845e-02
6.000000000000000888e-01 8.900028238970348227e+00 1.439424462651542162e-02
6.000000000000000888e-01 9.492713310355464174e+00 1.330093396028131890e-02
6.000000000000000888e-01 1.004928933506685951e+01 1.235533755589967100e-02
6.000000000000000888e-01 1.035849823768430156e+01 1.184958580355693035e-02
6.000000000000000888e-01 1.122428316501313716e+01 1.050791840103251773e-02
6.000000000000000888e-01 1.209006809234197632e+01 9.282097988441272846e-03
6.000000000000000888e-01 1.295585301967081193e+01 8.157174541811416588e-03
6.000000000000000888e-01 1.382163794699965109e+01 7.150702430116439093e-03
6.000000000000000888e-01 1.468742287432848670e+01 6.227735364919440887e-03
6.000000000000000888e-01 1.555320780165732586e+01 5.405281086831080148e-03
6.000000000000000888e-01 1.641899272898616147e+01 4.667027806689020078e-03
6.000000000000000888e-01 1.728477765631499707e+01 4.016572693417910268e-03
6.000000000000000888e-01 1.815056258364383623e+01 3.436866469922704708e-03
6.000000000000000888e-01 1.901634751097267184e+01 2.930451181734044629e-03
6.000000000000000888e-01 1.988213243830151100e+01 2.490679150627506111e-03
6.000000000000000888e-01 2.074791736563034661e+01 2.108006252482933374e-03
6.000000000000000888e-01 2.161370229295918577e+01 1.777635937100809777e-03
6.000000000000000888e-01 2.247948722028802138e+01 1.493382158229695751e-03
6.000000000000000888e-01 2.334527214761686054e+01 1.251037958293916641e-03
6.000000000000000888e-01 2.421105707494569614e+01 1.041795783048257620e-03
6.000000000000000888e-01 2.507684200227453530e+01 8.683079718233555327e-04
6.000000000000000888e-01 2.594262692960337091e+01 7.200178100045712170e-04
6.000000000000000888e-01 2.680841185693220652e+01 5.950935792259516967e-04
6.000000000000000888e-01 2.767419678426104568e+01 4.902845049801411552e-04
6.000000000000000888e-01 2.853998171158988129e+01 4.001062814977438507e-04
6.000000000000000888e-01 2.940576663891872045e+01 3.282875392366716685e-04
6.000000000000000888e-01 3.027155156624755605e+01 2.651933264006012562e-04
6.000000000000000888e-01 3.113733649357639521e+01 2.152381382093913886e-04
6.000000000000000888e-01 3.200312142090523082e+01 1.721956613782804168e-04
6.000000000000000888e-01 3.286890634823406998e+01 1.363631970245654404e-04
6.000000000000000888e-01 3.373469127556290204e+01 1.073458138843861519e-04
6.000000000000000888e-01 3.460047620289174120e+01 8.258918794827458374e-05
6.000000000000000888e-01 3.546626113022058036e+01 6.265281916627196061e-05
6.000000000000000888e-01 3.633204605754941241e+01 4.575954266527289331e-05
6.000000000000000888e-01 3.719783098487825157e+01 3.171272281236033692e-05
6.000000000000000888e-01 3.806361591220709073e+01 2.064218088302672698e-05
6.000000000000000888e-01 3.892940083953592278e+01 1.093560052962722924e-05
6.000000000000000888e-01 3.979518576686476194e+01 3.088449827584316314e-06
6.000000000000000888e-01 4.019715734026743803e+01 0.000000000000000000e+00
7.000000000000000666e-01 1.000000000000000000e+00 8.219689679653738312e-02
7.000000000000000666e-01 1.140163864930378468e+00 7.536459771967288224e-02
7.000000000000000666e-01 1.299973638892978345e+00 6.882135878690212594e-02
7.000000000000000666e-01 1.482182968427826486e+00 6.460062700336816066e-02
7.000000000000000666e-01 1.689931461816651659e+00 5.992973603291962270e-02
7.000000000000000666e-01 1.926798786972317767e+00 5.521325891302791139e-02
7.000000000000000666e-01 2.196866351897523106e+00 5.134954154646772378e-02
7.000000000000000666e-01 2.504787630514980545e+00 4.772790808391775413e-02
7.000000000000000666e-01 2.855868345637765149e+00 4.456679206974818036e-02
7.000000000000000666e-01 3.256157890694680201e+00 4.173544200805399951e-02
7.000000000000000666e-01 3.712553565477995310e+00 3.900687063321366110e-02
7.000000000000000666e-01 4.232919421976448326e+00 3.659187155084753229e-02
7.000000000000000666e-01 4.826221768099531850e+00 3.416383556310052111e-02
7.000000000000000666e-01 5.502683664127486551e+00 3.182862698417127101e-02
7.000000000000000666e-01 6.273961073980851566e+00 2.954512703604957047e-02
7.000000000000000666e-01 7.153343706532755419e+00 2.724359770765196961e-02
7.000000000000000666e-01 7.253196352114703593e+00 2.699180407275782179e-02
7.000000000000000666e-01 8.155984007615785458e+00 2.484323646531440971e-02
7.000000000000000666e-01 8.294680956520917192e+00 2.453474146873650674e-02
7.000000000000000666e-01 9.299158248433570861e+00 2.238684157979110856e-02
7.000000000000000666e-01 9.336165560927131679e+00 2.228386768101957641e-02
7.000000000000000666e-01 1.037765016533334617e+01 2.009957664476029818e-02
7.000000000000000666e-01 1.060256420913322906e+01 1.965065599992060763e-02
7.000000000000000666e-01 1.141913476973955888e+01 1.805992483708600271e-02
7.000000000000000666e-01 1.208866058685784317e+01 1.680684349798948485e-02
7.000000000000000666e-01 1.246061937414577159e+01 1.613107049979281560e-02
7.000000000000000666e-01 1.350210397855198607e+01 1.429464605409798070e-02
7.000000000000000666e-01 1.454358858295820056e+01 1.260315778622597520e-02
7.000000000000000666e-01 1.558507318736441505e+01 1.102235503217007320e-02
7.000000000000000666e-01 1.662655779177062954e+01 9.583630161101456060e-03
7.000000000000000666e-01 1.766804239617684047e+01 8.271645555244523315e-03
7.000000000000000666e-01 1.870952700058305496e+01 7.101619155484130766e-03
7.000000000000000666e-01 1.975101160498926944e+01 6.048339430872426946e-03
7.000000000000000666e-01 2.079249620939548393e+01 5.134947123985539666e-03
7.000000000000000666e-01 2.183398081380169842e+01 4.336241554865769877e-03
7.000000000000000666e-01 2.287546541820790935e+01 3.641435617646867403e-03
7.000000000000000666e-01 2.391695002261412384e+01 3.042176183609549608e-03
7.000000000000000666e-01 2.495843462702033833e+01 2.535864015472896055e-03
7.000000000000000666e-01 2.599991923142655281e+01 2.103518106416868341e-03
7.000000000000000666e-01 2.704140383583276375e+01 1.736226019242006211e-03
7.000000000000000666e-01 2.808288844023897823e+01 1.432918930243151862e-03
7.000000000000000666e-01 2.912437304464519272e+01 1.175322792305982453e-03
7.000000000000000666e-01 3.016585764905140721e+01 9.650796597221435397e-04
7.000000000000000666e-01 3.120734225345762169e+01 7.853545124678962871e-04
7.000000000000000666e-01 3.224882685786383973e+01 6.405975924388062574e-04
7.000000000000000666e-01 3.329031146227004712e+01 5.212349379953788286e-04
7.000000000000000666e-01 3.433179606667626160e+01 4.202148762861753211e-04
7.000000000000000666e-01 3.537328067108247609e+01 3.394854902702690910e-04
7.000000000000000666e-01 3.641476527548869058e+01 2.723692255761274461e-04
7.000000000000000666e-01 3.745624987989490506e+01 2.167173769285809636e-04
7.000000000000000666e-01 3.849773448430111955e+01 1.722783447076001574e-04
7.000000000000000666e-01 3.953921908870733404e+01 1.346781036169414434e-04
7.000000000000000666e-01 4.058070369311354852e+01 1.053801924025623990e-04
7.000000000000000666e-01 4.162218829751976301e+01 7.986266904405927810e-05
7.000000000000000666e-01 4.266367290192597750e+01 6.042731197336009835e-05
7.000000000000000666e-01 4.370515750633219199e+01 4.402109854208163049e-05
7.000000000000000666e-01 4.474664211073840647e+01 3.050459102411849543e-05
7.000000000000000666e-01 4.578812671514462096e+01 1.917085823025815617e-05
7.000000000000000666e-01 4.682961131955082834e+01 1.043706164108316473e-05
7.000000000000000666e-01 4.787109592395704283e+01 2.912977690233969201e-06
7.000000000000000666e-01 4.835464234743135847e+01 0.000000000000000000e+00
8.000000000000000444e-01 1.000000000000000000e+00 7.653996010750881152e-02
8.000000000000000444e-01 1.149182187750606765e+00 7.133821815809930633e-02
8.000000000000000444e-01 1.320619700643270944e+00 6.576867834789539013e-02
8.000000000000000444e-01 1.517632636771785615e+00 6.177608021593439247e-02
8.000000000000000444e-01 1.744036393727122602e+00 5.774291676077777241e-02
8.000000000000000444e-01 2.004215558460013646e+00 5.406109586566744396e-02
8.000000000000000444e-01 2.303208820194882378e+00 5.077701215530865120e-02
8.000000000000000444e-01 2.646806550838048722e+00 4.800985344088181533e-02
8.000000000000000444e-01 3.041662942644706824e+00 4.562509244953574794e-02
8.000000000000000444e-01 3.495424874828392703e+00 4.331641355399695748e-02
8.000000000000000444e-01 4.016880004773183188e+00 4.148739637745723491e-02
8.000000000000000444e-01 4.616126951816915458e+00 3.955193249886036766e-02
8.000000000000000444e-01 5.304770869423501622e+00 3.774465652520031522e-02
8.000000000000000444e-01 6.096148193239788071e+00 3.596486962488087968e-02
8.000000000000000444e-01 7.005584917559208868e+00 3.415709764184182706e-02
8.000000000000000444e-01 8.050693402033346047e+00 3.216551491366150678e-02
8.000000000000000444e-01 8.424421372730986235e+00 3.147890651494092418e-02
8.000000000000000444e-01 9.251713456658057666e+00 2.990989273410384411e-02
8.000000000000000444e-01 9.634081877533384741e+00 2.920218123232993374e-02
8.000000000000000444e-01 1.063190431056403540e+01 2.733672961844996890e-02
8.000000000000000444e-01 1.084374238233578325e+01 2.693078205105154874e-02
8.000000000000000444e-01 1.205340288713817998e+01 2.461211857350504781e-02
8.000000000000000444e-01 1.221799505556908549e+01 2.429590524260090423e-02
8.000000000000000444e-01 1.326306339194057848e+01 2.226386754282351499e-02
8.000000000000000444e-01 1.404070228788497943e+01 2.078577208741426430e-02
8.000000000000000444e-01 1.447272389674297699e+01 1.996161014606491826e-02
8.000000000000000444e-01 1.568238440154537372e+01 1.770071920045784147e-02
8.000000000000000444e-01 1.689204490634777045e+01 1.556606320133542033e-02
8.000000000000000444e-01 1.810170541115017073e+01 1.354469341813004275e-02
8.000000000000000444e-01 1.931136591595257102e+01 1.167887876064344771e-02
8.000000000000000444e-01 2.052102642075496775e+01 9.992393251236306520e-03
8.000000000000000444e-01 2.173068692555736448e+01 8.481980856373546804e-03
8.000000000000000444e-01 2.294034743035976476e+01 7.151806657061384603e-03
8.000000000000000444e-01 2.415000793516216149e+01 5.989568782880727929e-03
8.000000000000000444e-01 2.535966843996455822e+01 4.984329187221804049e-03
8.000000000000000444e-01 2.656932894476695850e+01 4.133644346781119999e-03
8.000000000000000444e-01 2.777898944956935523e+01 3.400530923935380593e-03
8.000000000000000444e-01 2.898864995437175196e+01 2.796420742486020999e-03
8.000000000000000444e-01 3.019831045917415224e+01 2.286337868489606885e-03
8.000000000000000444e-01 3.140797096397654897e+01 1.865302548052661302e-03
8.000000000000000444e-01 3.261763146877895281e+01 1.515038592764069835e-03
8.000000000000000444e-01 3.382729197358134599e+01 1.229307229718851592e-03
8.000000000000000444e-01 3.503695247838373916e+01 9.961464906959606978e-04
8.000000000000000444e-01 3.624661298318613945e+01 8.024061999446388364e-04
8.000000000000000444e-01 3.745627348798853973e+01 6.469804049786179309e-04
8.000000000000000444e-01 3.866593399279094001e+01 5.199462094389049925e-04
8.000000000000000444e-01 3.987559449759334029e+01 4.159912488472175670e-04
8.000000000000000444e-01 4.108525500239574058e+01 3.324858716788557092e-04
8.000000000000000444e-01 4.229491550719812665e+01 2.643285770695511959e-04
8.000000000000000444e-01 4.350457601200052693e+01 2.096124476159694347e-04
8.000000000000000444e-01 4.471423651680292721e+01 1.640343231474795547e-04
8.000000000000000444e-01 4.592389702160532750e+01 1.286061538788578116e-04
8.000000000000000444e-01 4.713355752640772778e+01 9.807568741751276301e-05
8.000000000000000444e-01 4.834321803121012806e+01 7.581704459915460624e-05
8.000000000000000444e-01 4.955287853601251413e+01 5.672099973901237893e-05
8.000000000000000444e-01 5.076253904081491442e+01 4.005471087185735036e-05
8.000000000000000444e-01 5.197219954561731470e+01 2.784991856219545724e-05
8.000000000000000444e-01 5.318186005041971498e+01 1.706722851938015395e-05
8.000000000000000444e-01 5.439152055522211526e+01 9.439549127961445937e-06
8.000000000000000444e-01 5.560118106002450844e+01 2.747068798587820988e-06
8.000000000000000444e-01 5.616280915153991060e+01 0.000000000000000000e+00
9.000000000000000222e-01 1.000000000000000000e+00 6.692339721819597076e-02
9.000000000000000222e-01 1.155096601960763358e+00 6.102856097567090077e-02
9.000000000000000222e-01 1.334248159861301852e+00 5.814612125309039092e-02
9.000000000000000222e-01 1.541185515628191061e+00 5.479209479342813521e-02
9.000000000000000222e-01 1.780218152093270279e+00 5.143409414198542307e-02
9.000000000000000222e-01 2.056323938231805926e+00 4.883593188172833527e-02
9.000000000000000222e-01 2.375252793582133037e+00 4.655667714518092748e-02
9.000000000000000222e-01 2.743646430664532065e+00 4.463083799670874291e-02
9.000000000000000222e-01 3.169176669042378158e+00 4.300845684923514795e-02
9.000000000000000222e-01 3.660705201424180988e+00 4.166440643333401556e-02
9.000000000000000222e-01 4.228468138945163268e+00 4.038618826872480277e-02
9.000000000000000222e-01 4.884289178794910313e+00 3.927645310250821309e-02
9.000000000000000222e-01 5.641825833419726877e+00 3.820061478320409959e-02
9.000000000000000222e-01 6.516853849037579138e+00 3.718909540393371821e-02
9.000000000000000222e-01 7.527595736498227552e+00 3.605343080326201682e-02
9.000000000000000222e-01 8.695100256163433627e+00 3.464834323207514194e-02
9.000000000000000222e-01 9.287505186175792460e+00 3.390054523284143084e-02
9.000000000000000222e-01 1.004368075960254281e+01 3.285946846182687814e-02
9.000000000000000222e-01 1.062109567444718827e+01 3.202795346439460400e-02
9.000000000000000222e-01 1.160142151659559318e+01 3.048586374707147259e-02
9.000000000000000222e-01 1.195468616271858409e+01 2.989020205542287575e-02
9.000000000000000222e-01 1.328827665098997990e+01 2.757909477978030821e-02
9.000000000000000222e-01 1.340076257173405416e+01 2.737686016020488694e-02
9.000000000000000222e-01 1.462186713926137571e+01 2.507735408046596684e-02
9.000000000000000222e-01 1.547917531029299099e+01 2.345906627618373971e-02
9.000000000000000222e-01 1.595545762753277153e+01 2.255005628772566856e-02
9.000000000000000222e-01 1.728904811580416734e+01 2.001164202069476844e-02
9.000000000000000222e-01 1.862263860407556137e+01 1.751268526175777870e-02
9.000000000000000222e-01 1.995622909234695896e+01 1.519910244741120436e-02
9.000000000000000222e-01 2.128981958061835655e+01 1.302383057328822084e-02
9.000000000000000222e-01 2.262341006888975059e+01 1.106913270220057435e-02
9.000000000000000222e-01 2.395700055716114463e+01 9.319101588452127077e-03
9.000000000000000222e-01 2.529059104543254222e+01 7.786514428443909279e-03
9.000000000000000222e-01 2.662418153370393981e+01 6.456692997564790308e-03
9.000000000000000222e-01 2.795777202197533384e+01 5.330756238614048521e-03
9.000000000000000222e-01 2.929136251024672788e+01 4.371856974949756697e-03
9.000000000000000222e-01 3.062495299851812547e+01 3.573057511903827629e-03
9.000000000000000222e-01 3.195854348678952306e+01 2.903996975943122158e-03
9.000000000000000222e-01 3.329213397506092065e+01 2.354930059283627357e-03
9.000000000000000222e-01 3.462572446333231113e+01 1.902502523072932333e-03
9.000000000000000222e-01 3.595931495160370872e+01 1.534866670362296237e-03
9.000000000000000222e-01 3.729290543987510631e+01 1.233129616479822612e-03
9.000000000000000222e-01 3.862649592814649679e+01 9.918509456442550255e-04
9.000000000000000222e-01 3.996008641641789438e+01 7.899250503795530922e-04
9.000000000000000222e-01 4.129367690468929197e+01 6.349639529812916433e-04
9.000000000000000222e-01 4.262726739296068956e+01 5.064437189018279085e-04
9.000000000000000222e-01 4.396085788123208715e+01 4.063556412771013077e-04
9.000000000000000222e-01 4.529444836950347764e+01 3.184861492614283443e-04
9.000000000000000222e-01 4.662803885777487523e+01 2.539425106941011596e-04
9.000000000000000222e-01 4.796162934604627281e+01 1.997314389912772513e-04
9.000000000000000222e-01 4.929521983431766330e+01 1.567408431136902661e-04
9.000000000000000222e-01 5.062881032258906089e+01 1.222838612619004967e-04
9.000000000000000222e-01 5.196240081086045848e+01 9.338445415394184233e-05
9.000000000000000222e-01 5.329599129913185607e+01 7.125100049197236117e-05
9.000000000000000222e-01 5.462958178740325366e+01 5.303135096821090885e-05
9.000000000000000222e-01 5.596317227567464414e+01 3.744482904318198734e-05
9.000000000000000222e-01 5.729676276394604173e+01 2.682476190448864663e-05
9.000000000000000222e-01 5.863035325221743932e+01 1.667734960384059721e-05
9.000000000000000222e-01 5.996394374048882980e+01 8.389906871497675018e-06
9.000000000000000222e-01 6.129753422876022739e+01 2.630446806332598505e-06
9.000000000000000222e-01 6.191670124117194973e+01 0.000000000000000000e+00
1.000000000000000000e+00 1.000000000000000000e+00 5.883537191417691214e-02
1.000000000000000000e+00 1.157160019390597316e+00 5.739622008823967725e-02
1.000000000000000000e+00 1.339019310476047719e+00 5.465104857995416177e-02
1.000000000000000000e+00 1.549459611274847770e+00 5.108934537638701312e-02
1.000000000000000000e+00 1.792972713827750475e+00 4.874099999367152020e-02
1.000000000000000000e+00 2.074756340299731772e+00 4.597572004756040470e-02
1.000000000000000000e+00 2.400825086972002254e+00 4.443534067778598384e-02
1.000000000000000000e+00 2.778138804193954758e+00 4.295752070865640343e-02
1.000000000000000000e+00 3.214751152530848088e+00 4.149003862879165061e-02
1.000000000000000000e+00 3.719981505998541049e+00 4.044758121064832151e-02
1.000000000000000000e+00 4.304613871613936382e+00 3.942969424749161178e-02
1.000000000000000000e+00 4.981127071145816210e+00 3.862524413136329132e-02
1.000000000000000000e+00 5.763961098234122282e+00 3.804465146599956410e-02
1.000000000000000000e+00 6.669825336199247445e+00 3.723648899501123127e-02
1.000000000000000000e+00 7.718055215368218036e+00 3.632503510805550062e-02
1.000000000000000000e+00 8.931024922673190147e+00 3.526721935543703640e-02
1.000000000000000000e+00 9.607850395721168724e+00 3.463331772499389505e-02
1.000000000000000000e+00 1.033462497269841585e+01 3.382012634956095554e-02
1.000000000000000000e+00 1.098743917049138830e+01 3.286021679919982896e-02
1.000000000000000000e+00 1.195881483380225063e+01 3.155075690205574879e-02
1.000000000000000000e+00 1.236702794526160787e+01 3.093326856976416975e-02
1.000000000000000000e+00 1.374661672003182566e+01 2.858902645221132743e-02
1.000000000000000000e+00 1.383826240497117510e+01 2.843001247460750017e-02
1.000000000000000000e+00 1.512620549480204524e+01 2.607602844749584356e-02
1.000000000000000000e+00 1.601308399286861928e+01 2.442225045906191647e-02
1.000000000000000000e+00 1.650579426957226303e+01 2.348294069484542154e-02
1.000000000000000000e+00 1.788538304434248261e+01 2.079330444155889218e-02
1.000000000000000000e+00 1.926497181911270218e+01 1.820186663343768135e-02
1.000000000000000000e+00 2.064456059388292175e+01 1.577614715196290832e-02
1.000000000000000000e+00 2.202414936865314132e+01 1.347907718529899393e-02
1.000000000000000000e+00 2.340373814342336090e+01 1.144126130863328851e-02
1.000000000000000000e+00 2.478332691819358047e+01 9.577707638628821241e-03
1.000000000000000000e+00 2.616291569296379649e+01 8.000284473020896625e-03
1.000000000000000000e+00 2.754250446773401606e+01 6.612449558991414199e-03
1.000000000000000000e+00 2.892209324250423563e+01 5.403523504410817288e-03
1.000000000000000000e+00 3.030168201727445521e+01 4.435339669226790252e-03
1.000000000000000000e+00 3.168127079204467478e+01 3.590113376923047706e-03
1.000000000000000000e+00 3.306085956681489790e+01 2.926177159700971055e-03
1.000000000000000000e+00 3.444044834158511037e+01 2.360782419375118905e-03
1.000000000000000000e+00 3.582003711635533705e+01 1.915330616709919921e-03
1.000000000000000000e+00 3.719962589112554951e+01 1.518629202126595915e-03
1.000000000000000000e+00 3.857921466589576909e+01 1.230435351233118754e-03
1.000000000000000000e+00 3.995880344066598866e+01 9.817802928160520269e-04
1.000000000000000000e+00 4.133839221543620823e+01 7.947341766915752819e-04
1.000000000000000000e+00 4.271798099020642780e+01 6.208284141410297646e-04
1.000000000000000000e+00 4.409756976497664027e+01 5.037444109829139136e-04
1.000000000000000000e+00 4.547715853974686695e+01 3.921670944217418701e-04
1.000000000000000000e+00 4.685674731451707942e+01 3.192098228983402753e-04
1.000000000000000000e+00 4.823633608928730609e+01 2.509964127559902690e-04
1.000000000000000000e+00 4.961592486405751856e+01 1.867878485921602172e-04
1.000000000000000000e+00 5.099551363882774524e+01 1.529881632969879173e-04
1.000000000000000000e+00 5.237510241359795771e+01 1.182564579969449083e-04
1.000000000000000000e+00 5.375469118836818438e+01 9.711287300768319463e-05
1.000000000000000000e+00 5.513427996313839685e+01 6.844680709322980194e-05
1.000000000000000000e+00 5.651386873790862353e+01 5.271711804978871155e-05
1.000000000000000000e+00 5.789345751267883600e+01 3.509946182344498883e-05
1.000000000000000000e+00 5.927304628744906267e+01 2.916850644539073365e-05
1.000000000000000000e+00 6.065263506221927514e+01 1.726071616114050947e-05
1.000000000000000000e+00 6.203222383698950182e+01 6.319609959306985748e-06
1.000000000000000000e+00 6.341181261175971429e+01 3.422653876349893472e-06
1.000000000000000000e+00 6.405233597147446289e+01 0.000000000000000000e+00
