# mx [GeV]: 10000.0
# sigma_p [cm^2]: 1e-31
# depth [m]: 10.6
# target: full
# Columns: gamma/pi, v [km/s], f(v, gamma) [s/km]
0.000000000000000000e+00 1.000000000000000000e+00 3.009245365422564189e-04
0.000000000000000000e+00 1.280026023433846305e+00 2.544273157697814658e-04
0.000000000000000000e+00 1.638466620667865525e+00 2.287496368289417545e-04
0.000000000000000000e+00 2.097279912982580097e+00 2.177527662993100697e-04
0.000000000000000000e+00 2.684572867042775535e+00 2.152441300929680969e-04
0.000000000000000000e+00 3.436323131619163807e+00 2.241916422679515459e-04
0.000000000000000000e+00 4.398583033400218945e+00 2.381673449914441427e-04
0.000000000000000000e+00 5.630300748986869053e+00 2.547578063231898987e-04
0.000000000000000000e+00 7.206931478462267116e+00 2.651127309908474618e-04
0.000000000000000000e+00 9.225059841536266347e+00 2.643340830872296628e-04
0.000000000000000000e+00 1.180831666490093568e+01 2.488861640274239425e-04
0.000000000000000000e+00 1.511495262402076278e+01 2.214405858346676632e-04
0.000000000000000000e+00 1.934753270171627548e+01 1.895564266166791163e-04
0.000000000000000000e+00 2.476534534743418092e+01 1.593257268914762199e-04
0.000000000000000000e+00 3.170028652404209524e+01 1.350070255265731548e-04
0.000000000000000000e+00 4.057719170108314444e+01 1.188757506884111212e-04
0.000000000000000000e+00 5.193986133525032045e+01 1.134248421720162643e-04
0.000000000000000000e+00 6.535945671691267478e+01 1.220932417448004046e-04
0.000000000000000000e+00 6.648437416266584421e+01 1.235487796886668101e-04
0.000000000000000000e+00 7.474440434805910627e+01 1.368305466596572684e-04
0.000000000000000000e+00 8.412935197920555197e+01 1.580829419313331248e-04
0.000000000000000000e+00 8.510172907992510716e+01 1.612177678504181345e-04
0.000000000000000000e+00 9.351429961035198346e+01 1.855526079914906915e-04
0.000000000000000000e+00 1.028992472414984150e+02 2.160895741909588965e-04
0.000000000000000000e+00 1.089324278615211057e+02 2.356358023793886695e-04
0.000000000000000000e+00 1.122841948726448464e+02 2.450426915345837228e-04
0.000000000000000000e+00 1.216691425037912779e+02 2.707478939076783490e-04
0.000000000000000000e+00 1.310540901349377236e+02 2.884265329828803164e-04
0.000000000000000000e+00 1.404390377660841409e+02 2.994001991601865655e-04
0.000000000000000000e+00 1.498239853972305866e+02 3.062064558407520285e-04
0.000000000000000000e+00 1.592089330283770323e+02 3.096204001250521033e-04
0.000000000000000000e+00 1.685938806595234496e+02 3.104169591564117292e-04
0.000000000000000000e+00 1.779788282906698953e+02 3.090212342020934094e-04
0.000000000000000000e+00 1.873637759218163410e+02 3.054306286040025988e-04
0.000000000000000000e+00 1.967487235529627583e+02 2.990413295216095418e-04
0.000000000000000000e+00 2.061336711841091756e+02 2.899557504467670092e-04
0.000000000000000000e+00 2.155186188152556497e+02 2.784559007785039142e-04
0.000000000000000000e+00 2.249035664464020670e+02 2.657438407932086904e-04
0.000000000000000000e+00 2.342885140775484842e+02 2.520315165943377823e-04
0.000000000000000000e+00 2.436734617086949584e+02 2.376405386057931120e-04
0.000000000000000000e+00 2.530584093398413756e+02 2.227931134588020522e-04
0.000000000000000000e+00 2.624433569709877929e+02 2.076250234090630097e-04
0.000000000000000000e+00 2.718283046021342670e+02 1.925082865631132527e-04
0.000000000000000000e+00 2.812132522332806843e+02 1.771939910989164737e-04
0.000000000000000000e+00 2.905981998644271016e+02 1.625038172349344413e-04
0.000000000000000000e+00 2.999831474955735757e+02 1.482486650682529052e-04
0.000000000000000000e+00 3.093680951267199930e+02 1.344690375018163389e-04
0.000000000000000000e+00 3.187530427578664103e+02 1.196048309448700020e-04
0.000000000000000000e+00 3.281379903890128844e+02 1.053607237474218239e-04
0.000000000000000000e+00 3.375229380201593017e+02 9.193765364118795292e-05
0.000000000000000000e+00 3.469078856513057190e+02 7.998416878668817014e-05
0.000000000000000000e+00 3.562928332824521931e+02 6.855978433399880965e-05
0.000000000000000000e+00 3.656777809135986104e+02 5.898767043998953208e-05
0.000000000000000000e+00 3.750627285447450276e+02 4.898592123168956459e-05
0.000000000000000000e+00 3.844476761758915018e+02 4.032290062355009373e-05
0.000000000000000000e+00 3.938326238070379191e+02 3.282701719200843964e-05
0.000000000000000000e+00 4.032175714381843363e+02 2.510248135933082443e-05
0.000000000000000000e+00 4.126025190693308105e+02 1.915604388251990607e-05
0.000000000000000000e+00 4.219874667004772277e+02 1.262342408763165274e-05
0.000000000000000000e+00 4.313724143316236450e+02 5.806769428501970881e-06
0.000000000000000000e+00 4.357297114460844796e+02 0.000000000000000000e+00
1.000000000000000056e-01 1.000000000000000000e+00 3.384240599032135042e-04
1.000000000000000056e-01 1.290418482918076037e+00 2.785270224991618607e-04
1.000000000000000056e-01 1.665179861056588884e+00 2.493504086545491271e-04
1.000000000000000056e-01 2.148778870090375825e+00 2.351289591026856746e-04
1.000000000000000056e-01 2.772823969668440469e+00 2.329044442918919643e-04
1.000000000000000056e-01 3.578103300338426607e+00 2.402220326267323755e-04
1.000000000000000056e-01 4.617250632546872957e+00 2.541718253054017405e-04
1.000000000000000056e-01 5.958185556503662106e+00 2.691853396811232004e-04
1.000000000000000056e-01 7.688552766767847935e+00 2.769753843189314934e-04
1.000000000000000056e-01 9.921450597128142590e+00 2.701889540228766306e-04
1.000000000000000056e-01 1.280282322789273941e+01 2.488155507581846053e-04
1.000000000000000056e-01 1.652099972680565187e+01 2.170636489182534471e-04
1.000000000000000056e-01 2.131900340375449687e+01 1.833357470560128004e-04
1.000000000000000056e-01 2.751043602959817846e+01 1.533775325213753359e-04
1.000000000000000056e-01 3.549997512572885938e+01 1.309871388141530413e-04
1.000000000000000056e-01 4.580982404537246566e+01 1.186512352016523840e-04
1.000000000000000056e-01 5.911384364737353536e+01 1.211182795619065034e-04
1.000000000000000056e-01 7.621354689558147300e+01 1.461097851456103446e-04
1.000000000000000056e-01 7.628159643890009534e+01 1.462237657348520851e-04
1.000000000000000056e-01 8.715703055238292052e+01 1.748229453778537873e-04
1.000000000000000056e-01 9.810051420918435383e+01 2.100130155339453560e-04
1.000000000000000056e-01 9.843518195125436421e+01 2.110624427179788468e-04
1.000000000000000056e-01 1.090439978659858014e+02 2.491211297988601254e-04
1.000000000000000056e-01 1.199874815227872489e+02 2.833957214616352588e-04
1.000000000000000056e-01 1.270225781593024408e+02 2.999580770001815302e-04
1.000000000000000056e-01 1.309309651795886964e+02 3.078348366124567144e-04
1.000000000000000056e-01 1.418744488363901155e+02 3.230740860663235733e-04
1.000000000000000056e-01 1.528179324931915630e+02 3.324892346884725887e-04
1.000000000000000056e-01 1.637614161499930105e+02 3.379418568067453672e-04
1.000000000000000056e-01 1.747048998067944581e+02 3.405457722574424962e-04
1.000000000000000056e-01 1.856483834635959056e+02 3.394980848164462733e-04
1.000000000000000056e-01 1.965918671203973531e+02 3.340349214572885988e-04
1.000000000000000056e-01 2.075353507771988006e+02 3.246105557093677068e-04
1.000000000000000056e-01 2.184788344340002482e+02 3.121894779935361253e-04
1.000000000000000056e-01 2.294223180908016957e+02 2.977310372664807806e-04
1.000000000000000056e-01 2.403658017476031432e+02 2.814963530138440170e-04
1.000000000000000056e-01 2.513092854044045907e+02 2.642771349194234431e-04
1.000000000000000056e-01 2.622527690612060383e+02 2.461001207793562617e-04
1.000000000000000056e-01 2.731962527180074858e+02 2.278008834121777277e-04
1.000000000000000056e-01 2.841397363748089333e+02 2.091973142371632776e-04
1.000000000000000056e-01 2.950832200316103808e+02 1.908569692648975815e-04
1.000000000000000056e-01 3.060267036884117715e+02 1.730243524632291239e-04
1.000000000000000056e-01 3.169701873452132190e+02 1.541234827162321543e-04
1.000000000000000056e-01 3.279136710020146666e+02 1.355885682345272115e-04
1.000000000000000056e-01 3.388571546588161141e+02 1.183643312879602066e-04
1.000000000000000056e-01 3.498006383156175616e+02 1.024237351691856517e-04
1.000000000000000056e-01 3.607441219724190091e+02 8.765982944647958072e-05
1.000000000000000056e-01 3.716876056292204566e+02 7.385986050672831745e-05
1.000000000000000056e-01 3.826310892860219042e+02 6.109919928076504541e-05
1.000000000000000056e-01 3.935745729428233517e+02 5.044850310200520112e-05
1.000000000000000056e-01 4.045180565996247992e+02 4.127833218639549034e-05
1.000000000000000056e-01 4.154615402564262467e+02 3.340642368141521286e-05
1.000000000000000056e-01 4.264050239132276943e+02 2.659835829356767170e-05
1.000000000000000056e-01 4.373485075700291418e+02 2.079806000858184362e-05
1.000000000000000056e-01 4.482919912268305893e+02 1.580132430461943084e-05
1.000000000000000056e-01 4.592354748836320368e+02 1.152542046595490241e-05
1.000000000000000056e-01 4.701789585404334844e+02 7.994173605396502386e-06
1.000000000000000056e-01 4.811224421972349319e+02 4.981985443250558842e-06
1.000000000000000056e-01 4.920659258540363794e+02 2.633770341599493893e-06
1.000000000000000056e-01 5.030094095108377701e+02 5.925341472517785660e-07
1.000000000000000056e-01 5.080903126372098768e+02 0.000000000000000000e+00
2.000000000000000111e-01 1.000000000000000000e+00 4.449348722315431422e-04
2.000000000000000111e-01 1.299977758796338811e+00 3.605773539887195765e-04
2.000000000000000111e-01 1.689942173365152289e+00 3.165661545470195549e-04
2.000000000000000111e-01 2.196887239026644512e+00 2.930753813472576001e-04
2.000000000000000111e-01 2.855904549318134311e+00 2.840366740850198881e-04
2.000000000000000111e-01 3.712612395358856787e+00 2.860603036918022107e-04
2.000000000000000111e-01 4.826313540998112828e+00 2.956023721537196858e-04
2.000000000000000111e-01 6.274100260275149665e+00 3.056274228872758627e-04
2.000000000000000111e-01 8.156190794816016165e+00 3.067915340701416783e-04
2.000000000000000111e-01 1.060286662976025518e+01 2.920517146120615143e-04
2.000000000000000111e-01 1.378349079817222922e+01 2.630437710364737854e-04
2.000000000000000111e-01 1.791823147619789580e+01 2.258672444197197993e-04
2.000000000000000111e-01 2.329330239602174757e+01 1.886711503946616596e-04
2.000000000000000111e-01 3.028077504374574147e+01 1.578205022787364286e-04
2.000000000000000111e-01 3.936433407598470069e+01 1.377001601162736058e-04
2.000000000000000111e-01 5.117275878860895233e+01 1.310141171931560478e-04
2.000000000000000111e-01 6.652344828144151734e+01 1.442102032503901003e-04
2.000000000000000111e-01 8.647900320431251941e+01 1.960737164617039883e-04
2.000000000000000111e-01 8.768670877532871089e+01 2.001398441203019801e-04
2.000000000000000111e-01 1.002776208046066841e+02 2.510809254725541030e-04
2.000000000000000111e-01 1.124207807684836098e+02 3.016245951528038951e-04
2.000000000000000111e-01 1.128685328338846432e+02 3.035570914996056700e-04
2.000000000000000111e-01 1.254594448631626165e+02 3.506872363843967287e-04
2.000000000000000111e-01 1.380503568924405897e+02 3.830916902237936563e-04
2.000000000000000111e-01 1.461445146255478846e+02 3.985519132697468007e-04
2.000000000000000111e-01 1.506412689217185630e+02 4.059869811901062136e-04
2.000000000000000111e-01 1.632321809509965078e+02 4.225876306414251332e-04
2.000000000000000111e-01 1.758230929802745095e+02 4.360196622516759705e-04
2.000000000000000111e-01 1.884140050095524543e+02 4.419840513650164361e-04
2.000000000000000111e-01 2.010049170388304560e+02 4.431320779801511977e-04
2.000000000000000111e-01 2.135958290681084009e+02 4.369701293049310328e-04
2.000000000000000111e-01 2.261867410973864025e+02 4.261713163027156643e-04
2.000000000000000111e-01 2.387776531266643474e+02 4.110019700747095570e-04
2.000000000000000111e-01 2.513685651559422922e+02 3.930504927434342027e-04
2.000000000000000111e-01 2.639594771852202939e+02 3.721579172105521057e-04
2.000000000000000111e-01 2.765503892144982387e+02 3.496109754900985104e-04
2.000000000000000111e-01 2.891413012437762404e+02 3.254121981700563407e-04
2.000000000000000111e-01 3.017322132730541853e+02 3.006316904950393897e-04
2.000000000000000111e-01 3.143231253023321869e+02 2.737171212068199530e-04
2.000000000000000111e-01 3.269140373316101318e+02 2.461857709166653048e-04
2.000000000000000111e-01 3.395049493608881335e+02 2.189993823097807248e-04
2.000000000000000111e-01 3.520958613901660783e+02 1.941966427414741614e-04
2.000000000000000111e-01 3.646867734194440800e+02 1.709509046223039942e-04
2.000000000000000111e-01 3.772776854487220248e+02 1.497423438769894554e-04
2.000000000000000111e-01 3.898685974779999697e+02 1.299614074106709527e-04
2.000000000000000111e-01 4.024595095072779714e+02 1.120321234893316897e-04
2.000000000000000111e-01 4.150504215365559162e+02 9.569435086512640418e-05
2.000000000000000111e-01 4.276413335658339179e+02 8.095766807363879969e-05
2.000000000000000111e-01 4.402322455951118627e+02 6.774016966950029053e-05
2.000000000000000111e-01 4.528231576243898644e+02 5.604019075803084364e-05
2.000000000000000111e-01 4.654140696536678092e+02 4.587391150314471769e-05
2.000000000000000111e-01 4.780049816829458109e+02 3.702623227851930242e-05
2.000000000000000111e-01 4.905958937122237558e+02 2.931055733965255730e-05
2.000000000000000111e-01 5.031868057415017006e+02 2.267939744102121267e-05
2.000000000000000111e-01 5.157777177707796454e+02 1.706400397605232762e-05
2.000000000000000111e-01 5.283686298000576471e+02 1.233475908846403670e-05
2.000000000000000111e-01 5.409595418293356488e+02 8.494528935916208624e-06
2.000000000000000111e-01 5.535504538586135368e+02 5.302854582878220143e-06
2.000000000000000111e-01 5.661413658878915385e+02 2.712035749756872658e-06
2.000000000000000111e-01 5.787322779171695402e+02 6.052354110410647544e-07
2.000000000000000111e-01 5.845780585021914249e+02 0.000000000000000000e+00
3.000000000000000444e-01 1.000000000000000000e+00 6.197026880203968099e-04
3.000000000000000444e-01 1.307696394755685443e+00 4.949128238155375099e-04
3.000000000000000444e-01 1.710069860857017732e+00 4.272024343410934805e-04
3.000000000000000444e-01 2.236252191823078661e+00 3.871963231694551966e-04
3.000000000000000444e-01 2.924338929011539800e+00 3.648458287405385229e-04
3.000000000000000444e-01 3.824147474512093581e+00 3.573777717407028952e-04
3.000000000000000444e-01 5.000823865433524418e+00 3.582220873936837612e-04
3.000000000000000444e-01 6.539559339635609980e+00 3.599514438667899044e-04
3.000000000000000444e-01 8.551758171732359415e+00 3.516931343544266002e-04
3.000000000000000444e-01 1.118310332999688050e+01 3.273929130471190025e-04
3.000000000000000444e-01 1.462410390681722383e+01 2.891678032496070245e-04
3.000000000000000444e-01 1.912388795547741083e+01 2.451299879836059143e-04
3.000000000000000444e-01 2.500823933308949165e+01 2.041756579560357807e-04
3.000000000000000444e-01 3.270318441506846341e+01 1.727585653564739452e-04
3.000000000000000444e-01 4.276583635661533123e+01 1.540251646083873490e-04
3.000000000000000444e-01 5.592473002225749923e+01 1.533630833882882469e-04
3.000000000000000444e-01 7.313256782779119192e+01 1.841909777139021727e-04
3.000000000000000444e-01 9.563519528762819277e+01 2.779105023147736254e-04
3.000000000000000444e-01 9.812571905912876957e+01 2.890419491785282285e-04
3.000000000000000444e-01 1.122155658983882915e+02 3.683443552399529009e-04
3.000000000000000444e-01 1.250618000893873187e+02 4.362179473327868428e-04
3.000000000000000444e-01 1.263054127376477993e+02 4.422545433032985069e-04
3.000000000000000444e-01 1.403952595769073355e+02 4.975732510943272572e-04
3.000000000000000444e-01 1.544851064161668432e+02 5.421375369084365913e-04
3.000000000000000444e-01 1.635428650985480203e+02 5.673018341099382187e-04
3.000000000000000444e-01 1.685749532554263510e+02 5.802683940479983274e-04
3.000000000000000444e-01 1.826648000946858588e+02 6.130763346305493407e-04
3.000000000000000444e-01 1.967546469339453665e+02 6.375019291931239814e-04
3.000000000000000444e-01 2.108444937732049027e+02 6.505150621599011971e-04
3.000000000000000444e-01 2.249343406124644389e+02 6.535677725538592900e-04
3.000000000000000444e-01 2.390241874517239467e+02 6.487681035772016993e-04
3.000000000000000444e-01 2.531140342909834544e+02 6.371809625687251339e-04
3.000000000000000444e-01 2.672038811302429622e+02 6.188215454170398503e-04
3.000000000000000444e-01 2.812937279695024699e+02 5.941839152752306872e-04
3.000000000000000444e-01 2.953835748087619777e+02 5.646693410158979852e-04
3.000000000000000444e-01 3.094734216480215423e+02 5.304917284745010045e-04
3.000000000000000444e-01 3.235632684872810501e+02 4.924718497360179538e-04
3.000000000000000444e-01 3.376531153265405578e+02 4.533059401652484257e-04
3.000000000000000444e-01 3.517429621658000656e+02 4.139375609783793272e-04
3.000000000000000444e-01 3.658328090050595733e+02 3.745384473326659157e-04
3.000000000000000444e-01 3.799226558443190811e+02 3.359064906137220309e-04
3.000000000000000444e-01 3.940125026835785889e+02 2.987634437068726885e-04
3.000000000000000444e-01 4.081023495228380966e+02 2.633816119601087042e-04
3.000000000000000444e-01 4.221921963620976612e+02 2.302181574982063413e-04
3.000000000000000444e-01 4.362820432013571690e+02 1.987757999041044814e-04
3.000000000000000444e-01 4.503718900406166767e+02 1.703243112621092041e-04
3.000000000000000444e-01 4.644617368798761845e+02 1.442833137321882192e-04
3.000000000000000444e-01 4.785515837191356923e+02 1.212911832709039474e-04
3.000000000000000444e-01 4.926414305583952000e+02 1.003522263747986848e-04
3.000000000000000444e-01 5.067312773976547646e+02 8.230651878129685952e-05
3.000000000000000444e-01 5.208211242369143292e+02 6.642601703074891260e-05
3.000000000000000444e-01 5.349109710761738370e+02 5.283541917537542496e-05
3.000000000000000444e-01 5.490008179154333448e+02 4.128705166875674964e-05
3.000000000000000444e-01 5.630906647546928525e+02 3.149846021193929922e-05
3.000000000000000444e-01 5.771805115939523603e+02 2.335286264927520692e-05
3.000000000000000444e-01 5.912703584332118680e+02 1.672570652809079661e-05
3.000000000000000444e-01 6.053602052724713758e+02 1.123155961757545270e-05
3.000000000000000444e-01 6.194500521117308836e+02 6.919976933316869832e-06
3.000000000000000444e-01 6.335398989509903913e+02 3.517469909613504903e-06
3.000000000000000444e-01 6.476297457902498991e+02 8.500883245742290650e-07
3.000000000000000444e-01 6.541714603941918540e+02 0.000000000000000000e+00
4.000000000000000222e-01 1.000000000000000000e+00 8.089001327771004959e-04
4.000000000000000222e-01 1.313030428537584227e+00 6.393718899760728871e-04
4.000000000000000222e-01 1.724048906265591929e+00 5.454973720287253566e-04
4.000000000000000222e-01 2.263728674213663528e+00 4.871306843271786436e-04
4.000000000000000222e-01 2.972344631195583453e+00 4.508950038497890707e-04
4.000000000000000222e-01 3.902778944860124888e+00 4.317066018884783106e-04
4.000000000000000222e-01 5.124467510457150432e+00 4.231244913195163584e-04
4.000000000000000222e-01 6.728581771282478918e+00 4.161560058814692395e-04
4.000000000000000222e-01 8.834832606597210258e+00 3.990272783791579819e-04
4.000000000000000222e-01 1.160040404349815901e+01 3.660762383642897962e-04
4.000000000000000222e-01 1.523168349244350850e+01 3.198742605601341180e-04
4.000000000000000222e-01 1.999966390343194078e+01 2.696401306650466809e-04
4.000000000000000222e-01 2.626016726573090310e+01 2.253223859778368454e-04
4.000000000000000222e-01 3.448039867839129613e+01 1.923333840435167042e-04
4.000000000000000222e-01 4.527381265283486300e+01 1.751750353330581099e-04
4.000000000000000222e-01 5.944589362908204322e+01 1.836458980912650328e-04
4.000000000000000222e-01 7.805426718659325047e+01 2.358269405688267508e-04
4.000000000000000222e-01 1.024876278931996580e+02 3.808151578260816905e-04
4.000000000000000222e-01 1.060162096650154098e+02 4.066659799928275124e-04
4.000000000000000222e-01 1.212390500271714728e+02 5.201714734587207329e-04
4.000000000000000222e-01 1.345693739724084423e+02 6.047207645670483415e-04
4.000000000000000222e-01 1.364618903893275217e+02 6.162599597668294571e-04
4.000000000000000222e-01 1.516847307514835848e+02 6.982832706117091028e-04
4.000000000000000222e-01 1.669075711136396478e+02 7.751566535542128537e-04
4.000000000000000222e-01 1.766936827750257635e+02 8.226662666625455611e-04
4.000000000000000222e-01 1.821304114757957109e+02 8.470403386093062516e-04
4.000000000000000222e-01 1.973532518379517455e+02 9.083872764544355990e-04
4.000000000000000222e-01 2.125760922001078086e+02 9.547178946240347927e-04
4.000000000000000222e-01 2.277989325622638717e+02 9.862036679081909434e-04
4.000000000000000222e-01 2.430217729244199063e+02 1.005159015466863077e-03
4.000000000000000222e-01 2.582446132865759978e+02 1.010727581965555717e-03
4.000000000000000222e-01 2.734674536487320324e+02 1.003900167978391674e-03
4.000000000000000222e-01 2.886902940108881239e+02 9.839201703386389174e-04
4.000000000000000222e-01 3.039131343730441586e+02 9.531558817921520098e-04
4.000000000000000222e-01 3.191359747352001932e+02 9.113912793953696896e-04
4.000000000000000222e-01 3.343588150973562847e+02 8.628029536849132373e-04
4.000000000000000222e-01 3.495816554595123193e+02 8.082286220506154726e-04
4.000000000000000222e-01 3.648044958216684108e+02 7.480803815422748049e-04
4.000000000000000222e-01 3.800273361838244455e+02 6.868066097383048602e-04
4.000000000000000222e-01 3.952501765459805370e+02 6.233000643300877237e-04
4.000000000000000222e-01 4.104730169081365716e+02 5.599833330723927001e-04
4.000000000000000222e-01 4.256958572702926631e+02 4.978675246863840031e-04
4.000000000000000222e-01 4.409186976324486977e+02 4.379900678516610024e-04
4.000000000000000222e-01 4.561415379946047324e+02 3.811150308256463018e-04
4.000000000000000222e-01 4.713643783567608239e+02 3.282324638940059157e-04
4.000000000000000222e-01 4.865872187189168585e+02 2.794680150884992992e-04
4.000000000000000222e-01 5.018100590810729500e+02 2.349139024046855415e-04
4.000000000000000222e-01 5.170328994432289846e+02 1.957105127911425374e-04
4.000000000000000222e-01 5.322557398053850193e+02 1.608357276085182368e-04
4.000000000000000222e-01 5.474785801675410539e+02 1.302473580916904163e-04
4.000000000000000222e-01 5.627014205296970886e+02 1.041425014397763321e-04
4.000000000000000222e-01 5.779242608918532369e+02 8.195007880601058573e-05
4.000000000000000222e-01 5.931471012540092715e+02 6.334098543277719444e-05
4.000000000000000222e-01 6.083699416161653062e+02 4.781612821469988169e-05
4.000000000000000222e-01 6.235927819783213408e+02 3.512540435019923814e-05
4.000000000000000222e-01 6.388156223404773755e+02 2.486028441316868144e-05
4.000000000000000222e-01 6.540384627026334101e+02 1.671091876744762087e-05
4.000000000000000222e-01 6.692613030647895584e+02 1.018376064134481236e-05
4.000000000000000222e-01 6.844841434269455931e+02 5.134770102567416062e-06
4.000000000000000222e-01 6.997069837891016277e+02 1.269394398813416200e-06
4.000000000000000222e-01 7.067747311001027128e+02 0.000000000000000000e+00
5.000000000000000000e-01 1.000000000000000000e+00 8.962401156464219884e-04
5.000000000000000000e-01 1.315895253634961737e+00 7.059534771520909998e-04
5.000000000000000000e-01 1.731580318539020169e+00 6.001234300838778407e-04
5.000000000000000000e-01 2.278578322453211680e+00 5.332078053597432560e-04
5.000000000000000000e-01 2.998370399551694376e+00 4.909935217083282377e-04
5.000000000000000000e-01 3.945541377409637729e+00 4.674396168832407189e-04
5.000000000000000000e-01 5.191919171553691648e+00 4.556280912435371083e-04
5.000000000000000000e-01 6.832021795103865536e+00 4.464585928631761413e-04
5.000000000000000000e-01 8.990225052907787173e+00 4.270321395601529716e-04
5.000000000000000000e-01 1.183019447623147791e+01 3.916950775873030200e-04
5.000000000000000000e-01 1.556729676085154246e+01 3.424419981743405156e-04
5.000000000000000000e-01 2.048493191953145853e+01 2.900140434588422702e-04
5.000000000000000000e-01 2.695602468394677231e+01 2.438250519634439415e-04
5.000000000000000000e-01 3.547130493847242860e+01 2.102876171772923193e-04
5.000000000000000000e-01 4.667652180877424684e+01 1.954360909210249987e-04
5.000000000000000000e-01 6.142141350435480263e+01 2.110640352049369039e-04
5.000000000000000000e-01 8.082414650193082650e+01 2.853026809700771210e-04
5.000000000000000000e-01 1.063561107609875762e+02 4.816508955540190428e-04
5.000000000000000000e-01 1.104984888900493303e+02 5.223167015312908407e-04
5.000000000000000000e-01 1.263649385768256366e+02 6.702050900019507684e-04
5.000000000000000000e-01 1.399535013454577381e+02 7.824238682916110016e-04
5.000000000000000000e-01 1.422313882636019571e+02 8.008431988696787301e-04
5.000000000000000000e-01 1.580978379503782776e+02 9.226720686197598630e-04
5.000000000000000000e-01 1.739642876371545981e+02 1.044554345381581246e-03
5.000000000000000000e-01 1.841641481500821840e+02 1.120653652737568524e-03
5.000000000000000000e-01 1.898307373239309186e+02 1.162105854371291028e-03
5.000000000000000000e-01 2.056971870107072107e+02 1.264767673155583983e-03
5.000000000000000000e-01 2.215636366974835028e+02 1.349875375230828126e-03
5.000000000000000000e-01 2.374300863842598233e+02 1.414986768262516993e-03
5.000000000000000000e-01 2.532965360710361438e+02 1.462171031935933455e-03
5.000000000000000000e-01 2.691629857578124643e+02 1.488832935310258759e-03
5.000000000000000000e-01 2.850294354445887848e+02 1.495729448553365570e-03
5.000000000000000000e-01 3.008958851313651053e+02 1.482604779761029831e-03
5.000000000000000000e-01 3.167623348181414258e+02 1.450813951116674150e-03
5.000000000000000000e-01 3.326287845049176894e+02 1.401897872825080263e-03
5.000000000000000000e-01 3.484952341916940100e+02 1.337386326927545669e-03
5.000000000000000000e-01 3.643616838784703305e+02 1.262571756213567986e-03
5.000000000000000000e-01 3.802281335652466510e+02 1.177436717450410734e-03
5.000000000000000000e-01 3.960945832520229715e+02 1.085563909432224732e-03
5.000000000000000000e-01 4.119610329387992920e+02 9.886850736259219802e-04
5.000000000000000000e-01 4.278274826255756125e+02 8.918663951217150254e-04
5.000000000000000000e-01 4.436939323123518761e+02 7.935802406613909907e-04
5.000000000000000000e-01 4.595603819991281966e+02 6.987172312618245354e-04
5.000000000000000000e-01 4.754268316859045171e+02 6.080202759588733971e-04
5.000000000000000000e-01 4.912932813726808376e+02 5.240746691048003445e-04
5.000000000000000000e-01 5.071597310594571582e+02 4.452300292902279218e-04
5.000000000000000000e-01 5.230261807462335355e+02 3.735221541251161452e-04
5.000000000000000000e-01 5.388926304330097992e+02 3.099717971555264614e-04
5.000000000000000000e-01 5.547590801197860628e+02 2.539975523494565927e-04
5.000000000000000000e-01 5.706255298065624402e+02 2.052289762527478119e-04
5.000000000000000000e-01 5.864919794933387038e+02 1.633373525477888391e-04
5.000000000000000000e-01 6.023584291801150812e+02 1.280572460599316504e-04
5.000000000000000000e-01 6.182248788668913448e+02 9.872274092907726869e-05
5.000000000000000000e-01 6.340913285536676085e+02 7.437409966815869845e-05
5.000000000000000000e-01 6.499577782404439859e+02 5.464491903289482388e-05
5.000000000000000000e-01 6.658242279272202495e+02 3.876667503923172784e-05
5.000000000000000000e-01 6.816906776139966269e+02 2.606846118640742451e-05
5.000000000000000000e-01 6.975571273007728905e+02 1.613540113293246723e-05
5.000000000000000000e-01 7.134235769875492679e+02 8.324899997678240882e-06
5.000000000000000000e-01 7.292900266743255315e+02 2.190221202611718989e-06
5.000000000000000000e-01 7.366565926003288496e+02 0.000000000000000000e+00
6.000000000000000888e-01 1.000000000000000000e+00 8.137088119309964038e-04
6.000000000000000888e-01 1.316882580630812649e+00 6.424215284693452236e-04
6.000000000000000888e-01 1.734179731168868699e+00 5.482355080282562887e-04
6.000000000000000888e-01 2.283711079659308751e+00 4.904221653080735599e-04
6.000000000000000888e-01 3.007379339996929524e+00 4.557673544078042534e-04
6.000000000000000888e-01 3.960365466190947092e+00 4.395734386942892432e-04
6.000000000000000888e-01 5.215336295358684815e+00 4.355860626984102250e-04
6.000000000000000888e-01 6.867985519489486990e+00 4.343251763361402422e-04
6.000000000000000888e-01 9.044330494640368201e+00 4.225585184604517780e-04
6.000000000000000888e-01 1.191032128185996264e+01 3.934876580184351862e-04
6.000000000000000888e-01 1.568449462579783571e+01 3.486443680530916978e-04
6.000000000000000888e-01 2.065463775871076635e+01 2.987432346731500759e-04
6.000000000000000888e-01 2.719973267368565573e+01 2.540294974277124813e-04
6.000000000000000888e-01 3.581885415579139220e+01 2.214923464116429956e-04
6.000000000000000888e-01 4.716922509591727675e+01 2.089991789633064095e-04
6.000000000000000888e-01 6.211633087066723391e+01 2.297284253789695229e-04
6.000000000000000888e-01 8.179991409628166821e+01 3.183033591285449140e-04
6.000000000000000888e-01 1.077208819704901828e+02 5.555667175162705331e-04
6.000000000000000888e-01 1.120844220821148411e+02 6.036273147449961515e-04
6.000000000000000888e-01 1.281785955092902896e+02 7.855122617091208834e-04
6.000000000000000888e-01 1.418557530371263624e+02 9.287663754748220557e-04
6.000000000000000888e-01 1.442727689364657522e+02 9.534006105134741659e-04
6.000000000000000888e-01 1.603669423636412148e+02 1.117717887325182791e-03
6.000000000000000888e-01 1.764611157908166774e+02 1.285558898432003503e-03
6.000000000000000888e-01 1.868073701368580828e+02 1.391718495844808043e-03
6.000000000000000888e-01 1.925552892179921400e+02 1.447766559442882715e-03
6.000000000000000888e-01 2.086494626451676027e+02 1.595576085169481953e-03
6.000000000000000888e-01 2.247436360723430653e+02 1.723589035565201155e-03
6.000000000000000888e-01 2.408378094995185279e+02 1.829830043152912405e-03
6.000000000000000888e-01 2.569319829266939905e+02 1.913327489463910848e-03
6.000000000000000888e-01 2.730261563538694531e+02 1.970022574791388190e-03
6.000000000000000888e-01 2.891203297810449158e+02 1.998563125254579353e-03
6.000000000000000888e-01 3.052145032082203784e+02 1.998397681628970995e-03
6.000000000000000888e-01 3.213086766353958410e+02 1.973222678329028101e-03
6.000000000000000888e-01 3.374028500625713036e+02 1.922976977117730113e-03
6.000000000000000888e-01 3.534970234897467662e+02 1.849128085843771340e-03
6.000000000000000888e-01 3.695911969169222289e+02 1.755926027699524850e-03
6.000000000000000888e-01 3.856853703440976915e+02 1.648382088716272929e-03
6.000000000000000888e-01 4.017795437712731541e+02 1.527063161884714996e-03
6.000000000000000888e-01 4.178737171984486167e+02 1.399014698374652452e-03
6.000000000000000888e-01 4.339678906256240793e+02 1.265214275916237306e-03
6.000000000000000888e-01 4.500620640527995420e+02 1.131685274998535124e-03
6.000000000000000888e-01 4.661562374799750046e+02 9.994320874584998286e-04
6.000000000000000888e-01 4.822504109071504672e+02 8.719299225681140459e-04
6.000000000000000888e-01 4.983445843343259298e+02 7.519211854465304322e-04
6.000000000000000888e-01 5.144387577615013925e+02 6.408453238193915699e-04
6.000000000000000888e-01 5.305329311886769119e+02 5.394085053074299148e-04
6.000000000000000888e-01 5.466271046158523177e+02 4.482241004157365948e-04
6.000000000000000888e-01 5.627212780430278372e+02 3.675754953133058634e-04
6.000000000000000888e-01 5.788154514702032429e+02 2.975475145215156192e-04
6.000000000000000888e-01 5.949096248973787624e+02 2.375687548241355821e-04
6.000000000000000888e-01 6.110037983245541682e+02 1.864926717600161191e-04
6.000000000000000888e-01 6.270979717517296876e+02 1.439789462691068098e-04
6.000000000000000888e-01 6.431921451789052071e+02 1.089531716173535597e-04
6.000000000000000888e-01 6.592863186060806129e+02 8.055403223661241534e-05
6.000000000000000888e-01 6.753804920332560187e+02 5.757692949689008631e-05
6.000000000000000888e-01 6.914746654604315381e+02 3.924216188816036954e-05
6.000000000000000888e-01 7.075688388876070576e+02 2.464844854994775958e-05
6.000000000000000888e-01 7.236630123147824634e+02 1.304768128054443074e-05
6.000000000000000888e-01 7.397571857419579828e+02 3.558226123127502683e-06
6.000000000000000888e-01 7.472294805474323312e+02 0.000000000000000000e+00
7.000000000000000666e-01 1.000000000000000000e+00 6.265205822174057821e-04
7.000000000000000666e-01 1.317140021270563510e+00 4.988099395190660756e-04
7.000000000000000666e-01 1.734857835632620304e+00 4.308875994325410625e-04
7.000000000000000666e-01 2.285050686526553410e+00 3.922403857837878077e-04
7.000000000000000666e-01 3.009731709855899773e+00 3.734259940547442636e-04
7.000000000000000666e-01 3.964238088338289057e+00 3.720648855910092920e-04
7.000000000000000666e-01 5.221456639995472493e+00 3.819268867855832674e-04
7.000000000000000666e-01 6.877389509866961959e+00 3.944656947794763949e-04
7.000000000000000666e-01 9.058484965312119996e+00 3.957942718755556367e-04
7.000000000000000666e-01 1.193129307989028298e+01 3.780196770936594610e-04
7.000000000000000666e-01 1.571518362103201305e+01 3.416343502266035799e-04
7.000000000000000666e-01 2.069909728887691358e+01 2.974822808772798312e-04
7.000000000000000666e-01 2.726360944335281289e+01 2.563274826734692141e-04
7.000000000000000666e-01 3.590999112213005873e+01 2.259118673871455608e-04
7.000000000000000666e-01 4.729848647042812360e+01 2.157638895993057877e-04
7.000000000000000666e-01 6.229872947572515329e+01 2.401279256120858929e-04
7.000000000000000666e-01 8.205614986678570233e+01 3.380463426196498775e-04
7.000000000000000666e-01 1.080794389809186526e+02 6.025069084875429469e-04
7.000000000000000666e-01 1.125014769520946487e+02 6.569734581101916403e-04
7.000000000000000666e-01 1.286555351811133505e+02 8.645857679564224836e-04
7.000000000000000666e-01 1.423557545582377486e+02 1.032222918181407382e-03
7.000000000000000666e-01 1.448095934101320950e+02 1.061547859175091674e-03
7.000000000000000666e-01 1.609636516391507826e+02 1.257558783226107217e-03
7.000000000000000666e-01 1.771177098681695270e+02 1.460547551834637855e-03
7.000000000000000666e-01 1.875024615868243814e+02 1.590907617362014937e-03
7.000000000000000666e-01 1.932717680971882146e+02 1.660507824385222065e-03
7.000000000000000666e-01 2.094258263262069590e+02 1.847346948676823874e-03
7.000000000000000666e-01 2.255798845552256466e+02 2.011136099482995366e-03
7.000000000000000666e-01 2.417339427842443911e+02 2.152234855134760143e-03
7.000000000000000666e-01 2.578880010132630787e+02 2.264551413540693940e-03
7.000000000000000666e-01 2.740420592422818231e+02 2.345069660139018075e-03
7.000000000000000666e-01 2.901961174713005107e+02 2.391877581997940011e-03
7.000000000000000666e-01 3.063501757003192552e+02 2.406609960881640406e-03
7.000000000000000666e-01 3.225042339293379428e+02 2.387286055804793694e-03
7.000000000000000666e-01 3.386582921583566872e+02 2.334635806755595323e-03
7.000000000000000666e-01 3.548123503873753748e+02 2.254636920091551526e-03
7.000000000000000666e-01 3.709664086163941192e+02 2.149379525333186547e-03
7.000000000000000666e-01 3.871204668454128068e+02 2.022568957152046619e-03
7.000000000000000666e-01 4.032745250744315513e+02 1.879858210234461226e-03
7.000000000000000666e-01 4.194285833034502957e+02 1.725531104594010302e-03
7.000000000000000666e-01 4.355826415324689833e+02 1.564680338634359853e-03
7.000000000000000666e-01 4.517366997614876709e+02 1.401364319626964214e-03
7.000000000000000666e-01 4.678907579905064154e+02 1.238593624211036014e-03
7.000000000000000666e-01 4.840448162195251598e+02 1.083395916683709426e-03
7.000000000000000666e-01 5.001988744485438474e+02 9.355420386913102827e-04
7.000000000000000666e-01 5.163529326775625350e+02 7.972462711251768240e-04
7.000000000000000666e-01 5.325069909065812226e+02 6.716050289225575232e-04
7.000000000000000666e-01 5.486610491356000239e+02 5.581682329463353437e-04
7.000000000000000666e-01 5.648151073646187115e+02 4.577406231695401047e-04
7.000000000000000666e-01 5.809691655936373991e+02 3.708456964384751042e-04
7.000000000000000666e-01 5.971232238226560867e+02 2.958788881429863082e-04
7.000000000000000666e-01 6.132772820516748880e+02 2.326100382161984999e-04
7.000000000000000666e-01 6.294313402806935756e+02 1.795382267781002873e-04
7.000000000000000666e-01 6.455853985097122631e+02 1.359333206402426567e-04
7.000000000000000666e-01 6.617394567387309507e+02 1.002518475717612559e-04
7.000000000000000666e-01 6.778935149677497520e+02 7.145270631661990353e-05
7.000000000000000666e-01 6.940475731967684396e+02 4.850821806812458321e-05
7.000000000000000666e-01 7.102016314257871272e+02 2.997673365391374914e-05
7.000000000000000666e-01 7.263556896548059285e+02 1.548727239036628070e-05
7.000000000000000666e-01 7.425097478838246161e+02 4.196243161828103374e-06
7.000000000000000666e-01 7.500098463472976391e+02 0.000000000000000000e+00
8.000000000000000444e-01 1.000000000000000000e+00 4.514487710776251086e-04
8.000000000000000444e-01 1.317211495318822312e+00 3.637534229074941517e-04
8.000000000000000444e-01 1.735046123400048046e+00 3.199705919654287031e-04
8.000000000000000444e-01 2.285422698650902973e+00 2.990686796550492445e-04
8.000000000000000444e-01 3.010385050325534273e+00 2.955353919083621357e-04
8.000000000000000444e-01 3.965313793624725580e+00 3.067843595490063404e-04
8.000000000000000444e-01 5.223156911508776368e+00 3.293336749361981436e-04
8.000000000000000444e-01 6.880002325693316934e+00 3.542133523899680951e-04
8.000000000000000444e-01 9.062418151223470275e+00 3.675153811971899778e-04
8.000000000000000444e-01 1.193712136417750536e+01 3.601141037859944757e-04
8.000000000000000444e-01 1.572371348191051332e+01 3.317468815731035303e-04
8.000000000000000444e-01 2.071145614747207375e+01 2.930286367114278583e-04
8.000000000000000444e-01 2.728136812224189356e+01 2.553338865493148661e-04
8.000000000000000444e-01 3.593533169864149812e+01 2.271971069736200663e-04
8.000000000000000444e-01 4.733443200154545139e+01 2.188024717397187230e-04
8.000000000000000444e-01 6.234945795682280334e+01 2.456056848375423921e-04
8.000000000000000444e-01 8.212742274762462102e+01 3.493043254181276542e-04
8.000000000000000444e-01 1.081791853240796968e+02 6.314564955180870321e-04
8.000000000000000444e-01 1.126175256774718889e+02 6.902699134010853183e-04
8.000000000000000444e-01 1.287882473132114569e+02 9.144949491073196086e-04
8.000000000000000444e-01 1.424948664631030226e+02 1.098482839885459158e-03
8.000000000000000444e-01 1.449589689489509965e+02 1.131261703343619833e-03
8.000000000000000444e-01 1.611296905846905361e+02 1.348434524330516422e-03
8.000000000000000444e-01 1.773004122204301041e+02 1.573822019616533769e-03
8.000000000000000444e-01 1.876958761291198527e+02 1.720443139984612546e-03
8.000000000000000444e-01 1.934711338561696721e+02 1.799108100489187284e-03
8.000000000000000444e-01 2.096418554919092117e+02 2.010079213406237679e-03
8.000000000000000444e-01 2.258125771276487512e+02 2.197200849682182534e-03
8.000000000000000444e-01 2.419832987633883192e+02 2.359038609682913897e-03
8.000000000000000444e-01 2.581540203991278304e+02 2.488491783487045434e-03
8.000000000000000444e-01 2.743247420348674268e+02 2.584349584710141090e-03
8.000000000000000444e-01 2.904954636706070232e+02 2.641927314447751769e-03
8.000000000000000444e-01 3.066661853063465060e+02 2.662354690890012324e-03
8.000000000000000444e-01 3.228369069420861024e+02 2.644555239198605190e-03
8.000000000000000444e-01 3.390076285778256420e+02 2.590887496949662461e-03
8.000000000000000444e-01 3.551783502135651815e+02 2.504179754513128665e-03
8.000000000000000444e-01 3.713490718493047780e+02 2.388566215635013704e-03
8.000000000000000444e-01 3.875197934850442607e+02 2.249128978613866136e-03
8.000000000000000444e-01 4.036905151207838571e+02 2.090555739129534071e-03
8.000000000000000444e-01 4.198612367565234536e+02 1.918799089168976351e-03
8.000000000000000444e-01 4.360319583922629363e+02 1.739727586515674726e-03
8.000000000000000444e-01 4.522026800280025327e+02 1.557514840195344148e-03
8.000000000000000444e-01 4.683734016637421291e+02 1.376900129641626556e-03
8.000000000000000444e-01 4.845441232994816119e+02 1.202313732398057992e-03
8.000000000000000444e-01 5.007148449352212083e+02 1.037030317776411721e-03
8.000000000000000444e-01 5.168855665709606910e+02 8.835380198636631332e-04
8.000000000000000444e-01 5.330562882067002874e+02 7.428994932918136368e-04
8.000000000000000444e-01 5.492270098424398839e+02 6.169456503267865995e-04
8.000000000000000444e-01 5.653977314781793666e+02 5.056361537634234977e-04
8.000000000000000444e-01 5.815684531139189630e+02 4.086670416899954592e-04
8.000000000000000444e-01 5.977391747496585594e+02 3.253421884539571410e-04
8.000000000000000444e-01 6.139098963853980422e+02 2.548984582335159493e-04
8.000000000000000444e-01 6.300806180211376386e+02 1.960079669987470493e-04
8.000000000000000444e-01 6.462513396568772350e+02 1.474265937451581905e-04
8.000000000000000444e-01 6.624220612926167178e+02 1.078885458591542855e-04
8.000000000000000444e-01 6.785927829283563142e+02 7.619799847377589771e-05
8.000000000000000444e-01 6.947635045640957969e+02 5.103222149852829504e-05
8.000000000000000444e-01 7.109342261998353933e+02 3.129900429164947362e-05
8.000000000000000444e-01 7.271049478355749898e+02 1.615503218958671018e-05
8.000000000000000444e-01 7.432756694713144725e+02 4.410733136996010688e-06
8.000000000000000444e-01 7.507835045164792973e+02 0.000000000000000000e+00
9.000000000000000222e-01 1.000000000000000000e+00 3.440433616058418266e-04
9.000000000000000222e-01 1.317263942021777767e+00 2.809222553819514445e-04
9.000000000000000222e-01 1.735184292950753271e+00 2.522494802781677305e-04
9.000000000000000222e-01 2.285695701866580443e+00 2.418599816449825616e-04
9.000000000000000222e-01 3.010864530503005732e+00 2.469307222633029537e-04
9.000000000000000222e-01 3.966103280343938220e+00 2.662350700206915846e-04
9.000000000000000222e-01 5.224404841531359978e+00 2.963016827970923659e-04
9.000000000000000222e-01 6.881920116273260390e+00 3.289201993200426910e-04
9.000000000000000222e-01 9.065305221041086270e+00 3.494324600271219165e-04
9.000000000000000222e-01 1.194139969109918376e+01 3.484765659763822587e-04
9.000000000000000222e-01 1.572997523035494893e+01 3.249953134894834647e-04
9.000000000000000222e-01 2.072052917984228060e+01 2.897243787479641367e-04
9.000000000000000222e-01 2.729440594821631549e+01 2.542348605112452597e-04
9.000000000000000222e-01 3.595393677449008152e+01 2.275122415283415160e-04
9.000000000000000222e-01 4.736082448676656043e+01 2.202658954370001617e-04
9.000000000000000222e-01 6.238670636083966059e+01 2.485181556130804537e-04
9.000000000000000222e-01 8.217975875063476110e+01 3.556655366179714301e-04
9.000000000000000222e-01 1.082524329662598319e+02 6.479272964430260158e-04
9.000000000000000222e-01 1.127027528140550601e+02 7.091397830703869776e-04
9.000000000000000222e-01 1.288857121924834814e+02 9.429607920197200562e-04
9.000000000000000222e-01 1.425970265825836805e+02 1.135718018391847477e-03
9.000000000000000222e-01 1.450686715709119028e+02 1.170752250712679297e-03
9.000000000000000222e-01 1.612516309493403242e+02 1.399409615377542439e-03
9.000000000000000222e-01 1.774345903277687171e+02 1.637183193943336822e-03
9.000000000000000222e-01 1.878379213567583861e+02 1.792107085840073145e-03
9.000000000000000222e-01 1.936175497061971669e+02 1.875215703752428032e-03
9.000000000000000222e-01 2.098005090846255598e+02 2.099220835099149286e-03
9.000000000000000222e-01 2.259834684630539812e+02 2.297426627562112068e-03
9.000000000000000222e-01 2.421664278414824025e+02 2.468956410319537043e-03
9.000000000000000222e-01 2.583493872199107955e+02 2.606848678751971012e-03
9.000000000000000222e-01 2.745323465983392452e+02 2.708062456615869910e-03
9.000000000000000222e-01 2.907153059767676950e+02 2.769579202021134941e-03
9.000000000000000222e-01 3.068982653551960311e+02 2.791657280515070279e-03
9.000000000000000222e-01 3.230812247336244809e+02 2.773167640796559471e-03
9.000000000000000222e-01 3.392641841120529307e+02 2.715427590836804687e-03
9.000000000000000222e-01 3.554471434904813236e+02 2.623985761526285727e-03
9.000000000000000222e-01 3.716301028689097166e+02 2.501007682666010062e-03
9.000000000000000222e-01 3.878130622473381663e+02 2.354294911478560862e-03
9.000000000000000222e-01 4.039960216257666161e+02 2.186980224511371994e-03
9.000000000000000222e-01 4.201789810041949522e+02 2.006201819314602265e-03
9.000000000000000222e-01 4.363619403826234020e+02 1.817052856381668911e-03
9.000000000000000222e-01 4.525448997610518518e+02 1.624892450444112742e-03
9.000000000000000222e-01 4.687278591394803016e+02 1.435847105968012004e-03
9.000000000000000222e-01 4.849108185179086377e+02 1.252248251937300959e-03
9.000000000000000222e-01 5.010937778963370874e+02 1.078700508218545517e-03
9.000000000000000222e-01 5.172767372747655372e+02 9.173652196194753390e-04
9.000000000000000222e-01 5.334596966531938733e+02 7.699596082767030600e-04
9.000000000000000222e-01 5.496426560316223231e+02 6.379877995670529909e-04
9.000000000000000222e-01 5.658256154100507729e+02 5.213707913565802585e-04
9.000000000000000222e-01 5.820085747884792227e+02 4.199301177293069342e-04
9.000000000000000222e-01 5.981915341669075588e+02 3.334276402011750770e-04
9.000000000000000222e-01 6.143744935453360085e+02 2.601522258373987887e-04
9.000000000000000222e-01 6.305574529237644583e+02 1.993132838508642076e-04
9.000000000000000222e-01 6.467404123021929081e+02 1.492429365745747360e-04
9.000000000000000222e-01 6.629233716806212442e+02 1.091218681995593246e-04
9.000000000000000222e-01 6.791063310590496940e+02 7.682775018535752066e-05
9.000000000000000222e-01 6.952892904374781438e+02 5.136989701791514260e-05
9.000000000000000222e-01 7.114722498159065935e+02 3.151861913431162112e-05
9.000000000000000222e-01 7.276552091943349296e+02 1.613401151984534480e-05
9.000000000000000222e-01 7.438381685727633794e+02 4.361802926934988135e-06
9.000000000000000222e-01 7.513516854270337717e+02 0.000000000000000000e+00
1.000000000000000000e+00 1.000000000000000000e+00 3.060302422068411133e-04
1.000000000000000000e+00 1.317273940980404401e+00 2.558220233979023811e-04
1.000000000000000000e+00 1.735210635586045713e+00 2.311579886063035193e-04
1.000000000000000000e+00 2.285747752369542418e+00 2.213723592495220652e-04
1.000000000000000000e+00 3.010955949850928626e+00 2.312502285015916818e-04
1.000000000000000000e+00 3.966253810178529182e+00 2.527032413585540834e-04
1.000000000000000000e+00 5.224642787462415505e+00 2.858620509742198080e-04
1.000000000000000000e+00 6.882285794855461880e+00 3.209699402383719654e-04
1.000000000000000000e+00 9.065855731942706441e+00 3.433790813740971240e-04
1.000000000000000000e+00 1.194221550837595558e+01 3.446664060111592461e-04
1.000000000000000000e+00 1.573116928675570136e+01 3.227795434655792686e-04
1.000000000000000000e+00 2.072225936259458123e+01 2.886997155838321068e-04
1.000000000000000000e+00 2.729689225658303542e+01 2.539147431174930457e-04
1.000000000000000000e+00 3.595748483934661976e+01 2.276726055120900107e-04
1.000000000000000000e+00 4.736585776206926823e+01 2.207011920608490632e-04
1.000000000000000000e+00 6.239381012215823574e+01 2.493627060337797146e-04
1.000000000000000000e+00 8.218974015239844277e+01 3.576499259298179844e-04
1.000000000000000000e+00 1.082664029187052250e+02 6.530330304755562355e-04
1.000000000000000000e+00 1.127190082927088639e+02 7.150895076329907884e-04
1.000000000000000000e+00 1.289043017911491233e+02 9.520918627270068746e-04
1.000000000000000000e+00 1.426165112484952147e+02 1.147442544218358782e-03
1.000000000000000000e+00 1.450895952895893686e+02 1.183158798569622881e-03
1.000000000000000000e+00 1.612748887880296138e+02 1.415295449043747506e-03
1.000000000000000000e+00 1.774601822864698590e+02 1.656941515198508304e-03
1.000000000000000000e+00 1.878650138211814635e+02 1.814684526122677328e-03
1.000000000000000000e+00 1.936454757849101043e+02 1.899214173550483860e-03
1.000000000000000000e+00 2.098307692833503779e+02 2.126360080685195820e-03
1.000000000000000000e+00 2.260160627817905947e+02 2.328408314007359304e-03
1.000000000000000000e+00 2.422013562802308684e+02 2.502459026885658910e-03
1.000000000000000000e+00 2.583866497786710852e+02 2.642406839373518529e-03
1.000000000000000000e+00 2.745719432771113588e+02 2.745855187723660138e-03
1.000000000000000000e+00 2.907572367755515756e+02 2.807918001851696706e-03
1.000000000000000000e+00 3.069425302739918493e+02 2.829308387369486311e-03
1.000000000000000000e+00 3.231278237724321230e+02 2.810432389109519639e-03
1.000000000000000000e+00 3.393131172708723398e+02 2.750558314061133172e-03
1.000000000000000000e+00 3.554984107693126134e+02 2.657680481878739540e-03
1.000000000000000000e+00 3.716837042677528302e+02 2.533413625852434532e-03
1.000000000000000000e+00 3.878689977661931039e+02 2.383522784130454909e-03
1.000000000000000000e+00 4.040542912646333207e+02 2.213436594301988313e-03
1.000000000000000000e+00 4.202395847630735943e+02 2.030650535952275345e-03
1.000000000000000000e+00 4.364248782615138111e+02 1.838650982431358537e-03
1.000000000000000000e+00 4.526101717599540848e+02 1.644029908781668818e-03
1.000000000000000000e+00 4.687954652583943016e+02 1.451233546528263524e-03
1.000000000000000000e+00 4.849807587568345753e+02 1.266031123057509856e-03
1.000000000000000000e+00 5.011660522552748489e+02 1.089915846818364674e-03
1.000000000000000000e+00 5.173513457537151226e+02 9.255190922304388623e-04
1.000000000000000000e+00 5.335366392521553962e+02 7.750158773582177529e-04
1.000000000000000000e+00 5.497219327505955562e+02 6.422744492516640515e-04
1.000000000000000000e+00 5.659072262490358298e+02 4.833176745066190502e-04
1.000000000000000000e+00 5.820925197474761035e+02 4.201561548892844837e-04
1.000000000000000000e+00 5.982778132459163771e+02 3.340581141592152085e-04
1.000000000000000000e+00 6.144631067443565371e+02 2.621246806520446818e-04
1.000000000000000000e+00 6.306484002427968107e+02 1.992228451090338444e-04
1.000000000000000000e+00 6.468336937412370844e+02 1.510424157241920180e-04
1.000000000000000000e+00 6.630189872396773580e+02 1.087777478296347980e-04
1.000000000000000000e+00 6.792042807381175180e+02 7.818104431274813478e-05
1.000000000000000000e+00 6.953895742365577917e+02 5.198542293558758445e-05
1.000000000000000000e+00 7.115748677349980653e+02 3.244433874610709557e-05
1.000000000000000000e+00 7.277601612334383390e+02 1.595471771854295998e-05
1.000000000000000000e+00 7.439454547318784989e+02 4.088596333276229570e-06
1.000000000000000000e+00 7.514600552847257404e+02 0.000000000000000000e+00
