# mx [GeV]: 10000.0
# sigma_p [cm^2]: 1.34896288259e-29
# depth [m]: 10.6
# loc: SUF
# Columns: gamma/pi, v [km/s], f(v, gamma) [s/km]
0.000000000000000000e+00 0.000000000000000000e+00 0.000000000000000000e+00
0.000000000000000000e+00 1.666666666666666644e-02 0.000000000000000000e+00
0.000000000000000000e+00 3.333333333333333287e-02 0.000000000000000000e+00
0.000000000000000000e+00 5.000000000000000278e-02 0.000000000000000000e+00
0.000000000000000000e+00 6.666666666666666574e-02 0.000000000000000000e+00
0.000000000000000000e+00 8.333333333333332871e-02 0.000000000000000000e+00
0.000000000000000000e+00 1.000000000000000056e-01 0.000000000000000000e+00
0.000000000000000000e+00 1.166666666666666685e-01 0.000000000000000000e+00
0.000000000000000000e+00 1.333333333333333315e-01 0.000000000000000000e+00
0.000000000000000000e+00 1.499999999999999944e-01 0.000000000000000000e+00
0.000000000000000000e+00 1.666666666666666574e-01 0.000000000000000000e+00
0.000000000000000000e+00 1.833333333333333204e-01 0.000000000000000000e+00
0.000000000000000000e+00 2.000000000000000111e-01 0.000000000000000000e+00
0.000000000000000000e+00 2.166666666666666741e-01 0.000000000000000000e+00
0.000000000000000000e+00 2.333333333333333370e-01 0.000000000000000000e+00
0.000000000000000000e+00 2.500000000000000000e-01 0.000000000000000000e+00
0.000000000000000000e+00 2.666666666666666630e-01 0.000000000000000000e+00
0.000000000000000000e+00 2.833333333333333259e-01 0.000000000000000000e+00
0.000000000000000000e+00 2.999999999999999889e-01 0.000000000000000000e+00
0.000000000000000000e+00 3.166666666666666519e-01 0.000000000000000000e+00
0.000000000000000000e+00 3.333333333333333148e-01 0.000000000000000000e+00
0.000000000000000000e+00 3.499999999999999778e-01 0.000000000000000000e+00
0.000000000000000000e+00 3.666666666666666408e-01 0.000000000000000000e+00
0.000000000000000000e+00 3.833333333333333037e-01 0.000000000000000000e+00
0.000000000000000000e+00 4.000000000000000222e-01 0.000000000000000000e+00
0.000000000000000000e+00 4.166666666666666852e-01 0.000000000000000000e+00
0.000000000000000000e+00 4.333333333333333481e-01 0.000000000000000000e+00
0.000000000000000000e+00 4.500000000000000111e-01 0.000000000000000000e+00
0.000000000000000000e+00 4.666666666666666741e-01 0.000000000000000000e+00
0.000000000000000000e+00 4.833333333333333370e-01 0.000000000000000000e+00
0.000000000000000000e+00 5.000000000000000000e-01 0.000000000000000000e+00
0.000000000000000000e+00 5.166666666666666075e-01 0.000000000000000000e+00
0.000000000000000000e+00 5.333333333333333259e-01 0.000000000000000000e+00
0.000000000000000000e+00 5.500000000000000444e-01 0.000000000000000000e+00
0.000000000000000000e+00 5.666666666666666519e-01 0.000000000000000000e+00
0.000000000000000000e+00 5.833333333333333703e-01 0.000000000000000000e+00
0.000000000000000000e+00 5.999999999999999778e-01 0.000000000000000000e+00
0.000000000000000000e+00 6.166666666666666963e-01 0.000000000000000000e+00
0.000000000000000000e+00 6.333333333333333037e-01 0.000000000000000000e+00
0.000000000000000000e+00 6.500000000000000222e-01 0.000000000000000000e+00
0.000000000000000000e+00 6.666666666666666297e-01 0.000000000000000000e+00
0.000000000000000000e+00 6.833333333333333481e-01 0.000000000000000000e+00
0.000000000000000000e+00 6.999999999999999556e-01 0.000000000000000000e+00
0.000000000000000000e+00 7.166666666666666741e-01 0.000000000000000000e+00
0.000000000000000000e+00 7.333333333333332815e-01 0.000000000000000000e+00
0.000000000000000000e+00 7.500000000000000000e-01 0.000000000000000000e+00
0.000000000000000000e+00 7.666666666666666075e-01 0.000000000000000000e+00
0.000000000000000000e+00 7.833333333333333259e-01 0.000000000000000000e+00
0.000000000000000000e+00 8.000000000000000444e-01 0.000000000000000000e+00
0.000000000000000000e+00 8.166666666666666519e-01 0.000000000000000000e+00
0.000000000000000000e+00 8.333333333333333703e-01 0.000000000000000000e+00
0.000000000000000000e+00 8.499999999999999778e-01 0.000000000000000000e+00
0.000000000000000000e+00 8.666666666666666963e-01 0.000000000000000000e+00
0.000000000000000000e+00 8.833333333333333037e-01 0.000000000000000000e+00
0.000000000000000000e+00 9.000000000000000222e-01 0.000000000000000000e+00
0.000000000000000000e+00 9.166666666666666297e-01 0.000000000000000000e+00
0.000000000000000000e+00 9.333333333333333481e-01 0.000000000000000000e+00
0.000000000000000000e+00 9.499999999999999556e-01 0.000000000000000000e+00
0.000000000000000000e+00 9.666666666666666741e-01 0.000000000000000000e+00
0.000000000000000000e+00 9.833333333333332815e-01 0.000000000000000000e+00
0.000000000000000000e+00 1.000000000000000000e+00 0.000000000000000000e+00
1.000000000000000056e-01 0.000000000000000000e+00 0.000000000000000000e+00
1.000000000000000056e-01 1.666666666666666644e-02 0.000000000000000000e+00
1.000000000000000056e-01 3.333333333333333287e-02 0.000000000000000000e+00
1.000000000000000056e-01 5.000000000000000278e-02 0.000000000000000000e+00
1.000000000000000056e-01 6.666666666666666574e-02 0.000000000000000000e+00
1.000000000000000056e-01 8.333333333333332871e-02 0.000000000000000000e+00
1.000000000000000056e-01 1.000000000000000056e-01 0.000000000000000000e+00
1.000000000000000056e-01 1.166666666666666685e-01 0.000000000000000000e+00
1.000000000000000056e-01 1.333333333333333315e-01 0.000000000000000000e+00
1.000000000000000056e-01 1.499999999999999944e-01 0.000000000000000000e+00
1.000000000000000056e-01 1.666666666666666574e-01 0.000000000000000000e+00
1.000000000000000056e-01 1.833333333333333204e-01 0.000000000000000000e+00
1.000000000000000056e-01 2.000000000000000111e-01 0.000000000000000000e+00
1.000000000000000056e-01 2.166666666666666741e-01 0.000000000000000000e+00
1.000000000000000056e-01 2.333333333333333370e-01 0.000000000000000000e+00
1.000000000000000056e-01 2.500000000000000000e-01 0.000000000000000000e+00
1.000000000000000056e-01 2.666666666666666630e-01 0.000000000000000000e+00
1.000000000000000056e-01 2.833333333333333259e-01 0.000000000000000000e+00
1.000000000000000056e-01 2.999999999999999889e-01 0.000000000000000000e+00
1.000000000000000056e-01 3.166666666666666519e-01 0.000000000000000000e+00
1.000000000000000056e-01 3.333333333333333148e-01 0.000000000000000000e+00
1.000000000000000056e-01 3.499999999999999778e-01 0.000000000000000000e+00
1.000000000000000056e-01 3.666666666666666408e-01 0.000000000000000000e+00
1.000000000000000056e-01 3.833333333333333037e-01 0.000000000000000000e+00
1.000000000000000056e-01 4.000000000000000222e-01 0.000000000000000000e+00
1.000000000000000056e-01 4.166666666666666852e-01 0.000000000000000000e+00
1.000000000000000056e-01 4.333333333333333481e-01 0.000000000000000000e+00
1.000000000000000056e-01 4.500000000000000111e-01 0.000000000000000000e+00
1.000000000000000056e-01 4.666666666666666741e-01 0.000000000000000000e+00
1.000000000000000056e-01 4.833333333333333370e-01 0.000000000000000000e+00
1.000000000000000056e-01 5.000000000000000000e-01 0.000000000000000000e+00
1.000000000000000056e-01 5.166666666666666075e-01 0.000000000000000000e+00
1.000000000000000056e-01 5.333333333333333259e-01 0.000000000000000000e+00
1.000000000000000056e-01 5.500000000000000444e-01 0.000000000000000000e+00
1.000000000000000056e-01 5.666666666666666519e-01 0.000000000000000000e+00
1.000000000000000056e-01 5.833333333333333703e-01 0.000000000000000000e+00
1.000000000000000056e-01 5.999999999999999778e-01 0.000000000000000000e+00
1.000000000000000056e-01 6.166666666666666963e-01 0.000000000000000000e+00
1.000000000000000056e-01 6.333333333333333037e-01 0.000000000000000000e+00
1.000000000000000056e-01 6.500000000000000222e-01 0.000000000000000000e+00
1.000000000000000056e-01 6.666666666666666297e-01 0.000000000000000000e+00
1.000000000000000056e-01 6.833333333333333481e-01 0.000000000000000000e+00
1.000000000000000056e-01 6.999999999999999556e-01 0.000000000000000000e+00
1.000000000000000056e-01 7.166666666666666741e-01 0.000000000000000000e+00
1.000000000000000056e-01 7.333333333333332815e-01 0.000000000000000000e+00
1.000000000000000056e-01 7.500000000000000000e-01 0.000000000000000000e+00
1.000000000000000056e-01 7.666666666666666075e-01 0.000000000000000000e+00
1.000000000000000056e-01 7.833333333333333259e-01 0.000000000000000000e+00
1.000000000000000056e-01 8.000000000000000444e-01 0.000000000000000000e+00
1.000000000000000056e-01 8.166666666666666519e-01 0.000000000000000000e+00
1.000000000000000056e-01 8.333333333333333703e-01 0.000000000000000000e+00
1.000000000000000056e-01 8.499999999999999778e-01 0.000000000000000000e+00
1.000000000000000056e-01 8.666666666666666963e-01 0.000000000000000000e+00
1.000000000000000056e-01 8.833333333333333037e-01 0.000000000000000000e+00
1.000000000000000056e-01 9.000000000000000222e-01 0.000000000000000000e+00
1.000000000000000056e-01 9.166666666666666297e-01 0.000000000000000000e+00
1.000000000000000056e-01 9.333333333333333481e-01 0.000000000000000000e+00
1.000000000000000056e-01 9.499999999999999556e-01 0.000000000000000000e+00
1.000000000000000056e-01 9.666666666666666741e-01 0.000000000000000000e+00
1.000000000000000056e-01 9.833333333333332815e-01 0.000000000000000000e+00
1.000000000000000056e-01 1.000000000000000000e+00 0.000000000000000000e+00
2.000000000000000111e-01 0.000000000000000000e+00 0.000000000000000000e+00
2.000000000000000111e-01 1.666666666666666644e-02 0.000000000000000000e+00
2.000000000000000111e-01 3.333333333333333287e-02 0.000000000000000000e+00
2.000000000000000111e-01 5.000000000000000278e-02 0.000000000000000000e+00
2.000000000000000111e-01 6.666666666666666574e-02 0.000000000000000000e+00
2.000000000000000111e-01 8.333333333333332871e-02 0.000000000000000000e+00
2.000000000000000111e-01 1.000000000000000056e-01 0.000000000000000000e+00
2.000000000000000111e-01 1.166666666666666685e-01 0.000000000000000000e+00
2.000000000000000111e-01 1.333333333333333315e-01 0.000000000000000000e+00
2.000000000000000111e-01 1.499999999999999944e-01 0.000000000000000000e+00
2.000000000000000111e-01 1.666666666666666574e-01 0.000000000000000000e+00
2.000000000000000111e-01 1.833333333333333204e-01 0.000000000000000000e+00
2.000000000000000111e-01 2.000000000000000111e-01 0.000000000000000000e+00
2.000000000000000111e-01 2.166666666666666741e-01 0.000000000000000000e+00
2.000000000000000111e-01 2.333333333333333370e-01 0.000000000000000000e+00
2.000000000000000111e-01 2.500000000000000000e-01 0.000000000000000000e+00
2.000000000000000111e-01 2.666666666666666630e-01 0.000000000000000000e+00
2.000000000000000111e-01 2.833333333333333259e-01 0.000000000000000000e+00
2.000000000000000111e-01 2.999999999999999889e-01 0.000000000000000000e+00
2.000000000000000111e-01 3.166666666666666519e-01 0.000000000000000000e+00
2.000000000000000111e-01 3.333333333333333148e-01 0.000000000000000000e+00
2.000000000000000111e-01 3.499999999999999778e-01 0.000000000000000000e+00
2.000000000000000111e-01 3.666666666666666408e-01 0.000000000000000000e+00
2.000000000000000111e-01 3.833333333333333037e-01 0.000000000000000000e+00
2.000000000000000111e-01 4.000000000000000222e-01 0.000000000000000000e+00
2.000000000000000111e-01 4.166666666666666852e-01 0.000000000000000000e+00
2.000000000000000111e-01 4.333333333333333481e-01 0.000000000000000000e+00
2.000000000000000111e-01 4.500000000000000111e-01 0.000000000000000000e+00
2.000000000000000111e-01 4.666666666666666741e-01 0.000000000000000000e+00
2.000000000000000111e-01 4.833333333333333370e-01 0.000000000000000000e+00
2.000000000000000111e-01 5.000000000000000000e-01 0.000000000000000000e+00
2.000000000000000111e-01 5.166666666666666075e-01 0.000000000000000000e+00
2.000000000000000111e-01 5.333333333333333259e-01 0.000000000000000000e+00
2.000000000000000111e-01 5.500000000000000444e-01 0.000000000000000000e+00
2.000000000000000111e-01 5.666666666666666519e-01 0.000000000000000000e+00
2.000000000000000111e-01 5.833333333333333703e-01 0.000000000000000000e+00
2.000000000000000111e-01 5.999999999999999778e-01 0.000000000000000000e+00
2.000000000000000111e-01 6.166666666666666963e-01 0.000000000000000000e+00
2.000000000000000111e-01 6.333333333333333037e-01 0.000000000000000000e+00
2.000000000000000111e-01 6.500000000000000222e-01 0.000000000000000000e+00
2.000000000000000111e-01 6.666666666666666297e-01 0.000000000000000000e+00
2.000000000000000111e-01 6.833333333333333481e-01 0.000000000000000000e+00
2.000000000000000111e-01 6.999999999999999556e-01 0.000000000000000000e+00
2.000000000000000111e-01 7.166666666666666741e-01 0.000000000000000000e+00
2.000000000000000111e-01 7.333333333333332815e-01 0.000000000000000000e+00
2.000000000000000111e-01 7.500000000000000000e-01 0.000000000000000000e+00
2.000000000000000111e-01 7.666666666666666075e-01 0.000000000000000000e+00
2.000000000000000111e-01 7.833333333333333259e-01 0.000000000000000000e+00
2.000000000000000111e-01 8.000000000000000444e-01 0.000000000000000000e+00
2.000000000000000111e-01 8.166666666666666519e-01 0.000000000000000000e+00
2.000000000000000111e-01 8.333333333333333703e-01 0.000000000000000000e+00
2.000000000000000111e-01 8.499999999999999778e-01 0.000000000000000000e+00
2.000000000000000111e-01 8.666666666666666963e-01 0.000000000000000000e+00
2.000000000000000111e-01 8.833333333333333037e-01 0.000000000000000000e+00
2.000000000000000111e-01 9.000000000000000222e-01 0.000000000000000000e+00
2.000000000000000111e-01 9.166666666666666297e-01 0.000000000000000000e+00
2.000000000000000111e-01 9.333333333333333481e-01 0.000000000000000000e+00
2.000000000000000111e-01 9.499999999999999556e-01 0.000000000000000000e+00
2.000000000000000111e-01 9.666666666666666741e-01 0.000000000000000000e+00
2.000000000000000111e-01 9.833333333333332815e-01 0.000000000000000000e+00
2.000000000000000111e-01 1.000000000000000000e+00 0.000000000000000000e+00
3.000000000000000444e-01 0.000000000000000000e+00 0.000000000000000000e+00
3.000000000000000444e-01 1.666666666666666644e-02 0.000000000000000000e+00
3.000000000000000444e-01 3.333333333333333287e-02 0.000000000000000000e+00
3.000000000000000444e-01 5.000000000000000278e-02 0.000000000000000000e+00
3.000000000000000444e-01 6.666666666666666574e-02 0.000000000000000000e+00
3.000000000000000444e-01 8.333333333333332871e-02 0.000000000000000000e+00
3.000000000000000444e-01 1.000000000000000056e-01 0.000000000000000000e+00
3.000000000000000444e-01 1.166666666666666685e-01 0.000000000000000000e+00
3.000000000000000444e-01 1.333333333333333315e-01 0.000000000000000000e+00
3.000000000000000444e-01 1.499999999999999944e-01 0.000000000000000000e+00
3.000000000000000444e-01 1.666666666666666574e-01 0.000000000000000000e+00
3.000000000000000444e-01 1.833333333333333204e-01 0.000000000000000000e+00
3.000000000000000444e-01 2.000000000000000111e-01 0.000000000000000000e+00
3.000000000000000444e-01 2.166666666666666741e-01 0.000000000000000000e+00
3.000000000000000444e-01 2.333333333333333370e-01 0.000000000000000000e+00
3.000000000000000444e-01 2.500000000000000000e-01 0.000000000000000000e+00
3.000000000000000444e-01 2.666666666666666630e-01 0.000000000000000000e+00
3.000000000000000444e-01 2.833333333333333259e-01 0.000000000000000000e+00
3.000000000000000444e-01 2.999999999999999889e-01 0.000000000000000000e+00
3.000000000000000444e-01 3.166666666666666519e-01 0.000000000000000000e+00
3.000000000000000444e-01 3.333333333333333148e-01 0.000000000000000000e+00
3.000000000000000444e-01 3.499999999999999778e-01 0.000000000000000000e+00
3.000000000000000444e-01 3.666666666666666408e-01 0.000000000000000000e+00
3.000000000000000444e-01 3.833333333333333037e-01 0.000000000000000000e+00
3.000000000000000444e-01 4.000000000000000222e-01 0.000000000000000000e+00
3.000000000000000444e-01 4.166666666666666852e-01 0.000000000000000000e+00
3.000000000000000444e-01 4.333333333333333481e-01 0.000000000000000000e+00
3.000000000000000444e-01 4.500000000000000111e-01 0.000000000000000000e+00
3.000000000000000444e-01 4.666666666666666741e-01 0.000000000000000000e+00
3.000000000000000444e-01 4.833333333333333370e-01 0.000000000000000000e+00
3.000000000000000444e-01 5.000000000000000000e-01 0.000000000000000000e+00
3.000000000000000444e-01 5.166666666666666075e-01 0.000000000000000000e+00
3.000000000000000444e-01 5.333333333333333259e-01 0.000000000000000000e+00
3.000000000000000444e-01 5.500000000000000444e-01 0.000000000000000000e+00
3.000000000000000444e-01 5.666666666666666519e-01 0.000000000000000000e+00
3.000000000000000444e-01 5.833333333333333703e-01 0.000000000000000000e+00
3.000000000000000444e-01 5.999999999999999778e-01 0.000000000000000000e+00
3.000000000000000444e-01 6.166666666666666963e-01 0.000000000000000000e+00
3.000000000000000444e-01 6.333333333333333037e-01 0.000000000000000000e+00
3.000000000000000444e-01 6.500000000000000222e-01 0.000000000000000000e+00
3.000000000000000444e-01 6.666666666666666297e-01 0.000000000000000000e+00
3.000000000000000444e-01 6.833333333333333481e-01 0.000000000000000000e+00
3.000000000000000444e-01 6.999999999999999556e-01 0.000000000000000000e+00
3.000000000000000444e-01 7.166666666666666741e-01 0.000000000000000000e+00
3.000000000000000444e-01 7.333333333333332815e-01 0.000000000000000000e+00
3.000000000000000444e-01 7.500000000000000000e-01 0.000000000000000000e+00
3.000000000000000444e-01 7.666666666666666075e-01 0.000000000000000000e+00
3.000000000000000444e-01 7.833333333333333259e-01 0.000000000000000000e+00
3.000000000000000444e-01 8.000000000000000444e-01 0.000000000000000000e+00
3.000000000000000444e-01 8.166666666666666519e-01 0.000000000000000000e+00
3.000000000000000444e-01 8.333333333333333703e-01 0.000000000000000000e+00
3.000000000000000444e-01 8.499999999999999778e-01 0.000000000000000000e+00
3.000000000000000444e-01 8.666666666666666963e-01 0.000000000000000000e+00
3.000000000000000444e-01 8.833333333333333037e-01 0.000000000000000000e+00
3.000000000000000444e-01 9.000000000000000222e-01 0.000000000000000000e+00
3.000000000000000444e-01 9.166666666666666297e-01 0.000000000000000000e+00
3.000000000000000444e-01 9.333333333333333481e-01 0.000000000000000000e+00
3.000000000000000444e-01 9.499999999999999556e-01 0.000000000000000000e+00
3.000000000000000444e-01 9.666666666666666741e-01 0.000000000000000000e+00
3.000000000000000444e-01 9.833333333333332815e-01 0.000000000000000000e+00
3.000000000000000444e-01 1.000000000000000000e+00 0.000000000000000000e+00
4.000000000000000222e-01 0.000000000000000000e+00 0.000000000000000000e+00
4.000000000000000222e-01 1.666666666666666644e-02 0.000000000000000000e+00
4.000000000000000222e-01 3.333333333333333287e-02 0.000000000000000000e+00
4.000000000000000222e-01 5.000000000000000278e-02 0.000000000000000000e+00
4.000000000000000222e-01 6.666666666666666574e-02 0.000000000000000000e+00
4.000000000000000222e-01 8.333333333333332871e-02 0.000000000000000000e+00
4.000000000000000222e-01 1.000000000000000056e-01 0.000000000000000000e+00
4.000000000000000222e-01 1.166666666666666685e-01 0.000000000000000000e+00
4.000000000000000222e-01 1.333333333333333315e-01 0.000000000000000000e+00
4.000000000000000222e-01 1.499999999999999944e-01 0.000000000000000000e+00
4.000000000000000222e-01 1.666666666666666574e-01 0.000000000000000000e+00
4.000000000000000222e-01 1.833333333333333204e-01 0.000000000000000000e+00
4.000000000000000222e-01 2.000000000000000111e-01 0.000000000000000000e+00
4.000000000000000222e-01 2.166666666666666741e-01 0.000000000000000000e+00
4.000000000000000222e-01 2.333333333333333370e-01 0.000000000000000000e+00
4.000000000000000222e-01 2.500000000000000000e-01 0.000000000000000000e+00
4.000000000000000222e-01 2.666666666666666630e-01 0.000000000000000000e+00
4.000000000000000222e-01 2.833333333333333259e-01 0.000000000000000000e+00
4.000000000000000222e-01 2.999999999999999889e-01 0.000000000000000000e+00
4.000000000000000222e-01 3.166666666666666519e-01 0.000000000000000000e+00
4.000000000000000222e-01 3.333333333333333148e-01 0.000000000000000000e+00
4.000000000000000222e-01 3.499999999999999778e-01 0.000000000000000000e+00
4.000000000000000222e-01 3.666666666666666408e-01 0.000000000000000000e+00
4.000000000000000222e-01 3.833333333333333037e-01 0.000000000000000000e+00
4.000000000000000222e-01 4.000000000000000222e-01 0.000000000000000000e+00
4.000000000000000222e-01 4.166666666666666852e-01 0.000000000000000000e+00
4.000000000000000222e-01 4.333333333333333481e-01 0.000000000000000000e+00
4.000000000000000222e-01 4.500000000000000111e-01 0.000000000000000000e+00
4.000000000000000222e-01 4.666666666666666741e-01 0.000000000000000000e+00
4.000000000000000222e-01 4.833333333333333370e-01 0.000000000000000000e+00
4.000000000000000222e-01 5.000000000000000000e-01 0.000000000000000000e+00
4.000000000000000222e-01 5.166666666666666075e-01 0.000000000000000000e+00
4.000000000000000222e-01 5.333333333333333259e-01 0.000000000000000000e+00
4.000000000000000222e-01 5.500000000000000444e-01 0.000000000000000000e+00
4.000000000000000222e-01 5.666666666666666519e-01 0.000000000000000000e+00
4.000000000000000222e-01 5.833333333333333703e-01 0.000000000000000000e+00
4.000000000000000222e-01 5.999999999999999778e-01 0.000000000000000000e+00
4.000000000000000222e-01 6.166666666666666963e-01 0.000000000000000000e+00
4.000000000000000222e-01 6.333333333333333037e-01 0.000000000000000000e+00
4.000000000000000222e-01 6.500000000000000222e-01 0.000000000000000000e+00
4.000000000000000222e-01 6.666666666666666297e-01 0.000000000000000000e+00
4.000000000000000222e-01 6.833333333333333481e-01 0.000000000000000000e+00
4.000000000000000222e-01 6.999999999999999556e-01 0.000000000000000000e+00
4.000000000000000222e-01 7.166666666666666741e-01 0.000000000000000000e+00
4.000000000000000222e-01 7.333333333333332815e-01 0.000000000000000000e+00
4.000000000000000222e-01 7.500000000000000000e-01 0.000000000000000000e+00
4.000000000000000222e-01 7.666666666666666075e-01 0.000000000000000000e+00
4.000000000000000222e-01 7.833333333333333259e-01 0.000000000000000000e+00
4.000000000000000222e-01 8.000000000000000444e-01 0.000000000000000000e+00
4.000000000000000222e-01 8.166666666666666519e-01 0.000000000000000000e+00
4.000000000000000222e-01 8.333333333333333703e-01 0.000000000000000000e+00
4.000000000000000222e-01 8.499999999999999778e-01 0.000000000000000000e+00
4.000000000000000222e-01 8.666666666666666963e-01 0.000000000000000000e+00
4.000000000000000222e-01 8.833333333333333037e-01 0.000000000000000000e+00
4.000000000000000222e-01 9.000000000000000222e-01 0.000000000000000000e+00
4.000000000000000222e-01 9.166666666666666297e-01 0.000000000000000000e+00
4.000000000000000222e-01 9.333333333333333481e-01 0.000000000000000000e+00
4.000000000000000222e-01 9.499999999999999556e-01 0.000000000000000000e+00
4.000000000000000222e-01 9.666666666666666741e-01 0.000000000000000000e+00
4.000000000000000222e-01 9.833333333333332815e-01 0.000000000000000000e+00
4.000000000000000222e-01 1.000000000000000000e+00 0.000000000000000000e+00
5.000000000000000000e-01 0.000000000000000000e+00 0.000000000000000000e+00
5.000000000000000000e-01 1.666666666666666644e-02 0.000000000000000000e+00
5.000000000000000000e-01 3.333333333333333287e-02 0.000000000000000000e+00
5.000000000000000000e-01 5.000000000000000278e-02 0.000000000000000000e+00
5.000000000000000000e-01 6.666666666666666574e-02 0.000000000000000000e+00
5.000000000000000000e-01 8.333333333333332871e-02 0.000000000000000000e+00
5.000000000000000000e-01 1.000000000000000056e-01 0.000000000000000000e+00
5.000000000000000000e-01 1.166666666666666685e-01 0.000000000000000000e+00
5.000000000000000000e-01 1.333333333333333315e-01 0.000000000000000000e+00
5.000000000000000000e-01 1.499999999999999944e-01 0.000000000000000000e+00
5.000000000000000000e-01 1.666666666666666574e-01 0.000000000000000000e+00
5.000000000000000000e-01 1.833333333333333204e-01 0.000000000000000000e+00
5.000000000000000000e-01 2.000000000000000111e-01 0.000000000000000000e+00
5.000000000000000000e-01 2.166666666666666741e-01 0.000000000000000000e+00
5.000000000000000000e-01 2.333333333333333370e-01 0.000000000000000000e+00
5.000000000000000000e-01 2.500000000000000000e-01 0.000000000000000000e+00
5.000000000000000000e-01 2.666666666666666630e-01 0.000000000000000000e+00
5.000000000000000000e-01 2.833333333333333259e-01 0.000000000000000000e+00
5.000000000000000000e-01 2.999999999999999889e-01 0.000000000000000000e+00
5.000000000000000000e-01 3.166666666666666519e-01 0.000000000000000000e+00
5.000000000000000000e-01 3.333333333333333148e-01 0.000000000000000000e+00
5.000000000000000000e-01 3.499999999999999778e-01 0.000000000000000000e+00
5.000000000000000000e-01 3.666666666666666408e-01 0.000000000000000000e+00
5.000000000000000000e-01 3.833333333333333037e-01 0.000000000000000000e+00
5.000000000000000000e-01 4.000000000000000222e-01 0.000000000000000000e+00
5.000000000000000000e-01 4.166666666666666852e-01 0.000000000000000000e+00
5.000000000000000000e-01 4.333333333333333481e-01 0.000000000000000000e+00
5.000000000000000000e-01 4.500000000000000111e-01 0.000000000000000000e+00
5.000000000000000000e-01 4.666666666666666741e-01 0.000000000000000000e+00
5.000000000000000000e-01 4.833333333333333370e-01 0.000000000000000000e+00
5.000000000000000000e-01 5.000000000000000000e-01 0.000000000000000000e+00
5.000000000000000000e-01 5.166666666666666075e-01 0.000000000000000000e+00
5.000000000000000000e-01 5.333333333333333259e-01 0.000000000000000000e+00
5.000000000000000000e-01 5.500000000000000444e-01 0.000000000000000000e+00
5.000000000000000000e-01 5.666666666666666519e-01 0.000000000000000000e+00
5.000000000000000000e-01 5.833333333333333703e-01 0.000000000000000000e+00
5.000000000000000000e-01 5.999999999999999778e-01 0.000000000000000000e+00
5.000000000000000000e-01 6.166666666666666963e-01 0.000000000000000000e+00
5.000000000000000000e-01 6.333333333333333037e-01 0.000000000000000000e+00
5.000000000000000000e-01 6.500000000000000222e-01 0.000000000000000000e+00
5.000000000000000000e-01 6.666666666666666297e-01 0.000000000000000000e+00
5.000000000000000000e-01 6.833333333333333481e-01 0.000000000000000000e+00
5.000000000000000000e-01 6.999999999999999556e-01 0.000000000000000000e+00
5.000000000000000000e-01 7.166666666666666741e-01 0.000000000000000000e+00
5.000000000000000000e-01 7.333333333333332815e-01 0.000000000000000000e+00
5.000000000000000000e-01 7.500000000000000000e-01 0.000000000000000000e+00
5.000000000000000000e-01 7.666666666666666075e-01 0.000000000000000000e+00
5.000000000000000000e-01 7.833333333333333259e-01 0.000000000000000000e+00
5.000000000000000000e-01 8.000000000000000444e-01 0.000000000000000000e+00
5.000000000000000000e-01 8.166666666666666519e-01 0.000000000000000000e+00
5.000000000000000000e-01 8.333333333333333703e-01 0.000000000000000000e+00
5.000000000000000000e-01 8.499999999999999778e-01 0.000000000000000000e+00
5.000000000000000000e-01 8.666666666666666963e-01 0.000000000000000000e+00
5.000000000000000000e-01 8.833333333333333037e-01 0.000000000000000000e+00
5.000000000000000000e-01 9.000000000000000222e-01 0.000000000000000000e+00
5.000000000000000000e-01 9.166666666666666297e-01 0.000000000000000000e+00
5.000000000000000000e-01 9.333333333333333481e-01 0.000000000000000000e+00
5.000000000000000000e-01 9.499999999999999556e-01 0.000000000000000000e+00
5.000000000000000000e-01 9.666666666666666741e-01 0.000000000000000000e+00
5.000000000000000000e-01 9.833333333333332815e-01 0.000000000000000000e+00
5.000000000000000000e-01 1.000000000000000000e+00 0.000000000000000000e+00
6.000000000000000888e-01 0.000000000000000000e+00 0.000000000000000000e+00
6.000000000000000888e-01 1.666666666666666644e-02 0.000000000000000000e+00
6.000000000000000888e-01 3.333333333333333287e-02 0.000000000000000000e+00
6.000000000000000888e-01 5.000000000000000278e-02 0.000000000000000000e+00
6.000000000000000888e-01 6.666666666666666574e-02 0.000000000000000000e+00
6.000000000000000888e-01 8.333333333333332871e-02 0.000000000000000000e+00
6.000000000000000888e-01 1.000000000000000056e-01 0.000000000000000000e+00
6.000000000000000888e-01 1.166666666666666685e-01 0.000000000000000000e+00
6.000000000000000888e-01 1.333333333333333315e-01 0.000000000000000000e+00
6.000000000000000888e-01 1.499999999999999944e-01 0.000000000000000000e+00
6.000000000000000888e-01 1.666666666666666574e-01 0.000000000000000000e+00
6.000000000000000888e-01 1.833333333333333204e-01 0.000000000000000000e+00
6.000000000000000888e-01 2.000000000000000111e-01 0.000000000000000000e+00
6.000000000000000888e-01 2.166666666666666741e-01 0.000000000000000000e+00
6.000000000000000888e-01 2.333333333333333370e-01 0.000000000000000000e+00
6.000000000000000888e-01 2.500000000000000000e-01 0.000000000000000000e+00
6.000000000000000888e-01 2.666666666666666630e-01 0.000000000000000000e+00
6.000000000000000888e-01 2.833333333333333259e-01 0.000000000000000000e+00
6.000000000000000888e-01 2.999999999999999889e-01 0.000000000000000000e+00
6.000000000000000888e-01 3.166666666666666519e-01 0.000000000000000000e+00
6.000000000000000888e-01 3.333333333333333148e-01 0.000000000000000000e+00
6.000000000000000888e-01 3.499999999999999778e-01 0.000000000000000000e+00
6.000000000000000888e-01 3.666666666666666408e-01 0.000000000000000000e+00
6.000000000000000888e-01 3.833333333333333037e-01 0.000000000000000000e+00
6.000000000000000888e-01 4.000000000000000222e-01 0.000000000000000000e+00
6.000000000000000888e-01 4.166666666666666852e-01 0.000000000000000000e+00
6.000000000000000888e-01 4.333333333333333481e-01 0.000000000000000000e+00
6.000000000000000888e-01 4.500000000000000111e-01 0.000000000000000000e+00
6.000000000000000888e-01 4.666666666666666741e-01 0.000000000000000000e+00
6.000000000000000888e-01 4.833333333333333370e-01 0.000000000000000000e+00
6.000000000000000888e-01 5.000000000000000000e-01 0.000000000000000000e+00
6.000000000000000888e-01 5.166666666666666075e-01 0.000000000000000000e+00
6.000000000000000888e-01 5.333333333333333259e-01 0.000000000000000000e+00
6.000000000000000888e-01 5.500000000000000444e-01 0.000000000000000000e+00
6.000000000000000888e-01 5.666666666666666519e-01 0.000000000000000000e+00
6.000000000000000888e-01 5.833333333333333703e-01 0.000000000000000000e+00
6.000000000000000888e-01 5.999999999999999778e-01 0.000000000000000000e+00
6.000000000000000888e-01 6.166666666666666963e-01 0.000000000000000000e+00
6.000000000000000888e-01 6.333333333333333037e-01 0.000000000000000000e+00
6.000000000000000888e-01 6.500000000000000222e-01 0.000000000000000000e+00
6.000000000000000888e-01 6.666666666666666297e-01 0.000000000000000000e+00
6.000000000000000888e-01 6.833333333333333481e-01 0.000000000000000000e+00
6.000000000000000888e-01 6.999999999999999556e-01 0.000000000000000000e+00
6.000000000000000888e-01 7.166666666666666741e-01 0.000000000000000000e+00
6.000000000000000888e-01 7.333333333333332815e-01 0.000000000000000000e+00
6.000000000000000888e-01 7.500000000000000000e-01 0.000000000000000000e+00
6.000000000000000888e-01 7.666666666666666075e-01 0.000000000000000000e+00
6.000000000000000888e-01 7.833333333333333259e-01 0.000000000000000000e+00
6.000000000000000888e-01 8.000000000000000444e-01 0.000000000000000000e+00
6.000000000000000888e-01 8.166666666666666519e-01 0.000000000000000000e+00
6.000000000000000888e-01 8.333333333333333703e-01 0.000000000000000000e+00
6.000000000000000888e-01 8.499999999999999778e-01 0.000000000000000000e+00
6.000000000000000888e-01 8.666666666666666963e-01 0.000000000000000000e+00
6.000000000000000888e-01 8.833333333333333037e-01 0.000000000000000000e+00
6.000000000000000888e-01 9.000000000000000222e-01 0.000000000000000000e+00
6.000000000000000888e-01 9.166666666666666297e-01 0.000000000000000000e+00
6.000000000000000888e-01 9.333333333333333481e-01 0.000000000000000000e+00
6.000000000000000888e-01 9.499999999999999556e-01 0.000000000000000000e+00
6.000000000000000888e-01 9.666666666666666741e-01 0.000000000000000000e+00
6.000000000000000888e-01 9.833333333333332815e-01 0.000000000000000000e+00
6.000000000000000888e-01 1.000000000000000000e+00 0.000000000000000000e+00
7.000000000000000666e-01 0.000000000000000000e+00 0.000000000000000000e+00
7.000000000000000666e-01 1.666666666666666644e-02 0.000000000000000000e+00
7.000000000000000666e-01 3.333333333333333287e-02 0.000000000000000000e+00
7.000000000000000666e-01 5.000000000000000278e-02 0.000000000000000000e+00
7.000000000000000666e-01 6.666666666666666574e-02 0.000000000000000000e+00
7.000000000000000666e-01 8.333333333333332871e-02 0.000000000000000000e+00
7.000000000000000666e-01 1.000000000000000056e-01 0.000000000000000000e+00
7.000000000000000666e-01 1.166666666666666685e-01 0.000000000000000000e+00
7.000000000000000666e-01 1.333333333333333315e-01 0.000000000000000000e+00
7.000000000000000666e-01 1.499999999999999944e-01 0.000000000000000000e+00
7.000000000000000666e-01 1.666666666666666574e-01 0.000000000000000000e+00
7.000000000000000666e-01 1.833333333333333204e-01 0.000000000000000000e+00
7.000000000000000666e-01 2.000000000000000111e-01 0.000000000000000000e+00
7.000000000000000666e-01 2.166666666666666741e-01 0.000000000000000000e+00
7.000000000000000666e-01 2.333333333333333370e-01 0.000000000000000000e+00
7.000000000000000666e-01 2.500000000000000000e-01 0.000000000000000000e+00
7.000000000000000666e-01 2.666666666666666630e-01 0.000000000000000000e+00
7.000000000000000666e-01 2.833333333333333259e-01 0.000000000000000000e+00
7.000000000000000666e-01 2.999999999999999889e-01 0.000000000000000000e+00
7.000000000000000666e-01 3.166666666666666519e-01 0.000000000000000000e+00
7.000000000000000666e-01 3.333333333333333148e-01 0.000000000000000000e+00
7.000000000000000666e-01 3.499999999999999778e-01 0.000000000000000000e+00
7.000000000000000666e-01 3.666666666666666408e-01 0.000000000000000000e+00
7.000000000000000666e-01 3.833333333333333037e-01 0.000000000000000000e+00
7.000000000000000666e-01 4.000000000000000222e-01 0.000000000000000000e+00
7.000000000000000666e-01 4.166666666666666852e-01 0.000000000000000000e+00
7.000000000000000666e-01 4.333333333333333481e-01 0.000000000000000000e+00
7.000000000000000666e-01 4.500000000000000111e-01 0.000000000000000000e+00
7.000000000000000666e-01 4.666666666666666741e-01 0.000000000000000000e+00
7.000000000000000666e-01 4.833333333333333370e-01 0.000000000000000000e+00
7.000000000000000666e-01 5.000000000000000000e-01 0.000000000000000000e+00
7.000000000000000666e-01 5.166666666666666075e-01 0.000000000000000000e+00
7.000000000000000666e-01 5.333333333333333259e-01 0.000000000000000000e+00
7.000000000000000666e-01 5.500000000000000444e-01 0.000000000000000000e+00
7.000000000000000666e-01 5.666666666666666519e-01 0.000000000000000000e+00
7.000000000000000666e-01 5.833333333333333703e-01 0.000000000000000000e+00
7.000000000000000666e-01 5.999999999999999778e-01 0.000000000000000000e+00
7.000000000000000666e-01 6.166666666666666963e-01 0.000000000000000000e+00
7.000000000000000666e-01 6.333333333333333037e-01 0.000000000000000000e+00
7.000000000000000666e-01 6.500000000000000222e-01 0.000000000000000000e+00
7.000000000000000666e-01 6.666666666666666297e-01 0.000000000000000000e+00
7.000000000000000666e-01 6.833333333333333481e-01 0.000000000000000000e+00
7.000000000000000666e-01 6.999999999999999556e-01 0.000000000000000000e+00
7.000000000000000666e-01 7.166666666666666741e-01 0.000000000000000000e+00
7.000000000000000666e-01 7.333333333333332815e-01 0.000000000000000000e+00
7.000000000000000666e-01 7.500000000000000000e-01 0.000000000000000000e+00
7.000000000000000666e-01 7.666666666666666075e-01 0.000000000000000000e+00
7.000000000000000666e-01 7.833333333333333259e-01 0.000000000000000000e+00
7.000000000000000666e-01 8.000000000000000444e-01 0.000000000000000000e+00
7.000000000000000666e-01 8.166666666666666519e-01 0.000000000000000000e+00
7.000000000000000666e-01 8.333333333333333703e-01 0.000000000000000000e+00
7.000000000000000666e-01 8.499999999999999778e-01 0.000000000000000000e+00
7.000000000000000666e-01 8.666666666666666963e-01 0.000000000000000000e+00
7.000000000000000666e-01 8.833333333333333037e-01 0.000000000000000000e+00
7.000000000000000666e-01 9.000000000000000222e-01 0.000000000000000000e+00
7.000000000000000666e-01 9.166666666666666297e-01 0.000000000000000000e+00
7.000000000000000666e-01 9.333333333333333481e-01 0.000000000000000000e+00
7.000000000000000666e-01 9.499999999999999556e-01 0.000000000000000000e+00
7.000000000000000666e-01 9.666666666666666741e-01 0.000000000000000000e+00
7.000000000000000666e-01 9.833333333333332815e-01 0.000000000000000000e+00
7.000000000000000666e-01 1.000000000000000000e+00 0.000000000000000000e+00
8.000000000000000444e-01 1.000000000000000000e+00 3.904375977178947400e-06
8.000000000000000444e-01 1.251575540400476694e+00 2.767864993605006164e-06
8.000000000000000444e-01 1.566441333328745245e+00 2.055965253827713759e-06
8.000000000000000444e-01 1.960519658266567822e+00 1.611357534753468893e-06
8.000000000000000444e-01 2.453738450760737599e+00 1.281489079318708657e-06
8.000000000000000444e-01 3.071039027512298514e+00 1.013862971936509039e-06
8.000000000000000444e-01 3.843637330449659828e+00 7.966473789697557869e-07
8.000000000000000444e-01 4.810602468960977873e+00 5.915659530743741841e-07
8.000000000000000444e-01 6.020832384741703791e+00 4.856906174821213249e-07
8.000000000000000444e-01 7.535526545593789649e+00 3.703708689160612877e-07
8.000000000000000444e-01 9.431280708503683385e+00 3.450422046832923985e-07
8.000000000000000444e-01 1.180396024941408584e+01 2.423098028859116275e-07
8.000000000000000444e-01 1.477354792802618633e+01 1.708076938249151713e-07
8.000000000000000444e-01 1.849021123165171332e+01 1.616355279277537680e-07
8.000000000000000444e-01 2.314189611437345562e+01 1.381286429900095451e-07
8.000000000000000444e-01 2.896383113523866015e+01 1.503362864328420240e-07
8.000000000000000444e-01 3.625042260515446912e+01 9.974060277634625291e-08
8.000000000000000444e-01 4.264179968272565446e+01 8.214807899716394592e-08
8.000000000000000444e-01 4.537014226179185528e+01 1.191689231204398383e-07
8.000000000000000444e-01 4.876472476537344392e+01 8.107579733474426655e-08
8.000000000000000444e-01 5.488764984802122626e+01 1.261531472986579760e-07
8.000000000000000444e-01 5.678416031934867192e+01 8.573534024720732892e-08
8.000000000000000444e-01 6.101057493066901571e+01 1.109785624752135315e-07
8.000000000000000444e-01 6.713350001331680517e+01 1.380028479495943394e-07
8.000000000000000444e-01 7.106966613787611209e+01 1.584619562718510478e-07
8.000000000000000444e-01 7.325642509596458751e+01 1.777027214221866652e-07
8.000000000000000444e-01 7.937935017861238407e+01 2.057615738728994799e-07
8.000000000000000444e-01 8.550227526126016642e+01 2.107259344065185102e-07
8.000000000000000444e-01 9.162520034390794876e+01 2.824823456178385988e-07
8.000000000000000444e-01 9.774812542655573111e+01 3.203538583446272649e-07
8.000000000000000444e-01 1.038710505092035135e+02 3.947838047177009956e-07
8.000000000000000444e-01 1.099939755918512958e+02 4.541953668836611426e-07
8.000000000000000444e-01 1.161169006744991066e+02 5.358176420856394373e-07
8.000000000000000444e-01 1.222398257571468889e+02 6.339270479489752098e-07
8.000000000000000444e-01 1.283627508397946713e+02 6.626197777571861230e-07
8.000000000000000444e-01 1.344856759224424536e+02 7.168169190130064322e-07
8.000000000000000444e-01 1.406086010050902360e+02 7.824232816167733714e-07
8.000000000000000444e-01 1.467315260877380183e+02 8.550929776570593541e-07
8.000000000000000444e-01 1.528544511703858291e+02 9.014240331241927115e-07
8.000000000000000444e-01 1.589773762530336114e+02 9.769079788342252282e-07
8.000000000000000444e-01 1.651003013356813938e+02 1.058603485185801924e-06
8.000000000000000444e-01 1.712232264183291761e+02 1.134303806116659017e-06
8.000000000000000444e-01 1.773461515009769585e+02 1.198706282138064019e-06
8.000000000000000444e-01 1.834690765836247692e+02 1.238704146905308072e-06
8.000000000000000444e-01 1.895920016662725516e+02 1.306612956760367819e-06
8.000000000000000444e-01 1.957149267489203339e+02 1.332601570430216014e-06
8.000000000000000444e-01 2.018378518315681163e+02 1.372025738115323677e-06
8.000000000000000444e-01 2.079607769142158986e+02 1.381744989350815717e-06
8.000000000000000444e-01 2.140837019968636810e+02 1.351447326144322380e-06
8.000000000000000444e-01 2.202066270795114917e+02 1.341780746732745804e-06
8.000000000000000444e-01 2.263295521621592741e+02 1.304899687252604516e-06
8.000000000000000444e-01 2.324524772448070564e+02 1.217406127518543485e-06
8.000000000000000444e-01 2.385754023274548388e+02 1.174307975128412046e-06
8.000000000000000444e-01 2.446983274101026211e+02 1.088460963634868763e-06
8.000000000000000444e-01 2.508212524927504035e+02 9.645911323260162718e-07
8.000000000000000444e-01 2.569441775753981574e+02 8.496143121472488632e-07
8.000000000000000444e-01 2.630671026580459966e+02 6.652254468834379792e-07
8.000000000000000444e-01 2.691900277406937789e+02 5.196386358888045207e-07
8.000000000000000444e-01 2.753129528233415613e+02 3.083882281292367947e-07
8.000000000000000444e-01 2.814358779059893436e+02 1.084091434592325351e-07
8.000000000000000444e-01 2.842786645515043915e+02 0.000000000000000000e+00
9.000000000000000222e-01 1.000000000000000000e+00 8.703746388895099864e-06
9.000000000000000222e-01 1.263068099458710236e+00 6.069768977800293997e-06
9.000000000000000222e-01 1.595341023870238351e+00 4.512487983898633055e-06
9.000000000000000222e-01 2.015024355008295132e+00 3.506620922325828057e-06
9.000000000000000222e-01 2.545112982443340499e+00 2.776998435261944289e-06
9.000000000000000222e-01 3.214651017642399911e+00 2.201591447754480427e-06
9.000000000000000222e-01 4.060323151276595155e+00 1.622335603986686014e-06
9.000000000000000222e-01 5.128464645871130045e+00 1.229922678413570154e-06
9.000000000000000222e-01 6.477600093401635561e+00 1.051571271623447474e-06
9.000000000000000222e-01 8.181650039026367338e+00 8.187654299378728444e-07
9.000000000000000222e-01 1.033398116522931787e+01 7.015820466519470420e-07
9.000000000000000222e-01 1.305252195020830186e+01 5.541327077893651166e-07
9.000000000000000222e-01 1.648622409279269974e+01 3.843661216590010076e-07
9.000000000000000222e-01 2.082322373213407474e+01 3.889237217396698431e-07
9.000000000000000222e-01 2.630114962395009570e+01 2.842255769693707536e-07
9.000000000000000222e-01 3.322014306910181602e+01 2.299544226752559538e-07
9.000000000000000222e-01 4.195930297003688025e+01 2.694879446700591966e-07
9.000000000000000222e-01 5.072941044227771812e+01 2.374452058514551695e-07
9.000000000000000222e-01 5.299745705697669962e+01 2.113384169053423875e-07
9.000000000000000222e-01 5.801363348014324117e+01 3.116971433761237405e-07
9.000000000000000222e-01 6.529785651800875712e+01 2.966216322595535094e-07
9.000000000000000222e-01 6.693939736110017691e+01 3.201195956830723003e-07
9.000000000000000222e-01 7.258207955587427307e+01 3.511382401533541251e-07
9.000000000000000222e-01 7.986630259373978902e+01 4.001957462519079930e-07
9.000000000000000222e-01 8.454901740379619923e+01 5.208244983035265131e-07
9.000000000000000222e-01 8.715052563160531918e+01 5.722605130755259295e-07
9.000000000000000222e-01 9.443474866947083513e+01 5.702320829707379535e-07
9.000000000000000222e-01 1.017189717073363511e+02 8.458314428457853081e-07
9.000000000000000222e-01 1.090031947452018812e+02 9.980183172237789797e-07
9.000000000000000222e-01 1.162874177830673830e+02 1.249680664056091188e-06
9.000000000000000222e-01 1.235716408209329131e+02 1.413792193297743804e-06
9.000000000000000222e-01 1.308558638587984433e+02 1.601468855936563518e-06
9.000000000000000222e-01 1.381400868966639450e+02 1.761130501533221599e-06
9.000000000000000222e-01 1.454243099345294752e+02 1.984179311544177176e-06
9.000000000000000222e-01 1.527085329723950053e+02 2.165405463726385034e-06
9.000000000000000222e-01 1.599927560102605071e+02 2.370796692280508610e-06
9.000000000000000222e-01 1.672769790481260372e+02 2.598834500823967185e-06
9.000000000000000222e-01 1.745612020859915390e+02 2.821047990170411581e-06
9.000000000000000222e-01 1.818454251238570691e+02 3.089018999698165190e-06
9.000000000000000222e-01 1.891296481617225993e+02 3.338049760343480475e-06
9.000000000000000222e-01 1.964138711995881010e+02 3.499087670502636596e-06
9.000000000000000222e-01 2.036980942374536312e+02 3.673056630909054441e-06
9.000000000000000222e-01 2.109823172753191614e+02 3.786495087787087735e-06
9.000000000000000222e-01 2.182665403131846631e+02 3.864369227244467342e-06
9.000000000000000222e-01 2.255507633510501933e+02 3.959198047808210402e-06
9.000000000000000222e-01 2.328349863889157234e+02 3.966101094678285319e-06
9.000000000000000222e-01 2.401192094267812251e+02 3.960584810655099931e-06
9.000000000000000222e-01 2.474034324646467553e+02 3.944862976356144820e-06
9.000000000000000222e-01 2.546876555025122855e+02 3.843306001368340927e-06
9.000000000000000222e-01 2.619718785403777588e+02 3.688865251658334549e-06
9.000000000000000222e-01 2.692561015782433174e+02 3.539238358675161015e-06
9.000000000000000222e-01 2.765403246161088191e+02 3.307414813115911942e-06
9.000000000000000222e-01 2.838245476539743208e+02 3.049904067255958794e-06
9.000000000000000222e-01 2.911087706918398794e+02 2.695276649022811602e-06
9.000000000000000222e-01 2.983929937297053812e+02 2.370989580845606692e-06
9.000000000000000222e-01 3.056772167675708829e+02 2.016269605333145507e-06
9.000000000000000222e-01 3.129614398054363846e+02 1.556043331530686856e-06
9.000000000000000222e-01 3.202456628433019432e+02 1.145479705089574845e-06
9.000000000000000222e-01 3.275298858811674449e+02 6.796036188702739623e-07
9.000000000000000222e-01 3.348141089190329467e+02 2.318490209882461180e-07
9.000000000000000222e-01 3.381960696151847969e+02 0.000000000000000000e+00
1.000000000000000000e+00 1.000000000000000000e+00 1.104559360995493962e-05
1.000000000000000000e+00 1.266007385045280653e+00 7.681865871350505260e-06
1.000000000000000000e+00 1.602774698989189339e+00 5.703110602889701173e-06
1.000000000000000000e+00 2.029124605484040167e+00 4.388525347084133386e-06
1.000000000000000000e+00 2.568886735719886349e+00 3.503787505238812587e-06
1.000000000000000000e+00 3.252229578766240081e+00 2.697242300054781336e-06
1.000000000000000000e+00 4.117346664580762372e+00 2.031505168660787402e-06
1.000000000000000000e+00 5.212591284150798643e+00 1.568610821492293089e-06
1.000000000000000000e+00 6.599179060957573562e+00 1.297709788216028993e-06
1.000000000000000000e+00 8.354609426408469375e+00 9.944143083729621382e-07
1.000000000000000000e+00 1.057699723300203587e+01 8.561894132272777670e-07
1.000000000000000000e+00 1.339055660858407393e+01 6.749983073688634682e-07
1.000000000000000000e+00 1.695254355633433008e+01 5.679904997252196066e-07
1.000000000000000000e+00 2.146204533762104205e+01 4.974783288714583614e-07
1.000000000000000000e+00 2.717110789560486594e+01 4.173687074673632988e-07
1.000000000000000000e+00 3.439882325569790567e+01 3.212585282742889222e-07
1.000000000000000000e+00 4.354916427858088213e+01 2.762920034621610360e-07
1.000000000000000000e+00 5.302000847156107000e+01 2.448303175809640045e-07
1.000000000000000000e+00 5.513356358923352474e+01 1.980599405092227435e-07
1.000000000000000000e+00 6.063313789311855828e+01 3.813331159386393597e-07
1.000000000000000000e+00 6.824626731467604657e+01 4.775642290358553654e-07
1.000000000000000000e+00 6.979949866783324808e+01 4.466409467325751039e-07
1.000000000000000000e+00 7.585939673623352064e+01 4.957495425373498751e-07
1.000000000000000000e+00 8.347252615779100893e+01 5.962751808526623036e-07
1.000000000000000000e+00 8.836668078593510245e+01 6.952935172424698784e-07
1.000000000000000000e+00 9.108565557934849721e+01 7.130479317485647398e-07
1.000000000000000000e+00 9.869878500090598550e+01 9.574403431997986107e-07
1.000000000000000000e+00 1.063119144224634738e+02 1.196246782491346404e-06
1.000000000000000000e+00 1.139250438440209621e+02 1.502951620820218315e-06
1.000000000000000000e+00 1.215381732655784504e+02 1.724009909284586108e-06
1.000000000000000000e+00 1.291513026871359386e+02 1.824425396617155472e-06
1.000000000000000000e+00 1.367644321086934269e+02 2.066295874172183251e-06
1.000000000000000000e+00 1.443775615302508868e+02 2.444133193432206659e-06
1.000000000000000000e+00 1.519906909518084035e+02 2.616491418349151065e-06
1.000000000000000000e+00 1.596038203733658634e+02 2.926106441032034569e-06
1.000000000000000000e+00 1.672169497949233801e+02 3.111163700002200164e-06
1.000000000000000000e+00 1.748300792164808399e+02 3.522419232927202318e-06
1.000000000000000000e+00 1.824432086380383566e+02 3.878502684287461175e-06
1.000000000000000000e+00 1.900563380595958165e+02 4.263596336112332218e-06
1.000000000000000000e+00 1.976694674811533332e+02 4.597231036028751831e-06
1.000000000000000000e+00 2.052825969027107931e+02 4.427554544595220253e-06
1.000000000000000000e+00 2.128957263242683098e+02 4.668867320993650463e-06
1.000000000000000000e+00 2.205088557458257696e+02 4.931284676488868888e-06
1.000000000000000000e+00 2.281219851673832864e+02 5.159907716953028075e-06
1.000000000000000000e+00 2.357351145889407462e+02 5.362305389295273417e-06
1.000000000000000000e+00 2.433482440104982061e+02 5.100541398452361492e-06
1.000000000000000000e+00 2.509613734320557228e+02 5.265469258060240879e-06
1.000000000000000000e+00 2.585745028536131827e+02 5.351365705364781222e-06
1.000000000000000000e+00 2.661876322751706994e+02 4.613011183371455435e-06
1.000000000000000000e+00 2.738007616967281592e+02 4.621158472896921525e-06
1.000000000000000000e+00 2.814138911182856759e+02 4.604535093312160285e-06
1.000000000000000000e+00 2.890270205398431358e+02 4.168367315493265293e-06
1.000000000000000000e+00 2.966401499614006525e+02 4.086416542874296009e-06
1.000000000000000000e+00 3.042532793829581124e+02 3.234597895937535036e-06
1.000000000000000000e+00 3.118664088045156291e+02 3.145776730882923525e-06
1.000000000000000000e+00 3.194795382260730889e+02 2.395744406525289738e-06
1.000000000000000000e+00 3.270926676476306056e+02 2.038014448232591129e-06
1.000000000000000000e+00 3.347057970691880655e+02 1.316432904447001880e-06
1.000000000000000000e+00 3.423189264907455822e+02 9.854605277219282891e-07
1.000000000000000000e+00 3.499320559123030421e+02 3.121775260810986987e-07
1.000000000000000000e+00 3.534667231437404666e+02 0.000000000000000000e+00
