# mx [GeV]: 10.0
# sigma_p [cm^2]: 5.3703179637e-31
# depth [m]: 10.6
# loc: SUF
# Columns: gamma/pi, v [km/s], f(v, gamma) [s/km]
0.000000000000000000e+00 1.000000000000000000e+00 2.299389762721786544e-03
0.000000000000000000e+00 1.226546405649305171e+00 2.169174204643361994e-03
0.000000000000000000e+00 1.504416085211229603e+00 1.968063873301802331e-03
0.000000000000000000e+00 1.845236141916832384e+00 1.775380537758157896e-03
0.000000000000000000e+00 2.263267757442282146e+00 1.462157593476103284e-03
0.000000000000000000e+00 2.776002932912794208e+00 1.232281173397544371e-03
0.000000000000000000e+00 3.404896419436116428e+00 1.110625181673956978e-03
0.000000000000000000e+00 4.176263464867558284e+00 1.051309044749000349e-03
0.000000000000000000e+00 5.122380941877816340e+00 9.327002259096542217e-04
0.000000000000000000e+00 6.282837932626736510e+00 7.929845529109903713e-04
0.000000000000000000e+00 7.706192283540436172e+00 7.817676646478852838e-04
0.000000000000000000e+00 9.452002446618932296e+00 7.173047592581611055e-04
0.000000000000000000e+00 1.159331962708888675e+01 6.979665605852425651e-04
0.000000000000000000e+00 1.421974451814941531e+01 6.606129997787335258e-04
0.000000000000000000e+00 1.744117652798758300e+01 6.232546149681522001e-04
0.000000000000000000e+00 2.139241238069819318e+01 6.094976594174280737e-04
0.000000000000000000e+00 2.623878651371306248e+01 5.835869699470613414e-04
0.000000000000000000e+00 2.905005431708597285e+01 5.820595020597771124e-04
0.000000000000000000e+00 3.218308928699421756e+01 5.824986001618587738e-04
0.000000000000000000e+00 3.322134416774446919e+01 5.792353616279783150e-04
0.000000000000000000e+00 3.739263401840297263e+01 5.556780723919360751e-04
0.000000000000000000e+00 3.947405248765340957e+01 5.549237151569022574e-04
0.000000000000000000e+00 4.156392386906146896e+01 5.521385732602303873e-04
0.000000000000000000e+00 4.573521371971996530e+01 5.424398583977619714e-04
0.000000000000000000e+00 4.841675719514329046e+01 5.196488735368169328e-04
0.000000000000000000e+00 4.990650357037846874e+01 5.172586925389328167e-04
0.000000000000000000e+00 5.407779342103696507e+01 5.080019990145504503e-04
0.000000000000000000e+00 5.824908327169546851e+01 4.943052223021748284e-04
0.000000000000000000e+00 6.242037312235396485e+01 4.801014595020078714e-04
0.000000000000000000e+00 6.659166297301246118e+01 4.507050976404372686e-04
0.000000000000000000e+00 7.076295282367095751e+01 4.332617440650140270e-04
0.000000000000000000e+00 7.493424267432945385e+01 4.155845126909181323e-04
0.000000000000000000e+00 7.910553252498795018e+01 3.843312489238179361e-04
0.000000000000000000e+00 8.327682237564646073e+01 3.666618280698388322e-04
0.000000000000000000e+00 8.744811222630495706e+01 3.468254026586461590e-04
0.000000000000000000e+00 9.161940207696346761e+01 3.274825508840215386e-04
0.000000000000000000e+00 9.579069192762196394e+01 2.994792194966789268e-04
0.000000000000000000e+00 9.996198177828046028e+01 2.810386972513828261e-04
0.000000000000000000e+00 1.041332716289389566e+02 2.625290807928553770e-04
0.000000000000000000e+00 1.083045614795974529e+02 2.414756104226309819e-04
0.000000000000000000e+00 1.124758513302559493e+02 2.205356822796606677e-04
0.000000000000000000e+00 1.166471411809144456e+02 2.011892081127695045e-04
0.000000000000000000e+00 1.208184310315729419e+02 1.855188809087569314e-04
0.000000000000000000e+00 1.249897208822314383e+02 1.705777476110875831e-04
0.000000000000000000e+00 1.291610107328899346e+02 1.523260606649024819e-04
0.000000000000000000e+00 1.333323005835484594e+02 1.394034371622791075e-04
0.000000000000000000e+00 1.375035904342069557e+02 1.224413191707932177e-04
0.000000000000000000e+00 1.416748802848654520e+02 1.130523932101119600e-04
0.000000000000000000e+00 1.458461701355239484e+02 9.762024982545280927e-05
0.000000000000000000e+00 1.500174599861824447e+02 8.636145984931233759e-05
0.000000000000000000e+00 1.541887498368409410e+02 7.829307131798503674e-05
0.000000000000000000e+00 1.583600396874994374e+02 6.779533616400677104e-05
0.000000000000000000e+00 1.625313295381579337e+02 5.745371967024175564e-05
0.000000000000000000e+00 1.667026193888164300e+02 5.122578442969553453e-05
0.000000000000000000e+00 1.708739092394749264e+02 4.269910186596849271e-05
0.000000000000000000e+00 1.750451990901334227e+02 3.547577893157736898e-05
0.000000000000000000e+00 1.792164889407919190e+02 2.853876311922294413e-05
0.000000000000000000e+00 1.833877787914504154e+02 2.328120839600198241e-05
0.000000000000000000e+00 1.875590686421089401e+02 1.638223678630264558e-05
0.000000000000000000e+00 1.917303584927674365e+02 8.914170114023612669e-06
0.000000000000000000e+00 1.936670287805731618e+02 0.000000000000000000e+00
1.000000000000000056e-01 1.000000000000000000e+00 2.556730649698334308e-03
1.000000000000000056e-01 1.231794905388566397e+00 2.392039096845797758e-03
1.000000000000000056e-01 1.517318688941226901e+00 2.213602687157817470e-03
1.000000000000000056e-01 1.869025430888662020e+00 2.004530172584907764e-03
1.000000000000000056e-01 2.302256003810323914e+00 1.656355095686216309e-03
1.000000000000000056e-01 2.835907216393796837e+00 1.334409933303007086e-03
1.000000000000000056e-01 3.493256061308549043e+00 1.222689904821905446e-03
1.000000000000000056e-01 4.302975019537600865e+00 1.165914996912595543e-03
1.000000000000000056e-01 5.300382707080681932e+00 1.022133894292161531e-03
1.000000000000000056e-01 6.528984415191641411e+00 8.980373148754015444e-04
1.000000000000000056e-01 8.042369739994413180e+00 8.603811232928773329e-04
1.000000000000000056e-01 9.906550072976285648e+00 8.111819702637183393e-04
1.000000000000000056e-01 1.220283790986891681e+01 7.664976730489410058e-04
1.000000000000000056e-01 1.503139356865899146e+01 7.150340618832332637e-04
1.000000000000000056e-01 1.851559401876461308e+01 6.817748292825824997e-04
1.000000000000000056e-01 2.280741438255725839e+01 6.616545186704063386e-04
1.000000000000000056e-01 2.809405684151994365e+01 6.419125057490549565e-04
1.000000000000000056e-01 3.150510401617943756e+01 6.328714843438290605e-04
1.000000000000000056e-01 3.460611608908105552e+01 6.258290115206101506e-04
1.000000000000000056e-01 3.602891382363084460e+01 6.230492170484171937e-04
1.000000000000000056e-01 4.055272363108225164e+01 6.109974078260915330e-04
1.000000000000000056e-01 4.262763749381534240e+01 6.042811400687451463e-04
1.000000000000000056e-01 4.507653343853365868e+01 5.981884066099171088e-04
1.000000000000000056e-01 4.960034324598505862e+01 5.841323605328663758e-04
1.000000000000000056e-01 5.250850669363239120e+01 5.743339120499849114e-04
1.000000000000000056e-01 5.412415305343647276e+01 5.623792930871661941e-04
1.000000000000000056e-01 5.864796286088787269e+01 5.456586226063936049e-04
1.000000000000000056e-01 6.317177266833927973e+01 5.275401309268511283e-04
1.000000000000000056e-01 6.769558247579068677e+01 5.063796437083765848e-04
1.000000000000000056e-01 7.221939228324208671e+01 4.793113579896351203e-04
1.000000000000000056e-01 7.674320209069350085e+01 4.560486654532650507e-04
1.000000000000000056e-01 8.126701189814491499e+01 4.340204405512865541e-04
1.000000000000000056e-01 8.579082170559630072e+01 4.065214956273603534e-04
1.000000000000000056e-01 9.031463151304771486e+01 3.778461762532797532e-04
1.000000000000000056e-01 9.483844132049912901e+01 3.545289537560756404e-04
1.000000000000000056e-01 9.936225112795054315e+01 3.298159784602574369e-04
1.000000000000000056e-01 1.038860609354019289e+02 3.053203705268202556e-04
1.000000000000000056e-01 1.084098707428533430e+02 2.802159013790019287e-04
1.000000000000000056e-01 1.129336805503047572e+02 2.581506111273576087e-04
1.000000000000000056e-01 1.174574903577561429e+02 2.361477298246514246e-04
1.000000000000000056e-01 1.219813001652075570e+02 2.147317549313626907e-04
1.000000000000000056e-01 1.265051099726589712e+02 1.943999205469372547e-04
1.000000000000000056e-01 1.310289197801103853e+02 1.755380246781173908e-04
1.000000000000000056e-01 1.355527295875617710e+02 1.577894531551312339e-04
1.000000000000000056e-01 1.400765393950131852e+02 1.414354586492607996e-04
1.000000000000000056e-01 1.446003492024645993e+02 1.253353026131891375e-04
1.000000000000000056e-01 1.491241590099159851e+02 1.117693845282393349e-04
1.000000000000000056e-01 1.536479688173673992e+02 9.842875130351557572e-05
1.000000000000000056e-01 1.581717786248188133e+02 8.598674528303294664e-05
1.000000000000000056e-01 1.626955884322702275e+02 7.500588628621862770e-05
1.000000000000000056e-01 1.672193982397216416e+02 6.442555032259796488e-05
1.000000000000000056e-01 1.717432080471730274e+02 5.494440373025148841e-05
1.000000000000000056e-01 1.762670178546244415e+02 4.639188437818296708e-05
1.000000000000000056e-01 1.807908276620758556e+02 3.828222282442388048e-05
1.000000000000000056e-01 1.853146374695272414e+02 3.052900502647215022e-05
1.000000000000000056e-01 1.898384472769786555e+02 2.365403557405249032e-05
1.000000000000000056e-01 1.943622570844300697e+02 1.727531632999657307e-05
1.000000000000000056e-01 1.988860668918814838e+02 1.148431483469846137e-05
1.000000000000000056e-01 2.034098766993328695e+02 6.370805520637881631e-06
1.000000000000000056e-01 2.079336865067842837e+02 1.901753391580043674e-06
1.000000000000000056e-01 2.100340267745295932e+02 0.000000000000000000e+00
2.000000000000000111e-01 1.000000000000000000e+00 3.370334688977242883e-03
2.000000000000000111e-01 1.240153173543530718e+00 3.201152312682399147e-03
2.000000000000000111e-01 1.537979893850090596e+00 3.007801726387430725e-03
2.000000000000000111e-01 1.907330646204332458e+00 2.764984457947857431e-03
2.000000000000000111e-01 2.365382153887136241e+00 2.306624080119274670e-03
2.000000000000000111e-01 2.933436184786363921e+00 1.836832598253225002e-03
2.000000000000000111e-01 3.637910193950236515e+00 1.613408511895748649e-03
2.000000000000000111e-01 4.511565872093747487e+00 1.557399976579944192e-03
2.000000000000000111e-01 5.595032733927747692e+00 1.372249460864570980e-03
2.000000000000000111e-01 6.938697601060431985e+00 1.207234853419723516e-03
2.000000000000000111e-01 8.605047850213979999e+00 1.119324008349004314e-03
2.000000000000000111e-01 1.067157739993680465e+01 1.067230588129623086e-03
2.000000000000000111e-01 1.323439057924704620e+01 9.954102392225859259e-04
2.000000000000000111e-01 1.641267147676783011e+01 9.352271729453201293e-04
2.000000000000000111e-01 2.035422661824101809e+01 8.799900380917345015e-04
2.000000000000000111e-01 2.524235873563580412e+01 8.615091749688900654e-04
2.000000000000000111e-01 3.130439129372300400e+01 8.271057676349907999e-04
2.000000000000000111e-01 3.582469492517399345e+01 8.187270492121338219e-04
2.000000000000000111e-01 3.882224020875904813e+01 8.098094366347349717e-04
2.000000000000000111e-01 4.096875368366051617e+01 8.042209426304433410e-04
2.000000000000000111e-01 4.611281244214703889e+01 7.846312874710585031e-04
2.000000000000000111e-01 4.814552439896178981e+01 7.808798701313345546e-04
2.000000000000000111e-01 5.125687120063356161e+01 7.697509321498396647e-04
2.000000000000000111e-01 5.640092995912008433e+01 7.500148164949858995e-04
2.000000000000000111e-01 5.970782487528997962e+01 7.360345503115956574e-04
2.000000000000000111e-01 6.154498871760660705e+01 7.267257467792423995e-04
2.000000000000000111e-01 6.668904747609312267e+01 6.982006028975384828e-04
2.000000000000000111e-01 7.183310623457964539e+01 6.707665995751276597e-04
2.000000000000000111e-01 7.697716499306616811e+01 6.397509463926740999e-04
2.000000000000000111e-01 8.212122375155269083e+01 6.067783161892733148e-04
2.000000000000000111e-01 8.726528251003921355e+01 5.720791047346743523e-04
2.000000000000000111e-01 9.240934126852573627e+01 5.386106065752698522e-04
2.000000000000000111e-01 9.755340002701225899e+01 5.052946962523075349e-04
2.000000000000000111e-01 1.026974587854987817e+02 4.687999887286555304e-04
2.000000000000000111e-01 1.078415175439853044e+02 4.337716413455817901e-04
2.000000000000000111e-01 1.129855763024718271e+02 4.007943620803896493e-04
2.000000000000000111e-01 1.181296350609583499e+02 3.673831462207519127e-04
2.000000000000000111e-01 1.232736938194448726e+02 3.352768365552314116e-04
2.000000000000000111e-01 1.284177525779313953e+02 3.039107357101765460e-04
2.000000000000000111e-01 1.335618113364179180e+02 2.754712935197405825e-04
2.000000000000000111e-01 1.387058700949044407e+02 2.479492131766485551e-04
2.000000000000000111e-01 1.438499288533909635e+02 2.219578618517067036e-04
2.000000000000000111e-01 1.489939876118774862e+02 1.977410508243529215e-04
2.000000000000000111e-01 1.541380463703640089e+02 1.753904190525774551e-04
2.000000000000000111e-01 1.592821051288505316e+02 1.546018178581033773e-04
2.000000000000000111e-01 1.644261638873370543e+02 1.355683018345781650e-04
2.000000000000000111e-01 1.695702226458235771e+02 1.178443486082515919e-04
2.000000000000000111e-01 1.747142814043100998e+02 1.021807171267932789e-04
2.000000000000000111e-01 1.798583401627966225e+02 8.708498010132909712e-05
2.000000000000000111e-01 1.850023989212831452e+02 7.443986817272091187e-05
2.000000000000000111e-01 1.901464576797696679e+02 6.210476987900718463e-05
2.000000000000000111e-01 1.952905164382561907e+02 5.197784336786584648e-05
2.000000000000000111e-01 2.004345751967427134e+02 4.249929825868099847e-05
2.000000000000000111e-01 2.055786339552292361e+02 3.377918042394308893e-05
2.000000000000000111e-01 2.107226927137157588e+02 2.680330554649403799e-05
2.000000000000000111e-01 2.158667514722022815e+02 2.021972045991569887e-05
2.000000000000000111e-01 2.210108102306888043e+02 1.450560578352608877e-05
2.000000000000000111e-01 2.261548689891753270e+02 9.628009714860534925e-06
2.000000000000000111e-01 2.312989277476618497e+02 5.241191834782841957e-06
2.000000000000000111e-01 2.364429865061483724e+02 1.582516465238972135e-06
2.000000000000000111e-01 2.388312995011599753e+02 0.000000000000000000e+00
3.000000000000000444e-01 1.000000000000000000e+00 5.360514970110274481e-03
3.000000000000000444e-01 1.249645667081762390e+00 4.619769405395587024e-03
3.000000000000000444e-01 1.561614293256222696e+00 4.354527761092886161e-03
3.000000000000000444e-01 1.951464535220587049e+00 4.119184131863457346e-03
3.000000000000000444e-01 2.438639200902131599e+00 3.542862835399124364e-03
3.000000000000000444e-01 3.047434910983080059e+00 2.722612536404759274e-03
3.000000000000000444e-01 3.808213832223701800e+00 2.344009233279390793e-03
3.000000000000000444e-01 4.758917914759182466e+00 2.262708741160974167e-03
3.000000000000000444e-01 5.946961152176587717e+00 2.001596964901355448e-03
3.000000000000000444e-01 7.431594236121037866e+00 1.721746569907845218e-03
3.000000000000000444e-01 9.286859536678454319e+00 1.597565410983094354e-03
3.000000000000000444e-01 1.160528378080717005e+01 1.523417981655940997e-03
3.000000000000000444e-01 1.450249259193993367e+01 1.423554265484397756e-03
3.000000000000000444e-01 1.812297702940309563e+01 1.327436091489824811e-03
3.000000000000000444e-01 2.264729971941588360e+01 1.258204947252098988e-03
3.000000000000000444e-01 2.830109996547007256e+01 1.223312906485575459e-03
3.000000000000000444e-01 3.536634694549749014e+01 1.184127983387922188e-03
3.000000000000000444e-01 4.140970308266717126e+01 1.170513620140098323e-03
3.000000000000000444e-01 4.419540222095125870e+01 1.162937448146645182e-03
3.000000000000000444e-01 4.735571173043476279e+01 1.152701373932570571e-03
3.000000000000000444e-01 5.330172037820236142e+01 1.133492663899433742e-03
3.000000000000000444e-01 5.522859289034743568e+01 1.129036639855846838e-03
3.000000000000000444e-01 5.924772902596996005e+01 1.114448749295338754e-03
3.000000000000000444e-01 6.519373767373755868e+01 1.086019324484346427e-03
3.000000000000000444e-01 6.901617180444529254e+01 1.066363948581167467e-03
3.000000000000000444e-01 7.113974632150514310e+01 1.047629546081110460e-03
3.000000000000000444e-01 7.708575496927274173e+01 1.013152101871309585e-03
3.000000000000000444e-01 8.303176361704032615e+01 9.756761912477402744e-04
3.000000000000000444e-01 8.897777226480792478e+01 9.281821094442394221e-04
3.000000000000000444e-01 9.492378091257552342e+01 8.773772715773922332e-04
3.000000000000000444e-01 1.008697895603431220e+02 8.291103435888188362e-04
3.000000000000000444e-01 1.068157982081107207e+02 7.770992389372596886e-04
3.000000000000000444e-01 1.127618068558783193e+02 7.251342856362263684e-04
3.000000000000000444e-01 1.187078155036459179e+02 6.685718586175096309e-04
3.000000000000000444e-01 1.246538241514134882e+02 6.179194434893664099e-04
3.000000000000000444e-01 1.305998327991810868e+02 5.667285454663438179e-04
3.000000000000000444e-01 1.365458414469486854e+02 5.171547468959357538e-04
3.000000000000000444e-01 1.424918500947162840e+02 4.661705141462469163e-04
3.000000000000000444e-01 1.484378587424838827e+02 4.206155401382779603e-04
3.000000000000000444e-01 1.543838673902514813e+02 3.771722423645175069e-04
3.000000000000000444e-01 1.603298760380190799e+02 3.355549044419292885e-04
3.000000000000000444e-01 1.662758846857866786e+02 2.963627228055119422e-04
3.000000000000000444e-01 1.722218933335542488e+02 2.619729170388419631e-04
3.000000000000000444e-01 1.781679019813218474e+02 2.289212403007919187e-04
3.000000000000000444e-01 1.841139106290894460e+02 1.994517114903398549e-04
3.000000000000000444e-01 1.900599192768570447e+02 1.720134191013473167e-04
3.000000000000000444e-01 1.960059279246246433e+02 1.476827815128438869e-04
3.000000000000000444e-01 2.019519365723922419e+02 1.260127423292594219e-04
3.000000000000000444e-01 2.078979452201598122e+02 1.060224517554810551e-04
3.000000000000000444e-01 2.138439538679274108e+02 8.900294140028313923e-05
3.000000000000000444e-01 2.197899625156950094e+02 7.339130191173281277e-05
3.000000000000000444e-01 2.257359711634626080e+02 6.036989173962017220e-05
3.000000000000000444e-01 2.316819798112302067e+02 4.868805584730341080e-05
3.000000000000000444e-01 2.376279884589978053e+02 3.844113143333189659e-05
3.000000000000000444e-01 2.435739971067654039e+02 2.983695263652984164e-05
3.000000000000000444e-01 2.495200057545330026e+02 2.227040032349840928e-05
3.000000000000000444e-01 2.554660144023006012e+02 1.571522940155301186e-05
3.000000000000000444e-01 2.614120230500681714e+02 1.031341679982701064e-05
3.000000000000000444e-01 2.673580316978357700e+02 5.558009504026854906e-06
3.000000000000000444e-01 2.733040403456033687e+02 1.664009252534217720e-06
3.000000000000000444e-01 2.760646872177811701e+02 0.000000000000000000e+00
4.000000000000000222e-01 1.000000000000000000e+00 7.705086081809948452e-03
4.000000000000000222e-01 1.259026876799501204e+00 6.339564188643946607e-03
4.000000000000000222e-01 1.585148676503506326e+00 5.974095561823647947e-03
4.000000000000000222e-01 1.995744787441072532e+00 5.791236185235009576e-03
4.000000000000000222e-01 2.512696326620817988e+00 5.087866654324108701e-03
4.000000000000000222e-01 3.163552208450987724e+00 3.802674109463949868e-03
4.000000000000000222e-01 3.982997256598211688e+00 3.219164569658024364e-03
4.000000000000000222e-01 5.014700596275828204e+00 3.161740916393696293e-03
4.000000000000000222e-01 6.313642829813751689e+00 2.772780738993555882e-03
4.000000000000000222e-01 7.949046013247971665e+00 2.362362223876620163e-03
4.000000000000000222e-01 1.000806257559512247e+01 2.211991964791467594e-03
4.000000000000000222e-01 1.260041976736549962e+01 2.116539796378668053e-03
4.000000000000000222e-01 1.586426714606888133e+01 1.975914517708927433e-03
4.000000000000000222e-01 1.997353871762803834e+01 1.844848567937825952e-03
4.000000000000000222e-01 2.514722207028914269e+01 1.770323144989378438e-03
4.000000000000000222e-01 3.166102846333962617e+01 1.727625730308605901e-03
4.000000000000000222e-01 3.986208578245859968e+01 1.698032206348142276e-03
4.000000000000000222e-01 4.773272995012237629e+01 1.692660185991730175e-03
4.000000000000000222e-01 5.018743736540264422e+01 1.693066486904921562e-03
4.000000000000000222e-01 5.458666040449892165e+01 1.680261115222863753e-03
4.000000000000000222e-01 6.144059085887546701e+01 1.677130728492037945e-03
4.000000000000000222e-01 6.318733252073347728e+01 1.673292476795649021e-03
4.000000000000000222e-01 6.829452131325200526e+01 1.657462080892803911e-03
4.000000000000000222e-01 7.514845176762855772e+01 1.630470739362093000e-03
4.000000000000000222e-01 7.955454991687062716e+01 1.600699978897467341e-03
4.000000000000000222e-01 8.200238222200511018e+01 1.589754734333788519e-03
4.000000000000000222e-01 8.885631267638164843e+01 1.544797942797674663e-03
4.000000000000000222e-01 9.571024313075818668e+01 1.490085986971231022e-03
4.000000000000000222e-01 1.025641735851347391e+02 1.422416591868057951e-03
4.000000000000000222e-01 1.094181040395112916e+02 1.356013301639783994e-03
4.000000000000000222e-01 1.162720344938878299e+02 1.280827895789061642e-03
4.000000000000000222e-01 1.231259649482643681e+02 1.199885942070427671e-03
4.000000000000000222e-01 1.299798954026409206e+02 1.117319746263268710e-03
4.000000000000000222e-01 1.368338258570174730e+02 1.036509909227582025e-03
4.000000000000000222e-01 1.436877563113940255e+02 9.546377542615978829e-04
4.000000000000000222e-01 1.505416867657705495e+02 8.720441458917785717e-04
4.000000000000000222e-01 1.573956172201471020e+02 7.882102942260236621e-04
4.000000000000000222e-01 1.642495476745236545e+02 7.097201030915207274e-04
4.000000000000000222e-01 1.711034781289001785e+02 6.366788234415424966e-04
4.000000000000000222e-01 1.779574085832767310e+02 5.652439389649916920e-04
4.000000000000000222e-01 1.848113390376532834e+02 4.985888215012811760e-04
4.000000000000000222e-01 1.916652694920298359e+02 4.375647954656655464e-04
4.000000000000000222e-01 1.985191999464063599e+02 3.811882566086749252e-04
4.000000000000000222e-01 2.053731304007829124e+02 3.298444772193114124e-04
4.000000000000000222e-01 2.122270608551594648e+02 2.830446190835034649e-04
4.000000000000000222e-01 2.190809913095360173e+02 2.416758743710936826e-04
4.000000000000000222e-01 2.259349217639125698e+02 2.046664338965312755e-04
4.000000000000000222e-01 2.327888522182890938e+02 1.715632753366771882e-04
4.000000000000000222e-01 2.396427826726656463e+02 1.432077255262706667e-04
4.000000000000000222e-01 2.464967131270421987e+02 1.174588227373693749e-04
4.000000000000000222e-01 2.533506435814187228e+02 9.625204637170538442e-05
4.000000000000000222e-01 2.602045740357953036e+02 7.754411504160803662e-05
4.000000000000000222e-01 2.670585044901717993e+02 6.124504631920297680e-05
4.000000000000000222e-01 2.739124349445484086e+02 4.804000646871357967e-05
4.000000000000000222e-01 2.807663653989249042e+02 3.639381825129660281e-05
4.000000000000000222e-01 2.876202958533014566e+02 2.667505517783608010e-05
4.000000000000000222e-01 2.944742263076780091e+02 1.875409606143213815e-05
4.000000000000000222e-01 3.013281567620545616e+02 1.202962594341655447e-05
4.000000000000000222e-01 3.081820872164311140e+02 6.409377243235407954e-06
4.000000000000000222e-01 3.150360176708076665e+02 1.858942949759453498e-06
4.000000000000000222e-01 3.182181996674825086e+02 0.000000000000000000e+00
5.000000000000000000e-01 1.000000000000000000e+00 9.260053828732855638e-03
5.000000000000000000e-01 1.267450366468089396e+00 7.452920256724638974e-03
5.000000000000000000e-01 1.606430431460094121e+00 7.027633897396438553e-03
5.000000000000000000e-01 2.036070839059587190e+00 6.893131967263346066e-03
5.000000000000000000e-01 2.580618731121063991e+00 6.064335859717736796e-03
5.000000000000000000e-01 3.270806156473808013e+00 4.452040096664020528e-03
5.000000000000000000e-01 4.145584461668811116e+00 3.820350115448297324e-03
5.000000000000000000e-01 5.254322545166551173e+00 3.786568269511716902e-03
5.000000000000000000e-01 6.659593035412889606e+00 3.260770715001472166e-03
5.000000000000000000e-01 8.440703633262403471e+00 2.806517475755205757e-03
5.000000000000000000e-01 1.069817291322696384e+01 2.670592655320038963e-03
5.000000000000000000e-01 1.355940317940850193e+01 2.564226005812153888e-03
5.000000000000000000e-01 1.718587052882988431e+01 2.392587525031920122e-03
5.000000000000000000e-01 2.178223789983857372e+01 2.270416098680400584e-03
5.000000000000000000e-01 2.760790540864550380e+01 2.219357407954153025e-03
5.000000000000000000e-01 3.499164982760409259e+01 2.195937279376089339e-03
5.000000000000000000e-01 4.435017939731986303e+01 2.216429762038538403e-03
5.000000000000000000e-01 5.418006418676656466e+01 2.264266493783201849e-03
5.000000000000000000e-01 5.621165113005856995e+01 2.271342631427593350e-03
5.000000000000000000e-01 6.195976571102022490e+01 2.300236450002462150e-03
5.000000000000000000e-01 6.973946723527387803e+01 2.323305879073386034e-03
5.000000000000000000e-01 7.124547782456912159e+01 2.328014592363159170e-03
5.000000000000000000e-01 7.751916875952754538e+01 2.331440834943219759e-03
5.000000000000000000e-01 8.529887028378121272e+01 2.322065718075180807e-03
5.000000000000000000e-01 9.030010697794428154e+01 2.310782225332559843e-03
5.000000000000000000e-01 9.307857180803486585e+01 2.295967400906522710e-03
5.000000000000000000e-01 1.008582733322885190e+02 2.259506302852460659e-03
5.000000000000000000e-01 1.086379748565421863e+02 2.199657470748300845e-03
5.000000000000000000e-01 1.164176763807958537e+02 2.128540147834612553e-03
5.000000000000000000e-01 1.241973779050495068e+02 2.042672106878353107e-03
5.000000000000000000e-01 1.319770794293031599e+02 1.938892691806341165e-03
5.000000000000000000e-01 1.397567809535568415e+02 1.828905619797943898e-03
5.000000000000000000e-01 1.475364824778104946e+02 1.710372893866486188e-03
5.000000000000000000e-01 1.553161840020641478e+02 1.583842050847637101e-03
5.000000000000000000e-01 1.630958855263178009e+02 1.461770666800840928e-03
5.000000000000000000e-01 1.708755870505714825e+02 1.331164504339514077e-03
5.000000000000000000e-01 1.786552885748251356e+02 1.208052580362742930e-03
5.000000000000000000e-01 1.864349900990787887e+02 1.085557796384462080e-03
5.000000000000000000e-01 1.942146916233324418e+02 9.649562527764780212e-04
5.000000000000000000e-01 2.019943931475861234e+02 8.550977265407469193e-04
5.000000000000000000e-01 2.097740946718397765e+02 7.502664085244024330e-04
5.000000000000000000e-01 2.175537961960934297e+02 6.534485612528894826e-04
5.000000000000000000e-01 2.253334977203471112e+02 5.632944797780945227e-04
5.000000000000000000e-01 2.331131992446007644e+02 4.833455656989927912e-04
5.000000000000000000e-01 2.408929007688544175e+02 4.105864394308938558e-04
5.000000000000000000e-01 2.486726022931080706e+02 3.462990223866048846e-04
5.000000000000000000e-01 2.564523038173617238e+02 2.894498072861108979e-04
5.000000000000000000e-01 2.642320053416153769e+02 2.392441871528140813e-04
5.000000000000000000e-01 2.720117068658690300e+02 1.969041703724720141e-04
5.000000000000000000e-01 2.797914083901226832e+02 1.601200653180108251e-04
5.000000000000000000e-01 2.875711099143763931e+02 1.287020302446209238e-04
5.000000000000000000e-01 2.953508114386300463e+02 1.022022012780978621e-04
5.000000000000000000e-01 3.031305129628836994e+02 7.920158612195395294e-05
5.000000000000000000e-01 3.109102144871373525e+02 6.129251943102360641e-05
5.000000000000000000e-01 3.186899160113910057e+02 4.575201931691983396e-05
5.000000000000000000e-01 3.264696175356446588e+02 3.316339011475397146e-05
5.000000000000000000e-01 3.342493190598983119e+02 2.278882472288918293e-05
5.000000000000000000e-01 3.420290205841520219e+02 1.438379385437470554e-05
5.000000000000000000e-01 3.498087221084056750e+02 7.629732762462414797e-06
5.000000000000000000e-01 3.575884236326593282e+02 2.092695423993293420e-06
5.000000000000000000e-01 3.612004279117771262e+02 0.000000000000000000e+00
6.000000000000000888e-01 1.000000000000000000e+00 8.758633133461821499e-03
6.000000000000000888e-01 1.274432765403564094e+00 7.144398952662302932e-03
6.000000000000000888e-01 1.624178873534175782e+00 6.760945943675202192e-03
6.000000000000000888e-01 2.069906773308205050e+00 6.611056814058466173e-03
6.000000000000000888e-01 2.637957013234744075e+00 5.664004315804231984e-03
6.000000000000000888e-01 3.361898851392481014e+00 4.161328949890527075e-03
6.000000000000000888e-01 4.284514050187185674e+00 3.735400861520817191e-03
6.000000000000000888e-01 5.460325089390480002e+00 3.654960268459819545e-03
6.000000000000000888e-01 6.958817203674373175e+00 3.095792965726754196e-03
6.000000000000000888e-01 8.868544652816627405e+00 2.749629804075460256e-03
6.000000000000000888e-01 1.130236388699408323e+01 2.660547673101227618e-03
6.000000000000000888e-01 1.440410286409925078e+01 2.554502872168525930e-03
6.000000000000000888e-01 1.835706064625140144e+01 2.404908191483571059e-03
6.000000000000000888e-01 2.339483956408311727e+01 2.339226295135716453e-03
6.000000000000000888e-01 2.981515008182715221e+01 2.338229961712881902e-03
6.000000000000000888e-01 3.799740416970529111e+01 2.378649343082521201e-03
6.000000000000000888e-01 4.842513687415441836e+01 2.498501205649120323e-03
6.000000000000000888e-01 6.014131128851349217e+01 2.651534138425874158e-03
6.000000000000000888e-01 6.171458110157470145e+01 2.674451142699433865e-03
6.000000000000000888e-01 6.877698675558210084e+01 2.759117702489369793e-03
6.000000000000000888e-01 7.741266222265070951e+01 2.851409368835858618e-03
6.000000000000000888e-01 7.865108425900240263e+01 2.866750695280405672e-03
6.000000000000000888e-01 8.604833768971930397e+01 2.922199058173272513e-03
6.000000000000000888e-01 9.468401315678791264e+01 2.973290047430860849e-03
6.000000000000000888e-01 1.002355188141891489e+02 2.991407202892409217e-03
6.000000000000000888e-01 1.033196886238565213e+02 2.994961570453936236e-03
6.000000000000000888e-01 1.119553640909251158e+02 2.984669253459964512e-03
6.000000000000000888e-01 1.205910395579937244e+02 2.960426684795138506e-03
6.000000000000000888e-01 1.292267150250623331e+02 2.890096639917579414e-03
6.000000000000000888e-01 1.378623904921309418e+02 2.805290285894084662e-03
6.000000000000000888e-01 1.464980659591995504e+02 2.694987970517376784e-03
6.000000000000000888e-01 1.551337414262681591e+02 2.568399194157520212e-03
6.000000000000000888e-01 1.637694168933367678e+02 2.415360827121444329e-03
6.000000000000000888e-01 1.724050923604053764e+02 2.254894727351428561e-03
6.000000000000000888e-01 1.810407678274739567e+02 2.082993399090391374e-03
6.000000000000000888e-01 1.896764432945425654e+02 1.908912006480442940e-03
6.000000000000000888e-01 1.983121187616111740e+02 1.730962541085416875e-03
6.000000000000000888e-01 2.069477942286797827e+02 1.556701194215235435e-03
6.000000000000000888e-01 2.155834696957483914e+02 1.384010191001748243e-03
6.000000000000000888e-01 2.242191451628170000e+02 1.224013179204643453e-03
6.000000000000000888e-01 2.328548206298856087e+02 1.069462500247309695e-03
6.000000000000000888e-01 2.414904960969541889e+02 9.266967703209824225e-04
6.000000000000000888e-01 2.501261715640227976e+02 7.958886830840547271e-04
6.000000000000000888e-01 2.587618470310914063e+02 6.769964234126702894e-04
6.000000000000000888e-01 2.673975224981600149e+02 5.715847154605966729e-04
6.000000000000000888e-01 2.760331979652286236e+02 4.778001063101493901e-04
6.000000000000000888e-01 2.846688734322972323e+02 3.959712811590242925e-04
6.000000000000000888e-01 2.933045488993658410e+02 3.246116123986291890e-04
6.000000000000000888e-01 3.019402243664344496e+02 2.636442440648498718e-04
6.000000000000000888e-01 3.105758998335030583e+02 2.116885148871567516e-04
6.000000000000000888e-01 3.192115753005716670e+02 1.672932268670202589e-04
6.000000000000000888e-01 3.278472507676402756e+02 1.314705965100683774e-04
6.000000000000000888e-01 3.364829262347088843e+02 1.011983747565427358e-04
6.000000000000000888e-01 3.451186017017774930e+02 7.666999088877997110e-05
6.000000000000000888e-01 3.537542771688461016e+02 5.636928131997632205e-05
6.000000000000000888e-01 3.623899526359147103e+02 4.019927103841579069e-05
6.000000000000000888e-01 3.710256281029833190e+02 2.742910316955740491e-05
6.000000000000000888e-01 3.796613035700519276e+02 1.708107800308026713e-05
6.000000000000000888e-01 3.882969790371205363e+02 8.917468670998395853e-06
6.000000000000000888e-01 3.969326545041890881e+02 2.516813597684074258e-06
6.000000000000000888e-01 4.009420752567566524e+02 0.000000000000000000e+00
7.000000000000000666e-01 1.000000000000000000e+00 6.730330747778295528e-03
7.000000000000000666e-01 1.279785456128991417e+00 5.721755718620922561e-03
7.000000000000000666e-01 1.637850813719290421e+00 5.442837772498180723e-03
7.000000000000000666e-01 2.096097650706981952e+00 5.179775801355207196e-03
7.000000000000000666e-01 2.682555288000942006e+00 4.242209751442501363e-03
7.000000000000000666e-01 3.433095242845523032e+00 3.241466000021230118e-03
7.000000000000000666e-01 4.393625361299328347e+00 3.044444535465298720e-03
7.000000000000000666e-01 5.622897837070365945e+00 2.880058250689638329e-03
7.000000000000000666e-01 7.196102873181817294e+00 2.450341510312258574e-03
7.000000000000000666e-01 9.209467797906137676e+00 2.255576664301912979e-03
7.000000000000000666e-01 1.178614294644856031e+01 2.218101108210255093e-03
7.000000000000000666e-01 1.508373432672216730e+01 2.125711766582639994e-03
7.000000000000000666e-01 1.930394381545265148e+01 2.045721209103989243e-03
7.000000000000000666e-01 2.470490654094749772e+01 2.045001044230314573e-03
7.000000000000000666e-01 3.161698008613059585e+01 2.104150294843501554e-03
7.000000000000000666e-01 4.046295128094988058e+01 2.228438428095794177e-03
7.000000000000000666e-01 5.178389656141560238e+01 2.446342101075291153e-03
7.000000000000000666e-01 6.512646235610199597e+01 2.728332311188538025e-03
7.000000000000000666e-01 6.627227768098777005e+01 2.750315492145354989e-03
7.000000000000000666e-01 7.447795438672176260e+01 2.916860143549344572e-03
7.000000000000000666e-01 8.382944641734154345e+01 3.090181464083470442e-03
7.000000000000000666e-01 8.481429712067011906e+01 3.110733798540674198e-03
7.000000000000000666e-01 9.318093844796132430e+01 3.250893459421868095e-03
7.000000000000000666e-01 1.025324304785810909e+02 3.376627636194345569e-03
7.000000000000000666e-01 1.085441039268366126e+02 3.437289160329713104e-03
7.000000000000000666e-01 1.118839225092008576e+02 3.467976961431065187e-03
7.000000000000000666e-01 1.212354145398206384e+02 3.520652214510367785e-03
7.000000000000000666e-01 1.305869065704404193e+02 3.547611751698246611e-03
7.000000000000000666e-01 1.399383986010601859e+02 3.524266087436000571e-03
7.000000000000000666e-01 1.492898906316799525e+02 3.459167771410161414e-03
7.000000000000000666e-01 1.586413826622997476e+02 3.364499152919048046e-03
7.000000000000000666e-01 1.679928746929195142e+02 3.230313763439589172e-03
7.000000000000000666e-01 1.773443667235392809e+02 3.070803146102988636e-03
7.000000000000000666e-01 1.866958587541590475e+02 2.890421909648569366e-03
7.000000000000000666e-01 1.960473507847788426e+02 2.688036618649088105e-03
7.000000000000000666e-01 2.053988428153986092e+02 2.472551184292014290e-03
7.000000000000000666e-01 2.147503348460183759e+02 2.251120724474967114e-03
7.000000000000000666e-01 2.241018268766381425e+02 2.032448896061377942e-03
7.000000000000000666e-01 2.334533189072579091e+02 1.811945991202124203e-03
7.000000000000000666e-01 2.428048109378777042e+02 1.600095496100393134e-03
7.000000000000000666e-01 2.521563029684974708e+02 1.398898542824683405e-03
7.000000000000000666e-01 2.615077949991172090e+02 1.211653098883026802e-03
7.000000000000000666e-01 2.708592870297370609e+02 1.037798838334963013e-03
7.000000000000000666e-01 2.802107790603567992e+02 8.805716408827955321e-04
7.000000000000000666e-01 2.895622710909765374e+02 7.395711959210199242e-04
7.000000000000000666e-01 2.989137631215963324e+02 6.147455737097750911e-04
7.000000000000000666e-01 3.082652551522161275e+02 5.060403308520414287e-04
7.000000000000000666e-01 3.176167471828358657e+02 4.120475486651607429e-04
7.000000000000000666e-01 3.269682392134557176e+02 3.317182606530942124e-04
7.000000000000000666e-01 3.363197312440754558e+02 2.644012214343094652e-04
7.000000000000000666e-01 3.456712232746951940e+02 2.076163815891693193e-04
7.000000000000000666e-01 3.550227153053149323e+02 1.611103212303083114e-04
7.000000000000000666e-01 3.643742073359347842e+02 1.228452123985213041e-04
7.000000000000000666e-01 3.737256993665545224e+02 9.182270844616980006e-05
7.000000000000000666e-01 3.830771913971742606e+02 6.726226931199820621e-05
7.000000000000000666e-01 3.924286834277941125e+02 4.737266142225950513e-05
7.000000000000000666e-01 4.017801754584138507e+02 3.172530867589266554e-05
7.000000000000000666e-01 4.111316674890335889e+02 1.959625457592007087e-05
7.000000000000000666e-01 4.204831595196534408e+02 1.019496090531557712e-05
7.000000000000000666e-01 4.298346515502731791e+02 2.827852320782668084e-06
7.000000000000000666e-01 4.341764157073466208e+02 0.000000000000000000e+00
8.000000000000000444e-01 1.000000000000000000e+00 4.360843283951712501e-03
8.000000000000000444e-01 1.283501817270354062e+00 4.195001768742999231e-03
8.000000000000000444e-01 1.647376914936301562e+00 3.987576598354139294e-03
8.000000000000000444e-01 2.114411264049972150e+00 3.635402165074208894e-03
8.000000000000000444e-01 2.713850699865046234e+00 2.844490682313127738e-03
8.000000000000000444e-01 3.483232305077209379e+00 2.347256012212464368e-03
8.000000000000000444e-01 4.470734993541402247e+00 2.279272676520422737e-03
8.000000000000000444e-01 5.738196488744554458e+00 2.037901437000443593e-03
8.000000000000000444e-01 7.364985621158001372e+00 1.795552059272512418e-03
8.000000000000000444e-01 9.452972428926322834e+00 1.720854768592169903e-03
8.000000000000000444e-01 1.213290729113349009e+01 1.681340425995910340e-03
8.000000000000000444e-01 1.557260855694256385e+01 1.620648009658256323e-03
8.000000000000000444e-01 1.998747138247563981e+01 1.603157886278360400e-03
8.000000000000000444e-01 2.565395584204668111e+01 1.651831438246633300e-03
8.000000000000000444e-01 3.292689894344033519e+01 1.746362713746128174e-03
8.000000000000000444e-01 4.226173463098297844e+01 1.935169635823825269e-03
8.000000000000000444e-01 5.424301319986410874e+01 2.218309482983753158e-03
8.000000000000000444e-01 6.881522286348244677e+01 2.594234659498616691e-03
8.000000000000000444e-01 6.962100601624540275e+01 2.613498171858463781e-03
8.000000000000000444e-01 7.869638306952094808e+01 2.844820345976274180e-03
8.000000000000000444e-01 8.857754327555946361e+01 3.092532694566457133e-03
8.000000000000000444e-01 8.935868774204122644e+01 3.105019674183714159e-03
8.000000000000000444e-01 9.845870348159796492e+01 3.311362898593743238e-03
8.000000000000000444e-01 1.083398636876364662e+02 3.513838907787250349e-03
8.000000000000000444e-01 1.146920381058040448e+02 3.625582181262530183e-03
8.000000000000000444e-01 1.182210238936749818e+02 3.672814883191247506e-03
8.000000000000000444e-01 1.281021840997134973e+02 3.793449990466849549e-03
8.000000000000000444e-01 1.379833443057519844e+02 3.870744196707531955e-03
8.000000000000000444e-01 1.478645045117904999e+02 3.896252889300796420e-03
8.000000000000000444e-01 1.577456647178290154e+02 3.873941416418270195e-03
8.000000000000000444e-01 1.676268249238675025e+02 3.804047768009056595e-03
8.000000000000000444e-01 1.775079851299060181e+02 3.694055047860991120e-03
8.000000000000000444e-01 1.873891453359445336e+02 3.539536374721706600e-03
8.000000000000000444e-01 1.972703055419830207e+02 3.353743057371150107e-03
8.000000000000000444e-01 2.071514657480215647e+02 3.139328440441458735e-03
8.000000000000000444e-01 2.170326259540600518e+02 2.907782904360252732e-03
8.000000000000000444e-01 2.269137861600985389e+02 2.660740622312915589e-03
8.000000000000000444e-01 2.367949463661370828e+02 2.409712362696078518e-03
8.000000000000000444e-01 2.466761065721755699e+02 2.152788680144104329e-03
8.000000000000000444e-01 2.565572667782140570e+02 1.907118416401930912e-03
8.000000000000000444e-01 2.664384269842526010e+02 1.669834178268835489e-03
8.000000000000000444e-01 2.763195871902910881e+02 1.445121072950611863e-03
8.000000000000000444e-01 2.862007473963295752e+02 1.239252604592078373e-03
8.000000000000000444e-01 2.960819076023681191e+02 1.049327760443457191e-03
8.000000000000000444e-01 3.059630678084066062e+02 8.799898336247825598e-04
8.000000000000000444e-01 3.158442280144450933e+02 7.296374833694849486e-04
8.000000000000000444e-01 3.257253882204836373e+02 5.991141050339066857e-04
8.000000000000000444e-01 3.356065484265221244e+02 4.857243462098228409e-04
8.000000000000000444e-01 3.454877086325606683e+02 3.894452072872076715e-04
8.000000000000000444e-01 3.553688688385991554e+02 3.085218638848041014e-04
8.000000000000000444e-01 3.652500290446376425e+02 2.409635095244335400e-04
8.000000000000000444e-01 3.751311892506761865e+02 1.857414138403552502e-04
8.000000000000000444e-01 3.850123494567146736e+02 1.406462334276724769e-04
8.000000000000000444e-01 3.948935096627531607e+02 1.047101027848829053e-04
8.000000000000000444e-01 4.047746698687917046e+02 7.599338812916124576e-05
8.000000000000000444e-01 4.146558300748301917e+02 5.327232196669835253e-05
8.000000000000000444e-01 4.245369902808686788e+02 3.546099170620191571e-05
8.000000000000000444e-01 4.344181504869072228e+02 2.169164953646944015e-05
8.000000000000000444e-01 4.442993106929457099e+02 1.104840182617814587e-05
8.000000000000000444e-01 4.541804708989841970e+02 3.118138765202397849e-06
8.000000000000000444e-01 4.587681524232163497e+02 0.000000000000000000e+00
9.000000000000000222e-01 1.000000000000000000e+00 3.393938847283382333e-03
9.000000000000000222e-01 1.285668796903596256e+00 3.211002769935065917e-03
9.000000000000000222e-01 1.652944255331540324e+00 2.973885868614766382e-03
9.000000000000000222e-01 2.125138852100811881e+00 2.609652597415976997e-03
9.000000000000000222e-01 2.732224711233540493e+00 2.021673430439539353e-03
9.000000000000000222e-01 3.512736057361901310e+00 1.756468929118608618e-03
9.000000000000000222e-01 4.516215140708356834e+00 1.727783812735122137e-03
9.000000000000000222e-01 5.806356886512319626e+00 1.507002616067948950e-03
9.000000000000000222e-01 7.465051872675203981e+00 1.358029531670828204e-03
9.000000000000000222e-01 9.597584259965266540e+00 1.347453632729880835e-03
9.000000000000000222e-01 1.233931460869043661e+01 1.308050139537213002e-03
9.000000000000000222e-01 1.586427176757000090e+01 1.276180830755480706e-03
9.000000000000000222e-01 2.039619919716340846e+01 1.292304897163417971e-03
9.000000000000000222e-01 2.622275688322316967e+01 1.361405882055143762e-03
9.000000000000000222e-01 3.371378029354904271e+01 1.486757645059021832e-03
9.000000000000000222e-01 4.334475534907935668e+01 1.691605014429184949e-03
9.000000000000000222e-01 5.572699946173156604e+01 2.010241831050744131e-03
9.000000000000000222e-01 7.105656700027611805e+01 2.433945312980028471e-03
9.000000000000000222e-01 7.164646435301176552e+01 2.449983598137963400e-03
9.000000000000000222e-01 8.125956123621320160e+01 2.725674451327804535e-03
9.000000000000000222e-01 9.146255547215028514e+01 3.004574682595178171e-03
9.000000000000000222e-01 9.211362362713302332e+01 3.022215169927682573e-03
9.000000000000000222e-01 1.016655497080873687e+02 3.277288305733750112e-03
9.000000000000000222e-01 1.118685439440244522e+02 3.510881135484832539e-03
9.000000000000000222e-01 1.184276116671268255e+02 3.650913670043422210e-03
9.000000000000000222e-01 1.220715381799615358e+02 3.715522903629512978e-03
9.000000000000000222e-01 1.322745324158986193e+02 3.884511576778663672e-03
9.000000000000000222e-01 1.424775266518357171e+02 3.993164685832805046e-03
9.000000000000000222e-01 1.526805208877727864e+02 4.059603635757759107e-03
9.000000000000000222e-01 1.628835151237098557e+02 4.069221224657002672e-03
9.000000000000000222e-01 1.730865093596469535e+02 4.025895823877911027e-03
9.000000000000000222e-01 1.832895035955840513e+02 3.931413040458122884e-03
9.000000000000000222e-01 1.934924978315211206e+02 3.791152824510054739e-03
9.000000000000000222e-01 2.036954920674581899e+02 3.609006951888410648e-03
9.000000000000000222e-01 2.138984863033952877e+02 3.394959236523780940e-03
9.000000000000000222e-01 2.241014805393323854e+02 3.158854546387156008e-03
9.000000000000000222e-01 2.343044747752694548e+02 2.899578194749672863e-03
9.000000000000000222e-01 2.445074690112065241e+02 2.634394806859788156e-03
9.000000000000000222e-01 2.547104632471436219e+02 2.362387295594611369e-03
9.000000000000000222e-01 2.649134574830807196e+02 2.096652833004136220e-03
9.000000000000000222e-01 2.751164517190177889e+02 1.836762395042719704e-03
9.000000000000000222e-01 2.853194459549548583e+02 1.593708435448482931e-03
9.000000000000000222e-01 2.955224401908919845e+02 1.365417431297548737e-03
9.000000000000000222e-01 3.057254344268290538e+02 1.157294566732610828e-03
9.000000000000000222e-01 3.159284286627661231e+02 9.689761414176722510e-04
9.000000000000000222e-01 3.261314228987031925e+02 8.034242244049242870e-04
9.000000000000000222e-01 3.363344171346402618e+02 6.585936502740590611e-04
9.000000000000000222e-01 3.465374113705773880e+02 5.327592159437624913e-04
9.000000000000000222e-01 3.567404056065144573e+02 4.266953287161773722e-04
9.000000000000000222e-01 3.669433998424515266e+02 3.369690008942373806e-04
9.000000000000000222e-01 3.771463940783886528e+02 2.626524488352951483e-04
9.000000000000000222e-01 3.873493883143257221e+02 2.019215525814922350e-04
9.000000000000000222e-01 3.975523825502627915e+02 1.525514231104589517e-04
9.000000000000000222e-01 4.077553767861998608e+02 1.131438294701859749e-04
9.000000000000000222e-01 4.179583710221369302e+02 8.166800949384169850e-05
9.000000000000000222e-01 4.281613652580740563e+02 5.711833477089453591e-05
9.000000000000000222e-01 4.383643594940111257e+02 3.761682206483834830e-05
9.000000000000000222e-01 4.485673537299481950e+02 2.294539128383681474e-05
9.000000000000000222e-01 4.587703479658853212e+02 1.181601455954386462e-05
9.000000000000000222e-01 4.689733422018223905e+02 3.245676988442426977e-06
9.000000000000000222e-01 4.737104466685074726e+02 0.000000000000000000e+00
1.000000000000000000e+00 1.000000000000000000e+00 3.069592412277915693e-03
1.000000000000000000e+00 1.286378580590484599e+00 2.914754747767575593e-03
1.000000000000000000e+00 1.654769852601989832e+00 2.678196407927972960e-03
1.000000000000000000e+00 2.128660494194072772e+00 2.273946421091683871e-03
1.000000000000000000e+00 2.738263265080410847e+00 1.807173071821066915e-03
1.000000000000000000e+00 3.522443212217204689e+00 1.613658256113558766e-03
1.000000000000000000e+00 4.531195499542555183e+00 1.541142752863597322e-03
1.000000000000000000e+00 5.828832835079543528e+00 1.392917577802854851e-03
1.000000000000000000e+00 7.498085708888832634e+00 1.241715038054147730e-03
1.000000000000000000e+00 9.645376851346213698e+00 1.230076642726804156e-03
1.000000000000000000e+00 1.240760618329506038e+01 1.189618268186380581e-03
1.000000000000000000e+00 1.596087883059281864e+01 1.173783357621400883e-03
1.000000000000000000e+00 2.053173265507470546e+01 1.196655830900357226e-03
1.000000000000000000e+00 2.641158110989830021e+01 1.238240139551394572e-03
1.000000000000000000e+00 3.397529221930142995e+01 1.397772464756235917e-03
1.000000000000000000e+00 4.370508818021190223e+01 1.604475593469701505e-03
1.000000000000000000e+00 5.622128929784295792e+01 1.910589420919131445e-03
1.000000000000000000e+00 7.180562247658460251e+01 2.373752075556483185e-03
1.000000000000000000e+00 7.232186232592621877e+01 2.392244644151087472e-03
1.000000000000000000e+00 8.211617339629931678e+01 2.668943858309335941e-03
1.000000000000000000e+00 9.242672431601403105e+01 2.971849041325865838e-03
1.000000000000000000e+00 9.303329460448540544e+01 2.988578993999253548e-03
1.000000000000000000e+00 1.027372752357287453e+02 3.238390675306396585e-03
1.000000000000000000e+00 1.130478261554434596e+02 3.505018219469958635e-03
1.000000000000000000e+00 1.196760374609743280e+02 3.680736454028827112e-03
1.000000000000000000e+00 1.233583770751581739e+02 3.712515812448330833e-03
1.000000000000000000e+00 1.336689279948728881e+02 3.897491445601937183e-03
1.000000000000000000e+00 1.439794789145876166e+02 4.025369397900830336e-03
1.000000000000000000e+00 1.542900298343023167e+02 4.098439512492628792e-03
1.000000000000000000e+00 1.646005807540170167e+02 4.122206961864013572e-03
1.000000000000000000e+00 1.749111316737317452e+02 4.094298941980523653e-03
1.000000000000000000e+00 1.852216825934464737e+02 4.001335317750299991e-03
1.000000000000000000e+00 1.955322335131611737e+02 3.860952895182224748e-03
1.000000000000000000e+00 2.058427844328759022e+02 3.692604583702015046e-03
1.000000000000000000e+00 2.161533353525906023e+02 3.476314951517023039e-03
1.000000000000000000e+00 2.264638862723053023e+02 3.240566583948661841e-03
1.000000000000000000e+00 2.367744371920200308e+02 2.980827761768126572e-03
1.000000000000000000e+00 2.470849881117347593e+02 2.706788695414024878e-03
1.000000000000000000e+00 2.573955390314494593e+02 2.435332144276674497e-03
1.000000000000000000e+00 2.677060899511641310e+02 2.157166910882080992e-03
1.000000000000000000e+00 2.780166408708788595e+02 1.890522412074845549e-03
1.000000000000000000e+00 2.883271917905935879e+02 1.640722961656168599e-03
1.000000000000000000e+00 2.986377427103083164e+02 1.403030620056607393e-03
1.000000000000000000e+00 3.089482936300230449e+02 1.194101233348096635e-03
1.000000000000000000e+00 3.192588445497377734e+02 1.000497385834834500e-03
1.000000000000000000e+00 3.295693954694525019e+02 8.306423805855539912e-04
1.000000000000000000e+00 3.398799463891672303e+02 6.788757891566440114e-04
1.000000000000000000e+00 3.501904973088818451e+02 5.486493450940410285e-04
1.000000000000000000e+00 3.605010482285965736e+02 4.408609414400161720e-04
1.000000000000000000e+00 3.708115991483113021e+02 3.472278788388022700e-04
1.000000000000000000e+00 3.811221500680260306e+02 2.725981702456907897e-04
1.000000000000000000e+00 3.914327009877407590e+02 2.044464521627487855e-04
1.000000000000000000e+00 4.017432519074554875e+02 1.565213424034545898e-04
1.000000000000000000e+00 4.120538028271702160e+02 1.160669525137762373e-04
1.000000000000000000e+00 4.223643537468849445e+02 8.310587293788954675e-05
1.000000000000000000e+00 4.326749046665995593e+02 5.888269273935381199e-05
1.000000000000000000e+00 4.429854555863142878e+02 3.874831665504477801e-05
1.000000000000000000e+00 4.532960065060290162e+02 2.463955389611204383e-05
1.000000000000000000e+00 4.636065574257437447e+02 1.125675300270967717e-05
1.000000000000000000e+00 4.739171083454584164e+02 3.016731232033077547e-06
1.000000000000000000e+00 4.787041498438973690e+02 0.000000000000000000e+00
