# mx [GeV]: 10.0
# sigma_p [cm^2]: 6.3095734448e-34
# depth [m]: 10.6
# target: full
# Columns: gamma/pi, v [km/s], f(v, gamma) [s/km]
0.000000000000000000e+00 1.000000000000000000e+00 4.476677411712588696e-04
0.000000000000000000e+00 1.285425851013799026e+00 2.838451264478189756e-04
0.000000000000000000e+00 1.652319618454549222e+00 1.686404863663092178e-04
0.000000000000000000e+00 2.123934351698734790e+00 1.635722660044094023e-04
0.000000000000000000e+00 2.730160121529787265e+00 1.410482411802217175e-04
0.000000000000000000e+00 3.509418397621363095e+00 1.119745475153557620e-04
0.000000000000000000e+00 4.511097130325923743e+00 8.721084389385448188e-05
0.000000000000000000e+00 5.798680867755107826e+00 6.199620257182981487e-05
0.000000000000000000e+00 7.453774289191542834e+00 4.915523005403855597e-05
0.000000000000000000e+00 9.581274158948811959e+00 4.362078199340877410e-05
0.000000000000000000e+00 1.231601748956329700e+01 3.649719173997630620e-05
0.000000000000000000e+00 1.583132726262273771e+01 3.271169186219391131e-05
0.000000000000000000e+00 2.034999731923478805e+01 3.275971525774362008e-05
0.000000000000000000e+00 2.615841262220590124e+01 3.852220658556195881e-05
0.000000000000000000e+00 3.362469980606913111e+01 4.906105141237477457e-05
0.000000000000000000e+00 4.322205836329992934e+01 6.754162944093502509e-05
0.000000000000000000e+00 5.555875115421289223e+01 9.695522411337878402e-05
0.000000000000000000e+00 7.080188406834869852e+01 1.373410295174914226e-04
0.000000000000000000e+00 7.141665498366798204e+01 1.390396543213962813e-04
0.000000000000000000e+00 8.096830844739363897e+01 1.653534936319496615e-04
0.000000000000000000e+00 9.113473282643857942e+01 1.926416698966563633e-04
0.000000000000000000e+00 9.180081450894027739e+01 1.943998111859698971e-04
0.000000000000000000e+00 1.013011572054835199e+02 2.186520690278132028e-04
0.000000000000000000e+00 1.114675815845284603e+02 2.424973644716577623e-04
0.000000000000000000e+00 1.180031401139144975e+02 2.565921608834850678e-04
0.000000000000000000e+00 1.216340059635734008e+02 2.639142197613089983e-04
0.000000000000000000e+00 1.318004303426183697e+02 2.822871210153416713e-04
0.000000000000000000e+00 1.419668547216633101e+02 2.973568789973859224e-04
0.000000000000000000e+00 1.521332791007082506e+02 3.091411766990751040e-04
0.000000000000000000e+00 1.622997034797531910e+02 3.176734725791565588e-04
0.000000000000000000e+00 1.724661278587981315e+02 3.223967135421028124e-04
0.000000000000000000e+00 1.826325522378430719e+02 3.234167899642364759e-04
0.000000000000000000e+00 1.927989766168880124e+02 3.218570662879098859e-04
0.000000000000000000e+00 2.029654009959329528e+02 3.173455670353479479e-04
0.000000000000000000e+00 2.131318253749778933e+02 3.101905874829819767e-04
0.000000000000000000e+00 2.232982497540228337e+02 3.006409391933649740e-04
0.000000000000000000e+00 2.334646741330677742e+02 2.891304733207727853e-04
0.000000000000000000e+00 2.436310985121127146e+02 2.759500519772509664e-04
0.000000000000000000e+00 2.537975228911576551e+02 2.614809774809722731e-04
0.000000000000000000e+00 2.639639472702025955e+02 2.460172147627493725e-04
0.000000000000000000e+00 2.741303716492475360e+02 2.299512570576051225e-04
0.000000000000000000e+00 2.842967960282924764e+02 2.135102443334649532e-04
0.000000000000000000e+00 2.944632204073374169e+02 1.969872126140681458e-04
0.000000000000000000e+00 3.046296447863823573e+02 1.806210421627344354e-04
0.000000000000000000e+00 3.147960691654272978e+02 1.638583874851762582e-04
0.000000000000000000e+00 3.249624935444722951e+02 1.460574847337114501e-04
0.000000000000000000e+00 3.351289179235171787e+02 1.299425726561774931e-04
0.000000000000000000e+00 3.452953423025621760e+02 1.138746448540802641e-04
0.000000000000000000e+00 3.554617666816070596e+02 9.976123279767868583e-05
0.000000000000000000e+00 3.656281910606520569e+02 8.603598412418382276e-05
0.000000000000000000e+00 3.757946154396969405e+02 7.352666231629287471e-05
0.000000000000000000e+00 3.859610398187419378e+02 6.153777433947096550e-05
0.000000000000000000e+00 3.961274641977868214e+02 5.184232475339349794e-05
0.000000000000000000e+00 4.062938885768318187e+02 4.218110238286069518e-05
0.000000000000000000e+00 4.164603129558767023e+02 3.434155503811661838e-05
0.000000000000000000e+00 4.266267373349216996e+02 2.233431749082203055e-05
0.000000000000000000e+00 4.367931617139665832e+02 2.089235240696682417e-05
0.000000000000000000e+00 4.469595860930115805e+02 1.462896581742138790e-05
0.000000000000000000e+00 4.571260104720564641e+02 9.969908401350889666e-06
0.000000000000000000e+00 4.672924348511014045e+02 3.984381973910677373e-06
0.000000000000000000e+00 4.720125604556579901e+02 0.000000000000000000e+00
1.000000000000000056e-01 1.000000000000000000e+00 5.240751181862994372e-04
1.000000000000000056e-01 1.294995478807012601e+00 3.371649470639209245e-04
1.000000000000000056e-01 1.677013290130603629e+00 2.033197880234160885e-04
1.000000000000000056e-01 2.171724628618404651e+00 1.817224336421203058e-04
1.000000000000000056e-01 2.812373575274672355e+00 1.556686542371794879e-04
1.000000000000000056e-01 3.642011064697014522e+00 1.250531918556342951e-04
1.000000000000000056e-01 4.716387862547748000e+00 9.618670215106286849e-05
1.000000000000000056e-01 6.107700958299603577e+00 6.552838783039732730e-05
1.000000000000000056e-01 7.909445126903244194e+00 5.388840145188841818e-05
1.000000000000000056e-01 1.024269567921186130e+01 4.689918656020030486e-05
1.000000000000000056e-01 1.326424459537548195e+01 3.959823877044591585e-05
1.000000000000000056e-01 1.717713678080160022e+01 3.512738234403824995e-05
1.000000000000000056e-01 2.224431446998771378e+01 3.687923520122791639e-05
1.000000000000000056e-01 2.880628666779549718e+01 4.389776552014819724e-05
1.000000000000000056e-01 3.730401099601389348e+01 5.749762870323228556e-05
1.000000000000000056e-01 4.830852558120506757e+01 8.129428505816260579e-05
1.000000000000000056e-01 6.255932221549347361e+01 1.181273242455759074e-04
1.000000000000000056e-01 8.101403942629514177e+01 1.702572879754657865e-04
1.000000000000000056e-01 8.151697248303700860e+01 1.717020414452027693e-04
1.000000000000000056e-01 9.322197366008848007e+01 2.047879876760515976e-04
1.000000000000000056e-01 1.049128147769453250e+02 2.361670047431929978e-04
1.000000000000000056e-01 1.049269748371399373e+02 2.362039392815203347e-04
1.000000000000000056e-01 1.166319760141914088e+02 2.649703011065645468e-04
1.000000000000000056e-01 1.283369771912428803e+02 2.903063999942561368e-04
1.000000000000000056e-01 1.358616208050616478e+02 3.045239635027885785e-04
1.000000000000000056e-01 1.400419783682943375e+02 3.116844944400615452e-04
1.000000000000000056e-01 1.517469795453458232e+02 3.286944673577096962e-04
1.000000000000000056e-01 1.634519807223972521e+02 3.410042406658040748e-04
1.000000000000000056e-01 1.751569818994487377e+02 3.488177582927893096e-04
1.000000000000000056e-01 1.868619830765002234e+02 3.522097443964933143e-04
1.000000000000000056e-01 1.985669842535516523e+02 3.511785927775630425e-04
1.000000000000000056e-01 2.102719854306031380e+02 3.462464618649100105e-04
1.000000000000000056e-01 2.219769866076546236e+02 3.379039997845323102e-04
1.000000000000000056e-01 2.336819877847060525e+02 3.264297772286366898e-04
1.000000000000000056e-01 2.453869889617575382e+02 3.123710622226512747e-04
1.000000000000000056e-01 2.570919901388090238e+02 2.961652343351171553e-04
1.000000000000000056e-01 2.687969913158604527e+02 2.783671571912149732e-04
1.000000000000000056e-01 2.805019924929119384e+02 2.594540793036721900e-04
1.000000000000000056e-01 2.922069936699634241e+02 2.398539081493241830e-04
1.000000000000000056e-01 3.039119948470148529e+02 2.200433895360982633e-04
1.000000000000000056e-01 3.156169960240663386e+02 1.995177074892699081e-04
1.000000000000000056e-01 3.273219972011178243e+02 1.778030527091802059e-04
1.000000000000000056e-01 3.390269983781692531e+02 1.571119195616798745e-04
1.000000000000000056e-01 3.507319995552207388e+02 1.375717234640237295e-04
1.000000000000000056e-01 3.624370007322722245e+02 1.193959366279271044e-04
1.000000000000000056e-01 3.741420019093236533e+02 1.025996094127199789e-04
1.000000000000000056e-01 3.858470030863751390e+02 8.710300205778904797e-05
1.000000000000000056e-01 3.975520042634266247e+02 7.307676710883649780e-05
1.000000000000000056e-01 4.092570054404780535e+02 6.025183447370083560e-05
1.000000000000000056e-01 4.209620066175295392e+02 4.893184272140449628e-05
1.000000000000000056e-01 4.326670077945810249e+02 3.936125893012978351e-05
1.000000000000000056e-01 4.443720089716324537e+02 3.141915212645689720e-05
1.000000000000000056e-01 4.560770101486839394e+02 2.456654992613753043e-05
1.000000000000000056e-01 4.677820113257354251e+02 1.876225201312396943e-05
1.000000000000000056e-01 4.794870125027868539e+02 1.391306642891028557e-05
1.000000000000000056e-01 4.911920136798383396e+02 9.757537176396302505e-06
1.000000000000000056e-01 5.028970148568898253e+02 6.652432140143063177e-06
1.000000000000000056e-01 5.146020160339412541e+02 4.022473088673169083e-06
1.000000000000000056e-01 5.263070172109927398e+02 1.999132885658922830e-06
1.000000000000000056e-01 5.380120183880442255e+02 4.753257341313119629e-07
1.000000000000000056e-01 5.434464832202467051e+02 0.000000000000000000e+00
2.000000000000000111e-01 1.000000000000000000e+00 7.607645010607381846e-04
2.000000000000000111e-01 1.303648055843433573e+00 5.182608708922225834e-04
2.000000000000000111e-01 1.699498253504363898e+00 3.017499537254838692e-04
2.000000000000000111e-01 2.215547594090274686e+00 2.410468078770464789e-04
2.000000000000000111e-01 2.888294313664383051e+00 2.119551579467116986e-04
2.000000000000000111e-01 3.765319266712216617e+00 1.751959836266770495e-04
2.000000000000000111e-01 4.908651141679204244e+00 1.341873278482352621e-04
2.000000000000000111e-01 6.399153517663743962e+00 9.105784323876321771e-05
2.000000000000000111e-01 8.342244042346008470e+00 7.055759951591695405e-05
2.000000000000000111e-01 1.087535022717583644e+01 6.245487564893990884e-05
2.000000000000000111e-01 1.417762918027422536e+01 5.160918574201148640e-05
2.000000000000000111e-01 1.848263871733363217e+01 4.519630495598758523e-05
2.000000000000000111e-01 2.409485603070855220e+01 4.609133227690789575e-05
2.000000000000000111e-01 3.141121222026062298e+01 5.441644401721585993e-05
2.000000000000000111e-01 4.094916574262827424e+01 7.108357369483322670e-05
2.000000000000000111e-01 5.338330030878788790e+01 1.010307497634750737e-04
2.000000000000000111e-01 6.959303566205747416e+01 1.483609175437160775e-04
2.000000000000000111e-01 9.072482564108393888e+01 2.164043114278137506e-04
2.000000000000000111e-01 9.251200963590606818e+01 2.222650422504888340e-04
2.000000000000000111e-01 1.057957853784977118e+02 2.651392071964874626e-04
2.000000000000000111e-01 1.182732425637335325e+02 3.034054930925198586e-04
2.000000000000000111e-01 1.190795611210893554e+02 3.057900765967002396e-04
2.000000000000000111e-01 1.323633368636809848e+02 3.429723243675957532e-04
2.000000000000000111e-01 1.456471126062726285e+02 3.755340633447241190e-04
2.000000000000000111e-01 1.541866827265101563e+02 3.937415791699759452e-04
2.000000000000000111e-01 1.589308883488642721e+02 4.028560826792488571e-04
2.000000000000000111e-01 1.722146640914559157e+02 4.244189845425059811e-04
2.000000000000000111e-01 1.854984398340475593e+02 4.399407999892312104e-04
2.000000000000000111e-01 1.987822155766392029e+02 4.494064777945020015e-04
2.000000000000000111e-01 2.120659913192308466e+02 4.529499932408351357e-04
2.000000000000000111e-01 2.253497670618224902e+02 4.507163380197203809e-04
2.000000000000000111e-01 2.386335428044141054e+02 4.432857688400325142e-04
2.000000000000000111e-01 2.519173185470057774e+02 4.312386194570711623e-04
2.000000000000000111e-01 2.652010942895973926e+02 4.150774720770109157e-04
2.000000000000000111e-01 2.784848700321890647e+02 3.954933749442596301e-04
2.000000000000000111e-01 2.917686457747806799e+02 3.731923474252871620e-04
2.000000000000000111e-01 3.050524215173723519e+02 3.488002552860390744e-04
2.000000000000000111e-01 3.183361972599639671e+02 3.216696693200316493e-04
2.000000000000000111e-01 3.316199730025556391e+02 2.924939535719696566e-04
2.000000000000000111e-01 3.449037487451472543e+02 2.636099241194153663e-04
2.000000000000000111e-01 3.581875244877388695e+02 2.353207509642829087e-04
2.000000000000000111e-01 3.714713002303305416e+02 2.080531496096520952e-04
2.000000000000000111e-01 3.847550759729221568e+02 1.827150487191064822e-04
2.000000000000000111e-01 3.980388517155138288e+02 1.592055635330591565e-04
2.000000000000000111e-01 4.113226274581054440e+02 1.374480334104420047e-04
2.000000000000000111e-01 4.246064032006971161e+02 1.175771532161465056e-04
2.000000000000000111e-01 4.378901789432887313e+02 9.955306407897041531e-05
2.000000000000000111e-01 4.511739546858804033e+02 8.338851891964276517e-05
2.000000000000000111e-01 4.644577304284720185e+02 6.898956396272749674e-05
2.000000000000000111e-01 4.777415061710636905e+02 5.625342060652771379e-05
2.000000000000000111e-01 4.910252819136553057e+02 4.539897465948150167e-05
2.000000000000000111e-01 5.043090576562469778e+02 3.605244652409428363e-05
2.000000000000000111e-01 5.175928333988385930e+02 2.801599347482435425e-05
2.000000000000000111e-01 5.308766091414302082e+02 2.127517610549702206e-05
2.000000000000000111e-01 5.441603848840219371e+02 1.559893691785250037e-05
2.000000000000000111e-01 5.574441606266135523e+02 1.102741055232728064e-05
2.000000000000000111e-01 5.707279363692051675e+02 7.348799342076846425e-06
2.000000000000000111e-01 5.840117121117967827e+02 4.424925620481853279e-06
2.000000000000000111e-01 5.972954878543885116e+02 2.138439897397670031e-06
2.000000000000000111e-01 6.105792635969801267e+02 5.029045611231472728e-07
2.000000000000000111e-01 6.167467309060405114e+02 0.000000000000000000e+00
3.000000000000000444e-01 1.000000000000000000e+00 1.136875505290681340e-03
3.000000000000000444e-01 1.310505499333856738e+00 8.586504378261430436e-04
3.000000000000000444e-01 1.717424663784281158e+00 4.744417988183435918e-04
3.000000000000000444e-01 2.250694466580900333e+00 3.361068681660601704e-04
3.000000000000000444e-01 2.949547475774551231e+00 3.075610738440327004e-04
3.000000000000000444e-01 3.865398187548845232e+00 2.572393298775767874e-04
3.000000000000000444e-01 5.065625581897883478e+00 2.030665345976370023e-04
3.000000000000000444e-01 6.638530182643444633e+00 1.347620085074083685e-04
3.000000000000000444e-01 8.699830311848026909e+00 1.003186552962595811e-04
3.000000000000000444e-01 1.140117546694822082e+01 8.886389042544545975e-05
3.000000000000000444e-01 1.494130314830589690e+01 7.332796232834172664e-05
3.000000000000000444e-01 1.958065994306914703e+01 6.111481061694878036e-05
3.000000000000000444e-01 2.566056253597826853e+01 6.006936448142568972e-05
3.000000000000000444e-01 3.362830831939985643e+01 6.913781923080042444e-05
3.000000000000000444e-01 4.407008298586800521e+01 8.857049680132212733e-05
3.000000000000000444e-01 5.775408610907945217e+01 1.260172280247008972e-04
3.000000000000000444e-01 7.568704745494973452e+01 1.877478577781658967e-04
3.000000000000000444e-01 9.918829191805421885e+01 2.807973829657423449e-04
3.000000000000000444e-01 1.022090513392208919e+02 2.932829798223533682e-04
3.000000000000000444e-01 1.168852228135705644e+02 3.539612560926417434e-04
3.000000000000000444e-01 1.299868020281419945e+02 4.069378481871747488e-04
3.000000000000000444e-01 1.315613942879202227e+02 4.131526251840691912e-04
3.000000000000000444e-01 1.462375657622698952e+02 4.690332743385048145e-04
3.000000000000000444e-01 1.609137372366195677e+02 5.199728629916121466e-04
3.000000000000000444e-01 1.703484188987014250e+02 5.494848201496134107e-04
3.000000000000000444e-01 1.755899087109692118e+02 5.646540237486083772e-04
3.000000000000000444e-01 1.902660801853189128e+02 6.020883312580285751e-04
3.000000000000000444e-01 2.049422516596685568e+02 6.314659402512634578e-04
3.000000000000000444e-01 2.196184231340182293e+02 6.524202957184323986e-04
3.000000000000000444e-01 2.342945946083679019e+02 6.646353042995686248e-04
3.000000000000000444e-01 2.489707660827175459e+02 6.680590730765566688e-04
3.000000000000000444e-01 2.636469375570672469e+02 6.631378547233074882e-04
3.000000000000000444e-01 2.783231090314168910e+02 6.503809040890416856e-04
3.000000000000000444e-01 2.929992805057665919e+02 6.304879955885972368e-04
3.000000000000000444e-01 3.076754519801162360e+02 6.043863186849051218e-04
3.000000000000000444e-01 3.223516234544658801e+02 5.707521562886656028e-04
3.000000000000000444e-01 3.370277949288155810e+02 5.323708520287600459e-04
3.000000000000000444e-01 3.517039664031652251e+02 4.921720077653263898e-04
3.000000000000000444e-01 3.663801378775148692e+02 4.505273498694610849e-04
3.000000000000000444e-01 3.810563093518645701e+02 4.084082047127269373e-04
3.000000000000000444e-01 3.957324808262142142e+02 3.664471957587802221e-04
3.000000000000000444e-01 4.104086523005639151e+02 3.253024231712337011e-04
3.000000000000000444e-01 4.250848237749135592e+02 2.858828483365508533e-04
3.000000000000000444e-01 4.397609952492632033e+02 2.485218127856081058e-04
3.000000000000000444e-01 4.544371667236129042e+02 2.138174494374082859e-04
3.000000000000000444e-01 4.691133381979625483e+02 1.819034151270018077e-04
3.000000000000000444e-01 4.837895096723122492e+02 1.529609997687344060e-04
3.000000000000000444e-01 4.984656811466618933e+02 1.271535340329596659e-04
3.000000000000000444e-01 5.131418526210115942e+02 1.042783742734806906e-04
3.000000000000000444e-01 5.278180240953612383e+02 8.441538413396638648e-05
3.000000000000000444e-01 5.424941955697108824e+02 6.729951053312016769e-05
3.000000000000000444e-01 5.571703670440606402e+02 5.273500982240158190e-05
3.000000000000000444e-01 5.718465385184102843e+02 4.054224568099477335e-05
3.000000000000000444e-01 5.865227099927599284e+02 3.047419910023598940e-05
3.000000000000000444e-01 6.011988814671095724e+02 2.216849672511636993e-05
3.000000000000000444e-01 6.158750529414592165e+02 1.551702199423378342e-05
3.000000000000000444e-01 6.305512244158088606e+02 1.015436853495902100e-05
3.000000000000000444e-01 6.452273958901586184e+02 5.963960973338513096e-06
3.000000000000000444e-01 6.599035673645082625e+02 2.946015023762295570e-06
3.000000000000000444e-01 6.745797388388579066e+02 6.948585737198146087e-07
3.000000000000000444e-01 6.813936755948059272e+02 0.000000000000000000e+00
4.000000000000000222e-01 1.000000000000000000e+00 1.693449444692997569e-03
4.000000000000000222e-01 1.315025034542203208e+00 1.243217637169605075e-03
4.000000000000000222e-01 1.729290841472722828e+00 6.782075727428925078e-04
4.000000000000000222e-01 2.274060748541182786e+00 4.491627859741538368e-04
4.000000000000000222e-01 2.990446814401437781e+00 4.104596531311428733e-04
4.000000000000000222e-01 3.932512425404872225e+00 3.451915699504605342e-04
4.000000000000000222e-01 5.171352288055684809e+00 2.792726853375610669e-04
4.000000000000000222e-01 6.800457721230328545e+00 1.831144368242511506e-04
4.000000000000000222e-01 8.942772149763706935e+00 1.332966229650545478e-04
4.000000000000000222e-01 1.175996925514607128e+01 1.173151638695208284e-04
4.000000000000000222e-01 1.546465397596371183e+01 9.672736724335395620e-05
4.000000000000000222e-01 2.033640712892490043e+01 7.800216811282405249e-05
4.000000000000000222e-01 2.674288448717876676e+01 7.468783599598544857e-05
4.000000000000000222e-01 3.516756259651040750e+01 8.419931443109750354e-05
4.000000000000000222e-01 4.624622521824120014e+01 1.064057372685890701e-04
4.000000000000000222e-01 6.081494391506414132e+01 1.524769239077005030e-04
4.000000000000000222e-01 7.997317372258937951e+01 2.322109889748396043e-04
4.000000000000000222e-01 1.051667255369977312e+02 3.597444359267940690e-04
4.000000000000000222e-01 1.091183131792834331e+02 3.813834161499646443e-04
4.000000000000000222e-01 1.247865837896420800e+02 4.692706324536510126e-04
4.000000000000000222e-01 1.382968768819808645e+02 5.462677732846487905e-04
4.000000000000000222e-01 1.404548544000007269e+02 5.585517665193506093e-04
4.000000000000000222e-01 1.561231250103593879e+02 6.464134599410463825e-04
4.000000000000000222e-01 1.717913956207180206e+02 7.302743488188223999e-04
4.000000000000000222e-01 1.818638552988057029e+02 7.809587070218758321e-04
4.000000000000000222e-01 1.874596662310766817e+02 8.077456277799970530e-04
4.000000000000000222e-01 2.031279368414353144e+02 8.765829329227537966e-04
4.000000000000000222e-01 2.187962074517939755e+02 9.350115800675132521e-04
4.000000000000000222e-01 2.344644780621526365e+02 9.815116030147911109e-04
4.000000000000000222e-01 2.501327486725112692e+02 1.015018955031922812e-03
4.000000000000000222e-01 2.658010192828699019e+02 1.034295655605858410e-03
4.000000000000000222e-01 2.814692898932285630e+02 1.039542023949138532e-03
4.000000000000000222e-01 2.971375605035872240e+02 1.031171088186310248e-03
4.000000000000000222e-01 3.128058311139458283e+02 1.009458129406277764e-03
4.000000000000000222e-01 3.284741017243045462e+02 9.732893940517514187e-04
4.000000000000000222e-01 3.441423723346631505e+02 9.278969099718039574e-04
4.000000000000000222e-01 3.598106429450218116e+02 8.740422584684736252e-04
4.000000000000000222e-01 3.754789135553804726e+02 8.137540210592207482e-04
4.000000000000000222e-01 3.911471841657390769e+02 7.487528779003436649e-04
4.000000000000000222e-01 4.068154547760977948e+02 6.809145908819581828e-04
4.000000000000000222e-01 4.224837253864563991e+02 6.120335662038790293e-04
4.000000000000000222e-01 4.381519959968150033e+02 5.437733708160267555e-04
4.000000000000000222e-01 4.538202666071737212e+02 4.773947622065708254e-04
4.000000000000000222e-01 4.694885372175323255e+02 4.142702652319864959e-04
4.000000000000000222e-01 4.851568078278910434e+02 3.551358218098044734e-04
4.000000000000000222e-01 5.008250784382496477e+02 3.009467730295296720e-04
4.000000000000000222e-01 5.164933490486082519e+02 2.517888436941671782e-04
4.000000000000000222e-01 5.321616196589669698e+02 2.080505173171072171e-04
4.000000000000000222e-01 5.478298902693255741e+02 1.696562331641062035e-04
4.000000000000000222e-01 5.634981608796842920e+02 1.362366833671128171e-04
4.000000000000000222e-01 5.791664314900428963e+02 1.079590061734891703e-04
4.000000000000000222e-01 5.948347021004015005e+02 8.403546739321866930e-05
4.000000000000000222e-01 6.105029727107602184e+02 6.411228739224240838e-05
4.000000000000000222e-01 6.261712433211188227e+02 4.788937138914594672e-05
4.000000000000000222e-01 6.418395139314774269e+02 3.470667537290857509e-05
4.000000000000000222e-01 6.575077845418361449e+02 2.417910897311660904e-05
4.000000000000000222e-01 6.731760551521947491e+02 1.586316782759340278e-05
4.000000000000000222e-01 6.888443257625533533e+02 9.457266166189463849e-06
4.000000000000000222e-01 7.045125963729120713e+02 4.569211723760415868e-06
4.000000000000000222e-01 7.201808669832706755e+02 1.098025613024996962e-06
4.000000000000000222e-01 7.274554211952229252e+02 0.000000000000000000e+00
5.000000000000000000e-01 1.000000000000000000e+00 1.893018556846176809e-03
5.000000000000000000e-01 1.317049312370211611e+00 1.410694973451068115e-03
5.000000000000000000e-01 1.734618891214847469e+00 7.691191017491470511e-04
5.000000000000000000e-01 2.284578617898894048e+00 4.975113194642647894e-04
5.000000000000000000e-01 3.008902697759426648e+00 4.544835708418950128e-04
5.000000000000000000e-01 3.962873229072927828e+00 3.824844306631008223e-04
5.000000000000000000e-01 5.219299461360820125e+00 3.121389618510078570e-04
5.000000000000000000e-01 6.874074766639483691e+00 2.035590309628175357e-04
5.000000000000000000e-01 9.053495444583957052e+00 1.472943669444055686e-04
5.000000000000000000e-01 1.192389994983614443e+01 1.296668912294868996e-04
5.000000000000000000e-01 1.570436422970289492e+01 1.068427431118618176e-04
5.000000000000000000e-01 2.068342210994154229e+01 8.548377810785627237e-05
5.000000000000000000e-01 2.724108686736134999e+01 8.194729636815987843e-05
5.000000000000000000e-01 3.587785472687546928e+01 9.249831201672697068e-05
5.000000000000000000e-01 4.725290389734967533e+01 1.182167102162651331e-04
5.000000000000000000e-01 6.223440458550010845e+01 1.731679747883026524e-04
5.000000000000000000e-01 8.196577976510245378e+01 2.717509513302359607e-04
5.000000000000000000e-01 1.079529738775164418e+02 4.376615885592290730e-04
5.000000000000000000e-01 1.123543607104576978e+02 4.689979090911608798e-04
5.000000000000000000e-01 1.284872945560618689e+02 5.894214932656875391e-04
5.000000000000000000e-01 1.421793900137024309e+02 6.966290570797159954e-04
5.000000000000000000e-01 1.446202284016660542e+02 7.160318441130482338e-04
5.000000000000000000e-01 1.607531622472702395e+02 8.450825419006946027e-04
5.000000000000000000e-01 1.768860960928744248e+02 9.727922538026884938e-04
5.000000000000000000e-01 1.872572678507629007e+02 1.052454413549587780e-03
5.000000000000000000e-01 1.930190299384786101e+02 1.095341893295545717e-03
5.000000000000000000e-01 2.091519637840827954e+02 1.209073591042984699e-03
5.000000000000000000e-01 2.252848976296869523e+02 1.310382128333857556e-03
5.000000000000000000e-01 2.414178314752911660e+02 1.396317473717867451e-03
5.000000000000000000e-01 2.575507653208953229e+02 1.464020071402597064e-03
5.000000000000000000e-01 2.736836991664995367e+02 1.511470331666146371e-03
5.000000000000000000e-01 2.898166330121036935e+02 1.537447784510702657e-03
5.000000000000000000e-01 3.059495668577078504e+02 1.542019489518303005e-03
5.000000000000000000e-01 3.220825007033120642e+02 1.524133642870768770e-03
5.000000000000000000e-01 3.382154345489162210e+02 1.485750346313644303e-03
5.000000000000000000e-01 3.543483683945204348e+02 1.429402210979033479e-03
5.000000000000000000e-01 3.704813022401245917e+02 1.357374329949358801e-03
5.000000000000000000e-01 3.866142360857287485e+02 1.272841939136774457e-03
5.000000000000000000e-01 4.027471699313329623e+02 1.178471690398600865e-03
5.000000000000000000e-01 4.188801037769371192e+02 1.077538819495021819e-03
5.000000000000000000e-01 4.350130376225413329e+02 9.730032631014244983e-04
5.000000000000000000e-01 4.511459714681454898e+02 8.677590904984637142e-04
5.000000000000000000e-01 4.672789053137497035e+02 7.645564906443074122e-04
5.000000000000000000e-01 4.834118391593538604e+02 6.651247134008893714e-04
5.000000000000000000e-01 4.995447730049580173e+02 5.719439596668852337e-04
5.000000000000000000e-01 5.156777068505622310e+02 4.850434177497033711e-04
5.000000000000000000e-01 5.318106406961663879e+02 4.064121993567351514e-04
5.000000000000000000e-01 5.479435745417706585e+02 3.362338393592275397e-04
5.000000000000000000e-01 5.640765083873748154e+02 2.744157133678947792e-04
5.000000000000000000e-01 5.802094422329789722e+02 2.206492650264597162e-04
5.000000000000000000e-01 5.963423760785831291e+02 1.751315112108291759e-04
5.000000000000000000e-01 6.124753099241873997e+02 1.366848592822214213e-04
5.000000000000000000e-01 6.286082437697915566e+02 1.047362565510157913e-04
5.000000000000000000e-01 6.447411776153957135e+02 7.859851619873564751e-05
5.000000000000000000e-01 6.608741114609998704e+02 5.738753083002351711e-05
5.000000000000000000e-01 6.770070453066041409e+02 4.050301044109236900e-05
5.000000000000000000e-01 6.931399791522082978e+02 2.719022069688536018e-05
5.000000000000000000e-01 7.092729129978124547e+02 1.676100443364460436e-05
5.000000000000000000e-01 7.254058468434166116e+02 8.677308818475483140e-06
5.000000000000000000e-01 7.415387806890208822e+02 2.403483818101703993e-06
5.000000000000000000e-01 7.490290714030513755e+02 0.000000000000000000e+00
6.000000000000000888e-01 1.000000000000000000e+00 1.656867243410533284e-03
6.000000000000000888e-01 1.317380926811309916e+00 1.211059909504534843e-03
6.000000000000000888e-01 1.735492506326225648e+00 6.571557145000419013e-04
6.000000000000000888e-01 2.286304726458125991e+00 4.396335901238225671e-04
6.000000000000000888e-01 3.011934239514484357e+00 4.021550382413573068e-04
6.000000000000000888e-01 3.967864719946308849e+00 3.378610762859704975e-04
6.000000000000000888e-01 5.227189302224767076e+00 2.716329843492977687e-04
6.000000000000000888e-01 6.886199487583025913e+00 1.765805835733357258e-04
6.000000000000000888e-01 9.071747863159695058e+00 1.305254415407649572e-04
6.000000000000000888e-01 1.195094760776783893e+01 1.150924030917360036e-04
6.000000000000000888e-01 1.574395043579459852e+01 9.468347755343192675e-05
6.000000000000000888e-01 2.074078001677840888e+01 7.752583812107024055e-05
6.000000000000000888e-01 2.732350800129304602e+01 7.699415303630356136e-05
6.000000000000000888e-01 3.599546829447966445e+01 9.014959365736700597e-05
6.000000000000000888e-01 4.741974338278873091e+01 1.207261048897653803e-04
6.000000000000000888e-01 6.246986548677271855e+01 1.841904464228385119e-04
6.000000000000000888e-01 8.229660929274248815e+01 2.998270015624488068e-04
6.000000000000000888e-01 1.084159834235013875e+02 5.005940768892232174e-04
6.000000000000000888e-01 1.128930760784849809e+02 5.397576895841911570e-04
6.000000000000000888e-01 1.291033639256520473e+02 6.907335413791487744e-04
6.000000000000000888e-01 1.428251487236118180e+02 8.277214712626983651e-04
6.000000000000000888e-01 1.453136517728191279e+02 8.532460182624113272e-04
6.000000000000000888e-01 1.615239396199862085e+02 1.022738225702482561e-03
6.000000000000000888e-01 1.777342274671532891e+02 1.194435780284704455e-03
6.000000000000000888e-01 1.881551267974748782e+02 1.303557483045342984e-03
6.000000000000000888e-01 1.939445153143203697e+02 1.363142890102126466e-03
6.000000000000000888e-01 2.101548031614874219e+02 1.523593591052658158e-03
6.000000000000000888e-01 2.263650910086544741e+02 1.670682337603258657e-03
6.000000000000000888e-01 2.425753788558215547e+02 1.799535208191238448e-03
6.000000000000000888e-01 2.587856667029886353e+02 1.905871877683948477e-03
6.000000000000000888e-01 2.749959545501557159e+02 1.986185952277037727e-03
6.000000000000000888e-01 2.912062423973227965e+02 2.038486155717659197e-03
6.000000000000000888e-01 3.074165302444898771e+02 2.061287420906663878e-03
6.000000000000000888e-01 3.236268180916569577e+02 2.054247988629478126e-03
6.000000000000000888e-01 3.398371059388239814e+02 2.018148593684427131e-03
6.000000000000000888e-01 3.560473937859910620e+02 1.955735083545615850e-03
6.000000000000000888e-01 3.722576816331581426e+02 1.869751944443472438e-03
6.000000000000000888e-01 3.884679694803252232e+02 1.764209308208700838e-03
6.000000000000000888e-01 4.046782573274923038e+02 1.643110029231880514e-03
6.000000000000000888e-01 4.208885451746593844e+02 1.510943595762164263e-03
6.000000000000000888e-01 4.370988330218264650e+02 1.371658095356423487e-03
6.000000000000000888e-01 4.533091208689934888e+02 1.229655525384502034e-03
6.000000000000000888e-01 4.695194087161605694e+02 1.088699152022817342e-03
6.000000000000000888e-01 4.857296965633276500e+02 9.515656779308774788e-04
6.000000000000000888e-01 5.019399844104947306e+02 8.215828239521233900e-04
6.000000000000000888e-01 5.181502722576618680e+02 7.004295982362036561e-04
6.000000000000000888e-01 5.343605601048288918e+02 5.896781439768912286e-04
6.000000000000000888e-01 5.505708479519960292e+02 4.900360819043919148e-04
6.000000000000000888e-01 5.667811357991630530e+02 4.017382678423285654e-04
6.000000000000000888e-01 5.829914236463300767e+02 3.251460028320509528e-04
6.000000000000000888e-01 5.992017114934972142e+02 2.593379474369602667e-04
6.000000000000000888e-01 6.154119993406642379e+02 2.037214358746593603e-04
6.000000000000000888e-01 6.316222871878313754e+02 1.573389898037694679e-04
6.000000000000000888e-01 6.478325750349983991e+02 1.191845681914830291e-04
6.000000000000000888e-01 6.640428628821655366e+02 8.816206697744765003e-05
6.000000000000000888e-01 6.802531507293325603e+02 6.319945520256080123e-05
6.000000000000000888e-01 6.964634385764996978e+02 4.335046669986996281e-05
6.000000000000000888e-01 7.126737264236667215e+02 2.759088286732300604e-05
6.000000000000000888e-01 7.288840142708338590e+02 1.487572803794575516e-05
6.000000000000000888e-01 7.450943021180008827e+02 4.257088364106398356e-06
6.000000000000000888e-01 7.526205071898998540e+02 0.000000000000000000e+00
7.000000000000000666e-01 1.000000000000000000e+00 1.097000778197333715e-03
7.000000000000000666e-01 1.317422007704869946e+00 8.150984130889643966e-04
7.000000000000000666e-01 1.735600746385130622e+00 4.464481884181480597e-04
7.000000000000000666e-01 2.286518619876769964e+00 3.270663973071597083e-04
7.000000000000000666e-01 3.012309950852622542e+00 2.949247663655126190e-04
7.000000000000000666e-01 3.968483423281619960e+00 2.458146437056359557e-04
7.000000000000000666e-01 5.228167399043168295e+00 1.897325497477989520e-04
7.000000000000000666e-01 6.887702791464598739e+00 1.242503520618608228e-04
7.000000000000000666e-01 9.074011240005729562e+00 9.627950041235631853e-05
7.000000000000000666e-01 1.195430210574490637e+01 8.493866417319416364e-05
7.000000000000000666e-01 1.574886068086100543e+01 6.978412686343331370e-05
7.000000000000000666e-01 2.074789565724419660e+01 6.093300955632015260e-05
7.000000000000000666e-01 2.733373435241780669e+01 6.542363525756633149e-05
7.000000000000000666e-01 3.601006318863382916e+01 8.191118607105622284e-05
7.000000000000000666e-01 4.744044974354922317e+01 1.182074988075296928e-04
7.000000000000000666e-01 6.249909254756858701e+01 1.898461012528338877e-04
7.000000000000000666e-01 8.233767998375030572e+01 3.207246604722284911e-04
7.000000000000000666e-01 1.084734716739533837e+02 5.514237199538159608e-04
7.000000000000000666e-01 1.129599830401799636e+02 5.969713212351478171e-04
7.000000000000000666e-01 1.291798780408211940e+02 7.737573745771498136e-04
7.000000000000000666e-01 1.429053388354171261e+02 9.358730030755082075e-04
7.000000000000000666e-01 1.453997730414624243e+02 9.663109915966784213e-04
7.000000000000000666e-01 1.616196680421036262e+02 1.169444217677358729e-03
7.000000000000000666e-01 1.778395630427448850e+02 1.377253317134948451e-03
7.000000000000000666e-01 1.882666384002998825e+02 1.510382809372781254e-03
7.000000000000000666e-01 1.940594580433860870e+02 1.583395078001511962e-03
7.000000000000000666e-01 2.102793530440273173e+02 1.781157841089576902e-03
7.000000000000000666e-01 2.264992480446685477e+02 1.964043828364958177e-03
7.000000000000000666e-01 2.427191430453097780e+02 2.125710917625529221e-03
7.000000000000000666e-01 2.589390380459510084e+02 2.260720043348293188e-03
7.000000000000000666e-01 2.751589330465922103e+02 2.364792342658795111e-03
7.000000000000000666e-01 2.913788280472334691e+02 2.434831756349057318e-03
7.000000000000000666e-01 3.075987230478746710e+02 2.468880718516934872e-03
7.000000000000000666e-01 3.238186180485158729e+02 2.466908177125883266e-03
7.000000000000000666e-01 3.400385130491571317e+02 2.429375649498994195e-03
7.000000000000000666e-01 3.562584080497983905e+02 2.359131631165521745e-03
7.000000000000000666e-01 3.724783030504395924e+02 2.259237753902531860e-03
7.000000000000000666e-01 3.886981980510807944e+02 2.134795380587182091e-03
7.000000000000000666e-01 4.049180930517220531e+02 1.990779272926340195e-03
7.000000000000000666e-01 4.211379880523632551e+02 1.832445740618748875e-03
7.000000000000000666e-01 4.373578830530045138e+02 1.665075593447661257e-03
7.000000000000000666e-01 4.535777780536457158e+02 1.493782579776881158e-03
7.000000000000000666e-01 4.697976730542869745e+02 1.323402693719103861e-03
7.000000000000000666e-01 4.860175680549281765e+02 1.157393892617858151e-03
7.000000000000000666e-01 5.022374630555693784e+02 9.997228864310622135e-04
7.000000000000000666e-01 5.184573580562106372e+02 8.526759008831271075e-04
7.000000000000000666e-01 5.346772530568518960e+02 7.180015574920172979e-04
7.000000000000000666e-01 5.508971480574930411e+02 5.969952207423862966e-04
7.000000000000000666e-01 5.671170430581342998e+02 4.898176889801123587e-04
7.000000000000000666e-01 5.833369380587755586e+02 3.964842493253321431e-04
7.000000000000000666e-01 5.995568330594167037e+02 3.163725654911898303e-04
7.000000000000000666e-01 6.157767280600580762e+02 2.486388225246356689e-04
7.000000000000000666e-01 6.319966230606992212e+02 1.920475576630892767e-04
7.000000000000000666e-01 6.482165180613404800e+02 1.454304327724463466e-04
7.000000000000000666e-01 6.644364130619816251e+02 1.074308274096000428e-04
7.000000000000000666e-01 6.806563080626228839e+02 7.662232127997645843e-05
7.000000000000000666e-01 6.968762030632641427e+02 5.179128512429965125e-05
7.000000000000000666e-01 7.130960980639054014e+02 3.188326989068531402e-05
7.000000000000000666e-01 7.293159930645465465e+02 1.640477122536299867e-05
7.000000000000000666e-01 7.455358880651878053e+02 4.431070958156627953e-06
7.000000000000000666e-01 7.530665536011997574e+02 0.000000000000000000e+00
8.000000000000000444e-01 1.000000000000000000e+00 7.254373060611321675e-04
8.000000000000000444e-01 1.317434764044332685e+00 4.807532478664367902e-04
8.000000000000000444e-01 1.735634357512546577e+00 2.790607317032923855e-04
8.000000000000000444e-01 2.286585040256778889e+00 2.312275898127131560e-04
8.000000000000000444e-01 3.012426622977990132e+00 1.987777849958957850e-04
8.000000000000000444e-01 3.968675557243874330e+00 1.617670239692524977e-04
8.000000000000000444e-01 5.228471146326095109e+00 1.185413322586354563e-04
8.000000000000000444e-01 6.888169650972718827e+00 8.066362229527287140e-05
8.000000000000000444e-01 9.074714158826578725e+00 6.713473102743441217e-05
8.000000000000000444e-01 1.195534390660345991e+01 5.786620905662921065e-05
8.000000000000000444e-01 1.575038567866497630e+01 4.871040058086969652e-05
8.000000000000000444e-01 2.075010564017922832e+01 4.646496394664351561e-05
8.000000000000000444e-01 2.733691052796450549e+01 5.485346652606368922e-05
8.000000000000000444e-01 3.601459627110995143e+01 7.445148382178705957e-05
8.000000000000000444e-01 4.744688114058163109e+01 1.154226827196023759e-04
8.000000000000000444e-01 6.250817066008168155e+01 1.935645738090208524e-04
8.000000000000000444e-01 8.235043706440757205e+01 3.362703382505425969e-04
8.000000000000000444e-01 1.084913286228955087e+02 5.895513688833010826e-04
8.000000000000000444e-01 1.129807664700490619e+02 6.397875662447303092e-04
8.000000000000000444e-01 1.292036457580560977e+02 8.356067473656983218e-04
8.000000000000000444e-01 1.429302479251604723e+02 1.015811591554148042e-03
8.000000000000000444e-01 1.454265250460631478e+02 1.049746265962219101e-03
8.000000000000000444e-01 1.616494043340701978e+02 1.276493858519005091e-03
8.000000000000000444e-01 1.778722836220772479e+02 1.509014703963804495e-03
8.000000000000000444e-01 1.883012774500817272e+02 1.658098260259604226e-03
8.000000000000000444e-01 1.940951629100842979e+02 1.739891649541707450e-03
8.000000000000000444e-01 2.103180421980913479e+02 1.961436511193878022e-03
8.000000000000000444e-01 2.265409214860983980e+02 2.165867961409951355e-03
8.000000000000000444e-01 2.427638007741054480e+02 2.346306355271413242e-03
8.000000000000000444e-01 2.589866800621124980e+02 2.496663089238148215e-03
8.000000000000000444e-01 2.752095593501195481e+02 2.611755857767650638e-03
8.000000000000000444e-01 2.914324386381265981e+02 2.688454364862986889e-03
8.000000000000000444e-01 3.076553179261335913e+02 2.724649906020379375e-03
8.000000000000000444e-01 3.238781972141406413e+02 2.720470108257553969e-03
8.000000000000000444e-01 3.401010765021476914e+02 2.676821041577315177e-03
8.000000000000000444e-01 3.563239557901547414e+02 2.597195881984734004e-03
8.000000000000000444e-01 3.725468350781617914e+02 2.485131192896521471e-03
8.000000000000000444e-01 3.887697143661688415e+02 2.345680341104887118e-03
8.000000000000000444e-01 4.049925936541758915e+02 2.184586702626203827e-03
8.000000000000000444e-01 4.212154729421829416e+02 2.007990205251359607e-03
8.000000000000000444e-01 4.374383522301899916e+02 1.821874785380691057e-03
8.000000000000000444e-01 4.536612315181970416e+02 1.632013074986423621e-03
8.000000000000000444e-01 4.698841108062040917e+02 1.443471709217768054e-03
8.000000000000000444e-01 4.861069900942111417e+02 1.260334179803239679e-03
8.000000000000000444e-01 5.023298693822181349e+02 1.086946179887730672e-03
8.000000000000000444e-01 5.185527486702252418e+02 9.255387957227488149e-04
8.000000000000000444e-01 5.347756279582322350e+02 7.781021654213760583e-04
8.000000000000000444e-01 5.509985072462393418e+02 6.457105386511641145e-04
8.000000000000000444e-01 5.672213865342463350e+02 5.287218295854308496e-04
8.000000000000000444e-01 5.834442658222534419e+02 4.269801850135768141e-04
8.000000000000000444e-01 5.996671451102604351e+02 3.397124469851780810e-04
8.000000000000000444e-01 6.158900243982675420e+02 2.658586295851702946e-04
8.000000000000000444e-01 6.321129036862745352e+02 2.040118190589387370e-04
8.000000000000000444e-01 6.483357829742815284e+02 1.529962358990116930e-04
8.000000000000000444e-01 6.645586622622886352e+02 1.115440354121070046e-04
8.000000000000000444e-01 6.807815415502956284e+02 7.852204984918829923e-05
8.000000000000000444e-01 6.970044208383027353e+02 5.239030675074691259e-05
8.000000000000000444e-01 7.132273001263097285e+02 3.215422225600933666e-05
8.000000000000000444e-01 7.294501794143168354e+02 1.645757797922841052e-05
8.000000000000000444e-01 7.456730587023238286e+02 4.388535370840209013e-06
8.000000000000000444e-01 7.532051098003271363e+02 0.000000000000000000e+00
9.000000000000000222e-01 1.000000000000000000e+00 4.967709895543535002e-04
9.000000000000000222e-01 1.317439850073347962e+00 3.026820734888654649e-04
9.000000000000000222e-01 1.735647758561285725e+00 1.795917701539387194e-04
9.000000000000000222e-01 2.286611522819122833e+00 1.713484796006338245e-04
9.000000000000000222e-01 3.012473141798814869e+00 1.418931069061422554e-04
9.000000000000000222e-01 3.968752164281418526e+00 1.125521254672261294e-04
9.000000000000000222e-01 5.228592256289187112e+00 7.964293140951950580e-05
9.000000000000000222e-01 6.888355798220294979e+00 5.527003213226781858e-05
9.000000000000000222e-01 9.074994430059224015e+00 4.975656148546360881e-05
9.000000000000000222e-01 1.195575930135369447e+01 4.171597756051237952e-05
9.000000000000000222e-01 1.575099374148844333e+01 3.671856622559424024e-05
9.000000000000000222e-01 2.075098683329277094e+01 3.808933211201489860e-05
9.000000000000000222e-01 2.733817698252725492e+01 4.858939338357163331e-05
9.000000000000000222e-01 3.601640378513936724e+01 7.041009689572877081e-05
9.000000000000000222e-01 4.744944560287516566e+01 1.140941450635999760e-04
9.000000000000000222e-01 6.251179050111532121e+01 1.961651117585570966e-04
9.000000000000000222e-01 8.235552390560593494e+01 3.461927183439657404e-04
9.000000000000000222e-01 1.084984490669135369e+02 6.132079489100561616e-04
9.000000000000000222e-01 1.129890539582185198e+02 6.663009951866049859e-04
9.000000000000000222e-01 1.292131232445268267e+02 8.733220159436616992e-04
9.000000000000000222e-01 1.429401804719053928e+02 1.064189741069192230e-03
9.000000000000000222e-01 1.454371925308351194e+02 1.100145696241145972e-03
9.000000000000000222e-01 1.616612618171434121e+02 1.340182437423963245e-03
9.000000000000000222e-01 1.778853311034517333e+02 1.586205140564789446e-03
9.000000000000000222e-01 1.883150899303641950e+02 1.743760064651839886e-03
9.000000000000000222e-01 1.941094003897600260e+02 1.830042062125348526e-03
9.000000000000000222e-01 2.103334696760683187e+02 2.063286611494971959e-03
9.000000000000000222e-01 2.265575389623766114e+02 2.278046916334018797e-03
9.000000000000000222e-01 2.427816082486849041e+02 2.466623763962288215e-03
9.000000000000000222e-01 2.590056775349931968e+02 2.622624123227201495e-03
9.000000000000000222e-01 2.752297468213014895e+02 2.740857708898711189e-03
9.000000000000000222e-01 2.914538161076098390e+02 2.818118354927398768e-03
9.000000000000000222e-01 3.076778853939181317e+02 2.852501331265014459e-03
9.000000000000000222e-01 3.239019546802264244e+02 2.844241333192480507e-03
9.000000000000000222e-01 3.401260239665347171e+02 2.794694863271065220e-03
9.000000000000000222e-01 3.563500932528430099e+02 2.707553290332783986e-03
9.000000000000000222e-01 3.725741625391513026e+02 2.587017186474877689e-03
9.000000000000000222e-01 3.887982318254595953e+02 2.438757229316469623e-03
9.000000000000000222e-01 4.050223011117678880e+02 2.268733507808463890e-03
9.000000000000000222e-01 4.212463703980761807e+02 2.083136034817508007e-03
9.000000000000000222e-01 4.374704396843844734e+02 1.887769516337454859e-03
9.000000000000000222e-01 4.536945089706928229e+02 1.688736751755209224e-03
9.000000000000000222e-01 4.699185782570011156e+02 1.491592017173817624e-03
9.000000000000000222e-01 4.861426475433094083e+02 1.300552152472690248e-03
9.000000000000000222e-01 5.023667168296177010e+02 1.119723734747942161e-03
9.000000000000000222e-01 5.185907861159259937e+02 9.517589838933589608e-04
9.000000000000000222e-01 5.348148554022343433e+02 7.986286781093682565e-04
9.000000000000000222e-01 5.510389246885425791e+02 6.608861420126473703e-04
9.000000000000000222e-01 5.672629939748509287e+02 5.392456318405902021e-04
9.000000000000000222e-01 5.834870632611592782e+02 4.336290198205234691e-04
9.000000000000000222e-01 5.997111325474675141e+02 3.435519067331544796e-04
9.000000000000000222e-01 6.159352018337758636e+02 2.677919760965617301e-04
9.000000000000000222e-01 6.321592711200840995e+02 2.047638833274836455e-04
9.000000000000000222e-01 6.483833404063924490e+02 1.533409984273283004e-04
9.000000000000000222e-01 6.646074096927006849e+02 1.117881881815517564e-04
9.000000000000000222e-01 6.808314789790090344e+02 7.859220288556206530e-05
9.000000000000000222e-01 6.970555482653172703e+02 5.246441272084306789e-05
9.000000000000000222e-01 7.132796175516256199e+02 3.218482959247101504e-05
9.000000000000000222e-01 7.295036868379338557e+02 1.650397745054510892e-05
9.000000000000000222e-01 7.457277561242422053e+02 4.481428565669611048e-06
9.000000000000000222e-01 7.532603597214567799e+02 0.000000000000000000e+00
1.000000000000000000e+00 1.000000000000000000e+00 4.237396250640949012e-04
1.000000000000000000e+00 1.317441267949155392e+00 2.561656895695745484e-04
1.000000000000000000e+00 1.735651494495478397e+00 1.639169805810546489e-04
1.000000000000000000e+00 2.286618905625969589e+00 1.520593677951908576e-04
1.000000000000000000e+00 3.012486110344387402e+00 1.264797462209540132e-04
1.000000000000000000e+00 3.968773520891328843e+00 9.782850507647958120e-05
1.000000000000000000e+00 5.228626019566107175e+00 6.841557950635582686e-05
1.000000000000000000e+00 6.888407692849116692e+00 4.884493770905657756e-05
1.000000000000000000e+00 9.075072565017856974e+00 4.413805128102765214e-05
1.000000000000000000e+00 1.195587510678771714e+01 3.679001368081452275e-05
1.000000000000000000e+00 1.575116326012815371e+01 3.355877220080353738e-05
1.000000000000000000e+00 2.075123249709738715e+01 3.592046093475005294e-05
1.000000000000000000e+00 2.733853005248371204e+01 4.636842878327958746e-05
1.000000000000000000e+00 3.601690769621022525e+01 6.940381650088978062e-05
1.000000000000000000e+00 4.745016054290289276e+01 1.138951927839263888e-04
1.000000000000000000e+00 6.251279967003296889e+01 1.972724778511688085e-04
1.000000000000000000e+00 8.235694206033977594e+01 3.497125546583296977e-04
1.000000000000000000e+00 1.085004341723891486e+02 6.211640220742190846e-04
1.000000000000000000e+00 1.129913644348292365e+02 6.752340324111259003e-04
1.000000000000000000e+00 1.292157654818816468e+02 8.859777586221188233e-04
1.000000000000000000e+00 1.429429495691062186e+02 1.080164125132004578e-03
1.000000000000000000e+00 1.454401665289340428e+02 1.116766279579816269e-03
1.000000000000000000e+00 1.616645675759864389e+02 1.361419419409111821e-03
1.000000000000000000e+00 1.778889686230388349e+02 1.611005804939790375e-03
1.000000000000000000e+00 1.883189407247154747e+02 1.771232343995542309e-03
1.000000000000000000e+00 1.941133696700912310e+02 1.858956653962718112e-03
1.000000000000000000e+00 2.103377707171436555e+02 2.095813542177065152e-03
1.000000000000000000e+00 2.265621717641960231e+02 2.313337396074922805e-03
1.000000000000000000e+00 2.427865728112484476e+02 2.503933735098436402e-03
1.000000000000000000e+00 2.590109738583008152e+02 2.661148888284100688e-03
1.000000000000000000e+00 2.752353749053532397e+02 2.779794271189043372e-03
1.000000000000000000e+00 2.914597759524056073e+02 2.856645695060119807e-03
1.000000000000000000e+00 3.076841769994580318e+02 2.889764087553911131e-03
1.000000000000000000e+00 3.239085780465104563e+02 2.879754283697019863e-03
1.000000000000000000e+00 3.401329790935628239e+02 2.827967156595359750e-03
1.000000000000000000e+00 3.563573801406152484e+02 2.738205758020764279e-03
1.000000000000000000e+00 3.725817811876676160e+02 2.614440872869144578e-03
1.000000000000000000e+00 3.888061822347200405e+02 2.463350700077132985e-03
1.000000000000000000e+00 4.050305832817724081e+02 2.290362153843082151e-03
1.000000000000000000e+00 4.212549843288248326e+02 2.102001106511605134e-03
1.000000000000000000e+00 4.374793853758772002e+02 1.904526535990958567e-03
1.000000000000000000e+00 4.537037864229296247e+02 1.703963603028730862e-03
1.000000000000000000e+00 4.699281874699819923e+02 1.505314064662048937e-03
1.000000000000000000e+00 4.861525885170344168e+02 1.312440017194809166e-03
1.000000000000000000e+00 5.023769895640868413e+02 1.128078345421446678e-03
1.000000000000000000e+00 5.186013906111392089e+02 9.569804123685779398e-04
1.000000000000000000e+00 5.348257916581916334e+02 7.996295456491118829e-04
1.000000000000000000e+00 5.510501927052440578e+02 6.605349982410409909e-04
1.000000000000000000e+00 5.672745937522964823e+02 5.397081198608723838e-04
1.000000000000000000e+00 5.834989947993487931e+02 4.335923079469938650e-04
1.000000000000000000e+00 5.997233958464012176e+02 3.446568739392686515e-04
1.000000000000000000e+00 6.159477968934536420e+02 2.683476823017165881e-04
1.000000000000000000e+00 6.321721979405060665e+02 2.030630591286074909e-04
1.000000000000000000e+00 6.483965989875584910e+02 1.537608303970727645e-04
1.000000000000000000e+00 6.646210000346109155e+02 1.124136348385664636e-04
1.000000000000000000e+00 6.808454010816632263e+02 7.928918981627335538e-05
1.000000000000000000e+00 6.970698021287156507e+02 5.263298904772021567e-05
1.000000000000000000e+00 7.132942031757680752e+02 3.278143032768318594e-05
1.000000000000000000e+00 7.295186042228204997e+02 1.608199127095767941e-05
1.000000000000000000e+00 7.457430052698729241e+02 4.112368453769357932e-06
1.000000000000000000e+00 7.532757628988615579e+02 0.000000000000000000e+00
