# mx [GeV]: 30.0
# sigma_p [cm^2]: 3.0199517204e-31
# depth [m]: 10.6
# loc: SUF
# Columns: gamma/pi, v [km/s], f(v, gamma) [s/km]
0.000000000000000000e+00 1.000000000000000000e+00 4.269580311747128362e-03
0.000000000000000000e+00 1.162615727811673327e+00 4.451484867696655322e-03
0.000000000000000000e+00 1.351675330555067056e+00 4.384058514131655357e-03
0.000000000000000000e+00 1.571478998198363453e+00 4.100533330060950749e-03
0.000000000000000000e+00 1.827026199231149617e+00 3.716650741476715258e-03
0.000000000000000000e+00 2.124129394350118272e+00 2.949166568543412463e-03
0.000000000000000000e+00 2.469546241778531659e+00 2.956830670441315013e-03
0.000000000000000000e+00 2.871133301249930270e+00 2.837575169485509127e-03
0.000000000000000000e+00 3.338024732677020268e+00 2.644906768181020350e-03
0.000000000000000000e+00 3.880840054034660369e+00 2.476561155721366311e-03
0.000000000000000000e+00 4.511925683942200394e+00 2.179869740990183786e-03
0.000000000000000000e+00 5.245635762868643859e+00 2.087170446203236857e-03
0.000000000000000000e+00 6.098658640282470067e+00 2.043751636414350373e-03
0.000000000000000000e+00 7.090396453746954819e+00 1.755240087054981421e-03
0.000000000000000000e+00 8.243406433546322631e+00 1.690157178371158413e-03
0.000000000000000000e+00 9.583913970384889680e+00 1.507666954768159670e-03
0.000000000000000000e+00 1.050603714904237229e+01 1.479963982276441331e-03
0.000000000000000000e+00 1.114240911596349193e+01 1.452906686627786215e-03
0.000000000000000000e+00 1.201459632941768696e+01 1.410876812037531545e-03
0.000000000000000000e+00 1.295434008393131720e+01 1.342445991667017653e-03
0.000000000000000000e+00 1.352315550979300340e+01 1.316226411520145202e-03
0.000000000000000000e+00 1.503171469016831807e+01 1.223162404290266056e-03
0.000000000000000000e+00 1.506091952499974518e+01 1.221892134859384757e-03
0.000000000000000000e+00 1.654027387054363274e+01 1.140028873392169529e-03
0.000000000000000000e+00 1.751006191507062582e+01 1.100934506403732993e-03
0.000000000000000000e+00 1.804883305091894741e+01 1.077953352590854501e-03
0.000000000000000000e+00 1.955739223129426563e+01 1.012355079059617082e-03
0.000000000000000000e+00 2.106595141166958030e+01 9.295407790569939046e-04
0.000000000000000000e+00 2.257451059204489496e+01 8.706153073427250937e-04
0.000000000000000000e+00 2.408306977242020963e+01 7.882178607669133863e-04
0.000000000000000000e+00 2.559162895279552430e+01 7.367472696453773685e-04
0.000000000000000000e+00 2.710018813317083897e+01 6.653259659455021098e-04
0.000000000000000000e+00 2.860874731354615363e+01 6.194463761755842311e-04
0.000000000000000000e+00 3.011730649392146830e+01 5.629786323714573932e-04
0.000000000000000000e+00 3.162586567429678297e+01 5.207278833586320276e-04
0.000000000000000000e+00 3.313442485467209764e+01 4.585205813891226299e-04
0.000000000000000000e+00 3.464298403504741231e+01 4.291427638554918037e-04
0.000000000000000000e+00 3.615154321542272697e+01 3.936606867091260275e-04
0.000000000000000000e+00 3.766010239579804164e+01 3.467813908608764328e-04
0.000000000000000000e+00 3.916866157617335631e+01 3.149214195063936147e-04
0.000000000000000000e+00 4.067722075654867098e+01 2.796595097290442656e-04
0.000000000000000000e+00 4.218577993692399275e+01 2.496558241946337598e-04
0.000000000000000000e+00 4.369433911729930031e+01 2.272644055888459538e-04
0.000000000000000000e+00 4.520289829767461498e+01 1.962276500259411581e-04
0.000000000000000000e+00 4.671145747804993675e+01 1.783447098847631268e-04
0.000000000000000000e+00 4.822001665842525142e+01 1.549541047873129488e-04
0.000000000000000000e+00 4.972857583880056609e+01 1.362357850051714207e-04
0.000000000000000000e+00 5.123713501917588076e+01 1.153934027702468263e-04
0.000000000000000000e+00 5.274569419955119542e+01 1.044294687086101719e-04
0.000000000000000000e+00 5.425425337992651009e+01 8.914615807392846185e-05
0.000000000000000000e+00 5.576281256030182476e+01 7.766068893040436788e-05
0.000000000000000000e+00 5.727137174067713943e+01 6.450381130777880047e-05
0.000000000000000000e+00 5.877993092105245410e+01 5.572750495983417029e-05
0.000000000000000000e+00 6.028849010142776876e+01 4.198800127084315005e-05
0.000000000000000000e+00 6.179704928180308343e+01 3.584742610174166349e-05
0.000000000000000000e+00 6.330560846217839810e+01 2.860775021848395352e-05
0.000000000000000000e+00 6.481416764255371277e+01 2.175150230888256718e-05
0.000000000000000000e+00 6.632272682292902743e+01 1.306724627888578933e-05
0.000000000000000000e+00 6.783128600330434210e+01 9.068014710569680096e-06
0.000000000000000000e+00 6.933984518367965677e+01 2.735211135907431830e-06
0.000000000000000000e+00 7.004024766028248905e+01 0.000000000000000000e+00
1.000000000000000056e-01 1.000000000000000000e+00 5.988105833959343934e-03
1.000000000000000056e-01 1.165228009694071254e+00 4.853061047708038568e-03
1.000000000000000056e-01 1.357756314575606860e+00 4.857191645886094894e-03
1.000000000000000056e-01 1.582095688082491902e+00 4.596146494860375506e-03
1.000000000000000056e-01 1.843502209769934286e+00 4.189970835329441361e-03
1.000000000000000056e-01 2.148100410756843104e+00 3.701635125713921906e-03
1.000000000000000056e-01 2.503026766249213164e+00 3.252149008766805176e-03
1.000000000000000056e-01 2.916596897047558201e+00 3.144291981507953918e-03
1.000000000000000056e-01 3.398500397426630570e+00 2.950870572404230754e-03
1.000000000000000056e-01 3.960027854037943662e+00 2.668719954469980869e-03
1.000000000000000056e-01 4.614335374693717462e+00 2.430046150255629495e-03
1.000000000000000056e-01 5.376752824715306467e+00 2.309044666011006008e-03
1.000000000000000056e-01 6.265142992559993296e+00 2.136739689842366736e-03
1.000000000000000056e-01 7.300320099669439955e+00 1.987419874444943356e-03
1.000000000000000056e-01 8.506537459867443474e+00 1.853098733412624974e-03
1.000000000000000056e-01 9.912055713749403196e+00 1.729695523401157979e-03
1.000000000000000056e-01 1.096373796699583458e+01 1.652873274787495074e-03
1.000000000000000056e-01 1.154980495130896578e+01 1.583067222167418861e-03
1.000000000000000056e-01 1.253801829046190264e+01 1.527910823453330208e-03
1.000000000000000056e-01 1.345815623576847564e+01 1.471917334932268222e-03
1.000000000000000056e-01 1.411229861392797069e+01 1.432748341638198815e-03
1.000000000000000056e-01 1.568182060475636064e+01 1.335788713335241866e-03
1.000000000000000056e-01 1.568657893739403875e+01 1.336061184332400622e-03
1.000000000000000056e-01 1.726085926086010858e+01 1.233257662139713908e-03
1.000000000000000056e-01 1.827289661165972845e+01 1.191085268077847828e-03
1.000000000000000056e-01 1.883513958432617486e+01 1.158862957794234852e-03
1.000000000000000056e-01 2.040941990779224469e+01 1.084929387351774238e-03
1.000000000000000056e-01 2.198370023125831096e+01 1.002249998154065022e-03
1.000000000000000056e-01 2.355798055472438080e+01 9.292933506538882853e-04
1.000000000000000056e-01 2.513226087819045063e+01 8.575668449062099187e-04
1.000000000000000056e-01 2.670654120165651690e+01 7.876966274275654708e-04
1.000000000000000056e-01 2.828082152512258318e+01 7.233469101258830063e-04
1.000000000000000056e-01 2.985510184858865301e+01 6.629150110991542883e-04
1.000000000000000056e-01 3.142938217205472284e+01 6.028290251205415361e-04
1.000000000000000056e-01 3.300366249552079267e+01 5.503478593459537388e-04
1.000000000000000056e-01 3.457794281898685540e+01 4.996155370366146342e-04
1.000000000000000056e-01 3.615222314245292523e+01 4.521070890709861416e-04
1.000000000000000056e-01 3.772650346591899506e+01 4.070527011130099663e-04
1.000000000000000056e-01 3.930078378938506489e+01 3.669059287534072412e-04
1.000000000000000056e-01 4.087506411285113472e+01 3.287400626631569985e-04
1.000000000000000056e-01 4.244934443631719745e+01 2.926207338586964135e-04
1.000000000000000056e-01 4.402362475978326728e+01 2.617252296035289306e-04
1.000000000000000056e-01 4.559790508324933711e+01 2.321886381216236911e-04
1.000000000000000056e-01 4.717218540671540694e+01 2.051673898379901997e-04
1.000000000000000056e-01 4.874646573018147677e+01 1.809927599760704283e-04
1.000000000000000056e-01 5.032074605364754660e+01 1.588481838678329136e-04
1.000000000000000056e-01 5.189502637711360933e+01 1.383396802116991324e-04
1.000000000000000056e-01 5.346930670057967916e+01 1.207989183142405454e-04
1.000000000000000056e-01 5.504358702404574899e+01 1.039169075089703957e-04
1.000000000000000056e-01 5.661786734751181882e+01 8.916742852849481591e-05
1.000000000000000056e-01 5.819214767097788155e+01 7.528876480905163557e-05
1.000000000000000056e-01 5.976642799444395138e+01 6.401538907335117649e-05
1.000000000000000056e-01 6.134070831791002121e+01 5.305491042312785480e-05
1.000000000000000056e-01 6.291498864137609104e+01 4.341403272410977320e-05
1.000000000000000056e-01 6.448926896484215376e+01 3.478430700585579370e-05
1.000000000000000056e-01 6.606354928830822359e+01 2.651411386245267692e-05
1.000000000000000056e-01 6.763782961177429343e+01 1.951745496309516511e-05
1.000000000000000056e-01 6.921210993524036326e+01 1.319681770740022855e-05
1.000000000000000056e-01 7.078639025870643309e+01 7.496819521249662890e-06
1.000000000000000056e-01 7.236067058217250292e+01 2.285850703290460310e-06
1.000000000000000056e-01 7.309158644663889959e+01 0.000000000000000000e+00
2.000000000000000111e-01 1.000000000000000000e+00 8.513702595767627668e-03
2.000000000000000111e-01 1.172164201412259077e+00 7.407350790311983436e-03
2.000000000000000111e-01 1.373968915072439234e+00 6.367684616796677292e-03
2.000000000000000111e-01 1.610517176101153858e+00 6.286990621872295959e-03
2.000000000000000111e-01 1.887790579585335582e+00 5.695944232597427957e-03
2.000000000000000111e-01 2.212800537153230884e+00 5.090415699253672370e-03
2.000000000000000111e-01 2.593765574516834871e+00 4.599585373961497838e-03
2.000000000000000111e-01 3.040319153304134936e+00 4.174707186371690373e-03
2.000000000000000111e-01 3.563753272371137371e+00 3.897732288599665539e-03
2.000000000000000111e-01 4.177304008539239000e+00 3.580843297273830338e-03
2.000000000000000111e-01 4.896486217225626270e+00 3.299166944943727944e-03
2.000000000000000111e-01 5.739485856540411213e+00 3.003858665634791952e-03
2.000000000000000111e-01 6.727619855548645944e+00 2.817939334678355983e-03
2.000000000000000111e-01 7.885875155384435509e+00 2.611398489261831154e-03
2.000000000000000111e-01 9.243540553947973137e+00 2.397168669114436469e-03
2.000000000000000111e-01 1.083494733164025803e+01 2.249277282309349556e-03
2.000000000000000111e-01 1.227246690178424693e+01 2.112975564396173470e-03
2.000000000000000111e-01 1.270033738633599008e+01 2.075442874629007499e-03
2.000000000000000111e-01 1.403466727742506137e+01 1.952654435380203092e-03
2.000000000000000111e-01 1.488688083012078245e+01 1.895190601159726321e-03
2.000000000000000111e-01 1.579686765306587759e+01 1.828190783328311874e-03
2.000000000000000111e-01 1.744986877975799544e+01 1.709487821371665330e-03
2.000000000000000111e-01 1.755906802870669026e+01 1.700809894161085193e-03
2.000000000000000111e-01 1.932126840434750648e+01 1.579954860326967820e-03
2.000000000000000111e-01 2.045411150297374903e+01 1.509531255946451036e-03
2.000000000000000111e-01 2.108346877998832269e+01 1.472036789933400510e-03
2.000000000000000111e-01 2.284566915562913891e+01 1.361727791477636328e-03
2.000000000000000111e-01 2.460786953126995513e+01 1.260256732377589527e-03
2.000000000000000111e-01 2.637006990691076780e+01 1.158072244804272998e-03
2.000000000000000111e-01 2.813227028255158046e+01 1.065590762786321460e-03
2.000000000000000111e-01 2.989447065819239668e+01 9.772494723099844384e-04
2.000000000000000111e-01 3.165667103383321290e+01 8.881856245165745166e-04
2.000000000000000111e-01 3.341887140947402912e+01 8.090305290679136903e-04
2.000000000000000111e-01 3.518107178511484534e+01 7.349276063538792356e-04
2.000000000000000111e-01 3.694327216075566156e+01 6.618853126930716001e-04
2.000000000000000111e-01 3.870547253639647067e+01 5.981055149544965048e-04
2.000000000000000111e-01 4.046767291203728689e+01 5.374299225389409310e-04
2.000000000000000111e-01 4.222987328767810311e+01 4.810285415096264626e-04
2.000000000000000111e-01 4.399207366331891933e+01 4.294266110847555560e-04
2.000000000000000111e-01 4.575427403895973555e+01 3.810621805964439324e-04
2.000000000000000111e-01 4.751647441460055177e+01 3.383460023667805481e-04
2.000000000000000111e-01 4.927867479024136799e+01 2.977211387124354498e-04
2.000000000000000111e-01 5.104087516588218421e+01 2.621089357462937563e-04
2.000000000000000111e-01 5.280307554152299332e+01 2.304625805417931221e-04
2.000000000000000111e-01 5.456527591716380954e+01 2.003107917420420025e-04
2.000000000000000111e-01 5.632747629280462576e+01 1.744301541882890578e-04
2.000000000000000111e-01 5.808967666844544198e+01 1.508619756495955015e-04
2.000000000000000111e-01 5.985187704408625819e+01 1.292041168673191041e-04
2.000000000000000111e-01 6.161407741972707441e+01 1.106920831373238109e-04
2.000000000000000111e-01 6.337627779536788353e+01 9.328379113973915028e-05
2.000000000000000111e-01 6.513847817100869975e+01 7.893875823227578946e-05
2.000000000000000111e-01 6.690067854664951597e+01 6.579588251007881131e-05
2.000000000000000111e-01 6.866287892229033218e+01 5.348708168066348549e-05
2.000000000000000111e-01 7.042507929793114840e+01 4.341581331371324216e-05
2.000000000000000111e-01 7.218727967357196462e+01 3.412982472655296499e-05
2.000000000000000111e-01 7.394948004921278084e+01 2.586457024475616128e-05
2.000000000000000111e-01 7.571168042485358285e+01 1.879501951411865227e-05
2.000000000000000111e-01 7.747388080049439907e+01 1.257918499574023954e-05
2.000000000000000111e-01 7.923608117613521529e+01 6.958349104125029025e-06
2.000000000000000111e-01 8.099828155177603151e+01 2.067529511501857821e-06
2.000000000000000111e-01 8.181644601189498189e+01 0.000000000000000000e+00
3.000000000000000444e-01 1.000000000000000000e+00 1.375768586485716892e-02
3.000000000000000444e-01 1.181974849417774642e+00 1.142509537152680554e-02
3.000000000000000444e-01 1.397064544656171137e+00 1.003324267612040917e-02
3.000000000000000444e-01 1.651295154796889708e+00 9.231773466164714878e-03
3.000000000000000444e-01 1.951789341935354694e+00 8.687556989848159092e-03
3.000000000000000444e-01 2.306965913529257950e+00 7.728251378374058865e-03
3.000000000000000444e-01 2.726775688255683949e+00 6.878261565641640395e-03
3.000000000000000444e-01 3.222980283522061118e+00 6.108865245933532001e-03
3.000000000000000444e-01 3.809481635292444768e+00 5.795355981916723576e-03
3.000000000000000444e-01 4.502711482234564855e+00 5.310502398746203521e-03
3.000000000000000444e-01 5.322091726185884220e+00 4.839787056655405970e-03
3.000000000000000444e-01 6.290578566646146008e+00 4.411604055853010110e-03
3.000000000000000444e-01 7.435305654062259073e+00 4.125288367147873260e-03
3.000000000000000444e-01 8.788344280835366007e+00 3.814538165894027812e-03
3.000000000000000444e-01 1.038760190797194483e+01 3.501601830649411686e-03
3.000000000000000444e-01 1.227788420098692868e+01 3.273816368966861977e-03
3.000000000000000444e-01 1.437830611500165645e+01 3.028590586645220524e-03
3.000000000000000444e-01 1.451215032963039775e+01 3.014314685816011762e-03
3.000000000000000444e-01 1.644288340330958675e+01 2.807398650124562269e-03
3.000000000000000444e-01 1.715299670059299686e+01 2.742516511119474833e-03
3.000000000000000444e-01 1.850746069161751706e+01 2.622596811790417915e-03
3.000000000000000444e-01 2.027441069224699177e+01 2.459713900276331872e-03
3.000000000000000444e-01 2.057203797992544736e+01 2.435360900405586591e-03
3.000000000000000444e-01 2.263661526823337766e+01 2.254844902680508672e-03
3.000000000000000444e-01 2.396384352500275838e+01 2.151016003079312365e-03
3.000000000000000444e-01 2.470119255654130797e+01 2.092267811873012046e-03
3.000000000000000444e-01 2.676576984484923827e+01 1.930391835500837837e-03
3.000000000000000444e-01 2.883034713315716857e+01 1.777267019252587498e-03
3.000000000000000444e-01 3.089492442146509887e+01 1.623460463058618757e-03
3.000000000000000444e-01 3.295950170977302918e+01 1.485606038858270110e-03
3.000000000000000444e-01 3.502407899808095948e+01 1.351103749352650010e-03
3.000000000000000444e-01 3.708865628638888978e+01 1.220952862637855220e-03
3.000000000000000444e-01 3.915323357469682009e+01 1.104062435042066446e-03
3.000000000000000444e-01 4.121781086300475039e+01 9.935047652933650091e-04
3.000000000000000444e-01 4.328238815131268069e+01 8.870683633267591661e-04
3.000000000000000444e-01 4.534696543962061099e+01 7.932144691369228708e-04
3.000000000000000444e-01 4.741154272792854130e+01 7.054159110752059817e-04
3.000000000000000444e-01 4.947612001623647160e+01 6.246146934932348500e-04
3.000000000000000444e-01 5.154069730454440190e+01 5.512676433082839547e-04
3.000000000000000444e-01 5.360527459285233220e+01 4.836837332581098267e-04
3.000000000000000444e-01 5.566985188116026251e+01 4.242799075415724995e-04
3.000000000000000444e-01 5.773442916946819281e+01 3.696445684715582111e-04
3.000000000000000444e-01 5.979900645777612311e+01 3.205258873440845475e-04
3.000000000000000444e-01 6.186358374608405342e+01 2.781098019210076966e-04
3.000000000000000444e-01 6.392816103439198372e+01 2.392230233066576527e-04
3.000000000000000444e-01 6.599273832269992113e+01 2.051337528663900011e-04
3.000000000000000444e-01 6.805731561100785143e+01 1.750624822411583274e-04
3.000000000000000444e-01 7.012189289931578173e+01 1.486692422666039228e-04
3.000000000000000444e-01 7.218647018762371204e+01 1.246508229992060511e-04
3.000000000000000444e-01 7.425104747593164234e+01 1.048954080095809460e-04
3.000000000000000444e-01 7.631562476423957264e+01 8.662613905405800244e-05
3.000000000000000444e-01 7.838020205254750294e+01 7.112038507151133586e-05
3.000000000000000444e-01 8.044477934085543325e+01 5.768996772220452409e-05
3.000000000000000444e-01 8.250935662916336355e+01 4.578556928949988910e-05
3.000000000000000444e-01 8.457393391747129385e+01 3.542173413703343714e-05
3.000000000000000444e-01 8.663851120577922416e+01 2.680235164022393279e-05
3.000000000000000444e-01 8.870308849408715446e+01 1.903974954307440575e-05
3.000000000000000444e-01 9.076766578239508476e+01 1.259509731440882735e-05
3.000000000000000444e-01 9.283224307070301506e+01 6.788117463390871606e-06
3.000000000000000444e-01 9.489682035901093116e+01 2.057222676835058933e-06
3.000000000000000444e-01 9.585537410001104774e+01 0.000000000000000000e+00
4.000000000000000222e-01 1.000000000000000000e+00 2.138510548929017929e-02
4.000000000000000222e-01 1.193319877338667734e+00 1.742026787109015110e-02
4.000000000000000222e-01 1.424012329651572983e+00 1.488814978409495893e-02
4.000000000000000222e-01 1.699302218548565557e+00 1.343342949575304993e-02
4.000000000000000222e-01 2.027811114999700237e+00 1.292893862922900837e-02
4.000000000000000222e-01 2.419827311017429317e+00 1.145334422929912555e-02
4.000000000000000222e-01 2.887628029964076415e+00 1.007994336255183671e-02
4.000000000000000222e-01 3.445863926516430364e+00 9.312814491113844892e-03
4.000000000000000222e-01 4.112017918116326776e+00 8.540093102650334750e-03
4.000000000000000222e-01 4.906952717660979069e+00 7.778047816259685450e-03
4.000000000000000222e-01 5.855564215145841800e+00 7.118247573478988545e-03
4.000000000000000222e-01 6.987561170966527513e+00 6.532379650588143738e-03
4.000000000000000222e-01 8.338395639434214246e+00 6.085990395950094216e-03
4.000000000000000222e-01 9.950373261650918622e+00 5.647039275516113795e-03
4.000000000000000222e-01 1.187397820006723137e+01 5.234804738419951940e-03
4.000000000000000222e-01 1.416945420922624699e+01 4.892625166862713156e-03
4.000000000000000222e-01 1.690869135890973141e+01 4.526516182230214819e-03
4.000000000000000222e-01 1.723978604336895160e+01 4.462234184037040634e-03
4.000000000000000222e-01 1.971524250087833963e+01 4.191411390653724568e-03
4.000000000000000222e-01 2.017747749837154458e+01 4.137789261932098631e-03
4.000000000000000222e-01 2.219069895838772766e+01 3.916520652919798680e-03
4.000000000000000222e-01 2.407818497336046804e+01 3.709448725375733610e-03
4.000000000000000222e-01 2.466615541589711569e+01 3.646199687132695069e-03
4.000000000000000222e-01 2.714161187340650372e+01 3.387023935497979286e-03
4.000000000000000222e-01 2.873297673894826332e+01 3.223319778085568296e-03
4.000000000000000222e-01 2.961706833091589175e+01 3.131660822552134564e-03
4.000000000000000222e-01 3.209252478842527978e+01 2.887585904686039429e-03
4.000000000000000222e-01 3.456798124593466781e+01 2.642658517594887076e-03
4.000000000000000222e-01 3.704343770344405584e+01 2.412030564767580262e-03
4.000000000000000222e-01 3.951889416095344387e+01 2.190559338390358178e-03
4.000000000000000222e-01 4.199435061846283190e+01 1.976424667433826585e-03
4.000000000000000222e-01 4.446980707597221993e+01 1.776490787463564985e-03
4.000000000000000222e-01 4.694526353348160796e+01 1.590088165053622164e-03
4.000000000000000222e-01 4.942071999099099600e+01 1.412186726511151322e-03
4.000000000000000222e-01 5.189617644850038403e+01 1.253921876851619380e-03
4.000000000000000222e-01 5.437163290600977206e+01 1.106148307894242160e-03
4.000000000000000222e-01 5.684708936351916009e+01 9.712791815050196955e-04
4.000000000000000222e-01 5.932254582102854812e+01 8.491559812375089810e-04
4.000000000000000222e-01 6.179800227853793615e+01 7.379153356527662268e-04
4.000000000000000222e-01 6.427345873604733129e+01 6.406843643673896475e-04
4.000000000000000222e-01 6.674891519355671221e+01 5.528306559551797450e-04
4.000000000000000222e-01 6.922437165106609314e+01 4.742359224208074226e-04
4.000000000000000222e-01 7.169982810857548827e+01 4.069351144009682782e-04
4.000000000000000222e-01 7.417528456608488341e+01 3.463547352565285648e-04
4.000000000000000222e-01 7.665074102359426433e+01 2.937448275057288958e-04
4.000000000000000222e-01 7.912619748110364526e+01 2.480389754300001853e-04
4.000000000000000222e-01 8.160165393861304040e+01 2.087631667148852170e-04
4.000000000000000222e-01 8.407711039612243553e+01 1.731567305397533317e-04
4.000000000000000222e-01 8.655256685363181646e+01 1.445336640781486927e-04
4.000000000000000222e-01 8.902802331114119738e+01 1.185571124940069043e-04
4.000000000000000222e-01 9.150347976865059252e+01 9.728281052687357217e-05
4.000000000000000222e-01 9.397893622615998765e+01 7.873515571694790559e-05
4.000000000000000222e-01 9.645439268366936858e+01 6.220661662431074183e-05
4.000000000000000222e-01 9.892984914117874951e+01 4.929934319110263543e-05
4.000000000000000222e-01 1.014053055986881446e+02 3.772766107918322298e-05
4.000000000000000222e-01 1.038807620561975398e+02 2.810250059668032238e-05
4.000000000000000222e-01 1.063562185137069207e+02 1.976829280359311317e-05
4.000000000000000222e-01 1.088316749712163016e+02 1.280622563499006962e-05
4.000000000000000222e-01 1.113071314287256968e+02 6.879747431585826797e-06
4.000000000000000222e-01 1.137825878862350919e+02 2.045159466582517739e-06
4.000000000000000222e-01 1.149319069557930248e+02 0.000000000000000000e+00
5.000000000000000000e-01 1.000000000000000000e+00 2.812073518611502357e-02
5.000000000000000000e-01 1.205001377231543769e+00 2.275051434155437799e-02
5.000000000000000000e-01 1.452028319129917477e+00 1.888756922912741137e-02
5.000000000000000000e-01 1.749696124330754277e+00 1.729774325035336735e-02
5.000000000000000000e-01 2.108386239555253283e+00 1.675916708870389335e-02
5.000000000000000000e-01 2.540608322400116137e+00 1.474635463938440451e-02
5.000000000000000000e-01 3.061436527498062166e+00 1.301082473780651450e-02
5.000000000000000000e-01 3.689035231942120685e+00 1.209721513642326128e-02
5.000000000000000000e-01 4.445292535145942914e+00 1.115996875754905054e-02
5.000000000000000000e-01 5.356583627047961649e+00 1.016718208953698403e-02
5.000000000000000000e-01 6.454690647848733143e+00 9.411949521855571960e-03
5.000000000000000000e-01 7.777911120261290279e+00 8.739196408737383640e-03
5.000000000000000000e-01 9.372393611899394017e+00 8.178902508721542369e-03
5.000000000000000000e-01 1.129374721029489059e+01 7.698373173261909702e-03
5.000000000000000000e-01 1.360898094251025547e+01 7.264146879479057260e-03
5.000000000000000000e-01 1.639884077844268973e+01 6.874816063396838733e-03
5.000000000000000000e-01 1.976062572302424059e+01 6.450776692897449566e-03
5.000000000000000000e-01 2.074505414515567381e+01 6.336186693491589403e-03
5.000000000000000000e-01 2.372383115061392544e+01 6.002120780765902996e-03
5.000000000000000000e-01 2.381158121120127902e+01 5.999563051727807225e-03
5.000000000000000000e-01 2.670260815607217353e+01 5.660909685401575332e-03
5.000000000000000000e-01 2.869298815355829291e+01 5.429480358205404124e-03
5.000000000000000000e-01 2.968138516153042517e+01 5.315800860240487216e-03
5.000000000000000000e-01 3.266016216698867680e+01 4.959549857103923154e-03
5.000000000000000000e-01 3.457509024192612657e+01 4.730500097771430171e-03
5.000000000000000000e-01 3.563893917244692489e+01 4.602696340529071825e-03
5.000000000000000000e-01 3.861771617790518007e+01 4.234995220075283597e-03
5.000000000000000000e-01 4.159649318336342816e+01 3.883254080666481353e-03
5.000000000000000000e-01 4.457527018882167624e+01 3.529652564604352297e-03
5.000000000000000000e-01 4.755404719427993143e+01 3.186867392393491309e-03
5.000000000000000000e-01 5.053282419973818662e+01 2.863216225995066436e-03
5.000000000000000000e-01 5.351160120519642760e+01 2.552404829627302491e-03
5.000000000000000000e-01 5.649037821065468279e+01 2.260738730290411461e-03
5.000000000000000000e-01 5.946915521611293798e+01 1.992866261531060085e-03
5.000000000000000000e-01 6.244793222157117896e+01 1.746082835197066384e-03
5.000000000000000000e-01 6.542670922702943415e+01 1.520888772077073469e-03
5.000000000000000000e-01 6.840548623248768934e+01 1.315518828787470189e-03
5.000000000000000000e-01 7.138426323794593031e+01 1.136407842042097376e-03
5.000000000000000000e-01 7.436304024340418550e+01 9.745568771329908174e-04
5.000000000000000000e-01 7.734181724886244069e+01 8.304502112722873634e-04
5.000000000000000000e-01 8.032059425432069588e+01 7.073046886547740102e-04
5.000000000000000000e-01 8.329937125977893686e+01 5.981512790435440218e-04
5.000000000000000000e-01 8.627814826523719205e+01 5.036405528120686597e-04
5.000000000000000000e-01 8.925692527069544724e+01 4.222989340019055898e-04
5.000000000000000000e-01 9.223570227615368822e+01 3.526331804239073511e-04
5.000000000000000000e-01 9.521447928161194341e+01 2.922965663660893301e-04
5.000000000000000000e-01 9.819325628707019860e+01 2.419616516026915727e-04
5.000000000000000000e-01 1.011720332925284538e+02 2.000251698100281503e-04
5.000000000000000000e-01 1.041508102979866948e+02 1.627906153088558739e-04
5.000000000000000000e-01 1.071295873034449500e+02 1.319574424341790934e-04
5.000000000000000000e-01 1.101083643089032051e+02 1.063813885266200394e-04
5.000000000000000000e-01 1.130871413143614461e+02 8.457138640063002603e-05
5.000000000000000000e-01 1.160659183198197013e+02 6.663801447898525247e-05
5.000000000000000000e-01 1.190446953252779565e+02 5.162911108578061915e-05
5.000000000000000000e-01 1.220234723307361975e+02 3.922338632543807086e-05
5.000000000000000000e-01 1.250022493361944527e+02 2.862070425706526297e-05
5.000000000000000000e-01 1.279810263416527079e+02 2.006798453624244517e-05
5.000000000000000000e-01 1.309598033471109488e+02 1.286951670910571197e-05
5.000000000000000000e-01 1.339385803525692040e+02 6.903983877395082584e-06
5.000000000000000000e-01 1.369173573580274592e+02 1.908464379249643990e-06
5.000000000000000000e-01 1.383003609677045063e+02 0.000000000000000000e+00
6.000000000000000888e-01 1.000000000000000000e+00 2.927245431528103375e-02
6.000000000000000888e-01 1.215985970566764829e+00 2.355698116439959924e-02
6.000000000000000888e-01 1.478621880615197393e+00 1.992951902275244200e-02
6.000000000000000888e-01 1.797983462601125737e+00 1.850480457534650972e-02
6.000000000000000888e-01 2.186322665834022683e+00 1.763452454396211358e-02
6.000000000000000888e-01 2.658537688786301256e+00 1.541435525562517318e-02
6.000000000000000888e-01 3.232744531787134168e+00 1.386842966275201455e-02
6.000000000000000888e-01 3.930971997079580671e+00 1.291853265492502734e-02
6.000000000000000888e-01 4.780006799139588480e+00 1.203792818126939689e-02
6.000000000000000888e-01 5.812421206967488096e+00 1.110562035695480607e-02
6.000000000000000888e-01 7.067822642697208835e+00 1.044607175183997691e-02
6.000000000000000888e-01 8.594373175973920809e+00 9.857330638724744187e-03
6.000000000000000888e-01 1.045063720779961614e+01 9.398297715266521260e-03
6.000000000000000888e-01 1.270782822816736690e+01 9.024582122645658996e-03
6.000000000000000888e-01 1.545254084182382570e+01 8.770561167619598392e-03
6.000000000000000888e-01 1.879007287326772513e+01 8.485635159628680119e-03
6.000000000000000888e-01 2.284846499982069190e+01 8.238438994317203931e-03
6.000000000000000888e-01 2.464869732929894397e+01 8.104244205159696554e-03
6.000000000000000888e-01 2.778341288876771742e+01 7.858668979005988334e-03
6.000000000000000888e-01 2.818799745863417527e+01 7.824178445722803493e-03
6.000000000000000888e-01 3.172729758796941013e+01 7.500996961628334479e-03
6.000000000000000888e-01 3.378424028720539241e+01 7.288867650191804999e-03
6.000000000000000888e-01 3.526659771730464144e+01 7.130903677564943456e-03
6.000000000000000888e-01 3.880589784663987274e+01 6.718818943883658398e-03
6.000000000000000888e-01 4.108116221549823877e+01 6.436194938855028559e-03
6.000000000000000888e-01 4.234519797597511115e+01 6.275984168122557619e-03
6.000000000000000888e-01 4.588449810531034245e+01 5.804666590775165759e-03
6.000000000000000888e-01 4.942379823464557376e+01 5.318328540348251157e-03
6.000000000000000888e-01 5.296309836398080506e+01 4.833176290724324614e-03
6.000000000000000888e-01 5.650239849331603637e+01 4.349611545966016075e-03
6.000000000000000888e-01 6.004169862265126767e+01 3.879913286165187058e-03
6.000000000000000888e-01 6.358099875198649897e+01 3.441049715253862926e-03
6.000000000000000888e-01 6.712029888132173028e+01 3.021784893614728670e-03
6.000000000000000888e-01 7.065959901065696158e+01 2.634951741559483918e-03
6.000000000000000888e-01 7.419889913999220710e+01 2.282264369247080388e-03
6.000000000000000888e-01 7.773819926932743840e+01 1.965046929947420092e-03
6.000000000000000888e-01 8.127749939866266971e+01 1.678420603769822895e-03
6.000000000000000888e-01 8.481679952799790101e+01 1.428485635895263266e-03
6.000000000000000888e-01 8.835609965733313231e+01 1.208631489813305525e-03
6.000000000000000888e-01 9.189539978666836362e+01 1.016332045084958986e-03
6.000000000000000888e-01 9.543469991600359492e+01 8.513508603202811194e-04
6.000000000000000888e-01 9.897400004533882623e+01 7.100227980281662672e-04
6.000000000000000888e-01 1.025133001746740575e+02 5.891905709326964802e-04
6.000000000000000888e-01 1.060526003040092888e+02 4.857746666224740332e-04
6.000000000000000888e-01 1.095919004333445201e+02 4.000971105475690658e-04
6.000000000000000888e-01 1.131312005626797514e+02 3.269466531979587178e-04
6.000000000000000888e-01 1.166705006920149827e+02 2.666103250903944068e-04
6.000000000000000888e-01 1.202098008213502283e+02 2.165202607870784764e-04
6.000000000000000888e-01 1.237491009506854596e+02 1.734653058886714144e-04
6.000000000000000888e-01 1.272884010800206909e+02 1.395362928243026207e-04
6.000000000000000888e-01 1.308277012093559222e+02 1.105812720919234049e-04
6.000000000000000888e-01 1.343670013386911535e+02 8.739364743858907747e-05
6.000000000000000888e-01 1.379063014680263848e+02 6.813808252323142985e-05
6.000000000000000888e-01 1.414456015973616161e+02 5.189788962244672155e-05
6.000000000000000888e-01 1.449849017266968474e+02 3.904932521582058722e-05
6.000000000000000888e-01 1.485242018560320787e+02 2.825717927779664587e-05
6.000000000000000888e-01 1.520635019853673100e+02 1.940850503160534301e-05
6.000000000000000888e-01 1.556028021147025697e+02 1.248656456430940060e-05
6.000000000000000888e-01 1.591421022440378010e+02 6.713376381994467231e-06
6.000000000000000888e-01 1.626814023733730323e+02 1.815645286536240236e-06
6.000000000000000888e-01 1.643246488619929551e+02 0.000000000000000000e+00
7.000000000000000666e-01 1.000000000000000000e+00 2.429587696734089239e-02
7.000000000000000666e-01 1.225401130749917078e+00 1.955758016732467297e-02
7.000000000000000666e-01 1.501607931243175598e+00 1.709316527069474484e-02
7.000000000000000666e-01 1.840072056888431229e+00 1.629005792445177569e-02
7.000000000000000666e-01 2.254826379172409467e+00 1.502936017054305913e-02
7.000000000000000666e-01 2.763066794682611516e+00 1.323786179076838487e-02
7.000000000000000666e-01 3.385865174541621947e+00 1.227480870157143279e-02
7.000000000000000666e-01 4.149043013450068429e+00 1.153885385974201018e-02
7.000000000000000666e-01 5.084242000211758317e+00 1.074075026503032437e-02
7.000000000000000666e-01 6.230235896065708268e+00 1.013421157722579381e-02
7.000000000000000666e-01 7.634538111877642308e+00 9.677455167742484571e-03
7.000000000000000666e-01 9.355371635048198797e+00 9.356849154074453265e-03
7.000000000000000666e-01 1.146408298017376737e+01 9.177314590511980244e-03
7.000000000000000666e-01 1.404810024691581383e+01 9.106985204043824972e-03
7.000000000000000666e-01 1.721455792745882718e+01 9.125505084794465621e-03
7.000000000000000666e-01 2.109473874966799656e+01 9.201846009053746972e-03
7.000000000000000666e-01 2.584951671671725748e+01 9.254319254931794858e-03
7.000000000000000666e-01 2.853898403670107342e+01 9.237940148234122933e-03
7.000000000000000666e-01 3.167602701400421239e+01 9.173710587221266255e-03
7.000000000000000666e-01 3.263688943684276467e+01 9.141420375979232918e-03
7.000000000000000666e-01 3.673479483698446302e+01 8.946000269541806368e-03
7.000000000000000666e-01 3.881583932062567754e+01 8.805281563157022623e-03
7.000000000000000666e-01 4.083270023712615426e+01 8.644642909353015756e-03
7.000000000000000666e-01 4.493060563726784551e+01 8.252331113968249671e-03
7.000000000000000666e-01 4.756497339450180561e+01 7.948603336942930420e-03
7.000000000000000666e-01 4.902851103740953675e+01 7.768030792301055046e-03
7.000000000000000666e-01 5.312641643755122800e+01 7.226853766106777072e-03
7.000000000000000666e-01 5.722432183769292635e+01 6.639283512740836064e-03
7.000000000000000666e-01 6.132222723783461760e+01 6.035447491954067968e-03
7.000000000000000666e-01 6.542013263797630884e+01 5.419407785340672919e-03
7.000000000000000666e-01 6.951803803811799298e+01 4.818416080190635227e-03
7.000000000000000666e-01 7.361594343825970554e+01 4.239746829837080094e-03
7.000000000000000666e-01 7.771384883840138968e+01 3.699719961409911502e-03
7.000000000000000666e-01 8.181175423854307382e+01 3.198693996015975274e-03
7.000000000000000666e-01 8.590965963868478639e+01 2.743253210951261852e-03
7.000000000000000666e-01 9.000756503882647053e+01 2.337317025370162782e-03
7.000000000000000666e-01 9.410547043896815467e+01 1.975694901061060896e-03
7.000000000000000666e-01 9.820337583910986723e+01 1.661043191616078975e-03
7.000000000000000666e-01 1.023012812392515514e+02 1.388555461393654704e-03
7.000000000000000666e-01 1.063991866393932355e+02 1.153244006930087464e-03
7.000000000000000666e-01 1.104970920395349196e+02 9.537573518795311109e-04
7.000000000000000666e-01 1.145949974396766322e+02 7.852063433390891372e-04
7.000000000000000666e-01 1.186929028398183164e+02 6.439092235706225364e-04
7.000000000000000666e-01 1.227908082399600005e+02 5.249182336744356815e-04
7.000000000000000666e-01 1.268887136401017131e+02 4.269808708914323014e-04
7.000000000000000666e-01 1.309866190402433972e+02 3.449171568416573692e-04
7.000000000000000666e-01 1.350845244403850813e+02 2.785856409269687551e-04
7.000000000000000666e-01 1.391824298405267939e+02 2.228826296602270734e-04
7.000000000000000666e-01 1.432803352406684780e+02 1.781855114774947191e-04
7.000000000000000666e-01 1.473782406408101622e+02 1.414066777953245670e-04
7.000000000000000666e-01 1.514761460409518747e+02 1.110543072232760188e-04
7.000000000000000666e-01 1.555740514410935589e+02 8.689091404911463974e-05
7.000000000000000666e-01 1.596719568412352430e+02 6.702635037798226165e-05
7.000000000000000666e-01 1.637698622413769272e+02 5.107354728768963130e-05
7.000000000000000666e-01 1.678677676415186397e+02 3.780838552817957903e-05
7.000000000000000666e-01 1.719656730416603239e+02 2.740285054821718053e-05
7.000000000000000666e-01 1.760635784418020080e+02 1.872112921752032620e-05
7.000000000000000666e-01 1.801614838419437206e+02 1.192509615853679803e-05
7.000000000000000666e-01 1.842593892420854047e+02 6.206398996562192442e-06
7.000000000000000666e-01 1.883572946422270888e+02 1.807671725624258938e-06
7.000000000000000666e-01 1.902598935780071656e+02 0.000000000000000000e+00
8.000000000000000444e-01 1.000000000000000000e+00 1.750669684365853754e-02
8.000000000000000444e-01 1.232561856535866918e+00 1.441015528389812464e-02
8.000000000000000444e-01 1.519208730187143086e+00 1.268753677949061541e-02
8.000000000000000444e-01 1.872518732944961961e+00 1.260649355134481515e-02
8.000000000000000444e-01 2.307995165876831845e+00 1.126355401461337849e-02
8.000000000000000444e-01 2.844746806528954064e+00 1.019271057554823820e-02
8.000000000000000444e-01 3.506326405229806209e+00 9.559451094512848995e-03
8.000000000000000444e-01 4.321764183650783409e+00 9.064084434932338438e-03
8.000000000000000444e-01 5.326841685710824059e+00 8.563636313108309583e-03
8.000000000000000444e-01 6.565661877612380515e+00 8.176540468685680046e-03
8.000000000000000444e-01 8.092584393256682773e+00 8.042649319431313670e-03
8.000000000000000444e-01 9.974610843925638903e+00 7.972159668374518421e-03
8.000000000000000444e-01 1.229432486001177516e+01 8.048206528980172622e-03
8.000000000000000444e-01 1.515351587431117331e+01 8.252587820014579273e-03
8.000000000000000444e-01 1.867764565908672125e+01 8.574983143327984461e-03
8.000000000000000444e-01 2.302135360928300045e+01 8.995741988075090304e-03
8.000000000000000444e-01 2.837524234462653538e+01 9.437257182117832210e-03
8.000000000000000444e-01 3.187990370529979245e+01 9.641972919585857504e-03
8.000000000000000444e-01 3.497424138394802640e+01 9.756943315548433429e-03
8.000000000000000444e-01 3.645753090400950924e+01 9.782402709299600763e-03
8.000000000000000444e-01 4.103515810271922248e+01 9.774168989847564770e-03
8.000000000000000444e-01 4.310791589113252797e+01 9.714794796341527996e-03
8.000000000000000444e-01 4.561278530142893572e+01 9.594078185570098158e-03
8.000000000000000444e-01 5.019041250013864897e+01 9.270088805773336188e-03
8.000000000000000444e-01 5.313317284216633141e+01 8.983103805882351398e-03
8.000000000000000444e-01 5.476803969884836221e+01 8.805408705566526023e-03
8.000000000000000444e-01 5.934566689755807545e+01 8.247344002822619077e-03
8.000000000000000444e-01 6.392329409626779579e+01 7.600684555263356040e-03
8.000000000000000444e-01 6.850092129497750193e+01 6.906236812939121027e-03
8.000000000000000444e-01 7.307854849368722228e+01 6.199473398020471232e-03
8.000000000000000444e-01 7.765617569239692841e+01 5.494344380949357093e-03
8.000000000000000444e-01 8.223380289110664876e+01 4.814526298565278799e-03
8.000000000000000444e-01 8.681143008981636910e+01 4.177066807961721077e-03
8.000000000000000444e-01 9.138905728852607524e+01 3.589114012107368946e-03
8.000000000000000444e-01 9.596668448723579559e+01 3.055610292065973239e-03
8.000000000000000444e-01 1.005443116859455017e+02 2.583210480523323669e-03
8.000000000000000444e-01 1.051219388846552221e+02 2.163764987934631984e-03
8.000000000000000444e-01 1.096995660833649424e+02 1.804327157294345618e-03
8.000000000000000444e-01 1.142771932820746486e+02 1.494313668457902464e-03
8.000000000000000444e-01 1.188548204807843689e+02 1.230833757754329957e-03
8.000000000000000444e-01 1.234324476794940750e+02 1.009595654021366428e-03
8.000000000000000444e-01 1.280100748782037954e+02 8.228717402394496823e-04
8.000000000000000444e-01 1.325877020769135015e+02 6.688828314512431251e-04
8.000000000000000444e-01 1.371653292756232076e+02 5.413046326214936491e-04
8.000000000000000444e-01 1.417429564743329422e+02 4.365823084806509376e-04
8.000000000000000444e-01 1.463205836730426483e+02 3.505305517236190411e-04
8.000000000000000444e-01 1.508982108717523545e+02 2.796045304599057389e-04
8.000000000000000444e-01 1.554758380704620606e+02 2.236839191541151986e-04
8.000000000000000444e-01 1.600534652691717952e+02 1.771244075265279792e-04
8.000000000000000444e-01 1.646310924678815013e+02 1.397271952686993210e-04
8.000000000000000444e-01 1.692087196665912074e+02 1.095410004518511084e-04
8.000000000000000444e-01 1.737863468653009420e+02 8.504661609728825645e-05
8.000000000000000444e-01 1.783639740640106481e+02 6.541343656422100405e-05
8.000000000000000444e-01 1.829416012627203543e+02 4.912901161600759773e-05
8.000000000000000444e-01 1.875192284614300888e+02 3.641307930842320337e-05
8.000000000000000444e-01 1.920968556601397950e+02 2.628595929780657233e-05
8.000000000000000444e-01 1.966744828588495011e+02 1.792086943108099116e-05
8.000000000000000444e-01 2.012521100575592072e+02 1.145371524204623206e-05
8.000000000000000444e-01 2.058297372562689418e+02 5.926102232164528047e-06
8.000000000000000444e-01 2.104073644549786479e+02 1.666370441560387333e-06
8.000000000000000444e-01 2.125326913686652972e+02 0.000000000000000000e+00
9.000000000000000222e-01 1.000000000000000000e+00 1.298054716216050751e-02
9.000000000000000222e-01 1.237012768530304729e+00 1.093798564225093202e-02
9.000000000000000222e-01 1.530200589507009212e+00 1.026429361909866195e-02
9.000000000000000222e-01 1.892877667632769656e+00 9.666598930726218522e-03
9.000000000000000222e-01 2.341513844127597999e+00 8.594303442059997300e-03
9.000000000000000222e-01 2.896482522876316690e+00 7.724046979539617858e-03
9.000000000000000222e-01 3.582985864622873606e+00 7.610960498088925087e-03
9.000000000000000222e-01 4.432199264002088412e+00 7.167208644197240255e-03
9.000000000000000222e-01 5.482687082241202603e+00 6.863465539247278792e-03
9.000000000000000222e-01 6.782153926588527781e+00 6.753903002039377684e-03
9.000000000000000222e-01 8.389611005327951787e+00 6.665369857342565846e-03
9.000000000000000222e-01 1.037805593659304115e+01 6.746009191670449337e-03
9.000000000000000222e-01 1.283778770608732245e+01 6.986973673950025616e-03
9.000000000000000222e-01 1.588050731211138888e+01 7.348638733276677444e-03
9.000000000000000222e-01 1.964439031582065454e+01 7.875268318180164012e-03
9.000000000000000222e-01 2.430036165066321630e+01 8.525393381758020195e-03
9.000000000000000222e-01 3.005985764177454911e+01 9.239148101373443472e-03
9.000000000000000222e-01 3.413977993340117223e+01 9.642539134941686615e-03
9.000000000000000222e-01 3.718442772307837174e+01 9.863936000781486219e-03
9.000000000000000222e-01 3.904190218024852044e+01 9.970192633142088354e-03
9.000000000000000222e-01 4.394402442709586865e+01 1.010665640938830656e-02
9.000000000000000222e-01 4.599761188394018774e+01 1.010565430668069510e-02
9.000000000000000222e-01 4.884614667394320975e+01 1.003566697062882769e-02
9.000000000000000222e-01 5.374826892079056506e+01 9.782538772154751941e-03
9.000000000000000222e-01 5.689963322233528942e+01 9.530716324733267894e-03
9.000000000000000222e-01 5.865039116763790616e+01 9.359032012858330488e-03
9.000000000000000222e-01 6.355251341448525437e+01 8.792064209701411226e-03
9.000000000000000222e-01 6.845463566133260258e+01 8.129156710012927153e-03
9.000000000000000222e-01 7.335675790817995789e+01 7.397086857692145370e-03
9.000000000000000222e-01 7.825888015502729900e+01 6.632010770358562346e-03
9.000000000000000222e-01 8.316100240187464010e+01 5.870160098670784352e-03
9.000000000000000222e-01 8.806312464872199541e+01 5.129365355234841856e-03
9.000000000000000222e-01 9.296524689556933652e+01 4.437783548068965044e-03
9.000000000000000222e-01 9.786736914241669183e+01 3.795848420314378024e-03
9.000000000000000222e-01 1.027694913892640329e+02 3.220419138737250827e-03
9.000000000000000222e-01 1.076716136361113882e+02 2.706174061142903667e-03
9.000000000000000222e-01 1.125737358829587293e+02 2.257737693233362319e-03
9.000000000000000222e-01 1.174758581298060705e+02 1.873372657290171394e-03
9.000000000000000222e-01 1.223779803766534258e+02 1.543181957082169400e-03
9.000000000000000222e-01 1.272801026235007669e+02 1.265137054988184524e-03
9.000000000000000222e-01 1.321822248703481364e+02 1.031640224714697922e-03
9.000000000000000222e-01 1.370843471171954775e+02 8.376196547841412458e-04
9.000000000000000222e-01 1.419864693640428186e+02 6.769018314016157821e-04
9.000000000000000222e-01 1.468885916108901597e+02 5.455160131359957764e-04
9.000000000000000222e-01 1.517907138577375008e+02 4.384152047987485397e-04
9.000000000000000222e-01 1.566928361045848419e+02 3.504971965217501149e-04
9.000000000000000222e-01 1.615949583514321830e+02 2.798571029116482794e-04
9.000000000000000222e-01 1.664970805982795525e+02 2.217122824285227829e-04
9.000000000000000222e-01 1.713992028451268936e+02 1.752642099220824375e-04
9.000000000000000222e-01 1.763013250919742347e+02 1.377917211145223526e-04
9.000000000000000222e-01 1.812034473388216043e+02 1.078284560691471135e-04
9.000000000000000222e-01 1.861055695856689454e+02 8.342492790812568171e-05
9.000000000000000222e-01 1.910076918325162865e+02 6.405606273566484619e-05
9.000000000000000222e-01 1.959098140793636276e+02 4.807681058146333163e-05
9.000000000000000222e-01 2.008119363262109687e+02 3.584213139656690583e-05
9.000000000000000222e-01 2.057140585730583382e+02 2.560507581766158325e-05
9.000000000000000222e-01 2.106161808199056793e+02 1.757185883039868931e-05
9.000000000000000222e-01 2.155183030667530204e+02 1.102416897419670196e-05
9.000000000000000222e-01 2.204204253136003615e+02 5.949754537886768027e-06
9.000000000000000222e-01 2.253225475604477310e+02 1.642821712013245219e-06
9.000000000000000222e-01 2.275985328893411577e+02 0.000000000000000000e+00
1.000000000000000000e+00 1.000000000000000000e+00 1.180292797428571239e-02
1.000000000000000000e+00 1.238518784419908370e+00 9.073572924458194258e-03
1.000000000000000000e+00 1.533928779360967498e+00 9.358966466659509459e-03
1.000000000000000000e+00 1.899799607200859386e+00 8.644095634436580605e-03
1.000000000000000000e+00 2.352937500151827788e+00 7.774217831812647340e-03
1.000000000000000000e+00 2.914157292504059971e+00 7.116273199857615916e-03
1.000000000000000000e+00 3.609238547520539520e+00 6.905733848997714849e-03
1.000000000000000000e+00 4.470109738556614865e+00 6.546556378932933025e-03
1.000000000000000000e+00 5.536314879620732654e+00 6.219211847298767269e-03
1.000000000000000000e+00 6.856829974873720701e+00 6.200852655342629742e-03
1.000000000000000000e+00 8.492312725454594258e+00 6.019736895297198714e-03
1.000000000000000000e+00 1.051788883364374350e+01 6.318824781995420470e-03
1.000000000000000000e+00 1.302660289290817452e+01 6.485913475442568396e-03
1.000000000000000000e+00 1.613369238004549544e+01 7.010661389629552209e-03
1.000000000000000000e+00 1.998188107473869124e+01 7.548781161019267431e-03
1.000000000000000000e+00 2.474793505910852787e+01 8.303811762228899274e-03
1.000000000000000000e+00 3.065078244630993254e+01 9.114921282688079329e-03
1.000000000000000000e+00 3.493820667113915590e+01 9.610386720862668444e-03
1.000000000000000000e+00 3.796156981692284660e+01 9.853700972467920385e-03
1.000000000000000000e+00 3.995497480853349259e+01 9.998038159416834658e-03
1.000000000000000000e+00 4.497174294592783639e+01 1.017979980500004558e-02
1.000000000000000000e+00 4.701611730432675529e+01 1.020640808662921957e-02
1.000000000000000000e+00 4.998851108332218018e+01 1.015705737651182231e-02
1.000000000000000000e+00 5.500527922071651687e+01 9.906249666995024100e-03
1.000000000000000000e+00 5.823034445189860264e+01 9.687316050047641014e-03
1.000000000000000000e+00 6.002204735811085357e+01 9.527963960703182342e-03
1.000000000000000000e+00 6.503881549550519026e+01 8.956057398487688934e-03
1.000000000000000000e+00 7.005558363289954116e+01 8.294150614315858733e-03
1.000000000000000000e+00 7.507235177029387785e+01 7.552467449519691643e-03
1.000000000000000000e+00 8.008911990768821454e+01 6.768323732154322980e-03
1.000000000000000000e+00 8.510588804508256544e+01 5.978200613906026195e-03
1.000000000000000000e+00 9.012265618247690213e+01 5.234600910013000562e-03
1.000000000000000000e+00 9.513942431987123882e+01 4.518917739840582794e-03
1.000000000000000000e+00 1.001561924572655755e+02 3.860656079994886653e-03
1.000000000000000000e+00 1.051729605946599264e+02 3.278160683063581840e-03
1.000000000000000000e+00 1.101897287320542631e+02 2.745341547834850935e-03
1.000000000000000000e+00 1.152064968694485998e+02 2.281895388743325655e-03
1.000000000000000000e+00 1.202232650068429365e+02 1.889706392000251598e-03
1.000000000000000000e+00 1.252400331442372732e+02 1.561679389228821978e-03
1.000000000000000000e+00 1.302568012816316241e+02 1.271658977030625621e-03
1.000000000000000000e+00 1.352735694190259608e+02 1.036392011451148752e-03
1.000000000000000000e+00 1.402903375564202975e+02 8.340084561253047505e-04
1.000000000000000000e+00 1.453071056938146626e+02 6.818898795724597645e-04
1.000000000000000000e+00 1.503238738312089708e+02 5.441411136559183830e-04
1.000000000000000000e+00 1.553406419686033360e+02 4.362935220730229202e-04
1.000000000000000000e+00 1.603574101059976442e+02 3.537276892624076439e-04
1.000000000000000000e+00 1.653741782433920093e+02 2.785410954224737845e-04
1.000000000000000000e+00 1.703909463807863176e+02 2.193463790582836869e-04
1.000000000000000000e+00 1.754077145181806827e+02 1.740677024735219776e-04
1.000000000000000000e+00 1.804244826555750478e+02 1.334896335526795659e-04
1.000000000000000000e+00 1.854412507929693561e+02 1.084701525479577421e-04
1.000000000000000000e+00 1.904580189303637212e+02 8.504672034565488234e-05
1.000000000000000000e+00 1.954747870677580295e+02 6.393439345468905112e-05
1.000000000000000000e+00 2.004915552051523946e+02 4.804345660129561921e-05
1.000000000000000000e+00 2.055083233425467029e+02 3.694783937096988915e-05
1.000000000000000000e+00 2.105250914799410680e+02 2.611856905916594879e-05
1.000000000000000000e+00 2.155418596173353762e+02 1.587028142670431348e-05
1.000000000000000000e+00 2.205586277547297414e+02 1.033710844289827803e-05
1.000000000000000000e+00 2.255753958921241065e+02 5.100820500685654296e-06
1.000000000000000000e+00 2.305921640295184432e+02 1.746861165546135508e-06
1.000000000000000000e+00 2.329213778075943821e+02 0.000000000000000000e+00
