# mx [GeV]: 10.0
# sigma_p [cm^2]: 5.6234132519e-31
# depth [m]: 10.6
# loc: SUF
# Columns: gamma/pi, v [km/s], f(v, gamma) [s/km]
0.000000000000000000e+00 1.000000000000000000e+00 2.630476470886004316e-03
0.000000000000000000e+00 1.225081607915785353e+00 2.402471748573969512e-03
0.000000000000000000e+00 1.500824946053526343e+00 2.097227942254717079e-03
0.000000000000000000e+00 1.838633038111376017e+00 1.687910027023813023e-03
0.000000000000000000e+00 2.252475518696570145e+00 1.251958571703870289e-03
0.000000000000000000e+00 2.759466330235737175e+00 1.306117171144965906e-03
0.000000000000000000e+00 3.380571448834668313e+00 1.225357268611975813e-03
0.000000000000000000e+00 4.141475906212572333e+00 1.072700016150179934e-03
0.000000000000000000e+00 5.073645962327382186e+00 8.919427295547327668e-04
0.000000000000000000e+00 6.215630353523462048e+00 8.787966060645293394e-04
0.000000000000000000e+00 7.614654427704685702e+00 8.353309794007797830e-04
0.000000000000000000e+00 9.328573090015510161e+00 7.741584794278611771e-04
0.000000000000000000e+00 1.142826332067612860e+01 7.258704868806116614e-04
0.000000000000000000e+00 1.400055520457890701e+01 6.572808316138527545e-04
0.000000000000000000e+00 1.715182268173924740e+01 6.525879188995682440e-04
0.000000000000000000e+00 2.101238250963154996e+01 6.076407150025631273e-04
0.000000000000000000e+00 2.574188335104095060e+01 6.061871923972922188e-04
0.000000000000000000e+00 2.839792631545984847e+01 6.058358699767464476e-04
0.000000000000000000e+00 3.153590784647384382e+01 5.745776239280442647e-04
0.000000000000000000e+00 3.247557727357715862e+01 5.754569087481484690e-04
0.000000000000000000e+00 3.655322823169446878e+01 5.734951570987971165e-04
0.000000000000000000e+00 3.863406069164219758e+01 5.692750035930477888e-04
0.000000000000000000e+00 4.063087918981177893e+01 5.645989830619252978e-04
0.000000000000000000e+00 4.470853014792909619e+01 5.380441755768683660e-04
0.000000000000000000e+00 4.732987719243307367e+01 5.334544843749787577e-04
0.000000000000000000e+00 4.878618110604639924e+01 5.294486644704109483e-04
0.000000000000000000e+00 5.286383206416371650e+01 5.167344190446923136e-04
0.000000000000000000e+00 5.694148302228102665e+01 5.032199744031490502e-04
0.000000000000000000e+00 6.101913398039833680e+01 4.727115205870658678e-04
0.000000000000000000e+00 6.509678493851563985e+01 4.557935920355999791e-04
0.000000000000000000e+00 6.917443589663295711e+01 4.370214594863712628e-04
0.000000000000000000e+00 7.325208685475027437e+01 4.062041209120675921e-04
0.000000000000000000e+00 7.732973781286759163e+01 3.883176182415900863e-04
0.000000000000000000e+00 8.140738877098489468e+01 3.684489080513976989e-04
0.000000000000000000e+00 8.548503972910219773e+01 3.679737381816167532e-04
0.000000000000000000e+00 8.956269068721951498e+01 3.195507935266705219e-04
0.000000000000000000e+00 9.364034164533683224e+01 3.005288689222764638e-04
0.000000000000000000e+00 9.771799260345414950e+01 2.802649672097348417e-04
0.000000000000000000e+00 1.017956435615714383e+02 2.594076173998467608e-04
0.000000000000000000e+00 1.058732945196887556e+02 2.371946346136873443e-04
0.000000000000000000e+00 1.099509454778060729e+02 2.167460962806312826e-04
0.000000000000000000e+00 1.140285964359233901e+02 2.003445010326069826e-04
0.000000000000000000e+00 1.181062473940406790e+02 1.846784949487480254e-04
0.000000000000000000e+00 1.221838983521579962e+02 1.651655289163488647e-04
0.000000000000000000e+00 1.262615493102753135e+02 1.514318624059086970e-04
0.000000000000000000e+00 1.303392002683926307e+02 1.333548896646303747e-04
0.000000000000000000e+00 1.344168512265099480e+02 1.218433364330144552e-04
0.000000000000000000e+00 1.384945021846272368e+02 1.069548261806592925e-04
0.000000000000000000e+00 1.425721531427445541e+02 9.724046665356372941e-05
0.000000000000000000e+00 1.466498041008618713e+02 8.601566981967465617e-05
0.000000000000000000e+00 1.507274550589791886e+02 7.468434042388141802e-05
0.000000000000000000e+00 1.548051060170964774e+02 6.345822850112726836e-05
0.000000000000000000e+00 1.588827569752137947e+02 5.735952858712595794e-05
0.000000000000000000e+00 1.629604079333311120e+02 4.896182551868228993e-05
0.000000000000000000e+00 1.670380588914484292e+02 4.268528010746564639e-05
0.000000000000000000e+00 1.711157098495657181e+02 3.332616305126794135e-05
0.000000000000000000e+00 1.751933608076830353e+02 2.866420317955827997e-05
0.000000000000000000e+00 1.792710117658003526e+02 2.165511110352653741e-05
0.000000000000000000e+00 1.833486627239176698e+02 1.563990004182715690e-05
0.000000000000000000e+00 1.874263136820349871e+02 7.435303808044582769e-06
0.000000000000000000e+00 1.893195087697323231e+02 0.000000000000000000e+00
1.000000000000000056e-01 1.000000000000000000e+00 2.893752429700877614e-03
1.000000000000000056e-01 1.230057194989906177e+00 2.678879150128041838e-03
1.000000000000000056e-01 1.513040702946435889e+00 2.390219987254262567e-03
1.000000000000000056e-01 1.861126602971848731e+00 1.925929191164741424e-03
1.000000000000000056e-01 2.289292168772645297e+00 1.539890587394896967e-03
1.000000000000000056e-01 2.815960303632838890e+00 1.438906835753896206e-03
1.000000000000000056e-01 3.463792232289534034e+00 1.364260213923248642e-03
1.000000000000000056e-01 4.260662557277889562e+00 1.182360773728691064e-03
1.000000000000000056e-01 5.240858634003761729e+00 1.024199378302570853e-03
1.000000000000000056e-01 6.446555870681297762e+00 9.683717131276654150e-04
1.000000000000000056e-01 7.929632431635949885e+00 9.102915555459058575e-04
1.000000000000000056e-01 9.753901426159105270e+00 8.516483727055339584e-04
1.000000000000000056e-01 1.199785662846931267e+01 7.867816487628875562e-04
1.000000000000000056e-01 1.475804987030601900e+01 7.331299035102939324e-04
1.000000000000000056e-01 1.815324542698976629e+01 7.108245555488584182e-04
1.000000000000000056e-01 2.232953014988637719e+01 6.793207489917211508e-04
1.000000000000000056e-01 2.746659922161176937e+01 6.593958434626018576e-04
1.000000000000000056e-01 3.067129110270452230e+01 6.494482542452579372e-04
1.000000000000000056e-01 3.378548799444770623e+01 6.360052867226424073e-04
1.000000000000000056e-01 3.507537392770824880e+01 6.316049275030314290e-04
1.000000000000000056e-01 3.947945675271197530e+01 6.230526085212106588e-04
1.000000000000000056e-01 4.155808259381550585e+01 6.169082610632948931e-04
1.000000000000000056e-01 4.388353957771570180e+01 6.092059489005678544e-04
1.000000000000000056e-01 4.828762240271942829e+01 5.930740401402391894e-04
1.000000000000000056e-01 5.111881850450753717e+01 5.771867389134684298e-04
1.000000000000000056e-01 5.269170522772315479e+01 5.714228107311759104e-04
1.000000000000000056e-01 5.709578805272688129e+01 5.537527071739791178e-04
1.000000000000000056e-01 6.149987087773060779e+01 5.325575538762402457e-04
1.000000000000000056e-01 6.590395370273432718e+01 5.057169941191408695e-04
1.000000000000000056e-01 7.030803652773806789e+01 4.829555202218578061e-04
1.000000000000000056e-01 7.471211935274178018e+01 4.589579385087586808e-04
1.000000000000000056e-01 7.911620217774552088e+01 4.334633898649203833e-04
1.000000000000000056e-01 8.352028500274923317e+01 4.046600350292309722e-04
1.000000000000000056e-01 8.792436782775297388e+01 3.799975814301888538e-04
1.000000000000000056e-01 9.232845065275668617e+01 3.550417379468641019e-04
1.000000000000000056e-01 9.673253347776042688e+01 3.297966904705223220e-04
1.000000000000000056e-01 1.011366163027641392e+02 3.036916827901894899e-04
1.000000000000000056e-01 1.055406991277678799e+02 2.792618015294464338e-04
1.000000000000000056e-01 1.099447819527715922e+02 2.570890569734488582e-04
1.000000000000000056e-01 1.143488647777753329e+02 2.349856240949216844e-04
1.000000000000000056e-01 1.187529476027790452e+02 2.133256886539004467e-04
1.000000000000000056e-01 1.231570304277827859e+02 1.933925717960007331e-04
1.000000000000000056e-01 1.275611132527864982e+02 1.746821664154374256e-04
1.000000000000000056e-01 1.319651960777902389e+02 1.572990831971008601e-04
1.000000000000000056e-01 1.363692789027939511e+02 1.399244527418614271e-04
1.000000000000000056e-01 1.407733617277976919e+02 1.249558491216054383e-04
1.000000000000000056e-01 1.451774445528014041e+02 1.108363491193632683e-04
1.000000000000000056e-01 1.495815273778051449e+02 9.728391634016962002e-05
1.000000000000000056e-01 1.539856102028088571e+02 8.547212757612231192e-05
1.000000000000000056e-01 1.583896930278125978e+02 7.401834404226641836e-05
1.000000000000000056e-01 1.627937758528163101e+02 6.403149069170825116e-05
1.000000000000000056e-01 1.671978586778200224e+02 5.462979360339002285e-05
1.000000000000000056e-01 1.716019415028237631e+02 4.582595463741633381e-05
1.000000000000000056e-01 1.760060243278275038e+02 3.786766452910118186e-05
1.000000000000000056e-01 1.804101071528312161e+02 3.049340188808384461e-05
1.000000000000000056e-01 1.848141899778349284e+02 2.353460400535407922e-05
1.000000000000000056e-01 1.892182728028386691e+02 1.721703901286980302e-05
1.000000000000000056e-01 1.936223556278424098e+02 1.138684285375044440e-05
1.000000000000000056e-01 1.980264384528461221e+02 6.256863190559388879e-06
1.000000000000000056e-01 2.024305212778498344e+02 1.861664759052128168e-06
1.000000000000000056e-01 2.044752740180301487e+02 0.000000000000000000e+00
2.000000000000000111e-01 1.000000000000000000e+00 3.892815725527338719e-03
2.000000000000000111e-01 1.238307850050521353e+00 3.663109758524533011e-03
2.000000000000000111e-01 1.533406331496744102e+00 3.355540098190957273e-03
2.000000000000000111e-01 1.898829097609590066e+00 2.717317881748563830e-03
2.000000000000000111e-01 2.351334977474302868e+00 2.132147667439090143e-03
2.000000000000000111e-01 2.911676560704794969e+00 1.865574336861549991e-03
2.000000000000000111e-01 3.605551941928850201e+00 1.840849871103063251e-03
2.000000000000000111e-01 4.464783273455397605e+00 1.601305677561917079e-03
2.000000000000000111e-01 5.528776176294081246e+00 1.381871085240109903e-03
2.000000000000000111e-01 6.846326940277264406e+00 1.261776539965682020e-03
2.000000000000000111e-01 8.477860394157703539e+00 1.201370804878320242e-03
2.000000000000000111e-01 1.049820107771788891e+01 1.110910196668890050e-03
2.000000000000000111e-01 1.300000480594690444e+01 1.034519705024905881e-03
2.000000000000000111e-01 1.609800800189855252e+01 9.639736452189876350e-04
2.000000000000000111e-01 1.993428967892709380e+01 9.243727299503304512e-04
2.000000000000000111e-01 2.468478739459650129e+01 8.827133343413349218e-04
2.000000000000000111e-01 3.056736600755699840e+01 8.552856854085548986e-04
2.000000000000000111e-01 3.482532240745889851e+01 8.390302074754909384e-04
2.000000000000000111e-01 3.785180928252528787e+01 8.265162710270886970e-04
2.000000000000000111e-01 3.982588152237607204e+01 8.153127745557266345e-04
2.000000000000000111e-01 4.482644063729324557e+01 8.052596483810482968e-04
2.000000000000000111e-01 4.687219257316624521e+01 7.967419060990164632e-04
2.000000000000000111e-01 4.982699975221042621e+01 7.838783438659001693e-04
2.000000000000000111e-01 5.482755886712759974e+01 7.635989907275911011e-04
2.000000000000000111e-01 5.804220401243149752e+01 7.410849226197770536e-04
2.000000000000000111e-01 5.982811798204477327e+01 7.330162106816148033e-04
2.000000000000000111e-01 6.482867709696195391e+01 7.064983664409200991e-04
2.000000000000000111e-01 6.982923621187913454e+01 6.769284808142216970e-04
2.000000000000000111e-01 7.482979532679630097e+01 6.428623118429299633e-04
2.000000000000000111e-01 7.983035444171346739e+01 6.114489558540869667e-04
2.000000000000000111e-01 8.483091355663064803e+01 5.760766312793184430e-04
2.000000000000000111e-01 8.983147267154782867e+01 5.414201462111202815e-04
2.000000000000000111e-01 9.483203178646499509e+01 5.044896297018032884e-04
2.000000000000000111e-01 9.983259090138217573e+01 4.687482859785847313e-04
2.000000000000000111e-01 1.048331500162993564e+02 4.346698010259732485e-04
2.000000000000000111e-01 1.098337091312165228e+02 4.004339156467510269e-04
2.000000000000000111e-01 1.148342682461337034e+02 3.651118353236217908e-04
2.000000000000000111e-01 1.198348273610508841e+02 3.339865761945616106e-04
2.000000000000000111e-01 1.248353864759680505e+02 3.041708204074204756e-04
2.000000000000000111e-01 1.298359455908852169e+02 2.748801469284597120e-04
2.000000000000000111e-01 1.348365047058023833e+02 2.470427962577305923e-04
2.000000000000000111e-01 1.398370638207195782e+02 2.208046931627643378e-04
2.000000000000000111e-01 1.448376229356367730e+02 1.971099892896330957e-04
2.000000000000000111e-01 1.498381820505539395e+02 1.748015175090651240e-04
2.000000000000000111e-01 1.548387411654711059e+02 1.541575516783362954e-04
2.000000000000000111e-01 1.598393002803882723e+02 1.348446572294783447e-04
2.000000000000000111e-01 1.648398593953054387e+02 1.176373483172730132e-04
2.000000000000000111e-01 1.698404185102226052e+02 1.015088139661164912e-04
2.000000000000000111e-01 1.748409776251398284e+02 8.724648596762379254e-05
2.000000000000000111e-01 1.798415367400569949e+02 7.417303207023323813e-05
2.000000000000000111e-01 1.848420958549741613e+02 6.230388084031833094e-05
2.000000000000000111e-01 1.898426549698913277e+02 5.175451299394135914e-05
2.000000000000000111e-01 1.948432140848084941e+02 4.250465468781509416e-05
2.000000000000000111e-01 1.998437731997256606e+02 3.414290476146821218e-05
2.000000000000000111e-01 2.048443323146428838e+02 2.649839893348361822e-05
2.000000000000000111e-01 2.098448914295600503e+02 2.026500011727600087e-05
2.000000000000000111e-01 2.148454505444772167e+02 1.451907232587934124e-05
2.000000000000000111e-01 2.198460096593943831e+02 9.505183887866828699e-06
2.000000000000000111e-01 2.248465687743115495e+02 5.322929737978553531e-06
2.000000000000000111e-01 2.298471278892287160e+02 1.557479501517993454e-06
2.000000000000000111e-01 2.321688160497259901e+02 0.000000000000000000e+00
3.000000000000000444e-01 1.000000000000000000e+00 5.644102182355569680e-03
3.000000000000000444e-01 1.247767861066224171e+00 5.322781133926018232e-03
3.000000000000000444e-01 1.556924635109780075e+00 5.045009622535735240e-03
3.000000000000000444e-01 1.942680521792241821e+00 4.248457135167106428e-03
3.000000000000000444e-01 2.424014319411721630e+00 3.185671945758851605e-03
3.000000000000000444e-01 3.024607162526263160e+00 2.736623328369487945e-03
3.000000000000000444e-01 3.774007609750976933e+00 2.676374661810405984e-03
3.000000000000000444e-01 4.709085402866628911e+00 2.362869779222592347e-03
3.000000000000000444e-01 5.875845420713073253e+00 1.987170853818341024e-03
3.000000000000000444e-01 7.331691072558919942e+00 1.803544676746546629e-03
3.000000000000000444e-01 9.148248487605172841e+00 1.724223089140637785e-03
3.000000000000000444e-01 1.141489044788142415e+01 1.596718610147981844e-03
3.000000000000000444e-01 1.424313343845828328e+01 1.476921289752546138e-03
3.000000000000000444e-01 1.777212414538590579e+01 1.377483167748175903e-03
3.000000000000000444e-01 2.217548533149156142e+01 1.317474738082106403e-03
3.000000000000000444e-01 2.766985790018066638e+01 1.261655083560477312e-03
3.000000000000000444e-01 3.452555940811478763e+01 1.222822942532736682e-03
3.000000000000000444e-01 4.024327905967528807e+01 1.201621888752917337e-03
3.000000000000000444e-01 4.307988341477823724e+01 1.189164543816704708e-03
3.000000000000000444e-01 4.602180118106456064e+01 1.177337156818836434e-03
3.000000000000000444e-01 5.180032330245383321e+01 1.159823638830993243e-03
3.000000000000000444e-01 5.375369398344016503e+01 1.151647144507007706e-03
3.000000000000000444e-01 5.757884542384310578e+01 1.133226862677875514e-03
3.000000000000000444e-01 6.335736754523237835e+01 1.095791035642579422e-03
3.000000000000000444e-01 6.707213176612548011e+01 1.077312154703173206e-03
3.000000000000000444e-01 6.913588966662165092e+01 1.063671783275906566e-03
3.000000000000000444e-01 7.491441178801090928e+01 1.026972680810720427e-03
3.000000000000000444e-01 8.069293390940018185e+01 9.826482621260691427e-04
3.000000000000000444e-01 8.647145603078945442e+01 9.320141214900258281e-04
3.000000000000000444e-01 9.224997815217872699e+01 8.845349686879507879e-04
3.000000000000000444e-01 9.802850027356799956e+01 8.338251825635893070e-04
3.000000000000000444e-01 1.038070223949572721e+02 7.804895018844213795e-04
3.000000000000000444e-01 1.095855445163465447e+02 7.230614555193559537e-04
3.000000000000000444e-01 1.153640666377358173e+02 6.722758221252726546e-04
3.000000000000000444e-01 1.211425887591250898e+02 6.186253200306475247e-04
3.000000000000000444e-01 1.269211108805143624e+02 5.660306874180910100e-04
3.000000000000000444e-01 1.326996330019036350e+02 5.141088072051680415e-04
3.000000000000000444e-01 1.384781551232929075e+02 4.660411474550476760e-04
3.000000000000000444e-01 1.442566772446821801e+02 4.202446200677688423e-04
3.000000000000000444e-01 1.500351993660714527e+02 3.751770062807623985e-04
3.000000000000000444e-01 1.558137214874607253e+02 3.343854803756019585e-04
3.000000000000000444e-01 1.615922436088499978e+02 2.964039897087074999e-04
3.000000000000000444e-01 1.673707657302392704e+02 2.609267150891737765e-04
3.000000000000000444e-01 1.731492878516285145e+02 2.285996618092700765e-04
3.000000000000000444e-01 1.789278099730178155e+02 1.983207137627690075e-04
3.000000000000000444e-01 1.847063320944070597e+02 1.715718590639584253e-04
3.000000000000000444e-01 1.904848542157963607e+02 1.474882166875715129e-04
3.000000000000000444e-01 1.962633763371856048e+02 1.250276950347483903e-04
3.000000000000000444e-01 2.020418984585749058e+02 1.061305948379906878e-04
3.000000000000000444e-01 2.078204205799641500e+02 8.822308977120621454e-05
3.000000000000000444e-01 2.135989427013534510e+02 7.368639667869650821e-05
3.000000000000000444e-01 2.193774648227426951e+02 6.013455203069751812e-05
3.000000000000000444e-01 2.251559869441319961e+02 4.854445795502176540e-05
3.000000000000000444e-01 2.309345090655212402e+02 3.861768474585855899e-05
3.000000000000000444e-01 2.367130311869105412e+02 2.955867417065458167e-05
3.000000000000000444e-01 2.424915533082997854e+02 2.225388878527056175e-05
3.000000000000000444e-01 2.482700754296890864e+02 1.572880706407953668e-05
3.000000000000000444e-01 2.540485975510783305e+02 1.017672555633829762e-05
3.000000000000000444e-01 2.598271196724676315e+02 5.595174128605811073e-06
3.000000000000000444e-01 2.656056417938568757e+02 1.567455598741732459e-06
3.000000000000000444e-01 2.682885270645019204e+02 0.000000000000000000e+00
4.000000000000000222e-01 1.000000000000000000e+00 7.791083976890301153e-03
4.000000000000000222e-01 1.257172809655240142e+00 7.305400754355290127e-03
4.000000000000000222e-01 1.580483473336450784e+00 7.183881105620999394e-03
4.000000000000000222e-01 1.986940848788058656e+00 6.184161962156908485e-03
4.000000000000000222e-01 2.497928009489651657e+00 4.493943491322614781e-03
4.000000000000000222e-01 3.140327174006626532e+00 3.766307698640156566e-03
4.000000000000000222e-01 3.947933936582611381e+00 3.749961173821252537e-03
4.000000000000000222e-01 4.963235199386834218e+00 3.304180365839752900e-03
4.000000000000000222e-01 6.239644340592932714e+00 2.735526151926909264e-03
4.000000000000000222e-01 7.844311206912634837e+00 2.498747495926061449e-03
4.000000000000000222e-01 9.861654759804444836e+00 2.392220657677788555e-03
4.000000000000000222e-01 1.239780422223332934e+01 2.226299795680966587e-03
4.000000000000000222e-01 1.558618236762067433e+01 2.044326893113634653e-03
4.000000000000000222e-01 1.959452467890064753e+01 1.927336455077055663e-03
4.000000000000000222e-01 2.463370364443246885e+01 1.850952298176941581e-03
4.000000000000000222e-01 3.096882242288569387e+01 1.785344364605799235e-03
4.000000000000000222e-01 3.893316149709340834e+01 1.755462540363537721e-03
4.000000000000000222e-01 4.641473337062240745e+01 1.739640926354243076e-03
4.000000000000000222e-01 4.894571202806213961e+01 1.733810951848164432e-03
4.000000000000000222e-01 5.307941303409639744e+01 1.732161998296093651e-03
4.000000000000000222e-01 5.974409269757038032e+01 1.714420924175643918e-03
4.000000000000000222e-01 6.153321831089515825e+01 1.706687963846244055e-03
4.000000000000000222e-01 6.640877236104437031e+01 1.688783521336682065e-03
4.000000000000000222e-01 7.307345202451836030e+01 1.653813898385362918e-03
4.000000000000000222e-01 7.735788895103733864e+01 1.626448702278437616e-03
4.000000000000000222e-01 7.973813168799233608e+01 1.614946526192034089e-03
4.000000000000000222e-01 8.640281135146634028e+01 1.563061118126260213e-03
4.000000000000000222e-01 9.306749101494031606e+01 1.502150744179487837e-03
4.000000000000000222e-01 9.973217067841430605e+01 1.437657322743266311e-03
4.000000000000000222e-01 1.063968503418882960e+02 1.367887339319188772e-03
4.000000000000000222e-01 1.130615300053622718e+02 1.288909646221040196e-03
4.000000000000000222e-01 1.197262096688362760e+02 1.202179061170538521e-03
4.000000000000000222e-01 1.263908893323102518e+02 1.121483281371473371e-03
4.000000000000000222e-01 1.330555689957842560e+02 1.037228080349543490e-03
4.000000000000000222e-01 1.397202486592582318e+02 9.529155697048588428e-04
4.000000000000000222e-01 1.463849283227322076e+02 8.685260758682379059e-04
4.000000000000000222e-01 1.530496079862062118e+02 7.881418511390505307e-04
4.000000000000000222e-01 1.597142876496801875e+02 7.091053744669994227e-04
4.000000000000000222e-01 1.663789673131541917e+02 6.338625832706380704e-04
4.000000000000000222e-01 1.730436469766281675e+02 5.626097861273887104e-04
4.000000000000000222e-01 1.797083266401021433e+02 4.971914919064322714e-04
4.000000000000000222e-01 1.863730063035761475e+02 4.357951657482513302e-04
4.000000000000000222e-01 1.930376859670501233e+02 3.803618903934984736e-04
4.000000000000000222e-01 1.997023656305240991e+02 3.279038266762032347e-04
4.000000000000000222e-01 2.063670452939981033e+02 2.824114469172639831e-04
4.000000000000000222e-01 2.130317249574720790e+02 2.410195556640821340e-04
4.000000000000000222e-01 2.196964046209460832e+02 2.030735700008043539e-04
4.000000000000000222e-01 2.263610842844200590e+02 1.709801700531498583e-04
4.000000000000000222e-01 2.330257639478940348e+02 1.420553898398560695e-04
4.000000000000000222e-01 2.396904436113680390e+02 1.175861969949020078e-04
4.000000000000000222e-01 2.463551232748420148e+02 9.598354184443831487e-05
4.000000000000000222e-01 2.530198029383160190e+02 7.743587910312293174e-05
4.000000000000000222e-01 2.596844826017900232e+02 6.151518706989732950e-05
4.000000000000000222e-01 2.663491622652639990e+02 4.756299610522982449e-05
4.000000000000000222e-01 2.730138419287379747e+02 3.644244423537286719e-05
4.000000000000000222e-01 2.796785215922119505e+02 2.679738677489972343e-05
4.000000000000000222e-01 2.863432012556859831e+02 1.876075350726845187e-05
4.000000000000000222e-01 2.930078809191599589e+02 1.221545026637740653e-05
4.000000000000000222e-01 2.996725605826339347e+02 6.509947455387764916e-06
4.000000000000000222e-01 3.063372402461079105e+02 1.853469111832516911e-06
4.000000000000000222e-01 3.094315558041494114e+02 0.000000000000000000e+00
5.000000000000000000e-01 1.000000000000000000e+00 9.195021270491958096e-03
5.000000000000000000e-01 1.265656168563286776e+00 8.598004726135864348e-03
5.000000000000000000e-01 1.601885537022299077e+00 8.588744581202059289e-03
5.000000000000000000e-01 2.027436311264585900e+00 7.431652934723610542e-03
5.000000000000000000e-01 2.566037273721219591e+00 5.298917531706035314e-03
5.000000000000000000e-01 3.247720904248580176e+00 4.463770381916287375e-03
5.000000000000000000e-01 4.110497996234151685e+00 4.504049434958596471e-03
5.000000000000000000e-01 5.202477144800783826e+00 3.905361588720153779e-03
5.000000000000000000e-01 6.584547290126628205e+00 3.239458615927445079e-03
5.000000000000000000e-01 8.333772894945441934e+00 3.017508890884661090e-03
5.000000000000000000e-01 1.054769107189321531e+01 2.895608251277885688e-03
5.000000000000000000e-01 1.334975026924155905e+01 2.698102241368193627e-03
5.000000000000000000e-01 1.689619377704497438e+01 2.488002455634995454e-03
5.000000000000000000e-01 2.138477187915759714e+01 2.376133041858313148e-03
5.000000000000000000e-01 2.706576844217451949e+01 2.316903658266425241e-03
5.000000000000000000e-01 3.425595678574372727e+01 2.275560295362477788e-03
5.000000000000000000e-01 4.335626301591392462e+01 2.299246130650900704e-03
5.000000000000000000e-01 5.274123717552102875e+01 2.334716615503412262e-03
5.000000000000000000e-01 5.487412173194373821e+01 2.347825991023734862e-03
5.000000000000000000e-01 6.031433789815994828e+01 2.366794712453712535e-03
5.000000000000000000e-01 6.788743862079886071e+01 2.379809868181032798e-03
5.000000000000000000e-01 6.945177066452733072e+01 2.380531829837496862e-03
5.000000000000000000e-01 7.546053934343778735e+01 2.379310246931545456e-03
5.000000000000000000e-01 8.303364006607669978e+01 2.368783421256433555e-03
5.000000000000000000e-01 8.790206195920171695e+01 2.349019163803515824e-03
5.000000000000000000e-01 9.060674078871562642e+01 2.339352404699817332e-03
5.000000000000000000e-01 9.817984151135453885e+01 2.289040525878846110e-03
5.000000000000000000e-01 1.057529422339934513e+02 2.227837678532424998e-03
5.000000000000000000e-01 1.133260429566323779e+02 2.149878033307180396e-03
5.000000000000000000e-01 1.208991436792713046e+02 2.061188328719373158e-03
5.000000000000000000e-01 1.284722444019102170e+02 1.949134341481065149e-03
5.000000000000000000e-01 1.360453451245491294e+02 1.842108764817140896e-03
5.000000000000000000e-01 1.436184458471880419e+02 1.712120547593832609e-03
5.000000000000000000e-01 1.511915465698269827e+02 1.594801872321619093e-03
5.000000000000000000e-01 1.587646472924658951e+02 1.461979939123024541e-03
5.000000000000000000e-01 1.663377480151048076e+02 1.332909228234713641e-03
5.000000000000000000e-01 1.739108487377437200e+02 1.206682235527355151e-03
5.000000000000000000e-01 1.814839494603826608e+02 1.082324731927953535e-03
5.000000000000000000e-01 1.890570501830215733e+02 9.635660975612645243e-04
5.000000000000000000e-01 1.966301509056604857e+02 8.525641783191544639e-04
5.000000000000000000e-01 2.042032516282993981e+02 7.479285735222188916e-04
5.000000000000000000e-01 2.117763523509383390e+02 6.508541134825735711e-04
5.000000000000000000e-01 2.193494530735772514e+02 5.615859036364947033e-04
5.000000000000000000e-01 2.269225537962161638e+02 4.815404995758237709e-04
5.000000000000000000e-01 2.344956545188550763e+02 4.084231334756470823e-04
5.000000000000000000e-01 2.420687552414939887e+02 3.449631221959830385e-04
5.000000000000000000e-01 2.496418559641329296e+02 2.884313648273906998e-04
5.000000000000000000e-01 2.572149566867718136e+02 2.390508981858670821e-04
5.000000000000000000e-01 2.647880574094107260e+02 1.964299621515219741e-04
5.000000000000000000e-01 2.723611581320496384e+02 1.598891334447652207e-04
5.000000000000000000e-01 2.799342588546886077e+02 1.280424251134019509e-04
5.000000000000000000e-01 2.875073595773275201e+02 1.018919806796807226e-04
5.000000000000000000e-01 2.950804602999664326e+02 7.954921384252022288e-05
5.000000000000000000e-01 3.026535610226053450e+02 6.103259114219540304e-05
5.000000000000000000e-01 3.102266617452442574e+02 4.548621617773937644e-05
5.000000000000000000e-01 3.177997624678831698e+02 3.293405492738416077e-05
5.000000000000000000e-01 3.253728631905220823e+02 2.247698230478606212e-05
5.000000000000000000e-01 3.329459639131609947e+02 1.440932310002961459e-05
5.000000000000000000e-01 3.405190646357999071e+02 7.619591551315847807e-06
5.000000000000000000e-01 3.480921653584388196e+02 2.181272529674225903e-06
5.000000000000000000e-01 3.516082478368068678e+02 0.000000000000000000e+00
6.000000000000000888e-01 1.000000000000000000e+00 8.817570977464274720e-03
6.000000000000000888e-01 1.272717839358314729e+00 8.284849401290770091e-03
6.000000000000000888e-01 1.619810698620897105e+00 8.242412444937768229e-03
6.000000000000000888e-01 2.061561972518270558e+00 6.959248148150831356e-03
6.000000000000000888e-01 2.623786699366718711e+00 4.955188677899731269e-03
6.000000000000000888e-01 3.339340138955094073e+00 4.367952896067163644e-03
6.000000000000000888e-01 4.250037766533422356e+00 4.366741602459369223e-03
6.000000000000000888e-01 5.409098883413656189e+00 3.693270015645497718e-03
6.000000000000000888e-01 6.884256643773700723e+00 3.148875254693431040e-03
6.000000000000000888e-01 8.761716241251786386e+00 2.999800062972562877e-03
6.000000000000000888e-01 1.115119256363662714e+01 2.879938017257375072e-03
6.000000000000000888e-01 1.419232170586012032e+01 2.683453931681601800e-03
6.000000000000000888e-01 1.806282101696040243e+01 2.524191528289729518e-03
6.000000000000000888e-01 2.298887453742179687e+01 2.469082182885810710e-03
6.000000000000000888e-01 2.925835073054686220e+01 2.449306776849369174e-03
6.000000000000000888e-01 3.723762492496936716e+01 2.487254224100821608e-03
6.000000000000000888e-01 4.739298953734233066e+01 2.604759241039231871e-03
6.000000000000000888e-01 5.862215099648474137e+01 2.747865123638100135e-03
6.000000000000000888e-01 6.031790324469754694e+01 2.769338213184111518e-03
6.000000000000000888e-01 6.703969062674921986e+01 2.847470329742767762e-03
6.000000000000000888e-01 7.545723025701369124e+01 2.930349468906298833e-03
6.000000000000000888e-01 7.676767149221532804e+01 2.940304738696602072e-03
6.000000000000000888e-01 8.387476988727817684e+01 2.995240012549048748e-03
6.000000000000000888e-01 9.229230951754264822e+01 3.037781213423253277e-03
6.000000000000000888e-01 9.770358499414123798e+01 3.055060469130447664e-03
6.000000000000000888e-01 1.007098491478071196e+02 3.060652948416806973e-03
6.000000000000000888e-01 1.091273887780716052e+02 3.041921537223278831e-03
6.000000000000000888e-01 1.175449284083360766e+02 3.000062436271850631e-03
6.000000000000000888e-01 1.259624680386005480e+02 2.930700603398061609e-03
6.000000000000000888e-01 1.343800076688650336e+02 2.841952884014850057e-03
6.000000000000000888e-01 1.427975472991295192e+02 2.723144425302582907e-03
6.000000000000000888e-01 1.512150869293939763e+02 2.587554864538375073e-03
6.000000000000000888e-01 1.596326265596584619e+02 2.431811455608835684e-03
6.000000000000000888e-01 1.680501661899229475e+02 2.266779102783235932e-03
6.000000000000000888e-01 1.764677058201874047e+02 2.093217410657034934e-03
6.000000000000000888e-01 1.848852454504518903e+02 1.914579921409886344e-03
6.000000000000000888e-01 1.933027850807163759e+02 1.734309488571004467e-03
6.000000000000000888e-01 2.017203247109808615e+02 1.558902149722130558e-03
6.000000000000000888e-01 2.101378643412453187e+02 1.386049756323014725e-03
6.000000000000000888e-01 2.185554039715098043e+02 1.221973122092394901e-03
6.000000000000000888e-01 2.269729436017742898e+02 1.068465919424861112e-03
6.000000000000000888e-01 2.353904832320387470e+02 9.260550565054191142e-04
6.000000000000000888e-01 2.438080228623032326e+02 7.954404798369218380e-04
6.000000000000000888e-01 2.522255624925677182e+02 6.761408420592810147e-04
6.000000000000000888e-01 2.606431021228321470e+02 5.703600641089584923e-04
6.000000000000000888e-01 2.690606417530966610e+02 4.767649280504735105e-04
6.000000000000000888e-01 2.774781813833611182e+02 3.946827829492692064e-04
6.000000000000000888e-01 2.858957210136256322e+02 3.239389588818087132e-04
6.000000000000000888e-01 2.943132606438900893e+02 2.629364599616168812e-04
6.000000000000000888e-01 3.027308002741545465e+02 2.110229646928746825e-04
6.000000000000000888e-01 3.111483399044190605e+02 1.673217290143632599e-04
6.000000000000000888e-01 3.195658795346835177e+02 1.310462176315545474e-04
6.000000000000000888e-01 3.279834191649479749e+02 1.010279472223492970e-04
6.000000000000000888e-01 3.364009587952124321e+02 7.645262664096049527e-05
6.000000000000000888e-01 3.448184984254769461e+02 5.638806536505364364e-05
6.000000000000000888e-01 3.532360380557414032e+02 4.021031594107338898e-05
6.000000000000000888e-01 3.616535776860058604e+02 2.728298053160043045e-05
6.000000000000000888e-01 3.700711173162703744e+02 1.689305914412951739e-05
6.000000000000000888e-01 3.784886569465348316e+02 8.723430578268292552e-06
6.000000000000000888e-01 3.869061965767992888e+02 2.416322311446348451e-06
6.000000000000000888e-01 3.908143399765649519e+02 0.000000000000000000e+00
7.000000000000000666e-01 1.000000000000000000e+00 7.046107196570634140e-03
7.000000000000000666e-01 1.278151915410171702e+00 6.685022956892426073e-03
7.000000000000000666e-01 1.633672318866691064e+00 6.420561394800404151e-03
7.000000000000000666e-01 2.088081403512037859e+00 5.195647810393709889e-03
7.000000000000000666e-01 2.668885245431271258e+00 3.837032678625932995e-03
7.000000000000000666e-01 3.411240788457925888e+00 3.566322974050651143e-03
7.000000000000000666e-01 4.360083947692802830e+00 3.448349745191211114e-03
7.000000000000000666e-01 5.572849649092699309e+00 2.883872212528176913e-03
7.000000000000000666e-01 7.122948453280737446e+00 2.557479782984989000e-03
7.000000000000000666e-01 9.104210208928694925e+00 2.490447202238331784e-03
7.000000000000000666e-01 1.163656371683905100e+01 2.378997544246033539e-03
7.000000000000000666e-01 1.487329620347033732e+01 2.236544949676112955e-03
7.000000000000000666e-01 1.901033203092845270e+01 2.165348233868340157e-03
7.000000000000000666e-01 2.429809229791455039e+01 2.166551647499418299e-03
7.000000000000000666e-01 3.105665321139261792e+01 2.212684248660829259e-03
7.000000000000000666e-01 3.969512078837092872e+01 2.341417475147048160e-03
7.000000000000000666e-01 5.073639466809444087e+01 2.558096049494343240e-03
7.000000000000000666e-01 6.356503331261718870e+01 2.832248129676501192e-03
7.000000000000000666e-01 6.484882002603136186e+01 2.852710143066237731e-03
7.000000000000000666e-01 7.269232014724940427e+01 3.012870532567399427e-03
7.000000000000000666e-01 8.181960698188160563e+01 3.188834648766217163e-03
7.000000000000000666e-01 8.288664352836146065e+01 3.206425288852466412e-03
7.000000000000000666e-01 9.094689381651382121e+01 3.339690272588133682e-03
7.000000000000000666e-01 1.000741806511460368e+02 3.464269264820983574e-03
7.000000000000000666e-01 1.059417221876953050e+02 3.519577141148543236e-03
7.000000000000000666e-01 1.092014674857782524e+02 3.558306040162715830e-03
7.000000000000000666e-01 1.183287543204104679e+02 3.591670735054599585e-03
7.000000000000000666e-01 1.274560411550426693e+02 3.611421441765919928e-03
7.000000000000000666e-01 1.365833279896748991e+02 3.582362598588429651e-03
7.000000000000000666e-01 1.457106148243071004e+02 3.512766288734422721e-03
7.000000000000000666e-01 1.548379016589393018e+02 3.407830345825793063e-03
7.000000000000000666e-01 1.639651884935715316e+02 3.268019005535754192e-03
7.000000000000000666e-01 1.730924753282037329e+02 3.102808556764930902e-03
7.000000000000000666e-01 1.822197621628359343e+02 2.912946791861339545e-03
7.000000000000000666e-01 1.913470489974681641e+02 2.708805893349051312e-03
7.000000000000000666e-01 2.004743358321003939e+02 2.488864936033154118e-03
7.000000000000000666e-01 2.096016226667325668e+02 2.267377575089288798e-03
7.000000000000000666e-01 2.187289095013647966e+02 2.039480523220329241e-03
7.000000000000000666e-01 2.278561963359970264e+02 1.817424362220455662e-03
7.000000000000000666e-01 2.369834831706291993e+02 1.606185978172986611e-03
7.000000000000000666e-01 2.461107700052614291e+02 1.402950527787327111e-03
7.000000000000000666e-01 2.552380568398936589e+02 1.211586784552444018e-03
7.000000000000000666e-01 2.643653436745258318e+02 1.037576272814264792e-03
7.000000000000000666e-01 2.734926305091580616e+02 8.806862731464673490e-04
7.000000000000000666e-01 2.826199173437902914e+02 7.392229817909126656e-04
7.000000000000000666e-01 2.917472041784224643e+02 6.140009261361071115e-04
7.000000000000000666e-01 3.008744910130546941e+02 5.054017692428739838e-04
7.000000000000000666e-01 3.100017778476869239e+02 4.109243336427423517e-04
7.000000000000000666e-01 3.191290646823190968e+02 3.313378914394546587e-04
7.000000000000000666e-01 3.282563515169513266e+02 2.635295910732000186e-04
7.000000000000000666e-01 3.373836383515835564e+02 2.071389476441999763e-04
7.000000000000000666e-01 3.465109251862157294e+02 1.602352199640856827e-04
7.000000000000000666e-01 3.556382120208479591e+02 1.228415517910178510e-04
7.000000000000000666e-01 3.647654988554801889e+02 9.178045814321138913e-05
7.000000000000000666e-01 3.738927856901123619e+02 6.703771823433614342e-05
7.000000000000000666e-01 3.830200725247445916e+02 4.725596347144466912e-05
7.000000000000000666e-01 3.921473593593768214e+02 3.180531310293010963e-05
7.000000000000000666e-01 4.012746461940089944e+02 1.959484963154849548e-05
7.000000000000000666e-01 4.104019330286412242e+02 1.006497073975814789e-05
7.000000000000000666e-01 4.195292198632734539e+02 2.738903778159222383e-06
7.000000000000000666e-01 4.237668887507812769e+02 0.000000000000000000e+00
8.000000000000000444e-01 1.000000000000000000e+00 5.155515337124619291e-03
8.000000000000000444e-01 1.281939236991745945e+00 4.908142866672443767e-03
8.000000000000000444e-01 1.643368207338979925e+00 4.489690804202389751e-03
8.000000000000000444e-01 2.106698185812625468e+00 3.449708829369160703e-03
8.000000000000000444e-01 2.700659064892532601e+00 2.760792045952002380e-03
8.000000000000000444e-01 3.462080821023175048e+00 2.685336696530431395e-03
8.000000000000000444e-01 4.438177246106207008e+00 2.427269788347482474e-03
8.000000000000000444e-01 5.689473552507518406e+00 2.069588279989866605e-03
8.000000000000000444e-01 7.293559384786207467e+00 1.925658495978190606e-03
8.000000000000000444e-01 9.349899952686820725e+00 1.876250094918256511e-03
8.000000000000000444e-01 1.198600361129650160e+01 1.783818191254395733e-03
8.000000000000000444e-01 1.536532832404574656e+01 1.711519957632854630e-03
8.000000000000000444e-01 1.969741726785487401e+01 1.699458518314161384e-03
8.000000000000000444e-01 2.525089206306191869e+01 1.747569669646427968e-03
8.000000000000000444e-01 3.237010930468252212e+01 1.844233376809251146e-03
8.000000000000000444e-01 4.149651322338414872e+01 2.032786002550172715e-03
8.000000000000000444e-01 5.319600849940296428e+01 2.323558218532866589e-03
8.000000000000000444e-01 6.724076075889915671e+01 2.686068452379901991e-03
8.000000000000000444e-01 6.819405054673106292e+01 2.717777628709205136e-03
8.000000000000000444e-01 7.689584435504878002e+01 2.947184787829755254e-03
8.000000000000000444e-01 8.655092795119840332e+01 3.191679185807416545e-03
8.000000000000000444e-01 8.742062912525300078e+01 3.209598267733567659e-03
8.000000000000000444e-01 9.620601154734802662e+01 3.411525990616169710e-03
8.000000000000000444e-01 1.058610951434976357e+02 3.609246638644969789e-03
8.000000000000000444e-01 1.120679345981652233e+02 3.719908928847301226e-03
8.000000000000000444e-01 1.155161787396472732e+02 3.767138263050865115e-03
8.000000000000000444e-01 1.251712623357968823e+02 3.882286355783402289e-03
8.000000000000000444e-01 1.348263459319464914e+02 3.951163068974991241e-03
8.000000000000000444e-01 1.444814295280961289e+02 3.966891449970785626e-03
8.000000000000000444e-01 1.541365131242457664e+02 3.940737560144856426e-03
8.000000000000000444e-01 1.637915967203953755e+02 3.865507104761509594e-03
8.000000000000000444e-01 1.734466803165449846e+02 3.742697242833267508e-03
8.000000000000000444e-01 1.831017639126945937e+02 3.581364940056849279e-03
8.000000000000000444e-01 1.927568475088442312e+02 3.390363396180302510e-03
8.000000000000000444e-01 2.024119311049938688e+02 3.172401252229722825e-03
8.000000000000000444e-01 2.120670147011434779e+02 2.934054191783499414e-03
8.000000000000000444e-01 2.217220982972930869e+02 2.680799481409429450e-03
8.000000000000000444e-01 2.313771818934426960e+02 2.425383049476085261e-03
8.000000000000000444e-01 2.410322654895923620e+02 2.168522112227262624e-03
8.000000000000000444e-01 2.506873490857419711e+02 1.915163203001110604e-03
8.000000000000000444e-01 2.603424326818915802e+02 1.678758978303961959e-03
8.000000000000000444e-01 2.699975162780411893e+02 1.451103343027365005e-03
8.000000000000000444e-01 2.796525998741908552e+02 1.242013679859696679e-03
8.000000000000000444e-01 2.893076834703404643e+02 1.051960953548094222e-03
8.000000000000000444e-01 2.989627670664900734e+02 8.811588852115552570e-04
8.000000000000000444e-01 3.086178506626396825e+02 7.307989386035890081e-04
8.000000000000000444e-01 3.182729342587892916e+02 5.986704743865986196e-04
8.000000000000000444e-01 3.279280178549389575e+02 4.858869118273793247e-04
8.000000000000000444e-01 3.375831014510885666e+02 3.891198466190313901e-04
8.000000000000000444e-01 3.472381850472381757e+02 3.085141589249639220e-04
8.000000000000000444e-01 3.568932686433878416e+02 2.407282351899797993e-04
8.000000000000000444e-01 3.665483522395374507e+02 1.857569124371016248e-04
8.000000000000000444e-01 3.762034358356870598e+02 1.405619724486324273e-04
8.000000000000000444e-01 3.858585194318366689e+02 1.046319031794485564e-04
8.000000000000000444e-01 3.955136030279862780e+02 7.585937690775341395e-05
8.000000000000000444e-01 4.051686866241359439e+02 5.303692386322973165e-05
8.000000000000000444e-01 4.148237702202855530e+02 3.550070078628267747e-05
8.000000000000000444e-01 4.244788538164351621e+02 2.171422409124754773e-05
8.000000000000000444e-01 4.341339374125847712e+02 1.111262762787775448e-05
8.000000000000000444e-01 4.437890210087344371e+02 3.102792047283554251e-06
8.000000000000000444e-01 4.482717383926610637e+02 0.000000000000000000e+00
9.000000000000000222e-01 1.000000000000000000e+00 3.939805427095246539e-03
9.000000000000000222e-01 1.284154332704881663e+00 3.679031903616181154e-03
9.000000000000000222e-01 1.649052350204719852e+00 3.206838332878874254e-03
9.000000000000000222e-01 2.117637720372559151e+00 2.425929264715498499e-03
9.000000000000000222e-01 2.719373653715710493e+00 2.041564674314458490e-03
9.000000000000000222e-01 3.492095459662533763e+00 2.050367304790801093e-03
9.000000000000000222e-01 4.484389514744688832e+00 1.785629421872348636e-03
9.000000000000000222e-01 5.758648224895733136e+00 1.548749639589789640e-03
9.000000000000000222e-01 7.394993068523132429e+00 1.511400107698297962e-03
9.000000000000000222e-01 9.496312389266549303e+00 1.450160584101107359e-03
9.000000000000000222e-01 1.219473069939568433e+01 1.395177282180232788e-03
9.000000000000000222e-01 1.565991626379819657e+01 1.352088890985953407e-03
9.000000000000000222e-01 2.010974931995210468e+01 1.380859097403897354e-03
9.000000000000000222e-01 2.582402171882553787e+01 1.436155233372455849e-03
9.000000000000000222e-01 3.316202937809477902e+01 1.568202289912714806e-03
9.000000000000000222e-01 4.258516370716699839e+01 1.786883697548366252e-03
9.000000000000000222e-01 5.468592248350517337e+01 2.102402367571895841e-03
9.000000000000000222e-01 6.948298333466416921e+01 2.525251547314986793e-03
9.000000000000000222e-01 7.022516429515646053e+01 2.550578387137133075e-03
9.000000000000000222e-01 7.946002709553901866e+01 2.816281613267375156e-03
9.000000000000000222e-01 8.943707085641388232e+01 3.102289664503501965e-03
9.000000000000000222e-01 9.017994899453735513e+01 3.122132583569108086e-03
9.000000000000000222e-01 9.941411461728873178e+01 3.369785048037205865e-03
9.000000000000000222e-01 1.093911583781635954e+02 3.604800416559860842e-03
9.000000000000000222e-01 1.158049722244403625e+02 3.746789216052284072e-03
9.000000000000000222e-01 1.193682021390384449e+02 3.817265847604993812e-03
9.000000000000000222e-01 1.293452458999132944e+02 3.969773215202819332e-03
9.000000000000000222e-01 1.393222896607881580e+02 4.084357281663708247e-03
9.000000000000000222e-01 1.492993334216629933e+02 4.143593089202913388e-03
9.000000000000000222e-01 1.592763771825378569e+02 4.145578919378621434e-03
9.000000000000000222e-01 1.692534209434127206e+02 4.095397776149574919e-03
9.000000000000000222e-01 1.792304647042875558e+02 3.993684762769359776e-03
9.000000000000000222e-01 1.892075084651624195e+02 3.843339932054944379e-03
9.000000000000000222e-01 1.991845522260372832e+02 3.661369769634131421e-03
9.000000000000000222e-01 2.091615959869121468e+02 3.435861123475578843e-03
9.000000000000000222e-01 2.191386397477869821e+02 3.193838809983464040e-03
9.000000000000000222e-01 2.291156835086618457e+02 2.929206052177407097e-03
9.000000000000000222e-01 2.390927272695367094e+02 2.657725873654208544e-03
9.000000000000000222e-01 2.490697710304115446e+02 2.382634853829139997e-03
9.000000000000000222e-01 2.590468147912864083e+02 2.108183083581776935e-03
9.000000000000000222e-01 2.690238585521613004e+02 1.850015388240899708e-03
9.000000000000000222e-01 2.790009023130361356e+02 1.599735853851659865e-03
9.000000000000000222e-01 2.889779460739109709e+02 1.371789651952810092e-03
9.000000000000000222e-01 2.989549898347858061e+02 1.162715268556544770e-03
9.000000000000000222e-01 3.089320335956606414e+02 9.722421115315867069e-04
9.000000000000000222e-01 3.189090773565355335e+02 8.053015665416671156e-04
9.000000000000000222e-01 3.288861211174104255e+02 6.592483600554384544e-04
9.000000000000000222e-01 3.388631648782852608e+02 5.339573776221575533e-04
9.000000000000000222e-01 3.488402086391600960e+02 4.267809540177499206e-04
9.000000000000000222e-01 3.588172524000349313e+02 3.372222624239308163e-04
9.000000000000000222e-01 3.687942961609097665e+02 2.627120742041814429e-04
9.000000000000000222e-01 3.787713399217847154e+02 2.022961651772109144e-04
9.000000000000000222e-01 3.887483836826595507e+02 1.526125067583087322e-04
9.000000000000000222e-01 3.987254274435343859e+02 1.126793030912310103e-04
9.000000000000000222e-01 4.087024712044092212e+02 8.146920630928878736e-05
9.000000000000000222e-01 4.186795149652840564e+02 5.699944312541003740e-05
9.000000000000000222e-01 4.286565587261588917e+02 3.771728236333983406e-05
9.000000000000000222e-01 4.386336024870338406e+02 2.300752052877054024e-05
9.000000000000000222e-01 4.486106462479086758e+02 1.183917304544507730e-05
9.000000000000000222e-01 4.585876900087835679e+02 3.264821161284633627e-06
9.000000000000000222e-01 4.632198888977611659e+02 0.000000000000000000e+00
1.000000000000000000e+00 1.000000000000000000e+00 3.584134196100429402e-03
1.000000000000000000e+00 1.284881824786379800e+00 3.311909189606709707e-03
1.000000000000000000e+00 1.650921303666377016e+00 2.786229536921212228e-03
1.000000000000000000e+00 2.121238777233563688e+00 2.154637982849316735e-03
1.000000000000000000e+00 2.725541150899490006e+00 1.884215950083272754e-03
1.000000000000000000e+00 3.501998287498106599e+00 1.831605063910447502e-03
1.000000000000000000e+00 4.499653950039343542e+00 1.582853775276219259e-03
1.000000000000000000e+00 5.781523578233794147e+00 1.383393208092948161e-03
1.000000000000000000e+00 7.428574565246516492e+00 1.372569466217363893e-03
1.000000000000000000e+00 9.544840442955631943e+00 1.305930683283151698e-03
1.000000000000000000e+00 1.226399200563967007e+01 1.263409483950021176e-03
1.000000000000000000e+00 1.575778042737187157e+01 1.219446957622493787e-03
1.000000000000000000e+00 2.024688567010466755e+01 1.274255816988468810e-03
1.000000000000000000e+00 2.601485540604528524e+01 1.333493854388939854e-03
1.000000000000000000e+00 3.342601488567329682e+01 1.484680587906950710e-03
1.000000000000000000e+00 4.294847900164059951e+01 1.695906480686443620e-03
1.000000000000000000e+00 5.518372007142748004e+01 2.011979077296746805e-03
1.000000000000000000e+00 7.023470813250844458e+01 2.443511477871836927e-03
1.000000000000000000e+00 7.090455894387649494e+01 2.466993143011428011e-03
1.000000000000000000e+00 8.031969186435581776e+01 2.764003771304661752e-03
1.000000000000000000e+00 9.040467559620317672e+01 3.075853749295461102e-03
1.000000000000000000e+00 9.110397908148145518e+01 3.065443013131378958e-03
1.000000000000000000e+00 1.004896593280505499e+02 3.340119956507831174e-03
1.000000000000000000e+00 1.105746430598979089e+02 3.603253641494068640e-03
1.000000000000000000e+00 1.170578468875141027e+02 3.734415817932892467e-03
1.000000000000000000e+00 1.206596267917452820e+02 3.813675671062483671e-03
1.000000000000000000e+00 1.307446105235926552e+02 3.987424722291699371e-03
1.000000000000000000e+00 1.408295942554400142e+02 4.108524009850639952e-03
1.000000000000000000e+00 1.509145779872873732e+02 4.180540220735712645e-03
1.000000000000000000e+00 1.609995617191347606e+02 4.202653903718733298e-03
1.000000000000000000e+00 1.710845454509821195e+02 4.157843563638985787e-03
1.000000000000000000e+00 1.811695291828294785e+02 4.069778840709777426e-03
1.000000000000000000e+00 1.912545129146768659e+02 3.924073095823627823e-03
1.000000000000000000e+00 2.013394966465242248e+02 3.746157372246736433e-03
1.000000000000000000e+00 2.114244803783715838e+02 3.521128716511334744e-03
1.000000000000000000e+00 2.215094641102189712e+02 3.273866724408215981e-03
1.000000000000000000e+00 2.315944478420663302e+02 3.003612962915186944e-03
1.000000000000000000e+00 2.416794315739136891e+02 2.732952165186066946e-03
1.000000000000000000e+00 2.517644153057610765e+02 2.450179754403288782e-03
1.000000000000000000e+00 2.618493990376084639e+02 2.174783066179404416e-03
1.000000000000000000e+00 2.719343827694557945e+02 1.905522796295409374e-03
1.000000000000000000e+00 2.820193665013031818e+02 1.653080363602525173e-03
1.000000000000000000e+00 2.921043502331505124e+02 1.412538773655094490e-03
1.000000000000000000e+00 3.021893339649978998e+02 1.195276713340554919e-03
1.000000000000000000e+00 3.122743176968452872e+02 1.002061157754065724e-03
1.000000000000000000e+00 3.223593014286926746e+02 8.336656417959466096e-04
1.000000000000000000e+00 3.324442851605400051e+02 6.818531282591677777e-04
1.000000000000000000e+00 3.425292688923873925e+02 5.517791325041461817e-04
1.000000000000000000e+00 3.526142526242347230e+02 4.427661523833030066e-04
1.000000000000000000e+00 3.626992363560821104e+02 3.487055158837848445e-04
1.000000000000000000e+00 3.727842200879294978e+02 2.692049199926972508e-04
1.000000000000000000e+00 3.828692038197768284e+02 2.054508952277211433e-04
1.000000000000000000e+00 3.929541875516242158e+02 1.575874880743584024e-04
1.000000000000000000e+00 4.030391712834716031e+02 1.167192254518035257e-04
1.000000000000000000e+00 4.131241550153189337e+02 8.385153665921479588e-05
1.000000000000000000e+00 4.232091387471663211e+02 5.934479296642495796e-05
1.000000000000000000e+00 4.332941224790137085e+02 3.909539072539551719e-05
1.000000000000000000e+00 4.433791062108610390e+02 2.497764826194307969e-05
1.000000000000000000e+00 4.534640899427084264e+02 1.145417377562571744e-05
1.000000000000000000e+00 4.635490736745558138e+02 3.072050336392160622e-06
1.000000000000000000e+00 4.682313875500563540e+02 0.000000000000000000e+00
