# mx [GeV]: 10.0
# sigma_p [cm^2]: 5.01187233627e-31
# depth [m]: 10.6
# loc: SUF
# Columns: gamma/pi, v [km/s], f(v, gamma) [s/km]
0.000000000000000000e+00 1.000000000000000000e+00 2.133395486956164797e-03
0.000000000000000000e+00 1.228668652226626801e+00 1.729086632129475404e-03
0.000000000000000000e+00 1.509626656964395464e+00 1.693745765513994615e-03
0.000000000000000000e+00 1.854830949977832155e+00 1.599707578349343802e-03
0.000000000000000000e+00 2.278972643417496613e+00 1.445722890668869366e-03
0.000000000000000000e+00 2.800102246249128513e+00 1.277432940637832385e-03
0.000000000000000000e+00 3.440397852995667360e+00 1.070732242578350223e-03
0.000000000000000000e+00 4.227108993163566808e+00 8.814685518102496724e-04
0.000000000000000000e+00 5.193716309445332691e+00 8.781675558785228012e-04
0.000000000000000000e+00 6.381356417973647055e+00 8.074334934775833196e-04
0.000000000000000000e+00 7.840572589449416263e+00 6.726184228636314160e-04
0.000000000000000000e+00 9.633465756163847260e+00 6.780197576750427975e-04
0.000000000000000000e+00 1.183633738689719728e+01 6.571606435778415758e-04
0.000000000000000000e+00 1.454293670445861508e+01 6.234075803194357107e-04
0.000000000000000000e+00 1.786845044008430250e+01 6.004756211320429887e-04
0.000000000000000000e+00 2.195440491959665152e+01 5.752112148616072987e-04
0.000000000000000000e+00 2.697468910299845035e+01 5.687923800556249224e-04
0.000000000000000000e+00 3.002009292856277156e+01 5.502276474622879148e-04
0.000000000000000000e+00 3.314295490441339354e+01 5.529003297644741318e-04
0.000000000000000000e+00 3.433067037471537475e+01 5.524294942302099319e-04
0.000000000000000000e+00 3.864124782086797438e+01 5.524279079712633624e-04
0.000000000000000000e+00 4.072170973321345855e+01 5.275709623864925386e-04
0.000000000000000000e+00 4.295182526702058112e+01 5.289916876434402676e-04
0.000000000000000000e+00 4.726240271317318076e+01 5.264570842432988920e-04
0.000000000000000000e+00 5.003348821427128001e+01 5.215995505593207671e-04
0.000000000000000000e+00 5.157298015932578039e+01 5.178109505761723051e-04
0.000000000000000000e+00 5.588355760547838713e+01 4.926455345123132053e-04
0.000000000000000000e+00 6.019413505163098677e+01 4.835905431758579670e-04
0.000000000000000000e+00 6.450471249778358640e+01 4.708231812920726507e-04
0.000000000000000000e+00 6.881528994393619314e+01 4.579107515749650356e-04
0.000000000000000000e+00 7.312586739008879988e+01 4.270369619879051289e-04
0.000000000000000000e+00 7.743644483624139241e+01 4.108371855646976651e-04
0.000000000000000000e+00 8.174702228239399915e+01 3.923759685298657744e-04
0.000000000000000000e+00 8.605759972854660589e+01 3.794550326440842723e-04
0.000000000000000000e+00 9.036817717469919842e+01 3.445813660571992549e-04
0.000000000000000000e+00 9.467875462085180516e+01 3.265803875112255079e-04
0.000000000000000000e+00 9.898933206700441190e+01 3.073395934697893228e-04
0.000000000000000000e+00 1.032999095131570186e+02 2.804316914021133902e-04
0.000000000000000000e+00 1.076104869593096112e+02 2.629710073210161621e-04
0.000000000000000000e+00 1.119210644054622179e+02 2.449367632676730379e-04
0.000000000000000000e+00 1.162316418516148246e+02 2.252662592184564137e-04
0.000000000000000000e+00 1.205422192977674172e+02 2.047392743371463490e-04
0.000000000000000000e+00 1.248527967439200239e+02 1.893158166426576442e-04
0.000000000000000000e+00 1.291633741900726307e+02 1.720106222742548039e-04
0.000000000000000000e+00 1.334739516362252232e+02 1.578774365675362243e-04
0.000000000000000000e+00 1.377845290823778157e+02 1.403692129318312356e-04
0.000000000000000000e+00 1.420951065285304367e+02 1.283816740242863116e-04
0.000000000000000000e+00 1.464056839746830292e+02 1.123727275310540245e-04
0.000000000000000000e+00 1.507162614208356217e+02 1.023470606172552214e-04
0.000000000000000000e+00 1.550268388669882427e+02 8.920258513476218062e-05
0.000000000000000000e+00 1.593374163131408352e+02 8.096433487539730206e-05
0.000000000000000000e+00 1.636479937592934562e+02 7.121567746005334851e-05
0.000000000000000000e+00 1.679585712054460487e+02 6.147042727631550412e-05
0.000000000000000000e+00 1.722691486515986412e+02 5.184300359223216172e-05
0.000000000000000000e+00 1.765797260977512622e+02 4.406312130748938461e-05
0.000000000000000000e+00 1.808903035439038547e+02 3.831591446970448415e-05
0.000000000000000000e+00 1.852008809900564472e+02 3.169629306124240411e-05
0.000000000000000000e+00 1.895114584362090682e+02 2.542005799031502448e-05
0.000000000000000000e+00 1.938220358823616607e+02 1.806861284268674456e-05
0.000000000000000000e+00 1.981326133285142816e+02 1.008657635430202707e-05
0.000000000000000000e+00 2.001339528570851485e+02 0.000000000000000000e+00
1.000000000000000056e-01 1.000000000000000000e+00 2.435839141342865336e-03
1.000000000000000056e-01 1.234305551167713011e+00 2.000473144655675901e-03
1.000000000000000056e-01 1.523510193643431432e+00 1.877912679678355725e-03
1.000000000000000056e-01 1.880477089274684932e+00 1.758843539916718490e-03
1.000000000000000056e-01 2.321083310135446443e+00 1.605591761641072439e-03
1.000000000000000056e-01 2.864926014422911393e+00 1.432503796422089420e-03
1.000000000000000056e-01 3.536194083286991141e+00 1.176271398765846299e-03
1.000000000000000056e-01 4.364743987007554615e+00 1.012095727144432522e-03
1.000000000000000056e-01 5.387427732589320506e+00 9.688341181610700273e-04
1.000000000000000056e-01 6.649731956849882053e+00 8.957040302723839800e-04
1.000000000000000056e-01 8.207801068117147381e+00 7.934479639948033292e-04
1.000000000000000056e-01 1.013093442125727783e+01 7.453880883813969677e-04
1.000000000000000056e-01 1.250466859467392311e+01 7.149795097634168350e-04
1.000000000000000056e-01 1.543458186191858061e+01 6.838709251851054442e-04
1.000000000000000056e-01 1.905099007211860496e+01 6.502884706722891804e-04
1.000000000000000056e-01 2.351474280125697192e+01 6.308545907469909585e-04
1.000000000000000056e-01 2.902437757387250272e+01 6.175219882349177250e-04
1.000000000000000056e-01 3.274780623487512798e+01 6.061537853772694124e-04
1.000000000000000056e-01 3.582495035861851562e+01 6.036501377752393057e-04
1.000000000000000056e-01 3.745005533526745012e+01 6.014714162356556582e-04
1.000000000000000056e-01 4.215230443565977936e+01 5.936168035159148726e-04
1.000000000000000056e-01 4.421893509795056332e+01 5.885858224068279444e-04
1.000000000000000056e-01 4.685455353605210860e+01 5.807074845563796892e-04
1.000000000000000056e-01 5.155680263644443073e+01 5.691897825815711619e-04
1.000000000000000056e-01 5.457967705812521331e+01 5.616785874953783260e-04
1.000000000000000056e-01 5.625905173683675287e+01 5.562792694766092311e-04
1.000000000000000056e-01 6.096130083722908211e+01 5.407155495328819705e-04
1.000000000000000056e-01 6.566354993762141135e+01 5.174668584104059714e-04
1.000000000000000056e-01 7.036579903801373348e+01 4.988275442816582361e-04
1.000000000000000056e-01 7.506804813840605561e+01 4.786213216887466419e-04
1.000000000000000056e-01 7.977029723879837775e+01 4.538108156760437104e-04
1.000000000000000056e-01 8.447254633919071409e+01 4.277325098769360861e-04
1.000000000000000056e-01 8.917479543958303623e+01 4.051527007528484209e-04
1.000000000000000056e-01 9.387704453997535836e+01 3.807213338520336267e-04
1.000000000000000056e-01 9.857929364036769471e+01 3.560098126573673564e-04
1.000000000000000056e-01 1.032815427407600168e+02 3.293582513926240842e-04
1.000000000000000056e-01 1.079837918411523390e+02 3.065123042365920777e-04
1.000000000000000056e-01 1.126860409415446611e+02 2.829481639708280065e-04
1.000000000000000056e-01 1.173882900419369832e+02 2.602885696465196373e-04
1.000000000000000056e-01 1.220905391423293196e+02 2.365591459621816685e-04
1.000000000000000056e-01 1.267927882427216417e+02 2.163969126980993824e-04
1.000000000000000056e-01 1.314950373431139496e+02 1.962748153525268940e-04
1.000000000000000056e-01 1.361972864435063002e+02 1.777041274775410199e-04
1.000000000000000056e-01 1.408995355438986223e+02 1.591490227840624010e-04
1.000000000000000056e-01 1.456017846442909445e+02 1.427273207629919233e-04
1.000000000000000056e-01 1.503040337446832666e+02 1.273085700228813761e-04
1.000000000000000056e-01 1.550062828450755887e+02 1.127949005256998312e-04
1.000000000000000056e-01 1.597085319454679393e+02 9.957326791847657878e-05
1.000000000000000056e-01 1.644107810458602614e+02 8.746250184164759407e-05
1.000000000000000056e-01 1.691130301462525836e+02 7.572147096588470179e-05
1.000000000000000056e-01 1.738152792466449057e+02 6.558595459898064906e-05
1.000000000000000056e-01 1.785175283470372278e+02 5.571325730928008404e-05
1.000000000000000056e-01 1.832197774474295500e+02 4.694853345963751243e-05
1.000000000000000056e-01 1.879220265478218721e+02 3.870870980382670008e-05
1.000000000000000056e-01 1.926242756482141942e+02 3.105632455499820820e-05
1.000000000000000056e-01 1.973265247486065164e+02 2.371923397027561609e-05
1.000000000000000056e-01 2.020287738489988385e+02 1.718759448455833478e-05
1.000000000000000056e-01 2.067310229493911891e+02 1.140448918159704585e-05
1.000000000000000056e-01 2.114332720497835112e+02 6.314480832474358979e-06
1.000000000000000056e-01 2.161355211501758333e+02 1.865032792035564248e-06
1.000000000000000056e-01 2.183187082325008532e+02 0.000000000000000000e+00
2.000000000000000111e-01 1.000000000000000000e+00 3.560726144070569445e-03
2.000000000000000111e-01 1.242814683230481165e+00 2.805832511687803531e-03
2.000000000000000111e-01 1.544588336853281119e+00 2.462947313662753376e-03
2.000000000000000111e-01 1.919637064587806252e+00 2.349175944585428760e-03
2.000000000000000111e-01 2.385753130343184925e+00 2.197048151510727632e-03
2.000000000000000111e-01 2.965049020953594017e+00 1.969329444318203889e-03
2.000000000000000111e-01 3.685006459739289753e+00 1.612355667750905346e-03
2.000000000000000111e-01 4.579780135963162024e+00 1.365083331601255794e-03
2.000000000000000111e-01 5.691817998942306112e+00 1.278774380994669073e-03
2.000000000000000111e-01 7.073874983361032598e+00 1.173857161008404464e-03
2.000000000000000111e-01 8.791515696657866030e+00 1.045798823660634399e-03
2.000000000000000111e-01 1.092622479565764770e+01 9.662204480144656431e-04
2.000000000000000111e-01 1.357927260832029503e+01 9.354396690409351066e-04
2.000000000000000111e-01 1.687651938520993511e+01 8.846649628965823050e-04
2.000000000000000111e-01 2.097438609376275664e+01 8.467812468395238736e-04
2.000000000000000111e-01 2.606727500907356898e+01 8.131154713023687648e-04
2.000000000000000111e-01 3.239679213308360062e+01 8.004039574248958617e-04
2.000000000000000111e-01 3.731404977144834589e+01 7.841349410730267134e-04
2.000000000000000111e-01 4.026320895256203869e+01 7.813334601340993831e-04
2.000000000000000111e-01 4.267196461042554745e+01 7.789469534339698827e-04
2.000000000000000111e-01 4.802987944940274190e+01 7.655113787305620719e-04
2.000000000000000111e-01 5.003970728022105163e+01 7.609253574697350973e-04
2.000000000000000111e-01 5.338779428837994345e+01 7.465293220634034062e-04
2.000000000000000111e-01 5.874570912735714501e+01 7.324610302420725243e-04
2.000000000000000111e-01 6.219008295241392403e+01 7.206570901468961144e-04
2.000000000000000111e-01 6.410362396633433946e+01 7.143449240817705253e-04
2.000000000000000111e-01 6.946153880531153391e+01 6.906357629054592825e-04
2.000000000000000111e-01 7.481945364428874257e+01 6.596714091655336148e-04
2.000000000000000111e-01 8.017736848326595123e+01 6.332838354897849962e-04
2.000000000000000111e-01 8.553528332224314568e+01 6.029643511606990391e-04
2.000000000000000111e-01 9.089319816122034013e+01 5.703297780387967539e-04
2.000000000000000111e-01 9.625111300019753457e+01 5.351369704323146598e-04
2.000000000000000111e-01 1.016090278391747290e+02 5.019143009215783517e-04
2.000000000000000111e-01 1.069669426781519519e+02 4.679762037453967407e-04
2.000000000000000111e-01 1.123248575171291463e+02 4.348369688664790924e-04
2.000000000000000111e-01 1.176827723561063408e+02 3.991591558695706189e-04
2.000000000000000111e-01 1.230406871950835352e+02 3.673843229987213072e-04
2.000000000000000111e-01 1.283986020340607297e+02 3.362560397564776787e-04
2.000000000000000111e-01 1.337565168730379526e+02 3.059869720619078624e-04
2.000000000000000111e-01 1.391144317120151470e+02 2.756590386805974464e-04
2.000000000000000111e-01 1.444723465509923415e+02 2.489150182511982393e-04
2.000000000000000111e-01 1.498302613899695359e+02 2.231389730707384917e-04
2.000000000000000111e-01 1.551881762289467304e+02 1.988208687713171176e-04
2.000000000000000111e-01 1.605460910679239532e+02 1.757173687019393798e-04
2.000000000000000111e-01 1.659040059069011193e+02 1.554506528265908651e-04
2.000000000000000111e-01 1.712619207458783421e+02 1.361802677715480045e-04
2.000000000000000111e-01 1.766198355848555366e+02 1.187120892637180919e-04
2.000000000000000111e-01 1.819777504238327310e+02 1.023460757241906023e-04
2.000000000000000111e-01 1.873356652628099255e+02 8.809881592060018996e-05
2.000000000000000111e-01 1.926935801017871199e+02 7.452271933792040874e-05
2.000000000000000111e-01 1.980514949407643428e+02 6.270689063390838557e-05
2.000000000000000111e-01 2.034094097797415372e+02 5.173048027596069903e-05
2.000000000000000111e-01 2.087673246187187317e+02 4.259923899794800206e-05
2.000000000000000111e-01 2.141252394576959261e+02 3.413629244154852289e-05
2.000000000000000111e-01 2.194831542966731206e+02 2.661734598646239004e-05
2.000000000000000111e-01 2.248410691356503435e+02 2.019836242673154540e-05
2.000000000000000111e-01 2.301989839746275379e+02 1.452707546596826416e-05
2.000000000000000111e-01 2.355568988136047324e+02 9.517729644072971796e-06
2.000000000000000111e-01 2.409148136525819268e+02 5.246609221341201151e-06
2.000000000000000111e-01 2.462727284915591213e+02 1.512806252330467749e-06
2.000000000000000111e-01 2.487603318096556677e+02 0.000000000000000000e+00
3.000000000000000444e-01 1.000000000000000000e+00 5.673442535706658615e-03
3.000000000000000444e-01 1.252347751877296744e+00 4.288576534926078800e-03
3.000000000000000444e-01 1.568374891632118961e+00 3.580299433160847797e-03
3.000000000000000444e-01 1.964150769636282989e+00 3.376030753004716223e-03
3.000000000000000444e-01 2.459799800702060946e+00 3.202551447453731281e-03
3.000000000000000444e-01 3.080524750477448226e+00 2.924177583361102506e-03
3.000000000000000444e-01 3.857888245862802989e+00 2.399599831409574956e-03
3.000000000000000444e-01 4.831417671700128480e+00 1.963481973282219569e-03
3.000000000000000444e-01 6.050615059533899220e+00 1.827814144767282885e-03
3.000000000000000444e-01 7.577474167282194806e+00 1.698052188304396840e-03
3.000000000000000444e-01 9.489632738304145221e+00 1.486808487431517728e-03
3.000000000000000444e-01 1.188432022595638848e+01 1.373595938405086083e-03
3.000000000000000444e-01 1.488330171756637554e+01 1.329128227810953645e-03
3.000000000000000444e-01 1.863906944650575426e+01 1.259523662536411173e-03
3.000000000000000444e-01 2.334259671841628503e+01 1.198390041026728805e-03
3.000000000000000444e-01 2.923304852328701031e+01 1.159111424432907652e-03
3.000000000000000444e-01 3.660994259865840661e+01 1.140811791727133978e-03
3.000000000000000444e-01 4.314446815889703402e+01 1.121881430514430665e-03
3.000000000000000444e-01 4.584837930978672205e+01 1.121050937942353731e-03
3.000000000000000444e-01 4.933957127914891316e+01 1.115368225101285747e-03
3.000000000000000444e-01 5.553467439940079942e+01 1.102427969522336553e-03
3.000000000000000444e-01 5.741811475582898794e+01 1.096397363135126609e-03
3.000000000000000444e-01 6.172977751965267856e+01 1.081735088437527602e-03
3.000000000000000444e-01 6.792488063990455771e+01 1.063014527535470748e-03
3.000000000000000444e-01 7.190744693149505906e+01 1.044084453817963705e-03
3.000000000000000444e-01 7.411998376015644396e+01 1.034167556013555625e-03
3.000000000000000444e-01 8.031508688040833022e+01 1.001522871129949342e-03
3.000000000000000444e-01 8.651019000066020226e+01 9.602049130655007951e-04
3.000000000000000444e-01 9.270529312091208851e+01 9.187374076626729155e-04
3.000000000000000444e-01 9.890039624116397476e+01 8.743259482304676852e-04
3.000000000000000444e-01 1.050954993614158468e+02 8.253603632999725968e-04
3.000000000000000444e-01 1.112906024816677473e+02 7.730103698317689152e-04
3.000000000000000444e-01 1.174857056019196193e+02 7.223596482618810247e-04
3.000000000000000444e-01 1.236808087221714914e+02 6.709845557898105623e-04
3.000000000000000444e-01 1.298759118424233918e+02 6.178497435031429091e-04
3.000000000000000444e-01 1.360710149626752639e+02 5.665082131005833672e-04
3.000000000000000444e-01 1.422661180829271359e+02 5.169278246075564246e-04
3.000000000000000444e-01 1.484612212031790364e+02 4.693521335935973678e-04
3.000000000000000444e-01 1.546563243234309084e+02 4.240957522130338157e-04
3.000000000000000444e-01 1.608514274436827804e+02 3.788122786751113797e-04
3.000000000000000444e-01 1.670465305639346809e+02 3.379981484577573706e-04
3.000000000000000444e-01 1.732416336841865530e+02 2.992411055866822504e-04
3.000000000000000444e-01 1.794367368044384534e+02 2.632892330695483000e-04
3.000000000000000444e-01 1.856318399246903255e+02 2.303601864688816327e-04
3.000000000000000444e-01 1.918269430449421975e+02 2.002910142812492896e-04
3.000000000000000444e-01 1.980220461651940980e+02 1.733993536969794717e-04
3.000000000000000444e-01 2.042171492854459700e+02 1.483640396311137165e-04
3.000000000000000444e-01 2.104122524056978421e+02 1.263311180772320270e-04
3.000000000000000444e-01 2.166073555259497425e+02 1.068765720391453390e-04
3.000000000000000444e-01 2.228024586462016146e+02 8.891994672281271412e-05
3.000000000000000444e-01 2.289975617664534866e+02 7.400751992991810044e-05
3.000000000000000444e-01 2.351926648867053871e+02 6.024114214071788490e-05
3.000000000000000444e-01 2.413877680069572591e+02 4.881377348354274033e-05
3.000000000000000444e-01 2.475828711272091311e+02 3.866132359580456572e-05
3.000000000000000444e-01 2.537779742474610316e+02 2.973029888419679239e-05
3.000000000000000444e-01 2.599730773677129037e+02 2.192399425642271347e-05
3.000000000000000444e-01 2.661681804879647757e+02 1.577204372245291183e-05
3.000000000000000444e-01 2.723632836082166477e+02 1.025992037306784132e-05
3.000000000000000444e-01 2.785583867284685198e+02 5.613607974579358937e-06
3.000000000000000444e-01 2.847534898487204487e+02 1.532811285481581987e-06
3.000000000000000444e-01 2.876297877259802362e+02 0.000000000000000000e+00
4.000000000000000222e-01 1.000000000000000000e+00 8.343567610118972355e-03
4.000000000000000222e-01 1.261688184554646597e+00 6.182180860311205749e-03
4.000000000000000222e-01 1.591857075044800007e+00 4.949226443133163990e-03
4.000000000000000222e-01 2.008427263083743419e+00 4.614985242915628852e-03
4.000000000000000222e-01 2.534008947370185894e+00 4.418003819354938272e-03
4.000000000000000222e-01 3.197129148452720671e+00 4.119733829374698682e-03
4.000000000000000222e-01 4.033780071098056474e+00 3.353356711773059808e-03
4.000000000000000222e-01 5.089372654796420647e+00 2.685388291103548743e-03
4.000000000000000222e-01 6.421201345352157475e+00 2.535348166046472347e-03
4.000000000000000222e-01 8.101553868077216336e+00 2.342516059813512866e-03
4.000000000000000222e-01 1.022163479188601976e+01 2.031521742292107229e-03
4.000000000000000222e-01 1.289651584375528337e+01 1.899936379539471322e-03
4.000000000000000222e-01 1.627138166198783864e+01 1.841433923213511891e-03
4.000000000000000222e-01 2.052940998930920102e+01 1.744864674486773992e-03
4.000000000000000222e-01 2.590171401938956564e+01 1.669843235028660444e-03
4.000000000000000222e-01 3.267988653797725362e+01 1.636956760484530775e-03
4.000000000000000222e-01 4.123182671755235162e+01 1.623647239961682016e-03
4.000000000000000222e-01 4.968667493176611316e+01 1.621810390142389754e-03
4.000000000000000222e-01 5.202170859714039608e+01 1.624278538922909604e-03
4.000000000000000222e-01 5.682117184504534890e+01 1.625737572989027898e-03
4.000000000000000222e-01 6.395566875832459175e+01 1.618732446917052741e-03
4.000000000000000222e-01 6.563517507735691936e+01 1.615495880517920290e-03
4.000000000000000222e-01 7.109016567160382749e+01 1.610328114483779291e-03
4.000000000000000222e-01 7.822466258488306323e+01 1.591008544861631600e-03
4.000000000000000222e-01 8.281112488627685764e+01 1.571580725996563370e-03
4.000000000000000222e-01 8.535915949816229897e+01 1.558686407921578559e-03
4.000000000000000222e-01 9.249365641144154893e+01 1.516143242739881542e-03
4.000000000000000222e-01 9.962815332472078467e+01 1.464561441117297061e-03
4.000000000000000222e-01 1.067626502380000204e+02 1.410836293279356477e-03
4.000000000000000222e-01 1.138971471512792561e+02 1.342698286762534100e-03
4.000000000000000222e-01 1.210316440645584919e+02 1.271534609129252842e-03
4.000000000000000222e-01 1.281661409778377276e+02 1.193845702975022830e-03
4.000000000000000222e-01 1.353006378911169634e+02 1.116942436456719182e-03
4.000000000000000222e-01 1.424351348043961991e+02 1.034438176555022926e-03
4.000000000000000222e-01 1.495696317176754349e+02 9.507409594809298689e-04
4.000000000000000222e-01 1.567041286309546706e+02 8.697003374989358600e-04
4.000000000000000222e-01 1.638386255442339063e+02 7.907834176696719409e-04
4.000000000000000222e-01 1.709731224575131421e+02 7.133814820815984016e-04
4.000000000000000222e-01 1.781076193707923778e+02 6.387635931005794824e-04
4.000000000000000222e-01 1.852421162840716136e+02 5.682363645739356688e-04
4.000000000000000222e-01 1.923766131973508493e+02 5.015368265478892858e-04
4.000000000000000222e-01 1.995111101106300850e+02 4.400002289211969015e-04
4.000000000000000222e-01 2.066456070239093208e+02 3.833480767273738472e-04
4.000000000000000222e-01 2.137801039371885565e+02 3.319560143511456562e-04
4.000000000000000222e-01 2.209146008504678207e+02 2.855698520206967285e-04
4.000000000000000222e-01 2.280490977637470564e+02 2.435049163311638250e-04
4.000000000000000222e-01 2.351835946770262922e+02 2.061973909131263908e-04
4.000000000000000222e-01 2.423180915903055279e+02 1.732575978198720951e-04
4.000000000000000222e-01 2.494525885035847637e+02 1.435239614245652055e-04
4.000000000000000222e-01 2.565870854168639994e+02 1.187398980663895810e-04
4.000000000000000222e-01 2.637215823301432351e+02 9.643543162449647347e-05
4.000000000000000222e-01 2.708560792434224709e+02 7.788392607820943797e-05
4.000000000000000222e-01 2.779905761567017066e+02 6.185341987612336383e-05
4.000000000000000222e-01 2.851250730699809424e+02 4.802803912546647235e-05
4.000000000000000222e-01 2.922595699832601781e+02 3.653597482331319164e-05
4.000000000000000222e-01 2.993940668965394138e+02 2.686823555476806121e-05
4.000000000000000222e-01 3.065285638098186496e+02 1.873532303158377448e-05
4.000000000000000222e-01 3.136630607230978853e+02 1.197139109211419332e-05
4.000000000000000222e-01 3.207975576363771211e+02 6.434445257112972089e-06
4.000000000000000222e-01 3.279320545496563568e+02 1.884457193414410826e-06
4.000000000000000222e-01 3.312444995451074305e+02 0.000000000000000000e+00
5.000000000000000000e-01 1.000000000000000000e+00 1.005224819150576238e-02
5.000000000000000000e-01 1.270016818832439220e+00 7.395751822081493045e-03
5.000000000000000000e-01 1.612942720117268802e+00 5.813252018797888249e-03
5.000000000000000000e-01 2.048464382362274794e+00 5.413788661244117728e-03
5.000000000000000000e-01 2.601584218379294100e+00 5.215225512425354301e-03
5.000000000000000000e-01 3.304055712950748624e+00 4.895149697342502000e-03
5.000000000000000000e-01 4.196206325806857151e+00 3.914580512763798405e-03
5.000000000000000000e-01 5.329252609065782131e+00 3.148685130792572111e-03
5.000000000000000000e-01 6.768240445320202525e+00 3.043400352470390473e-03
5.000000000000000000e-01 8.595779199458615238e+00 2.756570432242922732e-03
5.000000000000000000e-01 1.091678415428247995e+01 2.406805628285317144e-03
5.000000000000000000e-01 1.386449948350221639e+01 2.298573310444709805e-03
5.000000000000000000e-01 1.760814752874147970e+01 2.234050599991351752e-03
5.000000000000000000e-01 2.236264350998453310e+01 2.127285755922997401e-03
5.000000000000000000e-01 2.840093337123445139e+01 2.071536671116459404e-03
5.000000000000000000e-01 3.606966305200724321e+01 2.072293206232215124e-03
5.000000000000000000e-01 4.580907872566820771e+01 2.101045554830894939e-03
5.000000000000000000e-01 5.630295969501647591e+01 2.160728074235119568e-03
5.000000000000000000e-01 5.817830043681791352e+01 2.170144889617963216e-03
5.000000000000000000e-01 6.438748724096755893e+01 2.205026598108362438e-03
5.000000000000000000e-01 7.247201478691864907e+01 2.240222802741098033e-03
5.000000000000000000e-01 7.388742004584540268e+01 2.241826635235229584e-03
5.000000000000000000e-01 8.055654233286972499e+01 2.256702081878333294e-03
5.000000000000000000e-01 8.864106987882081512e+01 2.258446251809767373e-03
5.000000000000000000e-01 9.383826615836076712e+01 2.245893568584745800e-03
5.000000000000000000e-01 9.672559742477190525e+01 2.237787326074768511e-03
5.000000000000000000e-01 1.048101249707229954e+02 2.213075764893293780e-03
5.000000000000000000e-01 1.128946525166740713e+02 2.165989588526906137e-03
5.000000000000000000e-01 1.209791800626251472e+02 2.101835604879393350e-03
5.000000000000000000e-01 1.290637076085762374e+02 2.015015004617043068e-03
5.000000000000000000e-01 1.371482351545273275e+02 1.921559732543547290e-03
5.000000000000000000e-01 1.452327627004784176e+02 1.816533776155392294e-03
5.000000000000000000e-01 1.533172902464295078e+02 1.698709890088263797e-03
5.000000000000000000e-01 1.614018177923805695e+02 1.578589550280895971e-03
5.000000000000000000e-01 1.694863453383316596e+02 1.457974857548428003e-03
5.000000000000000000e-01 1.775708728842827497e+02 1.333754198399232302e-03
5.000000000000000000e-01 1.856554004302338399e+02 1.207991999403463254e-03
5.000000000000000000e-01 1.937399279761849300e+02 1.087071623031131461e-03
5.000000000000000000e-01 2.018244555221360201e+02 9.693318397931198439e-04
5.000000000000000000e-01 2.099089830680870818e+02 8.579982461774415033e-04
5.000000000000000000e-01 2.179935106140381720e+02 7.542115219311956026e-04
5.000000000000000000e-01 2.260780381599892621e+02 6.568103756142691478e-04
5.000000000000000000e-01 2.341625657059403522e+02 5.677776262691535021e-04
5.000000000000000000e-01 2.422470932518914424e+02 4.864393250169521767e-04
5.000000000000000000e-01 2.503316207978425325e+02 4.136101100982471617e-04
5.000000000000000000e-01 2.584161483437935658e+02 3.489006836243145160e-04
5.000000000000000000e-01 2.665006758897446844e+02 2.909500462615846215e-04
5.000000000000000000e-01 2.745852034356957461e+02 2.417075709035567104e-04
5.000000000000000000e-01 2.826697309816468646e+02 1.977390005246759230e-04
5.000000000000000000e-01 2.907542585275979263e+02 1.612324213742220586e-04
5.000000000000000000e-01 2.988387860735489880e+02 1.292726666672941959e-04
5.000000000000000000e-01 3.069233136195001066e+02 1.026464792064645686e-04
5.000000000000000000e-01 3.150078411654511683e+02 8.019299934272220212e-05
5.000000000000000000e-01 3.230923687114022300e+02 6.103488256368511014e-05
5.000000000000000000e-01 3.311768962573533486e+02 4.589211266680862908e-05
5.000000000000000000e-01 3.392614238033044103e+02 3.315938031527987785e-05
5.000000000000000000e-01 3.473459513492555288e+02 2.255512356937773572e-05
5.000000000000000000e-01 3.554304788952065906e+02 1.433438934453725079e-05
5.000000000000000000e-01 3.635150064411576523e+02 7.397368245540173667e-06
5.000000000000000000e-01 3.715995339871087708e+02 2.185741895218701500e-06
5.000000000000000000e-01 3.753530646334431822e+02 0.000000000000000000e+00
6.000000000000000888e-01 1.000000000000000000e+00 9.442242589915366552e-03
6.000000000000000888e-01 1.276880242048846759e+00 6.916642733072774114e-03
6.000000000000000888e-01 1.630423152534721698e+00 5.526514924287741562e-03
6.000000000000000888e-01 2.081855109650579294e+00 5.190727072471319758e-03
6.000000000000000888e-01 2.658279656321260287e+00 5.017648600776643264e-03
6.000000000000000888e-01 3.394304770997016441e+00 4.630609041898422172e-03
6.000000000000000888e-01 4.334120697578224934e+00 3.624681638568567638e-03
6.000000000000000888e-01 5.534153085392601312e+00 3.040734921070026037e-03
6.000000000000000888e-01 7.066450731211476821e+00 2.969530154103772451e-03
6.000000000000000888e-01 9.023011320095562837e+00 2.628110998236450873e-03
6.000000000000000888e-01 1.152130487841310647e+01 2.362154327317185065e-03
6.000000000000000888e-01 1.471132656186668441e+01 2.303691180525369465e-03
6.000000000000000888e-01 1.878460222117595890e+01 2.242609023233180579e-03
6.000000000000000888e-01 2.398568743096647182e+01 2.168064211026125322e-03
6.000000000000000888e-01 3.062685037256044396e+01 2.168559807109539817e-03
6.000000000000000888e-01 3.910682011690880699e+01 2.231679784034266197e-03
6.000000000000000888e-01 4.993472593663921799e+01 2.350035016803865475e-03
6.000000000000000888e-01 6.237411860411619102e+01 2.518947355468832867e-03
6.000000000000000888e-01 6.376066494061870316e+01 2.538030307558861338e-03
6.000000000000000888e-01 7.133040230111748770e+01 2.630687139995284505e-03
6.000000000000000888e-01 8.028668599811879858e+01 2.738214061427429215e-03
6.000000000000000888e-01 8.141473328257265507e+01 2.749329004033722584e-03
6.000000000000000888e-01 8.924296969512009525e+01 2.820504238462725848e-03
6.000000000000000888e-01 9.819925339212139193e+01 2.875116144757811684e-03
6.000000000000000888e-01 1.039568643401936612e+02 2.902345150755758756e-03
6.000000000000000888e-01 1.071555370891226886e+02 2.908295124900430254e-03
6.000000000000000888e-01 1.161118207861239853e+02 2.917459530359156616e-03
6.000000000000000888e-01 1.250681044831252962e+02 2.882399626405998585e-03
6.000000000000000888e-01 1.340243881801266070e+02 2.840479515448929987e-03
6.000000000000000888e-01 1.429806718771278895e+02 2.765491717883939056e-03
6.000000000000000888e-01 1.519369555741291720e+02 2.663421013606159619e-03
6.000000000000000888e-01 1.608932392711304828e+02 2.529565222516276350e-03
6.000000000000000888e-01 1.698495229681317937e+02 2.395533436997878459e-03
6.000000000000000888e-01 1.788058066651331046e+02 2.241519148796766552e-03
6.000000000000000888e-01 1.877620903621344155e+02 2.073656151572276542e-03
6.000000000000000888e-01 1.967183740591356695e+02 1.901501375845565493e-03
6.000000000000000888e-01 2.056746577561369804e+02 1.728452056380173647e-03
6.000000000000000888e-01 2.146309414531382913e+02 1.555281702220707302e-03
6.000000000000000888e-01 2.235872251501396022e+02 1.385573670469133307e-03
6.000000000000000888e-01 2.325435088471409131e+02 1.225302042270496944e-03
6.000000000000000888e-01 2.414997925441421671e+02 1.072223494057350556e-03
6.000000000000000888e-01 2.504560762411434780e+02 9.296500358800248269e-04
6.000000000000000888e-01 2.594123599381447889e+02 8.000312409807893441e-04
6.000000000000000888e-01 2.683686436351460998e+02 6.814675597388258725e-04
6.000000000000000888e-01 2.773249273321474107e+02 5.738870595262387858e-04
6.000000000000000888e-01 2.862812110291487215e+02 4.806705483286396454e-04
6.000000000000000888e-01 2.952374947261499756e+02 3.970790340172054454e-04
6.000000000000000888e-01 3.041937784231512865e+02 3.267335429675565536e-04
6.000000000000000888e-01 3.131500621201525973e+02 2.646343929834639409e-04
6.000000000000000888e-01 3.221063458171539082e+02 2.124498110853713633e-04
6.000000000000000888e-01 3.310626295141551623e+02 1.688129127198319062e-04
6.000000000000000888e-01 3.400189132111564732e+02 1.320263108759492366e-04
6.000000000000000888e-01 3.489751969081577840e+02 1.016796888585883490e-04
6.000000000000000888e-01 3.579314806051590949e+02 7.693732946997486073e-05
6.000000000000000888e-01 3.668877643021604058e+02 5.676263230571662534e-05
6.000000000000000888e-01 3.758440479991616598e+02 4.048115676130678326e-05
6.000000000000000888e-01 3.848003316961629707e+02 2.743416768733893097e-05
6.000000000000000888e-01 3.937566153931642816e+02 1.699470935616824674e-05
6.000000000000000888e-01 4.027128990901655925e+02 8.895890563760867247e-06
6.000000000000000888e-01 4.116691827871669034e+02 2.486751645434398612e-06
6.000000000000000888e-01 4.158274573607746447e+02 0.000000000000000000e+00
7.000000000000000666e-01 1.000000000000000000e+00 7.098731797630027616e-03
7.000000000000000666e-01 1.282107331851820575e+00 5.234664199461192338e-03
7.000000000000000666e-01 1.643799210388194432e+00 4.368743162818176928e-03
7.000000000000000666e-01 2.107527019730937479e+00 4.164878659365924170e-03
7.000000000000000666e-01 2.702075844072851396e+00 3.999887732313899338e-03
7.000000000000000666e-01 3.464351250905499224e+00 3.539605481016007762e-03
7.000000000000000666e-01 4.441670138895966957e+00 2.768795690287276668e-03
7.000000000000000666e-01 5.694697850745813916e+00 2.474450864939920034e-03
7.000000000000000666e-01 7.301213867122013035e+00 2.377913114036674797e-03
7.000000000000000666e-01 9.360939830455317079e+00 2.092594125290123466e-03
7.000000000000000666e-01 1.200172958965049830e+01 1.938749091467066371e-03
7.000000000000000666e-01 1.538750550179384646e+01 1.937606520461017737e-03
7.000000000000000666e-01 1.972843362276011803e+01 1.895038331783095937e-03
7.000000000000000666e-01 2.529396939369272346e+01 1.884939212773927789e-03
7.000000000000000666e-01 3.242958361128899014e+01 1.948523324541363800e-03
7.000000000000000666e-01 4.157820691693525816e+01 2.077106807674934316e-03
7.000000000000000666e-01 5.330772393345477411e+01 2.293880808988261674e-03
7.000000000000000666e-01 6.740848113006811104e+01 2.578502801689200579e-03
7.000000000000000666e-01 6.834622369941514819e+01 2.599861387052048584e-03
7.000000000000000666e-01 7.708764765130865726e+01 2.778746599298474902e-03
7.000000000000000666e-01 8.676681417254920348e+01 2.957343836567993562e-03
7.000000000000000666e-01 8.762719450940481636e+01 2.973686824310900912e-03
7.000000000000000666e-01 9.644598069378976390e+01 3.122945215012436476e-03
7.000000000000000666e-01 1.061251472150303101e+02 3.255742829558297326e-03
7.000000000000000666e-01 1.123474685501135184e+02 3.327311437627805853e-03
7.000000000000000666e-01 1.158043137362708563e+02 3.361207468368050243e-03
7.000000000000000666e-01 1.254834802575114168e+02 3.423228489537348974e-03
7.000000000000000666e-01 1.351626467787519630e+02 3.447942209408479987e-03
7.000000000000000666e-01 1.448418132999925092e+02 3.436535976566434166e-03
7.000000000000000666e-01 1.545209798212330554e+02 3.390320045905615733e-03
7.000000000000000666e-01 1.642001463424736016e+02 3.304186718645413332e-03
7.000000000000000666e-01 1.738793128637141763e+02 3.183411515540914352e-03
7.000000000000000666e-01 1.835584793849546941e+02 3.031194910825979385e-03
7.000000000000000666e-01 1.932376459061952687e+02 2.852552087671858007e-03
7.000000000000000666e-01 2.029168124274358149e+02 2.663853406520803012e-03
7.000000000000000666e-01 2.125959789486763611e+02 2.454249924340431814e-03
7.000000000000000666e-01 2.222751454699169074e+02 2.238928216355187944e-03
7.000000000000000666e-01 2.319543119911574536e+02 2.019499225497486689e-03
7.000000000000000666e-01 2.416334785123979998e+02 1.805415458865615094e-03
7.000000000000000666e-01 2.513126450336385460e+02 1.593839286425564146e-03
7.000000000000000666e-01 2.609918115548790638e+02 1.396160012372415615e-03
7.000000000000000666e-01 2.706709780761196953e+02 1.211357931544629557e-03
7.000000000000000666e-01 2.803501445973602131e+02 1.037831794129284594e-03
7.000000000000000666e-01 2.900293111186007309e+02 8.815593280266623318e-04
7.000000000000000666e-01 2.997084776398413055e+02 7.410003730546450233e-04
7.000000000000000666e-01 3.093876441610818802e+02 6.163034311977966641e-04
7.000000000000000666e-01 3.190668106823223980e+02 5.070165372098587361e-04
7.000000000000000666e-01 3.287459772035629157e+02 4.134771648585262296e-04
7.000000000000000666e-01 3.384251437248035472e+02 3.331554164657424982e-04
7.000000000000000666e-01 3.481043102460440650e+02 2.653110197547998549e-04
7.000000000000000666e-01 3.577834767672845828e+02 2.082941508932212933e-04
7.000000000000000666e-01 3.674626432885251006e+02 1.615224563422024595e-04
7.000000000000000666e-01 3.771418098097657321e+02 1.233310521030907378e-04
7.000000000000000666e-01 3.868209763310062499e+02 9.241488433469118252e-05
7.000000000000000666e-01 3.965001428522467677e+02 6.738664711529919352e-05
7.000000000000000666e-01 4.061793093734873992e+02 4.727531511174855414e-05
7.000000000000000666e-01 4.158584758947279170e+02 3.182882730909035549e-05
7.000000000000000666e-01 4.255376424159684348e+02 1.951252999935891669e-05
7.000000000000000666e-01 4.352168089372089526e+02 1.009462925403829723e-05
7.000000000000000666e-01 4.448959754584495272e+02 2.782475900852025222e-06
7.000000000000000666e-01 4.493898742004540736e+02 0.000000000000000000e+00
8.000000000000000444e-01 1.000000000000000000e+00 4.730850939821072514e-03
8.000000000000000444e-01 1.285717345265142697e+00 3.598583067813858945e-03
8.000000000000000444e-01 1.653069091915645883e+00 3.191900274805688307e-03
8.000000000000000444e-01 2.125379604397644506e+00 3.056988415129870650e-03
8.000000000000000444e-01 2.732637422646817971e+00 2.848262394188518475e-03
8.000000000000000444e-01 3.513399332617648252e+00 2.410092456346779773e-03
8.000000000000000444e-01 4.517238462789486597e+00 1.959038250147474101e-03
8.000000000000000444e-01 5.807891844307292217e+00 1.832088030277095663e-03
8.000000000000000444e-01 7.467307283649844862e+00 1.711802766822648680e-03
8.000000000000000444e-01 9.600846497013343139e+00 1.542739546205515282e-03
8.000000000000000444e-01 1.234397487043813690e+01 1.495280548962055374e-03
8.000000000000000444e-01 1.587086260043935582e+01 1.488131290171011310e-03
8.000000000000000444e-01 2.040544332970472752e+01 1.475757971242415336e-03
8.000000000000000444e-01 2.623563242682627461e+01 1.510880120787144645e-03
8.000000000000000444e-01 3.373160767517115488e+01 1.620484826298369298e-03
8.000000000000000444e-01 4.336931307164637417e+01 1.791852548110456789e-03
8.000000000000000444e-01 5.576067806845002650e+01 2.072591344667841506e-03
8.000000000000000444e-01 7.110756473644002540e+01 2.451134080768885282e-03
8.000000000000000444e-01 7.169247097635182797e+01 2.467194564214543386e-03
8.000000000000000444e-01 8.131788172423654260e+01 2.711178136284898583e-03
8.000000000000000444e-01 9.152819871203305979e+01 2.951320628734351807e-03
8.000000000000000444e-01 9.217625345921337043e+01 2.968306956058482798e-03
8.000000000000000444e-01 1.017385156998295770e+02 3.179684384688530926e-03
8.000000000000000444e-01 1.119488326876260942e+02 3.381248217788860623e-03
8.000000000000000444e-01 1.185126078940667469e+02 3.490619961896040176e-03
8.000000000000000444e-01 1.221591496754226114e+02 3.549305531846419330e-03
8.000000000000000444e-01 1.323694666632191286e+02 3.677440556979663482e-03
8.000000000000000444e-01 1.425797836510156458e+02 3.755754501706688384e-03
8.000000000000000444e-01 1.527901006388121630e+02 3.793762349367720953e-03
8.000000000000000444e-01 1.630004176266086802e+02 3.782635455008389810e-03
8.000000000000000444e-01 1.732107346144051974e+02 3.723079696160925146e-03
8.000000000000000444e-01 1.834210516022017146e+02 3.619589566938650419e-03
8.000000000000000444e-01 1.936313685899982318e+02 3.477749963447358383e-03
8.000000000000000444e-01 2.038416855777947490e+02 3.298867299700027414e-03
8.000000000000000444e-01 2.140520025655912661e+02 3.095367981804925898e-03
8.000000000000000444e-01 2.242623195533877833e+02 2.870057816550472280e-03
8.000000000000000444e-01 2.344726365411843005e+02 2.630920491914436402e-03
8.000000000000000444e-01 2.446829535289808177e+02 2.384336101839742723e-03
8.000000000000000444e-01 2.548932705167773349e+02 2.137861692344718897e-03
8.000000000000000444e-01 2.651035875045738521e+02 1.894057071019005552e-03
8.000000000000000444e-01 2.753139044923703977e+02 1.660227479836959676e-03
8.000000000000000444e-01 2.855242214801668865e+02 1.440227499844337232e-03
8.000000000000000444e-01 2.957345384679633753e+02 1.233874362188924073e-03
8.000000000000000444e-01 3.059448554557599209e+02 1.046615211513407138e-03
8.000000000000000444e-01 3.161551724435564665e+02 8.782510152311172888e-04
8.000000000000000444e-01 3.263654894313529553e+02 7.295408445003744545e-04
8.000000000000000444e-01 3.365758064191494441e+02 5.987495564314328136e-04
8.000000000000000444e-01 3.467861234069459897e+02 4.859214237455652735e-04
8.000000000000000444e-01 3.569964403947425353e+02 3.899292522942627518e-04
8.000000000000000444e-01 3.672067573825390809e+02 3.089902200266757878e-04
8.000000000000000444e-01 3.774170743703355129e+02 2.416256009533148123e-04
8.000000000000000444e-01 3.876273913581320585e+02 1.864581777047215122e-04
8.000000000000000444e-01 3.978377083459286041e+02 1.413941843493946992e-04
8.000000000000000444e-01 4.080480253337251497e+02 1.052195944830210480e-04
8.000000000000000444e-01 4.182583423215215817e+02 7.624384911468086554e-05
8.000000000000000444e-01 4.284686593093181273e+02 5.323304069022630441e-05
8.000000000000000444e-01 4.386789762971146729e+02 3.562249942126381708e-05
8.000000000000000444e-01 4.488892932849112185e+02 2.182666078390989328e-05
8.000000000000000444e-01 4.590996102727076504e+02 1.126544931790377042e-05
8.000000000000000444e-01 4.693099272605041392e+02 3.110058272495855968e-06
8.000000000000000444e-01 4.740504315762668170e+02 0.000000000000000000e+00
9.000000000000000222e-01 1.000000000000000000e+00 3.333245422977325345e-03
9.000000000000000222e-01 1.287814099584447369e+00 2.624807708942750260e-03
9.000000000000000222e-01 1.658465155088500786e+00 2.474712623732032175e-03
9.000000000000000222e-01 2.135794810392478205e+00 2.324684478448970151e-03
9.000000000000000222e-01 2.750506670642725027e+00 2.110060545249117965e-03
9.000000000000000222e-01 3.542141271454777307e+00 1.738454576022899689e-03
9.000000000000000222e-01 4.561619472099442518e+00 1.465534093425153788e-03
9.000000000000000222e-01 5.874517873108626276e+00 1.417314894358246780e-03
9.000000000000000222e-01 7.565286945250128348e+00 1.284914100187807334e-03
9.000000000000000222e-01 9.742683195495269288e+00 1.169371144780543019e-03
9.000000000000000222e-01 1.254676478694326747e+01 1.182422189033682401e-03
9.000000000000000222e-01 1.615790059679519075e+01 1.175239900282077418e-03
9.000000000000000222e-01 2.080837220823679701e+01 1.186470039063920517e-03
9.000000000000000222e-01 2.679731511916851971e+01 1.254373321889878934e-03
9.000000000000000222e-01 3.450996024147269736e+01 1.371137863793143487e-03
9.000000000000000222e-01 4.444241337506725387e+01 1.570810364368668225e-03
9.000000000000000222e-01 5.723356656397201903e+01 1.880126058574895127e-03
9.000000000000000222e-01 7.334349266855032567e+01 2.306132481064805846e-03
9.000000000000000222e-01 7.370619399058814736e+01 2.317792838110718356e-03
9.000000000000000222e-01 8.387486597480371131e+01 2.592042524230157678e-03
9.000000000000000222e-01 9.440623928105708274e+01 2.874850772452551117e-03
9.000000000000000222e-01 9.491987584778590303e+01 2.888758290363651910e-03
9.000000000000000222e-01 1.049376125873104684e+02 3.139445587222684797e-03
9.000000000000000222e-01 1.154689858935638540e+02 3.379937174729056703e-03
9.000000000000000222e-01 1.222391544475839140e+02 3.517224260967997430e-03
9.000000000000000222e-01 1.260003591998172396e+02 3.584537833633659118e-03
9.000000000000000222e-01 1.365317325060706253e+02 3.753168152938626909e-03
9.000000000000000222e-01 1.470631058123240109e+02 3.875573658453096947e-03
9.000000000000000222e-01 1.575944791185773965e+02 3.946555864980538612e-03
9.000000000000000222e-01 1.681258524248307822e+02 3.964549262355602025e-03
9.000000000000000222e-01 1.786572257310841678e+02 3.930185332700610219e-03
9.000000000000000222e-01 1.891885990373375250e+02 3.843326661228361769e-03
9.000000000000000222e-01 1.997199723435909107e+02 3.716088369407671756e-03
9.000000000000000222e-01 2.102513456498442679e+02 3.546655087334249327e-03
9.000000000000000222e-01 2.207827189560976535e+02 3.340896621895461226e-03
9.000000000000000222e-01 2.313140922623510392e+02 3.109806861187721944e-03
9.000000000000000222e-01 2.418454655686044248e+02 2.860530481979757771e-03
9.000000000000000222e-01 2.523768388748578104e+02 2.602050552047427585e-03
9.000000000000000222e-01 2.629082121811111961e+02 2.336581445098880831e-03
9.000000000000000222e-01 2.734395854873645817e+02 2.073963463642704806e-03
9.000000000000000222e-01 2.839709587936179673e+02 1.822467597146457422e-03
9.000000000000000222e-01 2.945023320998713530e+02 1.579986401904823028e-03
9.000000000000000222e-01 3.050337054061247386e+02 1.356321885939863097e-03
9.000000000000000222e-01 3.155650787123781242e+02 1.151433855508331378e-03
9.000000000000000222e-01 3.260964520186315099e+02 9.648864111565906305e-04
9.000000000000000222e-01 3.366278253248848387e+02 8.007001286893442298e-04
9.000000000000000222e-01 3.471591986311382243e+02 6.558208841845732063e-04
9.000000000000000222e-01 3.576905719373916099e+02 5.325734484910882869e-04
9.000000000000000222e-01 3.682219452436449956e+02 4.263495973119963800e-04
9.000000000000000222e-01 3.787533185498983812e+02 3.371395928503151981e-04
9.000000000000000222e-01 3.892846918561517668e+02 2.630831505103891472e-04
9.000000000000000222e-01 3.998160651624051525e+02 2.023332176745107564e-04
9.000000000000000222e-01 4.103474384686585381e+02 1.528008798416328193e-04
9.000000000000000222e-01 4.208788117749119237e+02 1.136016991967044802e-04
9.000000000000000222e-01 4.314101850811653094e+02 8.204607776988014230e-05
9.000000000000000222e-01 4.419415583874186950e+02 5.716415278707835538e-05
9.000000000000000222e-01 4.524729316936720807e+02 3.803893510391224866e-05
9.000000000000000222e-01 4.630043049999254663e+02 2.336653006508514029e-05
9.000000000000000222e-01 4.735356783061788519e+02 1.175139087828339604e-05
9.000000000000000222e-01 4.840670516124321807e+02 3.297581891573859365e-06
9.000000000000000222e-01 4.889566177903355424e+02 0.000000000000000000e+00
1.000000000000000000e+00 1.000000000000000000e+00 2.868682229816388145e-03
1.000000000000000000e+00 1.288498145854638288e+00 2.272137942556331190e-03
1.000000000000000000e+00 1.660227471870840743e+00 2.234051783682148174e-03
1.000000000000000000e+00 2.139200019202512237e+00 2.016821516963324384e-03
1.000000000000000000e+00 2.756355258354643567e+00 1.864109777959710402e-03
1.000000000000000000e+00 3.551558639706640541e+00 1.523930323991602807e-03
1.000000000000000000e+00 4.576176722156028553e+00 1.281845354919398114e-03
1.000000000000000000e+00 5.896395221601197889e+00 1.274129129746460250e-03
1.000000000000000000e+00 7.597494310259293115e+00 1.155008425686474471e-03
1.000000000000000000e+00 9.789357331910263582e+00 1.073096494743541436e-03
1.000000000000000000e+00 1.261356877127488296e+01 1.082965506590673243e-03
1.000000000000000000e+00 1.625255997439765565e+01 1.074833685778119052e-03
1.000000000000000000e+00 2.094139339240269138e+01 1.098392150923370924e-03
1.000000000000000000e+00 2.698294655772344441e+01 1.166420949262006500e-03
1.000000000000000000e+00 3.476747660932143447e+01 1.279642113076816896e-03
1.000000000000000000e+00 4.479782914715518416e+01 1.503968376782578503e-03
1.000000000000000000e+00 5.772191979442233389e+01 1.810666861458681571e-03
1.000000000000000000e+00 7.408723915958043449e+01 2.244160703194289942e-03
1.000000000000000000e+00 7.437458663028333206e+01 2.251841695357012507e-03
1.000000000000000000e+00 8.472540683377660287e+01 2.548947455916083724e-03
1.000000000000000000e+00 9.536357450797277124e+01 2.831121088263792353e-03
1.000000000000000000e+00 9.583151697182525197e+01 2.843721734623777617e-03
1.000000000000000000e+00 1.060017421821689254e+02 3.118640749439678499e-03
1.000000000000000000e+00 1.166399098563650938e+02 3.359509245833260972e-03
1.000000000000000000e+00 1.234787319326340906e+02 3.511625070136944853e-03
1.000000000000000000e+00 1.272780775305612622e+02 3.589897208122541216e-03
1.000000000000000000e+00 1.379162452047574163e+02 3.762462456480956605e-03
1.000000000000000000e+00 1.485544128789535989e+02 3.904261029304166748e-03
1.000000000000000000e+00 1.591925805531497531e+02 3.988169513577267261e-03
1.000000000000000000e+00 1.698307482273459073e+02 4.012509032733333446e-03
1.000000000000000000e+00 1.804689159015420898e+02 3.987400278230902179e-03
1.000000000000000000e+00 1.911070835757382440e+02 3.914424694434131408e-03
1.000000000000000000e+00 2.017452512499344266e+02 3.790501582172438235e-03
1.000000000000000000e+00 2.123834189241305808e+02 3.617442070521620888e-03
1.000000000000000000e+00 2.230215865983267349e+02 3.419756754143833243e-03
1.000000000000000000e+00 2.336597542725229175e+02 3.182960714522312714e-03
1.000000000000000000e+00 2.442979219467190717e+02 2.930984053096070702e-03
1.000000000000000000e+00 2.549360896209152259e+02 2.673370833149590117e-03
1.000000000000000000e+00 2.655742572951114084e+02 2.401709041347661541e-03
1.000000000000000000e+00 2.762124249693075626e+02 2.131370280777628197e-03
1.000000000000000000e+00 2.868505926435037736e+02 1.877625581655887471e-03
1.000000000000000000e+00 2.974887603176998709e+02 1.628347112091821109e-03
1.000000000000000000e+00 3.081269279918960819e+02 1.397952312262867522e-03
1.000000000000000000e+00 3.187650956660922361e+02 1.185202567487500785e-03
1.000000000000000000e+00 3.294032633402883903e+02 9.926628071295910856e-04
1.000000000000000000e+00 3.400414310144846013e+02 8.246146275660111912e-04
1.000000000000000000e+00 3.506795986886806986e+02 6.736017767504558565e-04
1.000000000000000000e+00 3.613177663628769096e+02 5.509196397359607950e-04
1.000000000000000000e+00 3.719559340370730069e+02 4.378746888524867056e-04
1.000000000000000000e+00 3.825941017112692180e+02 3.448496129349202578e-04
1.000000000000000000e+00 3.932322693854654290e+02 2.711247985652712840e-04
1.000000000000000000e+00 4.038704370596615263e+02 2.093494291055892546e-04
1.000000000000000000e+00 4.145086047338577373e+02 1.584092467096133580e-04
1.000000000000000000e+00 4.251467724080538346e+02 1.149960255550547711e-04
1.000000000000000000e+00 4.357849400822500456e+02 8.471258473800622282e-05
1.000000000000000000e+00 4.464231077564462566e+02 5.797836532789583697e-05
1.000000000000000000e+00 4.570612754306423540e+02 3.811726382547047054e-05
1.000000000000000000e+00 4.676994431048385650e+02 2.425119130960087726e-05
1.000000000000000000e+00 4.783376107790346623e+02 1.098917714389643737e-05
1.000000000000000000e+00 4.889757784532308733e+02 2.929230241994667143e-06
1.000000000000000000e+00 4.939149277305362489e+02 0.000000000000000000e+00
