# mx [GeV]: 30.0
# sigma_p [cm^2]: 3.2359365693e-31
# depth [m]: 10.6
# loc: SUF
# Columns: gamma/pi, v [km/s], f(v, gamma) [s/km]
0.000000000000000000e+00 1.000000000000000000e+00 5.856196974944180220e-03
0.000000000000000000e+00 1.155694191536305038e+00 5.336331990601622145e-03
0.000000000000000000e+00 1.335629064350753792e+00 5.766635277849125642e-03
0.000000000000000000e+00 1.543578751717236131e+00 3.880062157919880825e-03
0.000000000000000000e+00 1.783904997538470205e+00 3.842185926083058461e-03
0.000000000000000000e+00 2.061648643907796785e+00 3.649384485008387927e-03
0.000000000000000000e+00 2.382635362752941077e+00 3.374592507162207239e-03
0.000000000000000000e+00 2.753597849282571008e+00 3.145765512164119728e-03
0.000000000000000000e+00 3.182317040242729433e+00 2.728243945881841156e-03
0.000000000000000000e+00 3.677785319035528744e+00 2.619380804520458211e-03
0.000000000000000000e+00 4.250395130926857057e+00 2.457003612677403741e-03
0.000000000000000000e+00 4.912156964546362303e+00 2.126247698896563832e-03
0.000000000000000000e+00 5.676951271840838587e+00 2.078653072449658003e-03
0.000000000000000000e+00 6.560819610501096300e+00 1.979883143153678138e-03
0.000000000000000000e+00 7.582301115573601535e+00 1.769247701863341585e-03
0.000000000000000000e+00 8.762821357747656137e+00 1.701075014587742499e-03
0.000000000000000000e+00 9.379224487573733171e+00 1.655382562174817712e-03
0.000000000000000000e+00 1.012714174461924621e+01 1.575592407521196484e-03
0.000000000000000000e+00 1.072598492681508908e+01 1.536191575233732511e-03
0.000000000000000000e+00 1.170387889112130608e+01 1.442842500632414166e-03
0.000000000000000000e+00 1.207274536605644499e+01 1.422985819742518315e-03
0.000000000000000000e+00 1.341950580529780268e+01 1.323576232239004856e-03
0.000000000000000000e+00 1.352610485291326725e+01 1.317737651109420101e-03
0.000000000000000000e+00 1.476626624453915859e+01 1.248678987381396724e-03
0.000000000000000000e+00 1.563204081262288447e+01 1.198234587928694072e-03
0.000000000000000000e+00 1.611302668378051450e+01 1.142884765151365922e-03
0.000000000000000000e+00 1.745978712302187219e+01 1.076391262398637434e-03
0.000000000000000000e+00 1.880654756226322633e+01 9.719498392542847212e-04
0.000000000000000000e+00 2.015330800150458401e+01 9.145113300831971166e-04
0.000000000000000000e+00 2.150006844074594170e+01 8.628479222920494010e-04
0.000000000000000000e+00 2.284682887998729584e+01 7.741700159297251185e-04
0.000000000000000000e+00 2.419358931922865352e+01 7.208044057197924171e-04
0.000000000000000000e+00 2.554034975847001121e+01 6.562744460349293537e-04
0.000000000000000000e+00 2.688711019771136534e+01 6.071069125864614205e-04
0.000000000000000000e+00 2.823387063695272303e+01 5.450003111388407318e-04
0.000000000000000000e+00 2.958063107619407717e+01 5.021825979628821148e-04
0.000000000000000000e+00 3.092739151543543485e+01 4.433365425795445652e-04
0.000000000000000000e+00 3.227415195467679609e+01 4.076402152323066073e-04
0.000000000000000000e+00 3.362091239391814668e+01 3.705260498591354660e-04
0.000000000000000000e+00 3.496767283315950436e+01 3.300018282707102785e-04
0.000000000000000000e+00 3.631443327240086205e+01 2.951563314034254043e-04
0.000000000000000000e+00 3.766119371164221263e+01 2.688731492138961613e-04
0.000000000000000000e+00 3.900795415088357743e+01 2.330894810246653213e-04
0.000000000000000000e+00 4.035471459012492801e+01 2.031339560354454793e-04
0.000000000000000000e+00 4.170147502936629280e+01 1.846776075680704331e-04
0.000000000000000000e+00 4.304823546860764338e+01 1.627327506712592160e-04
0.000000000000000000e+00 4.439499590784899397e+01 1.382654316558280436e-04
0.000000000000000000e+00 4.574175634709035876e+01 1.252272650597122962e-04
0.000000000000000000e+00 4.708851678633170934e+01 1.072507557424164060e-04
0.000000000000000000e+00 4.843527722557307413e+01 9.360284330585579981e-05
0.000000000000000000e+00 4.978203766481442472e+01 7.796406791643120118e-05
0.000000000000000000e+00 5.112879810405577530e+01 6.750218651814552469e-05
0.000000000000000000e+00 5.247555854329714009e+01 5.669560751467278271e-05
0.000000000000000000e+00 5.382231898253849067e+01 4.616769559004097059e-05
0.000000000000000000e+00 5.516907942177985547e+01 3.497814786490534750e-05
0.000000000000000000e+00 5.651583986102120605e+01 2.859514801858071938e-05
0.000000000000000000e+00 5.786260030026255663e+01 2.072134905319831930e-05
0.000000000000000000e+00 5.920936073950392142e+01 1.455140170678555040e-05
0.000000000000000000e+00 6.055612117874527200e+01 8.016383079466125777e-06
0.000000000000000000e+00 6.190288161798663680e+01 3.069770014188955359e-06
0.000000000000000000e+00 6.252816325049155211e+01 0.000000000000000000e+00
1.000000000000000056e-01 1.000000000000000000e+00 6.561694608861727389e-03
1.000000000000000056e-01 1.158150242443675593e+00 6.040678815965835544e-03
1.000000000000000056e-01 1.341311984072344421e+00 5.338677035729902549e-03
1.000000000000000056e-01 1.553440799545993123e+00 5.015502897037749444e-03
1.000000000000000056e-01 1.799117838616089093e+00 4.240630254098849174e-03
1.000000000000000056e-01 2.083648760977965253e+00 4.063212654485542225e-03
1.000000000000000056e-01 2.413178317694094410e+00 3.785631356713101570e-03
1.000000000000000056e-01 2.794823053697236936e+00 3.396147491768266267e-03
1.000000000000000056e-01 3.236824997226628309e+00 3.089329443955504770e-03
1.000000000000000056e-01 3.748729655285769180e+00 2.894462709347855184e-03
1.000000000000000056e-01 4.341592159125009509e+00 2.699296106983640597e-03
1.000000000000000056e-01 5.028216011682190789e+00 2.492083224363081037e-03
1.000000000000000056e-01 5.823429592988900616e+00 2.282684774111563581e-03
1.000000000000000056e-01 6.744406394973769814e+00 2.162728161718269898e-03
1.000000000000000056e-01 7.811035901477547228e+00 2.018512452336650425e-03
1.000000000000000056e-01 9.046353123032474741e+00 1.856672881847188988e-03
1.000000000000000056e-01 9.765273166840856334e+00 1.794965325922449765e-03
1.000000000000000056e-01 1.047703606267116250e+01 1.731595931581320818e-03
1.000000000000000056e-01 1.116746623695133778e+01 1.670687133279687977e-03
1.000000000000000056e-01 1.213398185607374202e+01 1.585472226469425991e-03
1.000000000000000056e-01 1.256965930706182100e+01 1.550726219250566371e-03
1.000000000000000056e-01 1.397185237717230244e+01 1.441425161287362890e-03
1.000000000000000056e-01 1.405297402841896037e+01 1.436487573249496013e-03
1.000000000000000056e-01 1.537404544728278566e+01 1.344543506505748278e-03
1.000000000000000056e-01 1.627545527806809034e+01 1.287802495414701017e-03
1.000000000000000056e-01 1.677623851739326710e+01 1.251998350603332651e-03
1.000000000000000056e-01 1.817843158750374855e+01 1.150767653177256229e-03
1.000000000000000056e-01 1.958062465761422999e+01 1.074908647725711461e-03
1.000000000000000056e-01 2.098281772772471498e+01 9.924588815405273063e-04
1.000000000000000056e-01 2.238501079783519288e+01 9.103995749285924682e-04
1.000000000000000056e-01 2.378720386794567787e+01 8.414336984378933959e-04
1.000000000000000056e-01 2.518939693805615931e+01 7.688986608054527386e-04
1.000000000000000056e-01 2.659159000816664076e+01 7.042041678087734369e-04
1.000000000000000056e-01 2.799378307827712220e+01 6.422476246026681762e-04
1.000000000000000056e-01 2.939597614838760720e+01 5.837112741613918266e-04
1.000000000000000056e-01 3.079816921849808864e+01 5.291356358697911965e-04
1.000000000000000056e-01 3.220036228860857364e+01 4.772982622881194697e-04
1.000000000000000056e-01 3.360255535871905153e+01 4.319599309982626836e-04
1.000000000000000056e-01 3.500474842882952942e+01 3.860244540998342892e-04
1.000000000000000056e-01 3.640694149894001441e+01 3.467106279613253197e-04
1.000000000000000056e-01 3.780913456905049941e+01 3.100028706289326402e-04
1.000000000000000056e-01 3.921132763916098440e+01 2.749085346238887566e-04
1.000000000000000056e-01 4.061352070927146229e+01 2.443102075386313784e-04
1.000000000000000056e-01 4.201571377938194729e+01 2.166799303687811241e-04
1.000000000000000056e-01 4.341790684949242518e+01 1.896849538293691616e-04
1.000000000000000056e-01 4.482009991960291018e+01 1.669965094559661134e-04
1.000000000000000056e-01 4.622229298971338807e+01 1.446487706092951676e-04
1.000000000000000056e-01 4.762448605982387306e+01 1.266030924708206674e-04
1.000000000000000056e-01 4.902667912993435806e+01 1.093299324737432226e-04
1.000000000000000056e-01 5.042887220004483595e+01 9.282268033655125547e-05
1.000000000000000056e-01 5.183106527015532095e+01 7.939014313480959820e-05
1.000000000000000056e-01 5.323325834026579884e+01 6.660261453331930265e-05
1.000000000000000056e-01 5.463545141037628383e+01 5.560552754510709301e-05
1.000000000000000056e-01 5.603764448048676883e+01 4.509949083211483027e-05
1.000000000000000056e-01 5.743983755059724672e+01 3.601658788023947243e-05
1.000000000000000056e-01 5.884203062070773171e+01 2.780236654515319021e-05
1.000000000000000056e-01 6.024422369081820960e+01 2.033766543531526417e-05
1.000000000000000056e-01 6.164641676092869460e+01 1.383439950523906261e-05
1.000000000000000056e-01 6.304860983103917960e+01 7.610305549525174316e-06
1.000000000000000056e-01 6.445080290114965749e+01 2.343712050511205122e-06
1.000000000000000056e-01 6.510182111227237556e+01 0.000000000000000000e+00
2.000000000000000111e-01 1.000000000000000000e+00 8.814330434750208484e-03
2.000000000000000111e-01 1.164801285276369835e+00 8.357178215208609443e-03
2.000000000000000111e-01 1.356762034181483223e+00 7.487685495461628322e-03
2.000000000000000111e-01 1.580358161228773595e+00 6.620830835006948425e-03
2.000000000000000111e-01 1.840803217396276059e+00 6.128326713218517144e-03
2.000000000000000111e-01 2.144169953564059483e+00 5.444705169833878936e-03
2.000000000000000111e-01 2.497531917762390474e+00 5.055468431845155583e-03
2.000000000000000111e-01 2.909128387828389339e+00 4.614475981130501323e-03
2.000000000000000111e-01 3.388556485176482003e+00 4.212733202470212227e-03
2.000000000000000111e-01 3.946994949165143929e+00 3.803853665281737954e-03
2.000000000000000111e-01 4.597464789766900317e+00 3.576666005482542852e-03
2.000000000000000111e-01 5.355132896133341092e+00 3.314047131815563325e-03
2.000000000000000111e-01 6.237665680241883948e+00 3.059902500636064917e-03
2.000000000000000111e-01 7.265641001470049432e+00 2.829149881146470879e-03
2.000000000000000111e-01 8.463027976869003766e+00 2.640987502198052263e-03
2.000000000000000111e-01 9.857745864786894074e+00 2.447400402825566923e-03
2.000000000000000111e-01 1.088770218250473043e+01 2.301963865015235408e-03
2.000000000000000111e-01 1.148231505323159318e+01 2.242796080628183843e-03
2.000000000000000111e-01 1.245106454717207711e+01 2.145932481303333261e-03
2.000000000000000111e-01 1.337461533195236640e+01 2.046942455843994008e-03
2.000000000000000111e-01 1.401442691183942202e+01 1.985180329391747836e-03
2.000000000000000111e-01 1.557778927650676870e+01 1.840409728825776305e-03
2.000000000000000111e-01 1.557876912873515884e+01 1.839928454214900073e-03
2.000000000000000111e-01 1.714115164117411538e+01 1.711043339321957017e-03
2.000000000000000111e-01 1.814617030417455368e+01 1.628262714248472978e-03
2.000000000000000111e-01 1.870451400584146029e+01 1.584863837242488603e-03
2.000000000000000111e-01 2.026787637050880875e+01 1.465997670611912055e-03
2.000000000000000111e-01 2.183123873517615010e+01 1.350253746949911472e-03
2.000000000000000111e-01 2.339460109984349856e+01 1.243942918097165617e-03
2.000000000000000111e-01 2.495796346451084702e+01 1.141163606217775357e-03
2.000000000000000111e-01 2.652132582917818837e+01 1.039854397106690408e-03
2.000000000000000111e-01 2.808468819384553683e+01 9.514742349532697352e-04
2.000000000000000111e-01 2.964805055851288529e+01 8.634959851391641860e-04
2.000000000000000111e-01 3.121141292318022664e+01 7.823494675401030957e-04
2.000000000000000111e-01 3.277477528784757510e+01 7.076383519289461800e-04
2.000000000000000111e-01 3.433813765251492356e+01 6.367973295716049600e-04
2.000000000000000111e-01 3.590150001718226491e+01 5.723871603579421419e-04
2.000000000000000111e-01 3.746486238184961337e+01 5.096363891074144181e-04
2.000000000000000111e-01 3.902822474651696183e+01 4.565891689922445978e-04
2.000000000000000111e-01 4.059158711118430318e+01 4.058144280683448780e-04
2.000000000000000111e-01 4.215494947585165164e+01 3.582377821505339211e-04
2.000000000000000111e-01 4.371831184051900010e+01 3.174640184505527125e-04
2.000000000000000111e-01 4.528167420518634145e+01 2.790679273389432414e-04
2.000000000000000111e-01 4.684503656985368991e+01 2.443519761767201518e-04
2.000000000000000111e-01 4.840839893452103837e+01 2.131730716900331825e-04
2.000000000000000111e-01 4.997176129918837972e+01 1.856866437606873737e-04
2.000000000000000111e-01 5.153512366385572818e+01 1.594125361904619555e-04
2.000000000000000111e-01 5.309848602852307664e+01 1.378861007587419134e-04
2.000000000000000111e-01 5.466184839319041799e+01 1.172312443755258132e-04
2.000000000000000111e-01 5.622521075785776645e+01 9.984284709202034564e-05
2.000000000000000111e-01 5.778857312252511491e+01 8.413745390286241023e-05
2.000000000000000111e-01 5.935193548719245626e+01 6.943595020016203102e-05
2.000000000000000111e-01 6.091529785185980472e+01 5.722547478815703397e-05
2.000000000000000111e-01 6.247866021652715318e+01 4.615697255712554876e-05
2.000000000000000111e-01 6.404202258119448743e+01 3.643221843674636508e-05
2.000000000000000111e-01 6.560538494586184299e+01 2.772579070965936583e-05
2.000000000000000111e-01 6.716874731052918435e+01 1.988573292215173476e-05
2.000000000000000111e-01 6.873210967519652570e+01 1.325412003831543923e-05
2.000000000000000111e-01 7.029547203986388126e+01 7.304003571327692702e-06
2.000000000000000111e-01 7.185883440453122262e+01 2.117142035246208907e-06
2.000000000000000111e-01 7.258468121669820050e+01 0.000000000000000000e+00
3.000000000000000444e-01 1.000000000000000000e+00 1.279554470877475314e-02
3.000000000000000444e-01 1.174340659376843954e+00 1.270179278676426653e-02
3.000000000000000444e-01 1.379075984265640598e+00 1.169630841138810315e-02
3.000000000000000444e-01 1.619505000693282515e+00 1.023872164959243464e-02
3.000000000000000444e-01 1.901850570378245564e+00 9.042806497027173346e-03
3.000000000000000444e-01 2.233420452854215643e+00 8.021953261498784502e-03
3.000000000000000444e-01 2.622796447270548725e+00 7.614645474739459297e-03
3.000000000000000444e-01 3.080056509298940259e+00 6.936112083437130822e-03
3.000000000000000444e-01 3.617035592048057691e+00 6.278092964628667616e-03
3.000000000000000444e-01 4.247631962155228535e+00 5.738027310952725953e-03
3.000000000000000444e-01 4.988166919227529306e+00 5.297096636624690734e-03
3.000000000000000444e-01 5.857807229007416794e+00 4.878048605082913741e-03
3.000000000000000444e-01 6.879061203815012071e+00 4.499531868843041106e-03
3.000000000000000444e-01 8.078361269981789050e+00 4.147231411410366199e-03
3.000000000000000444e-01 9.486748100474772016e+00 3.860594824258699233e-03
3.000000000000000444e-01 1.114067401965356652e+01 3.562604855194169851e-03
3.000000000000000444e-01 1.271273834320574103e+01 3.312911426879827474e-03
3.000000000000000444e-01 1.308294647414244238e+01 3.266897160192592641e-03
3.000000000000000444e-01 1.453815718223015452e+01 3.076485327095764000e-03
3.000000000000000444e-01 1.536383598903639047e+01 2.971279803123209710e-03
3.000000000000000444e-01 1.636357602125456978e+01 2.851385738556907155e-03
3.000000000000000444e-01 1.804237728592267942e+01 2.654558455380331972e-03
3.000000000000000444e-01 1.818899486027898149e+01 2.638717782315046136e-03
3.000000000000000444e-01 2.001441369930339675e+01 2.445793497815708286e-03
3.000000000000000444e-01 2.118789723867623920e+01 2.325165471815473974e-03
3.000000000000000444e-01 2.183983253832781202e+01 2.259844300616017758e-03
3.000000000000000444e-01 2.366525137735222728e+01 2.081452674099835542e-03
3.000000000000000444e-01 2.549067021637663899e+01 1.908299373900452286e-03
3.000000000000000444e-01 2.731608905540105070e+01 1.750382155807068399e-03
3.000000000000000444e-01 2.914150789442546596e+01 1.594549358132160222e-03
3.000000000000000444e-01 3.096692673344988123e+01 1.446613216892414641e-03
3.000000000000000444e-01 3.279234557247429649e+01 1.311981449893891497e-03
3.000000000000000444e-01 3.461776441149871175e+01 1.182810743902450992e-03
3.000000000000000444e-01 3.644318325052311991e+01 1.062535972556331127e-03
3.000000000000000444e-01 3.826860208954753517e+01 9.531655513518255901e-04
3.000000000000000444e-01 4.009402092857195044e+01 8.493465850082021007e-04
3.000000000000000444e-01 4.191943976759636570e+01 7.560879433686299713e-04
3.000000000000000444e-01 4.374485860662078096e+01 6.679085480737869188e-04
3.000000000000000444e-01 4.557027744564519622e+01 5.906592240909637730e-04
3.000000000000000444e-01 4.739569628466960438e+01 5.197004812482223721e-04
3.000000000000000444e-01 4.922111512369401964e+01 4.528095850743408981e-04
3.000000000000000444e-01 5.104653396271843491e+01 3.968193569347756508e-04
3.000000000000000444e-01 5.287195280174285017e+01 3.449720717763941034e-04
3.000000000000000444e-01 5.469737164076726543e+01 2.978361651724073262e-04
3.000000000000000444e-01 5.652279047979168070e+01 2.573778346513095868e-04
3.000000000000000444e-01 5.834820931881608885e+01 2.207859625048883532e-04
3.000000000000000444e-01 6.017362815784050412e+01 1.881979098360168033e-04
3.000000000000000444e-01 6.199904699686491938e+01 1.596085461164208237e-04
3.000000000000000444e-01 6.382446583588933464e+01 1.352202032781411151e-04
3.000000000000000444e-01 6.564988467491374990e+01 1.127196119449895572e-04
3.000000000000000444e-01 6.747530351393815806e+01 9.350350943761647014e-05
3.000000000000000444e-01 6.930072235296256622e+01 7.681061412849413009e-05
3.000000000000000444e-01 7.112614119198698859e+01 6.209473244077883685e-05
3.000000000000000444e-01 7.295156003101139675e+01 4.916800766677774956e-05
3.000000000000000444e-01 7.477697887003581911e+01 3.839509884784231324e-05
3.000000000000000444e-01 7.660239770906022727e+01 2.855295688395714175e-05
3.000000000000000444e-01 7.842781654808464964e+01 2.063492306841446236e-05
3.000000000000000444e-01 8.025323538710905780e+01 1.363472143339235520e-05
3.000000000000000444e-01 8.207865422613346595e+01 7.426008088128339297e-06
3.000000000000000444e-01 8.390407306515788832e+01 2.183396296739232163e-06
3.000000000000000444e-01 8.475158895470494258e+01 0.000000000000000000e+00
4.000000000000000222e-01 1.000000000000000000e+00 2.163360180508911573e-02
4.000000000000000222e-01 1.185469932790613301e+00 1.871888221690308496e-02
4.000000000000000222e-01 1.405338961550581356e+00 1.774746821244138628e-02
4.000000000000000222e-01 1.665987084297398280e+00 1.548000744313717848e-02
4.000000000000000222e-01 1.974977596852066419e+00 1.344986965179622088e-02
4.000000000000000222e-01 2.341276559003186541e+00 1.239412267467042417e-02
4.000000000000000222e-01 2.775512965045745961e+00 1.134185745951094351e-02
4.000000000000000222e-01 3.290287168132256745e+00 1.030057919342936869e-02
4.000000000000000222e-01 3.900536508067563801e+00 9.289336609864490973e-03
4.000000000000000222e-01 4.623968752066188515e+00 8.541726520562387820e-03
4.000000000000000222e-01 5.481575925737800503e+00 7.857977146401127697e-03
4.000000000000000222e-01 6.498243444271034619e+00 7.229923295458890939e-03
4.000000000000000222e-01 7.703472219137029064e+00 6.694814971155026509e-03
4.000000000000000222e-01 9.132234693874730524e+00 6.205423595017483043e-03
4.000000000000000222e-01 1.082598964877578496e+01 5.780183098594484509e-03
4.000000000000000222e-01 1.283388522132610277e+01 5.355969018742844437e-03
4.000000000000000222e-01 1.520798147561393243e+01 4.937482470297503180e-03
4.000000000000000222e-01 1.521418505076790417e+01 4.933869818716195114e-03
4.000000000000000222e-01 1.739169163621490810e+01 4.594042796684248524e-03
4.000000000000000222e-01 1.803595892959778624e+01 4.496612321728261745e-03
4.000000000000000222e-01 1.957540179681588199e+01 4.273334672798175839e-03
4.000000000000000222e-01 2.138108702008454642e+01 4.025149535671736570e-03
4.000000000000000222e-01 2.175911195741685589e+01 3.971809174989318798e-03
4.000000000000000222e-01 2.394282211801782978e+01 3.679077872264652650e-03
4.000000000000000222e-01 2.534663579268988798e+01 3.496547145248367176e-03
4.000000000000000222e-01 2.612653227861880367e+01 3.396486234224580913e-03
4.000000000000000222e-01 2.831024243921978112e+01 3.112609672535650990e-03
4.000000000000000222e-01 3.049395259982075856e+01 2.857961942126452382e-03
4.000000000000000222e-01 3.267766276042173246e+01 2.604442455163563305e-03
4.000000000000000222e-01 3.486137292102270635e+01 2.357732231662796555e-03
4.000000000000000222e-01 3.704508308162368024e+01 2.132718326535350435e-03
4.000000000000000222e-01 3.922879324222465414e+01 1.917228915148781613e-03
4.000000000000000222e-01 4.141250340282562803e+01 1.712075464662191071e-03
4.000000000000000222e-01 4.359621356342660192e+01 1.526838814289139569e-03
4.000000000000000222e-01 4.577992372402758292e+01 1.352152596764199816e-03
4.000000000000000222e-01 4.796363388462855681e+01 1.194100784436907380e-03
4.000000000000000222e-01 5.014734404522953071e+01 1.047928194621992404e-03
4.000000000000000222e-01 5.233105420583050460e+01 9.171816955812630385e-04
4.000000000000000222e-01 5.451476436643147849e+01 7.996109801533890851e-04
4.000000000000000222e-01 5.669847452703245239e+01 6.907593747391821675e-04
4.000000000000000222e-01 5.888218468763342628e+01 5.983218668460315529e-04
4.000000000000000222e-01 6.106589484823440728e+01 5.155618236508699393e-04
4.000000000000000222e-01 6.324960500883538117e+01 4.400876261804601073e-04
4.000000000000000222e-01 6.543331516943635506e+01 3.761594580794465413e-04
4.000000000000000222e-01 6.761702533003732185e+01 3.195124315927715987e-04
4.000000000000000222e-01 6.980073549063830285e+01 2.701346704667412614e-04
4.000000000000000222e-01 7.198444565123926964e+01 2.262157215806684146e-04
4.000000000000000222e-01 7.416815581184025064e+01 1.899559168618094359e-04
4.000000000000000222e-01 7.635186597244123163e+01 1.571035500077238710e-04
4.000000000000000222e-01 7.853557613304219842e+01 1.299472922058484607e-04
4.000000000000000222e-01 8.071928629364317942e+01 1.063475744150058528e-04
4.000000000000000222e-01 8.290299645424414621e+01 8.528852593397418783e-05
4.000000000000000222e-01 8.508670661484512721e+01 6.866616171487504834e-05
4.000000000000000222e-01 8.727041677544610820e+01 5.373829122253840024e-05
4.000000000000000222e-01 8.945412693604707499e+01 4.137767184945479327e-05
4.000000000000000222e-01 9.163783709664805599e+01 3.038925538440431136e-05
4.000000000000000222e-01 9.382154725724902278e+01 2.167256572036240642e-05
4.000000000000000222e-01 9.600525741785000378e+01 1.414156736816337026e-05
4.000000000000000222e-01 9.818896757845097056e+01 7.601526261017210284e-06
4.000000000000000222e-01 1.003726777390519516e+02 2.155086876509995315e-06
4.000000000000000222e-01 1.013865431707595519e+02 0.000000000000000000e+00
5.000000000000000000e-01 1.000000000000000000e+00 2.849585472958306165e-02
5.000000000000000000e-01 1.196994350731414025e+00 2.412048847358846601e-02
5.000000000000000000e-01 1.432795475682919317e+00 2.328932027842429975e-02
5.000000000000000000e-01 1.715048090145983473e+00 2.024951433336536974e-02
5.000000000000000000e-01 2.052902875137443406e+00 1.748278270533942802e-02
5.000000000000000000e-01 2.457313144139797068e+00 1.625457671110858496e-02
5.000000000000000000e-01 2.941389951513385892e+00 1.492578787537573656e-02
5.000000000000000000e-01 3.520827155259671049e+00 1.348649632363099760e-02
5.000000000000000000e-01 4.214410214747580596e+00 1.226671550700053973e-02
5.000000000000000000e-01 5.044625218717619042e+00 1.135850089340790028e-02
5.000000000000000000e-01 6.038387888362215072e+00 1.050019978904203483e-02
5.000000000000000000e-01 7.227916189894562748e+00 9.735213443789442200e-03
5.000000000000000000e-01 8.651774846863917290e+00 9.120539408476770193e-03
5.000000000000000000e-01 1.035612561549625354e+01 8.576799046265785875e-03
5.000000000000000000e-01 1.239622385721390785e+01 8.077919368881246107e-03
5.000000000000000000e-01 1.483820992748702494e+01 7.582384088903196609e-03
5.000000000000000000e-01 1.776125345816875267e+01 7.104834915846740435e-03
5.000000000000000000e-01 1.827684229321863185e+01 7.024965529976025073e-03
5.000000000000000000e-01 2.090120939173207759e+01 6.613992234716530895e-03
5.000000000000000000e-01 2.126012005133678429e+01 6.556172212620113224e-03
5.000000000000000000e-01 2.352557649024551978e+01 6.214331931857402895e-03
5.000000000000000000e-01 2.544824359732178820e+01 5.920652899402019213e-03
5.000000000000000000e-01 2.614994358875896552e+01 5.814129595559416365e-03
5.000000000000000000e-01 2.877431068727241126e+01 5.413818555212115795e-03
5.000000000000000000e-01 3.046140382203105545e+01 5.152056507482722855e-03
5.000000000000000000e-01 3.139867778578585700e+01 5.011576764266940757e-03
5.000000000000000000e-01 3.402304488429930274e+01 4.617744611420056960e-03
5.000000000000000000e-01 3.664741198281274137e+01 4.221830277129282397e-03
5.000000000000000000e-01 3.927177908132618711e+01 3.834856494384877423e-03
5.000000000000000000e-01 4.189614617983963285e+01 3.467775522847140780e-03
5.000000000000000000e-01 4.452051327835307859e+01 3.106464544181895045e-03
5.000000000000000000e-01 4.714488037686652433e+01 2.774905763089276917e-03
5.000000000000000000e-01 4.976924747537997007e+01 2.461644448530596156e-03
5.000000000000000000e-01 5.239361457389341581e+01 2.170342197517425176e-03
5.000000000000000000e-01 5.501798167240686155e+01 1.901997774869260442e-03
5.000000000000000000e-01 5.764234877092030729e+01 1.657384013505142561e-03
5.000000000000000000e-01 6.026671586943375303e+01 1.438468093234267133e-03
5.000000000000000000e-01 6.289108296794719877e+01 1.240355555747649132e-03
5.000000000000000000e-01 6.551545006646064451e+01 1.064620228453425511e-03
5.000000000000000000e-01 6.813981716497409025e+01 9.117103625537614645e-04
5.000000000000000000e-01 7.076418426348753599e+01 7.753268924966781345e-04
5.000000000000000000e-01 7.338855136200096752e+01 6.563417245126617347e-04
5.000000000000000000e-01 7.601291846051441325e+01 5.533953025246935928e-04
5.000000000000000000e-01 7.863728555902785899e+01 4.648508508133818748e-04
5.000000000000000000e-01 8.126165265754130473e+01 3.870604083615214615e-04
5.000000000000000000e-01 8.388601975605475047e+01 3.228094086917405710e-04
5.000000000000000000e-01 8.651038685456819621e+01 2.659942364215308729e-04
5.000000000000000000e-01 8.913475395308164195e+01 2.198432200836907761e-04
5.000000000000000000e-01 9.175912105159508769e+01 1.796475371346182605e-04
5.000000000000000000e-01 9.438348815010853343e+01 1.459447946204780436e-04
5.000000000000000000e-01 9.700785524862197917e+01 1.173519635729733732e-04
5.000000000000000000e-01 9.963222234713542491e+01 9.369158514548951125e-05
5.000000000000000000e-01 1.022565894456488707e+02 7.363749708149551260e-05
5.000000000000000000e-01 1.048809565441623164e+02 5.720388790851906963e-05
5.000000000000000000e-01 1.075053236426757621e+02 4.292258964721602294e-05
5.000000000000000000e-01 1.101296907411892079e+02 3.166529009938752145e-05
5.000000000000000000e-01 1.127540578397026536e+02 2.202749790266288017e-05
5.000000000000000000e-01 1.153784249382160993e+02 1.411779610366319515e-05
5.000000000000000000e-01 1.180027920367295451e+02 7.633525854682172204e-06
5.000000000000000000e-01 1.206271591352429766e+02 2.211488517814326126e-06
5.000000000000000000e-01 1.218456152881242218e+02 0.000000000000000000e+00
6.000000000000000888e-01 1.000000000000000000e+00 3.001412767111238944e-02
6.000000000000000888e-01 1.207886692069845447e+00 2.570919652389118404e-02
6.000000000000000888e-01 1.458990260879433620e+00 2.469604387003719245e-02
6.000000000000000888e-01 1.762294919975779806e+00 2.131274774911180725e-02
6.000000000000000888e-01 2.128652581341037298e+00 1.863353089912310467e-02
6.000000000000000888e-01 2.571171125041963101e+00 1.707425944276444799e-02
6.000000000000000888e-01 3.105683384972440120e+00 1.611247962537427567e-02
6.000000000000000888e-01 3.751313630490640261e+00 1.458398448937992149e-02
6.000000000000000888e-01 4.531161812049862014e+00 1.350135790390718030e-02
6.000000000000000888e-01 5.473130052390114741e+00 1.258786007291857502e-02
6.000000000000000888e-01 6.610920954249555059e+00 1.179013085300278235e-02
6.000000000000000888e-01 7.985243442963721350e+00 1.115004092871762185e-02
6.000000000000000888e-01 9.645269287693873039e+00 1.062207003522100575e-02
6.000000000000000888e-01 1.165039241403542825e+01 1.022599540297788878e-02
6.000000000000000888e-01 1.407235395430486768e+01 9.863947192670002861e-03
6.000000000000000888e-01 1.699780906750131493e+01 9.516074887417184242e-03
6.000000000000000888e-01 2.053142736697899196e+01 9.146559379975133242e-03
6.000000000000000888e-01 2.170945808920727060e+01 9.020868115073327198e-03
6.000000000000000888e-01 2.479963788577255102e+01 8.670837827215211943e-03
6.000000000000000888e-01 2.482671360970882546e+01 8.668070634026589852e-03
6.000000000000000888e-01 2.794396913021038387e+01 8.279976730585874439e-03
6.000000000000000888e-01 2.995515257037582302e+01 8.005046726708523255e-03
6.000000000000000888e-01 3.106122465071193872e+01 7.846279433524059807e-03
6.000000000000000888e-01 3.417848017121349358e+01 7.383223419482551515e-03
6.000000000000000888e-01 3.618243014867878315e+01 7.067672333401770271e-03
6.000000000000000888e-01 3.729573569171505198e+01 6.886068598489471053e-03
6.000000000000000888e-01 4.041299121221661039e+01 6.360281400923111297e-03
6.000000000000000888e-01 4.353024673271816880e+01 5.830386457589894697e-03
6.000000000000000888e-01 4.664750225321972010e+01 5.290256136835863078e-03
6.000000000000000888e-01 4.976475777372127141e+01 4.769982791836672488e-03
6.000000000000000888e-01 5.288201329422282981e+01 4.262103999931992834e-03
6.000000000000000888e-01 5.599926881472438822e+01 3.778236952064614133e-03
6.000000000000000888e-01 5.911652433522594663e+01 3.320028705867094851e-03
6.000000000000000888e-01 6.223377985572750504e+01 2.903008573412838803e-03
6.000000000000000888e-01 6.535103537622906344e+01 2.516168416305693094e-03
6.000000000000000888e-01 6.846829089673060764e+01 2.165267043541461468e-03
6.000000000000000888e-01 7.158554641723216605e+01 1.856467109080579088e-03
6.000000000000000888e-01 7.470280193773372446e+01 1.581951927000283887e-03
6.000000000000000888e-01 7.782005745823528287e+01 1.339034325428235372e-03
6.000000000000000888e-01 8.093731297873684127e+01 1.128490054805536416e-03
6.000000000000000888e-01 8.405456849923839968e+01 9.453289716047374742e-04
6.000000000000000888e-01 8.717182401973995809e+01 7.886345097126765515e-04
6.000000000000000888e-01 9.028907954024151650e+01 6.545015404360855727e-04
6.000000000000000888e-01 9.340633506074306069e+01 5.418016084975594811e-04
6.000000000000000888e-01 9.652359058124461910e+01 4.452427689065418344e-04
6.000000000000000888e-01 9.964084610174617751e+01 3.648916492955627910e-04
6.000000000000000888e-01 1.027581016222477359e+02 2.979736857894085388e-04
6.000000000000000888e-01 1.058753571427492943e+02 2.404626519187349945e-04
6.000000000000000888e-01 1.089926126632508527e+02 1.946117709189989099e-04
6.000000000000000888e-01 1.121098681837523969e+02 1.553422540762203132e-04
6.000000000000000888e-01 1.152271237042539553e+02 1.239120528556738059e-04
6.000000000000000888e-01 1.183443792247555137e+02 9.755474910902664910e-05
6.000000000000000888e-01 1.214616347452570722e+02 7.548068298115442225e-05
6.000000000000000888e-01 1.245788902657586306e+02 5.802365647693557318e-05
6.000000000000000888e-01 1.276961457862601890e+02 4.328373703427951979e-05
6.000000000000000888e-01 1.308134013067617332e+02 3.163434564323018561e-05
6.000000000000000888e-01 1.339306568272632774e+02 2.184268813640942889e-05
6.000000000000000888e-01 1.370479123477648500e+02 1.376774855890093948e-05
6.000000000000000888e-01 1.401651678682663942e+02 7.318477319032819873e-06
6.000000000000000888e-01 1.432824233887679668e+02 2.049562633237737703e-06
6.000000000000000888e-01 1.447297205947151326e+02 0.000000000000000000e+00
7.000000000000000666e-01 1.000000000000000000e+00 2.548131323175729240e-02
7.000000000000000666e-01 1.217279166430357273e+00 2.266261259222343213e-02
7.000000000000000666e-01 1.481768569025385451e+00 2.110491362801640222e-02
7.000000000000000666e-01 1.803726008545924353e+00 1.818350715946955368e-02
7.000000000000000666e-01 2.195638092151538157e+00 1.638946207096360005e-02
7.000000000000000666e-01 2.672704506596964347e+00 1.532681740693100404e-02
7.000000000000000666e-01 3.253427513905011725e+00 1.421007585156216363e-02
7.000000000000000666e-01 3.960329532167882416e+00 1.308498734048838506e-02
7.000000000000000666e-01 4.820826631706847110e+00 1.230746009196669565e-02
7.000000000000000666e-01 5.868291823749377301e+00 1.164884873015305765e-02
7.000000000000000666e-01 7.143349379583723291e+00 1.110073206044943743e-02
7.000000000000000666e-01 8.695450378300485283e+00 1.073574393031392037e-02
7.000000000000000666e-01 1.058479058823414576e+01 1.054257241055945454e-02
7.000000000000000666e-01 1.288464506408555543e+01 1.041210380175798707e-02
7.000000000000000666e-01 1.568421000336107873e+01 1.038032098596400159e-02
7.000000000000000666e-01 1.909206207901004859e+01 1.039032680396256847e-02
7.000000000000000666e-01 2.324036941297397973e+01 1.036328590559923782e-02
7.000000000000000666e-01 2.515155525503780254e+01 1.031958699921496116e-02
7.000000000000000666e-01 2.829001750655853087e+01 1.019651189922394369e-02
7.000000000000000666e-01 2.876306062499194738e+01 1.017299063941199191e-02
7.000000000000000666e-01 3.237456599494609577e+01 9.922323316112221722e-03
7.000000000000000666e-01 3.443684892868379421e+01 9.732460638268394804e-03
7.000000000000000666e-01 3.598607136490024061e+01 9.569933743306002771e-03
7.000000000000000666e-01 3.959757673485438545e+01 9.114270129005636739e-03
7.000000000000000666e-01 4.191925875839633875e+01 8.782023034601644379e-03
7.000000000000000666e-01 4.320908210480853029e+01 8.584558578007241841e-03
7.000000000000000666e-01 4.682058747476267513e+01 7.979066308425798726e-03
7.000000000000000666e-01 5.043209284471681997e+01 7.335781527454818957e-03
7.000000000000000666e-01 5.404359821467096481e+01 6.683470452882027402e-03
7.000000000000000666e-01 5.765510358462510965e+01 5.995729879480510109e-03
7.000000000000000666e-01 6.126660895457925449e+01 5.337246969067273826e-03
7.000000000000000666e-01 6.487811432453339933e+01 4.706639948560093628e-03
7.000000000000000666e-01 6.848961969448755838e+01 4.109131248478670173e-03
7.000000000000000666e-01 7.210112506444170322e+01 3.558307535932160766e-03
7.000000000000000666e-01 7.571263043439584806e+01 3.058731872819072956e-03
7.000000000000000666e-01 7.932413580434999290e+01 2.605546773380945907e-03
7.000000000000000666e-01 8.293564117430413773e+01 2.209027837104177334e-03
7.000000000000000666e-01 8.654714654425828257e+01 1.858560459039096001e-03
7.000000000000000666e-01 9.015865191421242741e+01 1.553997703556276710e-03
7.000000000000000666e-01 9.377015728416657225e+01 1.293234900410654767e-03
7.000000000000000666e-01 9.738166265412071709e+01 1.071083846015692632e-03
7.000000000000000666e-01 1.009931680240748619e+02 8.813621410279943048e-04
7.000000000000000666e-01 1.046046733940290068e+02 7.224444321916269254e-04
7.000000000000000666e-01 1.082161787639831516e+02 5.902134667664546116e-04
7.000000000000000666e-01 1.118276841339373107e+02 4.788715978326208269e-04
7.000000000000000666e-01 1.154391895038914555e+02 3.883112687921250216e-04
7.000000000000000666e-01 1.190506948738456003e+02 3.121070659598673409e-04
7.000000000000000666e-01 1.226622002437997452e+02 2.507946861810704986e-04
7.000000000000000666e-01 1.262737056137538900e+02 2.001651044727436398e-04
7.000000000000000666e-01 1.298852109837080206e+02 1.579007001639559638e-04
7.000000000000000666e-01 1.334967163536621797e+02 1.248055364925263974e-04
7.000000000000000666e-01 1.371082217236163103e+02 9.731292939944602731e-05
7.000000000000000666e-01 1.407197270935704694e+02 7.505578437397483467e-05
7.000000000000000666e-01 1.443312324635246000e+02 5.649599335371870569e-05
7.000000000000000666e-01 1.479427378334787591e+02 4.231614740115861363e-05
7.000000000000000666e-01 1.515542432034328897e+02 3.045231866052050274e-05
7.000000000000000666e-01 1.551657485733870487e+02 2.102177999668669968e-05
7.000000000000000666e-01 1.587772539433412078e+02 1.320893629140481769e-05
7.000000000000000666e-01 1.623887593132953384e+02 6.979468315261202293e-06
7.000000000000000666e-01 1.660002646832494975e+02 1.877457222983890455e-06
7.000000000000000666e-01 1.676770350335853550e+02 0.000000000000000000e+00
8.000000000000000444e-01 1.000000000000000000e+00 1.738246912034818736e-02
8.000000000000000444e-01 1.224470381675354602e+00 1.760175356742387301e-02
8.000000000000000444e-01 1.499327715600188515e+00 1.572981966060953488e-02
8.000000000000000444e-01 1.835882380177400020e+00 1.377579404455449123e-02
8.000000000000000444e-01 2.247983598766879254e+00 1.244489312020360255e-02
8.000000000000000444e-01 2.752589335182018093e+00 1.200561136205098578e-02
8.000000000000000444e-01 3.370464113845835552e+00 1.108153106971371087e-02
8.000000000000000444e-01 4.127033479903896129e+00 1.043022523649998930e-02
8.000000000000000444e-01 5.053430260324890178e+00 9.921133067550935714e-03
8.000000000000000444e-01 6.187775679629805126e+00 9.560500238526168856e-03
8.000000000000000444e-01 7.576748048157783799e+00 9.360741372312358574e-03
8.000000000000000444e-01 9.277503574385759677e+00 9.276949896617614835e-03
8.000000000000000444e-01 1.136002834272259499e+01 9.339592159906855845e-03
8.000000000000000444e-01 1.391001824065638104e+01 9.521644939426013657e-03
8.000000000000000444e-01 1.703240534424766395e+01 9.842048848886867859e-03
8.000000000000000444e-01 2.085567587272028334e+01 1.023910501047114660e-02
8.000000000000000444e-01 2.553715739596729151e+01 1.064081584149871064e-02
8.000000000000000444e-01 2.812993038184400163e+01 1.079518710258041241e-02
8.000000000000000444e-01 3.126949286354367175e+01 1.090930621926922660e-02
8.000000000000000444e-01 3.216909987257032100e+01 1.092430654009323571e-02
8.000000000000000444e-01 3.620826936329663681e+01 1.087467330707464312e-02
8.000000000000000444e-01 3.828856786141809465e+01 1.078866721236543605e-02
8.000000000000000444e-01 4.024743885402295973e+01 1.066005644351096168e-02
8.000000000000000444e-01 4.428660834474927555e+01 1.028517098708544783e-02
8.000000000000000444e-01 4.688321730307333013e+01 9.975792117876164378e-03
8.000000000000000444e-01 4.832577783547559136e+01 9.775357733994507678e-03
8.000000000000000444e-01 5.236494732620191428e+01 9.151801521017849730e-03
8.000000000000000444e-01 5.640411681692823009e+01 8.444968545980455904e-03
8.000000000000000444e-01 6.044328630765454591e+01 7.685449045643413975e-03
8.000000000000000444e-01 6.448245579838086883e+01 6.906983508181230823e-03
8.000000000000000444e-01 6.852162528910719175e+01 6.130316326365948393e-03
8.000000000000000444e-01 7.256079477983350046e+01 5.384641184664827607e-03
8.000000000000000444e-01 7.659996427055982338e+01 4.677151455354359305e-03
8.000000000000000444e-01 8.063913376128614630e+01 4.022905752083259616e-03
8.000000000000000444e-01 8.467830325201245500e+01 3.432619543018666959e-03
8.000000000000000444e-01 8.871747274273877792e+01 2.901339059687014620e-03
8.000000000000000444e-01 9.275664223346510084e+01 2.438167064683819697e-03
8.000000000000000444e-01 9.679581172419142376e+01 2.031221599411066944e-03
8.000000000000000444e-01 1.008349812149177325e+02 1.685979229106693462e-03
8.000000000000000444e-01 1.048741507056440554e+02 1.389497342647864246e-03
8.000000000000000444e-01 1.089133201963703783e+02 1.139131388862799424e-03
8.000000000000000444e-01 1.129524896870966870e+02 9.285571957758568910e-04
8.000000000000000444e-01 1.169916591778230099e+02 7.551980566782909689e-04
8.000000000000000444e-01 1.210308286685493329e+02 6.110325482926681718e-04
8.000000000000000444e-01 1.250699981592756416e+02 4.926191074148464615e-04
8.000000000000000444e-01 1.291091676500019503e+02 3.949610172986629244e-04
8.000000000000000444e-01 1.331483371407282732e+02 3.157412243051404047e-04
8.000000000000000444e-01 1.371875066314545961e+02 2.513343888948819309e-04
8.000000000000000444e-01 1.412266761221809190e+02 1.987143574588487709e-04
8.000000000000000444e-01 1.452658456129072420e+02 1.570239381369220458e-04
8.000000000000000444e-01 1.493050151036335649e+02 1.222452648011978073e-04
8.000000000000000444e-01 1.533441845943598594e+02 9.506877135028630208e-05
8.000000000000000444e-01 1.573833540850861823e+02 7.300532905531809189e-05
8.000000000000000444e-01 1.614225235758125052e+02 5.506295046608136430e-05
8.000000000000000444e-01 1.654616930665388281e+02 4.072367473155580711e-05
8.000000000000000444e-01 1.695008625572651511e+02 2.933993947577936203e-05
8.000000000000000444e-01 1.735400320479914456e+02 2.006296092426145889e-05
8.000000000000000444e-01 1.775792015387177685e+02 1.251550535824252165e-05
8.000000000000000444e-01 1.816183710294440914e+02 6.656818119898688114e-06
8.000000000000000444e-01 1.856575405201704143e+02 1.906029824070951528e-06
8.000000000000000444e-01 1.875328692122933489e+02 0.000000000000000000e+00
9.000000000000000222e-01 1.000000000000000000e+00 1.417758400238259935e-02
9.000000000000000222e-01 1.228967154619520219e+00 1.353994815760733994e-02
9.000000000000000222e-01 1.510360267133599832e+00 1.194989370046104123e-02
9.000000000000000222e-01 1.856183159949558847e+00 1.098787561252536835e-02
9.000000000000000222e-01 2.281188136535879263e+00 1.000391674846412039e-02
9.000000000000000222e-01 2.803505293310305291e+00 9.432390822234871033e-03
9.000000000000000222e-01 3.445415923280329640e+00 8.716433677721183854e-03
9.000000000000000222e-01 4.234303003714613212e+00 8.262604022272053775e-03
9.000000000000000222e-01 5.203819314272037033e+00 8.097575712841554099e-03
9.000000000000000222e-01 6.395323015815009171e+00 7.840853829896235125e-03
9.000000000000000222e-01 7.859641929618899958e+00 7.808872024273603649e-03
9.000000000000000222e-01 9.659241778572017267e+00 7.917551489324152481e-03
9.000000000000000222e-01 1.187089088439364737e+01 8.132346329802735835e-03
9.000000000000000222e-01 1.458893499299205843e+01 8.546536959132093603e-03
9.000000000000000222e-01 1.792932192726659935e+01 9.071054863946943769e-03
9.000000000000000222e-01 2.203454775321021231e+01 9.737690803355337349e-03
9.000000000000000222e-01 2.707973545559069350e+01 1.045408519448875508e-02
9.000000000000000222e-01 3.015896935713385929e+01 1.080133620181247464e-02
9.000000000000000222e-01 3.328010543070662663e+01 1.105660587794791636e-02
9.000000000000000222e-01 3.448948803405564689e+01 1.113015743101009557e-02
9.000000000000000222e-01 3.882000671097743094e+01 1.126124509842637601e-02
9.000000000000000222e-01 4.090015647661318354e+01 1.124578363805412914e-02
9.000000000000000222e-01 4.315052538789921499e+01 1.118468065330129567e-02
9.000000000000000222e-01 4.748104406482099904e+01 1.088805836577152152e-02
9.000000000000000222e-01 5.026494892855644281e+01 1.060613312248970264e-02
9.000000000000000222e-01 5.181156274174278309e+01 1.041033382878984309e-02
9.000000000000000222e-01 5.614208141866457424e+01 9.802988851850982441e-03
9.000000000000000222e-01 6.047260009558635829e+01 9.066614109317883488e-03
9.000000000000000222e-01 6.480311877250814234e+01 8.261897012937996845e-03
9.000000000000000222e-01 6.913363744942992639e+01 7.419530537088460213e-03
9.000000000000000222e-01 7.346415612635171044e+01 6.584035265950110259e-03
9.000000000000000222e-01 7.779467480327349449e+01 5.763333942133487368e-03
9.000000000000000222e-01 8.212519348019527854e+01 4.987042790613067759e-03
9.000000000000000222e-01 8.645571215711706259e+01 4.275122042843656697e-03
9.000000000000000222e-01 9.078623083403884664e+01 3.628162890204819462e-03
9.000000000000000222e-01 9.511674951096063069e+01 3.054750608432314687e-03
9.000000000000000222e-01 9.944726818788241474e+01 2.552591552644535924e-03
9.000000000000000222e-01 1.037777868648041988e+02 2.118777838603595493e-03
9.000000000000000222e-01 1.081083055417259828e+02 1.744493324771164778e-03
9.000000000000000222e-01 1.124388242186477669e+02 1.429914708508011603e-03
9.000000000000000222e-01 1.167693428955695509e+02 1.166389344093422039e-03
9.000000000000000222e-01 1.210998615724913350e+02 9.471677620972294596e-04
9.000000000000000222e-01 1.254303802494131190e+02 7.650280272371712395e-04
9.000000000000000222e-01 1.297608989263349031e+02 6.157434102932290553e-04
9.000000000000000222e-01 1.340914176032567013e+02 4.943079787574507743e-04
9.000000000000000222e-01 1.384219362801784996e+02 3.954730260706342307e-04
9.000000000000000222e-01 1.427524549571002694e+02 3.135559257500653398e-04
9.000000000000000222e-01 1.470829736340220677e+02 2.493730406724636601e-04
9.000000000000000222e-01 1.514134923109438375e+02 1.965197674030955848e-04
9.000000000000000222e-01 1.557440109878656358e+02 1.538826618765468850e-04
9.000000000000000222e-01 1.600745296647874056e+02 1.196498718908717220e-04
9.000000000000000222e-01 1.644050483417091755e+02 9.301441010768754297e-05
9.000000000000000222e-01 1.687355670186309737e+02 7.123670227689922496e-05
9.000000000000000222e-01 1.730660856955527720e+02 5.362982579333608752e-05
9.000000000000000222e-01 1.773966043724745418e+02 3.973803874149103805e-05
9.000000000000000222e-01 1.817271230493963401e+02 2.846747744234757647e-05
9.000000000000000222e-01 1.860576417263181099e+02 1.941066141184656901e-05
9.000000000000000222e-01 1.903881604032399082e+02 1.198422681874548645e-05
9.000000000000000222e-01 1.947186790801616780e+02 6.557074124932939898e-06
9.000000000000000222e-01 1.990491977570834763e+02 1.850409730671579003e-06
9.000000000000000222e-01 2.010597957142257428e+02 0.000000000000000000e+00
1.000000000000000000e+00 1.000000000000000000e+00 1.298392748735427253e-02
1.000000000000000000e+00 1.230495534747272135e+00 1.210478795058436176e-02
1.000000000000000000e+00 1.514119261032975450e+00 1.062988183326108241e-02
1.000000000000000000e+00 1.863116989775915666e+00 9.157836857480197018e-03
1.000000000000000000e+00 2.292557136631043324e+00 9.093959521245406630e-03
1.000000000000000000e+00 2.820981319777490892e+00 8.493077229579095236e-03
1.000000000000000000e+00 3.471204917591669492e+00 8.030392862284463362e-03
1.000000000000000000e+00 4.271302151289321891e+00 7.585987644829123890e-03
1.000000000000000000e+00 5.255818224717929255e+00 7.385178163018389641e-03
1.000000000000000000e+00 6.467260856958747084e+00 7.075309258618506063e-03
1.000000000000000000e+00 7.957935606533554918e+00 7.272551896885405716e-03
1.000000000000000000e+00 9.792204229645864899e+00 7.264455773963066770e-03
1.000000000000000000e+00 1.204926357991258890e+01 7.706361551427455894e-03
1.000000000000000000e+00 1.482656503207536858e+01 8.154190839367620944e-03
1.000000000000000000e+00 1.824402206760879253e+01 8.726855958664687940e-03
1.000000000000000000e+00 2.244918769002332226e+01 9.519268610642334441e-03
1.000000000000000000e+00 2.762362521127712256e+01 1.034488906738331541e-02
1.000000000000000000e+00 3.087962727019963438e+01 1.074487729685015720e-02
1.000000000000000000e+00 3.399074747600866431e+01 1.102679570031054462e-02
1.000000000000000000e+00 3.531362503207445513e+01 1.114688130486097759e-02
1.000000000000000000e+00 3.974762279394927589e+01 1.136471107288637532e-02
1.000000000000000000e+00 4.182546299195078632e+01 1.136699960325721938e-02
1.000000000000000000e+00 4.418162055582408954e+01 1.133210734445356908e-02
1.000000000000000000e+00 4.861561831769891029e+01 1.106960775098441568e-02
1.000000000000000000e+00 5.146604545033273581e+01 1.080681559984543981e-02
1.000000000000000000e+00 5.304961607957373104e+01 1.059766779791909176e-02
1.000000000000000000e+00 5.748361384144854469e+01 1.000466607961694211e-02
1.000000000000000000e+00 6.191761160332336544e+01 9.260801477659655681e-03
1.000000000000000000e+00 6.635160936519818620e+01 8.442486827287430315e-03
1.000000000000000000e+00 7.078560712707300695e+01 7.595487878655524799e-03
1.000000000000000000e+00 7.521960488894782770e+01 6.721435425706866022e-03
1.000000000000000000e+00 7.965360265082264846e+01 5.873948456457183179e-03
1.000000000000000000e+00 8.408760041269746921e+01 5.077890806671374498e-03
1.000000000000000000e+00 8.852159817457228996e+01 4.357054316982106323e-03
1.000000000000000000e+00 9.295559593644709651e+01 3.683069549324590776e-03
1.000000000000000000e+00 9.738959369832191726e+01 3.104575388626091420e-03
1.000000000000000000e+00 1.018235914601967380e+02 2.583972335585770896e-03
1.000000000000000000e+00 1.062575892220715588e+02 2.143323028734978736e-03
1.000000000000000000e+00 1.106915869839463795e+02 1.753432709921761866e-03
1.000000000000000000e+00 1.151255847458212003e+02 1.443543945710511894e-03
1.000000000000000000e+00 1.195595825076960210e+02 1.175028868486176258e-03
1.000000000000000000e+00 1.239935802695708276e+02 9.495031608300365505e-04
1.000000000000000000e+00 1.284275780314456483e+02 7.717271546872993661e-04
1.000000000000000000e+00 1.328615757933204691e+02 6.163665540808663940e-04
1.000000000000000000e+00 1.372955735551952898e+02 4.949459196121362226e-04
1.000000000000000000e+00 1.417295713170701106e+02 3.898653966551358561e-04
1.000000000000000000e+00 1.461635690789449313e+02 3.151195162033685595e-04
1.000000000000000000e+00 1.505975668408197521e+02 2.480588573006641635e-04
1.000000000000000000e+00 1.550315646026945728e+02 1.969187365206492390e-04
1.000000000000000000e+00 1.594655623645693936e+02 1.510940064027059754e-04
1.000000000000000000e+00 1.638995601264442143e+02 1.183802597104228332e-04
1.000000000000000000e+00 1.683335578883190351e+02 8.911010848022178654e-05
1.000000000000000000e+00 1.727675556501938559e+02 7.747820070452982467e-05
1.000000000000000000e+00 1.772015534120686766e+02 5.435004037620684678e-05
1.000000000000000000e+00 1.816355511739434974e+02 4.166032032856502174e-05
1.000000000000000000e+00 1.860695489358183181e+02 2.706439229855019219e-05
1.000000000000000000e+00 1.905035466976931389e+02 1.797944259204372182e-05
1.000000000000000000e+00 1.949375444595679596e+02 1.172968099786754565e-05
1.000000000000000000e+00 1.993715422214427804e+02 5.792869110320010760e-06
1.000000000000000000e+00 2.038055399833176011e+02 1.984180670935934950e-06
1.000000000000000000e+00 2.058641818013309148e+02 0.000000000000000000e+00
