# mx [GeV]: 10000.0
# sigma_p [cm^2]: 1.20226443462e-29
# depth [m]: 10.6
# loc: SUF
# Columns: gamma/pi, v [km/s], f(v, gamma) [s/km]
0.000000000000000000e+00 0.000000000000000000e+00 0.000000000000000000e+00
0.000000000000000000e+00 1.666666666666666644e-02 0.000000000000000000e+00
0.000000000000000000e+00 3.333333333333333287e-02 0.000000000000000000e+00
0.000000000000000000e+00 5.000000000000000278e-02 0.000000000000000000e+00
0.000000000000000000e+00 6.666666666666666574e-02 0.000000000000000000e+00
0.000000000000000000e+00 8.333333333333332871e-02 0.000000000000000000e+00
0.000000000000000000e+00 1.000000000000000056e-01 0.000000000000000000e+00
0.000000000000000000e+00 1.166666666666666685e-01 0.000000000000000000e+00
0.000000000000000000e+00 1.333333333333333315e-01 0.000000000000000000e+00
0.000000000000000000e+00 1.499999999999999944e-01 0.000000000000000000e+00
0.000000000000000000e+00 1.666666666666666574e-01 0.000000000000000000e+00
0.000000000000000000e+00 1.833333333333333204e-01 0.000000000000000000e+00
0.000000000000000000e+00 2.000000000000000111e-01 0.000000000000000000e+00
0.000000000000000000e+00 2.166666666666666741e-01 0.000000000000000000e+00
0.000000000000000000e+00 2.333333333333333370e-01 0.000000000000000000e+00
0.000000000000000000e+00 2.500000000000000000e-01 0.000000000000000000e+00
0.000000000000000000e+00 2.666666666666666630e-01 0.000000000000000000e+00
0.000000000000000000e+00 2.833333333333333259e-01 0.000000000000000000e+00
0.000000000000000000e+00 2.999999999999999889e-01 0.000000000000000000e+00
0.000000000000000000e+00 3.166666666666666519e-01 0.000000000000000000e+00
0.000000000000000000e+00 3.333333333333333148e-01 0.000000000000000000e+00
0.000000000000000000e+00 3.499999999999999778e-01 0.000000000000000000e+00
0.000000000000000000e+00 3.666666666666666408e-01 0.000000000000000000e+00
0.000000000000000000e+00 3.833333333333333037e-01 0.000000000000000000e+00
0.000000000000000000e+00 4.000000000000000222e-01 0.000000000000000000e+00
0.000000000000000000e+00 4.166666666666666852e-01 0.000000000000000000e+00
0.000000000000000000e+00 4.333333333333333481e-01 0.000000000000000000e+00
0.000000000000000000e+00 4.500000000000000111e-01 0.000000000000000000e+00
0.000000000000000000e+00 4.666666666666666741e-01 0.000000000000000000e+00
0.000000000000000000e+00 4.833333333333333370e-01 0.000000000000000000e+00
0.000000000000000000e+00 5.000000000000000000e-01 0.000000000000000000e+00
0.000000000000000000e+00 5.166666666666666075e-01 0.000000000000000000e+00
0.000000000000000000e+00 5.333333333333333259e-01 0.000000000000000000e+00
0.000000000000000000e+00 5.500000000000000444e-01 0.000000000000000000e+00
0.000000000000000000e+00 5.666666666666666519e-01 0.000000000000000000e+00
0.000000000000000000e+00 5.833333333333333703e-01 0.000000000000000000e+00
0.000000000000000000e+00 5.999999999999999778e-01 0.000000000000000000e+00
0.000000000000000000e+00 6.166666666666666963e-01 0.000000000000000000e+00
0.000000000000000000e+00 6.333333333333333037e-01 0.000000000000000000e+00
0.000000000000000000e+00 6.500000000000000222e-01 0.000000000000000000e+00
0.000000000000000000e+00 6.666666666666666297e-01 0.000000000000000000e+00
0.000000000000000000e+00 6.833333333333333481e-01 0.000000000000000000e+00
0.000000000000000000e+00 6.999999999999999556e-01 0.000000000000000000e+00
0.000000000000000000e+00 7.166666666666666741e-01 0.000000000000000000e+00
0.000000000000000000e+00 7.333333333333332815e-01 0.000000000000000000e+00
0.000000000000000000e+00 7.500000000000000000e-01 0.000000000000000000e+00
0.000000000000000000e+00 7.666666666666666075e-01 0.000000000000000000e+00
0.000000000000000000e+00 7.833333333333333259e-01 0.000000000000000000e+00
0.000000000000000000e+00 8.000000000000000444e-01 0.000000000000000000e+00
0.000000000000000000e+00 8.166666666666666519e-01 0.000000000000000000e+00
0.000000000000000000e+00 8.333333333333333703e-01 0.000000000000000000e+00
0.000000000000000000e+00 8.499999999999999778e-01 0.000000000000000000e+00
0.000000000000000000e+00 8.666666666666666963e-01 0.000000000000000000e+00
0.000000000000000000e+00 8.833333333333333037e-01 0.000000000000000000e+00
0.000000000000000000e+00 9.000000000000000222e-01 0.000000000000000000e+00
0.000000000000000000e+00 9.166666666666666297e-01 0.000000000000000000e+00
0.000000000000000000e+00 9.333333333333333481e-01 0.000000000000000000e+00
0.000000000000000000e+00 9.499999999999999556e-01 0.000000000000000000e+00
0.000000000000000000e+00 9.666666666666666741e-01 0.000000000000000000e+00
0.000000000000000000e+00 9.833333333333332815e-01 0.000000000000000000e+00
0.000000000000000000e+00 1.000000000000000000e+00 0.000000000000000000e+00
1.000000000000000056e-01 0.000000000000000000e+00 0.000000000000000000e+00
1.000000000000000056e-01 1.666666666666666644e-02 0.000000000000000000e+00
1.000000000000000056e-01 3.333333333333333287e-02 0.000000000000000000e+00
1.000000000000000056e-01 5.000000000000000278e-02 0.000000000000000000e+00
1.000000000000000056e-01 6.666666666666666574e-02 0.000000000000000000e+00
1.000000000000000056e-01 8.333333333333332871e-02 0.000000000000000000e+00
1.000000000000000056e-01 1.000000000000000056e-01 0.000000000000000000e+00
1.000000000000000056e-01 1.166666666666666685e-01 0.000000000000000000e+00
1.000000000000000056e-01 1.333333333333333315e-01 0.000000000000000000e+00
1.000000000000000056e-01 1.499999999999999944e-01 0.000000000000000000e+00
1.000000000000000056e-01 1.666666666666666574e-01 0.000000000000000000e+00
1.000000000000000056e-01 1.833333333333333204e-01 0.000000000000000000e+00
1.000000000000000056e-01 2.000000000000000111e-01 0.000000000000000000e+00
1.000000000000000056e-01 2.166666666666666741e-01 0.000000000000000000e+00
1.000000000000000056e-01 2.333333333333333370e-01 0.000000000000000000e+00
1.000000000000000056e-01 2.500000000000000000e-01 0.000000000000000000e+00
1.000000000000000056e-01 2.666666666666666630e-01 0.000000000000000000e+00
1.000000000000000056e-01 2.833333333333333259e-01 0.000000000000000000e+00
1.000000000000000056e-01 2.999999999999999889e-01 0.000000000000000000e+00
1.000000000000000056e-01 3.166666666666666519e-01 0.000000000000000000e+00
1.000000000000000056e-01 3.333333333333333148e-01 0.000000000000000000e+00
1.000000000000000056e-01 3.499999999999999778e-01 0.000000000000000000e+00
1.000000000000000056e-01 3.666666666666666408e-01 0.000000000000000000e+00
1.000000000000000056e-01 3.833333333333333037e-01 0.000000000000000000e+00
1.000000000000000056e-01 4.000000000000000222e-01 0.000000000000000000e+00
1.000000000000000056e-01 4.166666666666666852e-01 0.000000000000000000e+00
1.000000000000000056e-01 4.333333333333333481e-01 0.000000000000000000e+00
1.000000000000000056e-01 4.500000000000000111e-01 0.000000000000000000e+00
1.000000000000000056e-01 4.666666666666666741e-01 0.000000000000000000e+00
1.000000000000000056e-01 4.833333333333333370e-01 0.000000000000000000e+00
1.000000000000000056e-01 5.000000000000000000e-01 0.000000000000000000e+00
1.000000000000000056e-01 5.166666666666666075e-01 0.000000000000000000e+00
1.000000000000000056e-01 5.333333333333333259e-01 0.000000000000000000e+00
1.000000000000000056e-01 5.500000000000000444e-01 0.000000000000000000e+00
1.000000000000000056e-01 5.666666666666666519e-01 0.000000000000000000e+00
1.000000000000000056e-01 5.833333333333333703e-01 0.000000000000000000e+00
1.000000000000000056e-01 5.999999999999999778e-01 0.000000000000000000e+00
1.000000000000000056e-01 6.166666666666666963e-01 0.000000000000000000e+00
1.000000000000000056e-01 6.333333333333333037e-01 0.000000000000000000e+00
1.000000000000000056e-01 6.500000000000000222e-01 0.000000000000000000e+00
1.000000000000000056e-01 6.666666666666666297e-01 0.000000000000000000e+00
1.000000000000000056e-01 6.833333333333333481e-01 0.000000000000000000e+00
1.000000000000000056e-01 6.999999999999999556e-01 0.000000000000000000e+00
1.000000000000000056e-01 7.166666666666666741e-01 0.000000000000000000e+00
1.000000000000000056e-01 7.333333333333332815e-01 0.000000000000000000e+00
1.000000000000000056e-01 7.500000000000000000e-01 0.000000000000000000e+00
1.000000000000000056e-01 7.666666666666666075e-01 0.000000000000000000e+00
1.000000000000000056e-01 7.833333333333333259e-01 0.000000000000000000e+00
1.000000000000000056e-01 8.000000000000000444e-01 0.000000000000000000e+00
1.000000000000000056e-01 8.166666666666666519e-01 0.000000000000000000e+00
1.000000000000000056e-01 8.333333333333333703e-01 0.000000000000000000e+00
1.000000000000000056e-01 8.499999999999999778e-01 0.000000000000000000e+00
1.000000000000000056e-01 8.666666666666666963e-01 0.000000000000000000e+00
1.000000000000000056e-01 8.833333333333333037e-01 0.000000000000000000e+00
1.000000000000000056e-01 9.000000000000000222e-01 0.000000000000000000e+00
1.000000000000000056e-01 9.166666666666666297e-01 0.000000000000000000e+00
1.000000000000000056e-01 9.333333333333333481e-01 0.000000000000000000e+00
1.000000000000000056e-01 9.499999999999999556e-01 0.000000000000000000e+00
1.000000000000000056e-01 9.666666666666666741e-01 0.000000000000000000e+00
1.000000000000000056e-01 9.833333333333332815e-01 0.000000000000000000e+00
1.000000000000000056e-01 1.000000000000000000e+00 0.000000000000000000e+00
2.000000000000000111e-01 0.000000000000000000e+00 0.000000000000000000e+00
2.000000000000000111e-01 1.666666666666666644e-02 0.000000000000000000e+00
2.000000000000000111e-01 3.333333333333333287e-02 0.000000000000000000e+00
2.000000000000000111e-01 5.000000000000000278e-02 0.000000000000000000e+00
2.000000000000000111e-01 6.666666666666666574e-02 0.000000000000000000e+00
2.000000000000000111e-01 8.333333333333332871e-02 0.000000000000000000e+00
2.000000000000000111e-01 1.000000000000000056e-01 0.000000000000000000e+00
2.000000000000000111e-01 1.166666666666666685e-01 0.000000000000000000e+00
2.000000000000000111e-01 1.333333333333333315e-01 0.000000000000000000e+00
2.000000000000000111e-01 1.499999999999999944e-01 0.000000000000000000e+00
2.000000000000000111e-01 1.666666666666666574e-01 0.000000000000000000e+00
2.000000000000000111e-01 1.833333333333333204e-01 0.000000000000000000e+00
2.000000000000000111e-01 2.000000000000000111e-01 0.000000000000000000e+00
2.000000000000000111e-01 2.166666666666666741e-01 0.000000000000000000e+00
2.000000000000000111e-01 2.333333333333333370e-01 0.000000000000000000e+00
2.000000000000000111e-01 2.500000000000000000e-01 0.000000000000000000e+00
2.000000000000000111e-01 2.666666666666666630e-01 0.000000000000000000e+00
2.000000000000000111e-01 2.833333333333333259e-01 0.000000000000000000e+00
2.000000000000000111e-01 2.999999999999999889e-01 0.000000000000000000e+00
2.000000000000000111e-01 3.166666666666666519e-01 0.000000000000000000e+00
2.000000000000000111e-01 3.333333333333333148e-01 0.000000000000000000e+00
2.000000000000000111e-01 3.499999999999999778e-01 0.000000000000000000e+00
2.000000000000000111e-01 3.666666666666666408e-01 0.000000000000000000e+00
2.000000000000000111e-01 3.833333333333333037e-01 0.000000000000000000e+00
2.000000000000000111e-01 4.000000000000000222e-01 0.000000000000000000e+00
2.000000000000000111e-01 4.166666666666666852e-01 0.000000000000000000e+00
2.000000000000000111e-01 4.333333333333333481e-01 0.000000000000000000e+00
2.000000000000000111e-01 4.500000000000000111e-01 0.000000000000000000e+00
2.000000000000000111e-01 4.666666666666666741e-01 0.000000000000000000e+00
2.000000000000000111e-01 4.833333333333333370e-01 0.000000000000000000e+00
2.000000000000000111e-01 5.000000000000000000e-01 0.000000000000000000e+00
2.000000000000000111e-01 5.166666666666666075e-01 0.000000000000000000e+00
2.000000000000000111e-01 5.333333333333333259e-01 0.000000000000000000e+00
2.000000000000000111e-01 5.500000000000000444e-01 0.000000000000000000e+00
2.000000000000000111e-01 5.666666666666666519e-01 0.000000000000000000e+00
2.000000000000000111e-01 5.833333333333333703e-01 0.000000000000000000e+00
2.000000000000000111e-01 5.999999999999999778e-01 0.000000000000000000e+00
2.000000000000000111e-01 6.166666666666666963e-01 0.000000000000000000e+00
2.000000000000000111e-01 6.333333333333333037e-01 0.000000000000000000e+00
2.000000000000000111e-01 6.500000000000000222e-01 0.000000000000000000e+00
2.000000000000000111e-01 6.666666666666666297e-01 0.000000000000000000e+00
2.000000000000000111e-01 6.833333333333333481e-01 0.000000000000000000e+00
2.000000000000000111e-01 6.999999999999999556e-01 0.000000000000000000e+00
2.000000000000000111e-01 7.166666666666666741e-01 0.000000000000000000e+00
2.000000000000000111e-01 7.333333333333332815e-01 0.000000000000000000e+00
2.000000000000000111e-01 7.500000000000000000e-01 0.000000000000000000e+00
2.000000000000000111e-01 7.666666666666666075e-01 0.000000000000000000e+00
2.000000000000000111e-01 7.833333333333333259e-01 0.000000000000000000e+00
2.000000000000000111e-01 8.000000000000000444e-01 0.000000000000000000e+00
2.000000000000000111e-01 8.166666666666666519e-01 0.000000000000000000e+00
2.000000000000000111e-01 8.333333333333333703e-01 0.000000000000000000e+00
2.000000000000000111e-01 8.499999999999999778e-01 0.000000000000000000e+00
2.000000000000000111e-01 8.666666666666666963e-01 0.000000000000000000e+00
2.000000000000000111e-01 8.833333333333333037e-01 0.000000000000000000e+00
2.000000000000000111e-01 9.000000000000000222e-01 0.000000000000000000e+00
2.000000000000000111e-01 9.166666666666666297e-01 0.000000000000000000e+00
2.000000000000000111e-01 9.333333333333333481e-01 0.000000000000000000e+00
2.000000000000000111e-01 9.499999999999999556e-01 0.000000000000000000e+00
2.000000000000000111e-01 9.666666666666666741e-01 0.000000000000000000e+00
2.000000000000000111e-01 9.833333333333332815e-01 0.000000000000000000e+00
2.000000000000000111e-01 1.000000000000000000e+00 0.000000000000000000e+00
3.000000000000000444e-01 0.000000000000000000e+00 0.000000000000000000e+00
3.000000000000000444e-01 1.666666666666666644e-02 0.000000000000000000e+00
3.000000000000000444e-01 3.333333333333333287e-02 0.000000000000000000e+00
3.000000000000000444e-01 5.000000000000000278e-02 0.000000000000000000e+00
3.000000000000000444e-01 6.666666666666666574e-02 0.000000000000000000e+00
3.000000000000000444e-01 8.333333333333332871e-02 0.000000000000000000e+00
3.000000000000000444e-01 1.000000000000000056e-01 0.000000000000000000e+00
3.000000000000000444e-01 1.166666666666666685e-01 0.000000000000000000e+00
3.000000000000000444e-01 1.333333333333333315e-01 0.000000000000000000e+00
3.000000000000000444e-01 1.499999999999999944e-01 0.000000000000000000e+00
3.000000000000000444e-01 1.666666666666666574e-01 0.000000000000000000e+00
3.000000000000000444e-01 1.833333333333333204e-01 0.000000000000000000e+00
3.000000000000000444e-01 2.000000000000000111e-01 0.000000000000000000e+00
3.000000000000000444e-01 2.166666666666666741e-01 0.000000000000000000e+00
3.000000000000000444e-01 2.333333333333333370e-01 0.000000000000000000e+00
3.000000000000000444e-01 2.500000000000000000e-01 0.000000000000000000e+00
3.000000000000000444e-01 2.666666666666666630e-01 0.000000000000000000e+00
3.000000000000000444e-01 2.833333333333333259e-01 0.000000000000000000e+00
3.000000000000000444e-01 2.999999999999999889e-01 0.000000000000000000e+00
3.000000000000000444e-01 3.166666666666666519e-01 0.000000000000000000e+00
3.000000000000000444e-01 3.333333333333333148e-01 0.000000000000000000e+00
3.000000000000000444e-01 3.499999999999999778e-01 0.000000000000000000e+00
3.000000000000000444e-01 3.666666666666666408e-01 0.000000000000000000e+00
3.000000000000000444e-01 3.833333333333333037e-01 0.000000000000000000e+00
3.000000000000000444e-01 4.000000000000000222e-01 0.000000000000000000e+00
3.000000000000000444e-01 4.166666666666666852e-01 0.000000000000000000e+00
3.000000000000000444e-01 4.333333333333333481e-01 0.000000000000000000e+00
3.000000000000000444e-01 4.500000000000000111e-01 0.000000000000000000e+00
3.000000000000000444e-01 4.666666666666666741e-01 0.000000000000000000e+00
3.000000000000000444e-01 4.833333333333333370e-01 0.000000000000000000e+00
3.000000000000000444e-01 5.000000000000000000e-01 0.000000000000000000e+00
3.000000000000000444e-01 5.166666666666666075e-01 0.000000000000000000e+00
3.000000000000000444e-01 5.333333333333333259e-01 0.000000000000000000e+00
3.000000000000000444e-01 5.500000000000000444e-01 0.000000000000000000e+00
3.000000000000000444e-01 5.666666666666666519e-01 0.000000000000000000e+00
3.000000000000000444e-01 5.833333333333333703e-01 0.000000000000000000e+00
3.000000000000000444e-01 5.999999999999999778e-01 0.000000000000000000e+00
3.000000000000000444e-01 6.166666666666666963e-01 0.000000000000000000e+00
3.000000000000000444e-01 6.333333333333333037e-01 0.000000000000000000e+00
3.000000000000000444e-01 6.500000000000000222e-01 0.000000000000000000e+00
3.000000000000000444e-01 6.666666666666666297e-01 0.000000000000000000e+00
3.000000000000000444e-01 6.833333333333333481e-01 0.000000000000000000e+00
3.000000000000000444e-01 6.999999999999999556e-01 0.000000000000000000e+00
3.000000000000000444e-01 7.166666666666666741e-01 0.000000000000000000e+00
3.000000000000000444e-01 7.333333333333332815e-01 0.000000000000000000e+00
3.000000000000000444e-01 7.500000000000000000e-01 0.000000000000000000e+00
3.000000000000000444e-01 7.666666666666666075e-01 0.000000000000000000e+00
3.000000000000000444e-01 7.833333333333333259e-01 0.000000000000000000e+00
3.000000000000000444e-01 8.000000000000000444e-01 0.000000000000000000e+00
3.000000000000000444e-01 8.166666666666666519e-01 0.000000000000000000e+00
3.000000000000000444e-01 8.333333333333333703e-01 0.000000000000000000e+00
3.000000000000000444e-01 8.499999999999999778e-01 0.000000000000000000e+00
3.000000000000000444e-01 8.666666666666666963e-01 0.000000000000000000e+00
3.000000000000000444e-01 8.833333333333333037e-01 0.000000000000000000e+00
3.000000000000000444e-01 9.000000000000000222e-01 0.000000000000000000e+00
3.000000000000000444e-01 9.166666666666666297e-01 0.000000000000000000e+00
3.000000000000000444e-01 9.333333333333333481e-01 0.000000000000000000e+00
3.000000000000000444e-01 9.499999999999999556e-01 0.000000000000000000e+00
3.000000000000000444e-01 9.666666666666666741e-01 0.000000000000000000e+00
3.000000000000000444e-01 9.833333333333332815e-01 0.000000000000000000e+00
3.000000000000000444e-01 1.000000000000000000e+00 0.000000000000000000e+00
4.000000000000000222e-01 0.000000000000000000e+00 0.000000000000000000e+00
4.000000000000000222e-01 1.666666666666666644e-02 0.000000000000000000e+00
4.000000000000000222e-01 3.333333333333333287e-02 0.000000000000000000e+00
4.000000000000000222e-01 5.000000000000000278e-02 0.000000000000000000e+00
4.000000000000000222e-01 6.666666666666666574e-02 0.000000000000000000e+00
4.000000000000000222e-01 8.333333333333332871e-02 0.000000000000000000e+00
4.000000000000000222e-01 1.000000000000000056e-01 0.000000000000000000e+00
4.000000000000000222e-01 1.166666666666666685e-01 0.000000000000000000e+00
4.000000000000000222e-01 1.333333333333333315e-01 0.000000000000000000e+00
4.000000000000000222e-01 1.499999999999999944e-01 0.000000000000000000e+00
4.000000000000000222e-01 1.666666666666666574e-01 0.000000000000000000e+00
4.000000000000000222e-01 1.833333333333333204e-01 0.000000000000000000e+00
4.000000000000000222e-01 2.000000000000000111e-01 0.000000000000000000e+00
4.000000000000000222e-01 2.166666666666666741e-01 0.000000000000000000e+00
4.000000000000000222e-01 2.333333333333333370e-01 0.000000000000000000e+00
4.000000000000000222e-01 2.500000000000000000e-01 0.000000000000000000e+00
4.000000000000000222e-01 2.666666666666666630e-01 0.000000000000000000e+00
4.000000000000000222e-01 2.833333333333333259e-01 0.000000000000000000e+00
4.000000000000000222e-01 2.999999999999999889e-01 0.000000000000000000e+00
4.000000000000000222e-01 3.166666666666666519e-01 0.000000000000000000e+00
4.000000000000000222e-01 3.333333333333333148e-01 0.000000000000000000e+00
4.000000000000000222e-01 3.499999999999999778e-01 0.000000000000000000e+00
4.000000000000000222e-01 3.666666666666666408e-01 0.000000000000000000e+00
4.000000000000000222e-01 3.833333333333333037e-01 0.000000000000000000e+00
4.000000000000000222e-01 4.000000000000000222e-01 0.000000000000000000e+00
4.000000000000000222e-01 4.166666666666666852e-01 0.000000000000000000e+00
4.000000000000000222e-01 4.333333333333333481e-01 0.000000000000000000e+00
4.000000000000000222e-01 4.500000000000000111e-01 0.000000000000000000e+00
4.000000000000000222e-01 4.666666666666666741e-01 0.000000000000000000e+00
4.000000000000000222e-01 4.833333333333333370e-01 0.000000000000000000e+00
4.000000000000000222e-01 5.000000000000000000e-01 0.000000000000000000e+00
4.000000000000000222e-01 5.166666666666666075e-01 0.000000000000000000e+00
4.000000000000000222e-01 5.333333333333333259e-01 0.000000000000000000e+00
4.000000000000000222e-01 5.500000000000000444e-01 0.000000000000000000e+00
4.000000000000000222e-01 5.666666666666666519e-01 0.000000000000000000e+00
4.000000000000000222e-01 5.833333333333333703e-01 0.000000000000000000e+00
4.000000000000000222e-01 5.999999999999999778e-01 0.000000000000000000e+00
4.000000000000000222e-01 6.166666666666666963e-01 0.000000000000000000e+00
4.000000000000000222e-01 6.333333333333333037e-01 0.000000000000000000e+00
4.000000000000000222e-01 6.500000000000000222e-01 0.000000000000000000e+00
4.000000000000000222e-01 6.666666666666666297e-01 0.000000000000000000e+00
4.000000000000000222e-01 6.833333333333333481e-01 0.000000000000000000e+00
4.000000000000000222e-01 6.999999999999999556e-01 0.000000000000000000e+00
4.000000000000000222e-01 7.166666666666666741e-01 0.000000000000000000e+00
4.000000000000000222e-01 7.333333333333332815e-01 0.000000000000000000e+00
4.000000000000000222e-01 7.500000000000000000e-01 0.000000000000000000e+00
4.000000000000000222e-01 7.666666666666666075e-01 0.000000000000000000e+00
4.000000000000000222e-01 7.833333333333333259e-01 0.000000000000000000e+00
4.000000000000000222e-01 8.000000000000000444e-01 0.000000000000000000e+00
4.000000000000000222e-01 8.166666666666666519e-01 0.000000000000000000e+00
4.000000000000000222e-01 8.333333333333333703e-01 0.000000000000000000e+00
4.000000000000000222e-01 8.499999999999999778e-01 0.000000000000000000e+00
4.000000000000000222e-01 8.666666666666666963e-01 0.000000000000000000e+00
4.000000000000000222e-01 8.833333333333333037e-01 0.000000000000000000e+00
4.000000000000000222e-01 9.000000000000000222e-01 0.000000000000000000e+00
4.000000000000000222e-01 9.166666666666666297e-01 0.000000000000000000e+00
4.000000000000000222e-01 9.333333333333333481e-01 0.000000000000000000e+00
4.000000000000000222e-01 9.499999999999999556e-01 0.000000000000000000e+00
4.000000000000000222e-01 9.666666666666666741e-01 0.000000000000000000e+00
4.000000000000000222e-01 9.833333333333332815e-01 0.000000000000000000e+00
4.000000000000000222e-01 1.000000000000000000e+00 0.000000000000000000e+00
5.000000000000000000e-01 0.000000000000000000e+00 0.000000000000000000e+00
5.000000000000000000e-01 1.666666666666666644e-02 0.000000000000000000e+00
5.000000000000000000e-01 3.333333333333333287e-02 0.000000000000000000e+00
5.000000000000000000e-01 5.000000000000000278e-02 0.000000000000000000e+00
5.000000000000000000e-01 6.666666666666666574e-02 0.000000000000000000e+00
5.000000000000000000e-01 8.333333333333332871e-02 0.000000000000000000e+00
5.000000000000000000e-01 1.000000000000000056e-01 0.000000000000000000e+00
5.000000000000000000e-01 1.166666666666666685e-01 0.000000000000000000e+00
5.000000000000000000e-01 1.333333333333333315e-01 0.000000000000000000e+00
5.000000000000000000e-01 1.499999999999999944e-01 0.000000000000000000e+00
5.000000000000000000e-01 1.666666666666666574e-01 0.000000000000000000e+00
5.000000000000000000e-01 1.833333333333333204e-01 0.000000000000000000e+00
5.000000000000000000e-01 2.000000000000000111e-01 0.000000000000000000e+00
5.000000000000000000e-01 2.166666666666666741e-01 0.000000000000000000e+00
5.000000000000000000e-01 2.333333333333333370e-01 0.000000000000000000e+00
5.000000000000000000e-01 2.500000000000000000e-01 0.000000000000000000e+00
5.000000000000000000e-01 2.666666666666666630e-01 0.000000000000000000e+00
5.000000000000000000e-01 2.833333333333333259e-01 0.000000000000000000e+00
5.000000000000000000e-01 2.999999999999999889e-01 0.000000000000000000e+00
5.000000000000000000e-01 3.166666666666666519e-01 0.000000000000000000e+00
5.000000000000000000e-01 3.333333333333333148e-01 0.000000000000000000e+00
5.000000000000000000e-01 3.499999999999999778e-01 0.000000000000000000e+00
5.000000000000000000e-01 3.666666666666666408e-01 0.000000000000000000e+00
5.000000000000000000e-01 3.833333333333333037e-01 0.000000000000000000e+00
5.000000000000000000e-01 4.000000000000000222e-01 0.000000000000000000e+00
5.000000000000000000e-01 4.166666666666666852e-01 0.000000000000000000e+00
5.000000000000000000e-01 4.333333333333333481e-01 0.000000000000000000e+00
5.000000000000000000e-01 4.500000000000000111e-01 0.000000000000000000e+00
5.000000000000000000e-01 4.666666666666666741e-01 0.000000000000000000e+00
5.000000000000000000e-01 4.833333333333333370e-01 0.000000000000000000e+00
5.000000000000000000e-01 5.000000000000000000e-01 0.000000000000000000e+00
5.000000000000000000e-01 5.166666666666666075e-01 0.000000000000000000e+00
5.000000000000000000e-01 5.333333333333333259e-01 0.000000000000000000e+00
5.000000000000000000e-01 5.500000000000000444e-01 0.000000000000000000e+00
5.000000000000000000e-01 5.666666666666666519e-01 0.000000000000000000e+00
5.000000000000000000e-01 5.833333333333333703e-01 0.000000000000000000e+00
5.000000000000000000e-01 5.999999999999999778e-01 0.000000000000000000e+00
5.000000000000000000e-01 6.166666666666666963e-01 0.000000000000000000e+00
5.000000000000000000e-01 6.333333333333333037e-01 0.000000000000000000e+00
5.000000000000000000e-01 6.500000000000000222e-01 0.000000000000000000e+00
5.000000000000000000e-01 6.666666666666666297e-01 0.000000000000000000e+00
5.000000000000000000e-01 6.833333333333333481e-01 0.000000000000000000e+00
5.000000000000000000e-01 6.999999999999999556e-01 0.000000000000000000e+00
5.000000000000000000e-01 7.166666666666666741e-01 0.000000000000000000e+00
5.000000000000000000e-01 7.333333333333332815e-01 0.000000000000000000e+00
5.000000000000000000e-01 7.500000000000000000e-01 0.000000000000000000e+00
5.000000000000000000e-01 7.666666666666666075e-01 0.000000000000000000e+00
5.000000000000000000e-01 7.833333333333333259e-01 0.000000000000000000e+00
5.000000000000000000e-01 8.000000000000000444e-01 0.000000000000000000e+00
5.000000000000000000e-01 8.166666666666666519e-01 0.000000000000000000e+00
5.000000000000000000e-01 8.333333333333333703e-01 0.000000000000000000e+00
5.000000000000000000e-01 8.499999999999999778e-01 0.000000000000000000e+00
5.000000000000000000e-01 8.666666666666666963e-01 0.000000000000000000e+00
5.000000000000000000e-01 8.833333333333333037e-01 0.000000000000000000e+00
5.000000000000000000e-01 9.000000000000000222e-01 0.000000000000000000e+00
5.000000000000000000e-01 9.166666666666666297e-01 0.000000000000000000e+00
5.000000000000000000e-01 9.333333333333333481e-01 0.000000000000000000e+00
5.000000000000000000e-01 9.499999999999999556e-01 0.000000000000000000e+00
5.000000000000000000e-01 9.666666666666666741e-01 0.000000000000000000e+00
5.000000000000000000e-01 9.833333333333332815e-01 0.000000000000000000e+00
5.000000000000000000e-01 1.000000000000000000e+00 0.000000000000000000e+00
6.000000000000000888e-01 0.000000000000000000e+00 0.000000000000000000e+00
6.000000000000000888e-01 1.666666666666666644e-02 0.000000000000000000e+00
6.000000000000000888e-01 3.333333333333333287e-02 0.000000000000000000e+00
6.000000000000000888e-01 5.000000000000000278e-02 0.000000000000000000e+00
6.000000000000000888e-01 6.666666666666666574e-02 0.000000000000000000e+00
6.000000000000000888e-01 8.333333333333332871e-02 0.000000000000000000e+00
6.000000000000000888e-01 1.000000000000000056e-01 0.000000000000000000e+00
6.000000000000000888e-01 1.166666666666666685e-01 0.000000000000000000e+00
6.000000000000000888e-01 1.333333333333333315e-01 0.000000000000000000e+00
6.000000000000000888e-01 1.499999999999999944e-01 0.000000000000000000e+00
6.000000000000000888e-01 1.666666666666666574e-01 0.000000000000000000e+00
6.000000000000000888e-01 1.833333333333333204e-01 0.000000000000000000e+00
6.000000000000000888e-01 2.000000000000000111e-01 0.000000000000000000e+00
6.000000000000000888e-01 2.166666666666666741e-01 0.000000000000000000e+00
6.000000000000000888e-01 2.333333333333333370e-01 0.000000000000000000e+00
6.000000000000000888e-01 2.500000000000000000e-01 0.000000000000000000e+00
6.000000000000000888e-01 2.666666666666666630e-01 0.000000000000000000e+00
6.000000000000000888e-01 2.833333333333333259e-01 0.000000000000000000e+00
6.000000000000000888e-01 2.999999999999999889e-01 0.000000000000000000e+00
6.000000000000000888e-01 3.166666666666666519e-01 0.000000000000000000e+00
6.000000000000000888e-01 3.333333333333333148e-01 0.000000000000000000e+00
6.000000000000000888e-01 3.499999999999999778e-01 0.000000000000000000e+00
6.000000000000000888e-01 3.666666666666666408e-01 0.000000000000000000e+00
6.000000000000000888e-01 3.833333333333333037e-01 0.000000000000000000e+00
6.000000000000000888e-01 4.000000000000000222e-01 0.000000000000000000e+00
6.000000000000000888e-01 4.166666666666666852e-01 0.000000000000000000e+00
6.000000000000000888e-01 4.333333333333333481e-01 0.000000000000000000e+00
6.000000000000000888e-01 4.500000000000000111e-01 0.000000000000000000e+00
6.000000000000000888e-01 4.666666666666666741e-01 0.000000000000000000e+00
6.000000000000000888e-01 4.833333333333333370e-01 0.000000000000000000e+00
6.000000000000000888e-01 5.000000000000000000e-01 0.000000000000000000e+00
6.000000000000000888e-01 5.166666666666666075e-01 0.000000000000000000e+00
6.000000000000000888e-01 5.333333333333333259e-01 0.000000000000000000e+00
6.000000000000000888e-01 5.500000000000000444e-01 0.000000000000000000e+00
6.000000000000000888e-01 5.666666666666666519e-01 0.000000000000000000e+00
6.000000000000000888e-01 5.833333333333333703e-01 0.000000000000000000e+00
6.000000000000000888e-01 5.999999999999999778e-01 0.000000000000000000e+00
6.000000000000000888e-01 6.166666666666666963e-01 0.000000000000000000e+00
6.000000000000000888e-01 6.333333333333333037e-01 0.000000000000000000e+00
6.000000000000000888e-01 6.500000000000000222e-01 0.000000000000000000e+00
6.000000000000000888e-01 6.666666666666666297e-01 0.000000000000000000e+00
6.000000000000000888e-01 6.833333333333333481e-01 0.000000000000000000e+00
6.000000000000000888e-01 6.999999999999999556e-01 0.000000000000000000e+00
6.000000000000000888e-01 7.166666666666666741e-01 0.000000000000000000e+00
6.000000000000000888e-01 7.333333333333332815e-01 0.000000000000000000e+00
6.000000000000000888e-01 7.500000000000000000e-01 0.000000000000000000e+00
6.000000000000000888e-01 7.666666666666666075e-01 0.000000000000000000e+00
6.000000000000000888e-01 7.833333333333333259e-01 0.000000000000000000e+00
6.000000000000000888e-01 8.000000000000000444e-01 0.000000000000000000e+00
6.000000000000000888e-01 8.166666666666666519e-01 0.000000000000000000e+00
6.000000000000000888e-01 8.333333333333333703e-01 0.000000000000000000e+00
6.000000000000000888e-01 8.499999999999999778e-01 0.000000000000000000e+00
6.000000000000000888e-01 8.666666666666666963e-01 0.000000000000000000e+00
6.000000000000000888e-01 8.833333333333333037e-01 0.000000000000000000e+00
6.000000000000000888e-01 9.000000000000000222e-01 0.000000000000000000e+00
6.000000000000000888e-01 9.166666666666666297e-01 0.000000000000000000e+00
6.000000000000000888e-01 9.333333333333333481e-01 0.000000000000000000e+00
6.000000000000000888e-01 9.499999999999999556e-01 0.000000000000000000e+00
6.000000000000000888e-01 9.666666666666666741e-01 0.000000000000000000e+00
6.000000000000000888e-01 9.833333333333332815e-01 0.000000000000000000e+00
6.000000000000000888e-01 1.000000000000000000e+00 0.000000000000000000e+00
7.000000000000000666e-01 1.000000000000000000e+00 5.156456862977626049e-06
7.000000000000000666e-01 1.253050936019491912e+00 3.694462378810140910e-06
7.000000000000000666e-01 1.570136648259324641e+00 2.710534533481544946e-06
7.000000000000000666e-01 1.967461196779854316e+00 2.117590750874253588e-06
7.000000000000000666e-01 2.465329094207025840e+00 1.660485283645331853e-06
7.000000000000000666e-01 3.089182929092199714e+00 1.309382081422582852e-06
7.000000000000000666e-01 3.870903560834416446e+00 1.033869575449910893e-06
7.000000000000000666e-01 4.850439330144750372e+00 8.091715172833349919e-07
7.000000000000000666e-01 6.077847542743635145e+00 6.875774258713199724e-07
7.000000000000000666e-01 7.615852552418679089e+00 4.919093485141012801e-07
7.000000000000000666e-01 9.543051169394663802e+00 3.719050676466808550e-07
7.000000000000000666e-01 1.195792920029188977e+01 3.544948264668179921e-07
7.000000000000000666e-01 1.498389437728056528e+01 2.840618800637479189e-07
7.000000000000000666e-01 1.877558287466861131e+01 2.072227182562703326e-07
7.000000000000000666e-01 2.352676169541505047e+01 1.938472656967794771e-07
7.000000000000000666e-01 2.948023076394735398e+01 1.297803043726774295e-07
7.000000000000000666e-01 3.694023075283484303e+01 1.748347493561423940e-07
7.000000000000000666e-01 4.360708236377785596e+01 1.455941050181384532e-07
7.000000000000000666e-01 4.628799072161571360e+01 1.845476374636425148e-07
7.000000000000000666e-01 4.986861213908954937e+01 1.929825735203473887e-07
7.000000000000000666e-01 5.613014191440123568e+01 1.365695525850841975e-07
7.000000000000000666e-01 5.800121010018211365e+01 2.010372134638768067e-07
7.000000000000000666e-01 6.239167168971292909e+01 1.694265877507581069e-07
7.000000000000000666e-01 6.865320146502462251e+01 1.949999410135263322e-07
7.000000000000000666e-01 7.267847060629642897e+01 2.210983528328568900e-07
7.000000000000000666e-01 7.491473124033632303e+01 2.305848769843854244e-07
7.000000000000000666e-01 8.117626101564800933e+01 2.357732514005367215e-07
7.000000000000000666e-01 8.743779079095969564e+01 3.524682178818664060e-07
7.000000000000000666e-01 9.369932056627138195e+01 3.867652689732039067e-07
7.000000000000000666e-01 9.996085034158308247e+01 4.603827526067497916e-07
7.000000000000000666e-01 1.062223801168947830e+02 5.202646258128347562e-07
7.000000000000000666e-01 1.124839098922064693e+02 6.481789410672438756e-07
7.000000000000000666e-01 1.187454396675181556e+02 7.328657536826047642e-07
7.000000000000000666e-01 1.250069694428298419e+02 8.128218665724901810e-07
7.000000000000000666e-01 1.312684992181415282e+02 8.772531439337860780e-07
7.000000000000000666e-01 1.375300289934532429e+02 9.530029416954937749e-07
7.000000000000000666e-01 1.437915587687649293e+02 1.058751265674697805e-06
7.000000000000000666e-01 1.500530885440766156e+02 1.170865197013719336e-06
7.000000000000000666e-01 1.563146183193883019e+02 1.262151251491454493e-06
7.000000000000000666e-01 1.625761480946999882e+02 1.350123999788078948e-06
7.000000000000000666e-01 1.688376778700117029e+02 1.409061113366446841e-06
7.000000000000000666e-01 1.750992076453233892e+02 1.490379182067810314e-06
7.000000000000000666e-01 1.813607374206350755e+02 1.623919152836142267e-06
7.000000000000000666e-01 1.876222671959467618e+02 1.707482327589540131e-06
7.000000000000000666e-01 1.938837969712584481e+02 1.731427383023781055e-06
7.000000000000000666e-01 2.001453267465701629e+02 1.730582871038235505e-06
7.000000000000000666e-01 2.064068565218818492e+02 1.777876642181955942e-06
7.000000000000000666e-01 2.126683862971935355e+02 1.778734601610214666e-06
7.000000000000000666e-01 2.189299160725052218e+02 1.785757225575818572e-06
7.000000000000000666e-01 2.251914458478169081e+02 1.740478427847668741e-06
7.000000000000000666e-01 2.314529756231286228e+02 1.663526623726966185e-06
7.000000000000000666e-01 2.377145053984403091e+02 1.589078815172207174e-06
7.000000000000000666e-01 2.439760351737519954e+02 1.490662100585840097e-06
7.000000000000000666e-01 2.502375649490636818e+02 1.376974606999277280e-06
7.000000000000000666e-01 2.564990947243753681e+02 1.227227743395910641e-06
7.000000000000000666e-01 2.627606244996870828e+02 1.047936827028742399e-06
7.000000000000000666e-01 2.690221542749987407e+02 8.480207346614420018e-07
7.000000000000000666e-01 2.752836840503104554e+02 6.037255277171974016e-07
7.000000000000000666e-01 2.815452138256221133e+02 3.858004316364596587e-07
7.000000000000000666e-01 2.878067436009338280e+02 1.256657896790574041e-07
7.000000000000000666e-01 2.907138824251857159e+02 0.000000000000000000e+00
8.000000000000000444e-01 1.000000000000000000e+00 1.558772655754499831e-05
8.000000000000000444e-01 1.268587377801955629e+00 1.077001407425788959e-05
8.000000000000000444e-01 1.609313935118441563e+00 7.909187330185429919e-06
8.000000000000000444e-01 2.041555345012050271e+00 6.112130015480591704e-06
8.000000000000000444e-01 2.589891341766403343e+00 4.660259703854281137e-06
8.000000000000000444e-01 3.285503466043429910e+00 3.627405847045914610e-06
8.000000000000000444e-01 4.167948226747271612e+00 2.792499845304929867e-06
8.000000000000000444e-01 5.287406511783631302e+00 2.270647148111349520e-06
8.000000000000000444e-01 6.707537162156581800e+00 1.910355293630206793e-06
8.000000000000000444e-01 8.509096980049388748e+00 1.305986576648538271e-06
8.000000000000000444e-01 1.079453302538339265e+01 1.104343303731836273e-06
8.000000000000000444e-01 1.369380834526772439e+01 9.054917603459353718e-07
8.000000000000000444e-01 1.737179242084572195e+01 6.665292839482676979e-07
8.000000000000000444e-01 2.203763659488056703e+01 5.976352087695058524e-07
8.000000000000000444e-01 2.795666762085194890e+01 5.129661753650024998e-07
8.000000000000000444e-01 3.546547566921739758e+01 4.708957727088983678e-07
8.000000000000000444e-01 4.499105478171156847e+01 4.400486740080452055e-07
8.000000000000000444e-01 5.511103702039994090e+01 3.940057046084121717e-07
8.000000000000000444e-01 5.707508421007562305e+01 4.987688894312534896e-07
8.000000000000000444e-01 6.302441669512403166e+01 5.134953774248061849e-07
8.000000000000000444e-01 7.093779636984812953e+01 6.239383742176190084e-07
8.000000000000000444e-01 7.240473141588562100e+01 6.992350327689183358e-07
8.000000000000000444e-01 7.885117604457222740e+01 7.088984935313049510e-07
8.000000000000000444e-01 8.676455571929631105e+01 9.975651258159140185e-07
8.000000000000000444e-01 9.185172836733323720e+01 1.036813627988437427e-06
8.000000000000000444e-01 9.467793539402040892e+01 1.280672227463000938e-06
8.000000000000000444e-01 1.025913150687445068e+02 1.514744655589052938e-06
8.000000000000000444e-01 1.105046947434686047e+02 1.918930459890692852e-06
8.000000000000000444e-01 1.184180744181927025e+02 2.283166938375282327e-06
8.000000000000000444e-01 1.263314540929168004e+02 2.655449678558166358e-06
8.000000000000000444e-01 1.342448337676408983e+02 2.964880166113227159e-06
8.000000000000000444e-01 1.421582134423649677e+02 3.353583457883237237e-06
8.000000000000000444e-01 1.500715931170890656e+02 3.775107233681326993e-06
8.000000000000000444e-01 1.579849727918131634e+02 4.230493765757607151e-06
8.000000000000000444e-01 1.658983524665372613e+02 4.487870020868227337e-06
8.000000000000000444e-01 1.738117321412613592e+02 5.070601287565686195e-06
8.000000000000000444e-01 1.817251118159854570e+02 5.660045298238894433e-06
8.000000000000000444e-01 1.896384914907095549e+02 5.922716390544118308e-06
8.000000000000000444e-01 1.975518711654336528e+02 6.438212509185580677e-06
8.000000000000000444e-01 2.054652508401577506e+02 6.739300352338595924e-06
8.000000000000000444e-01 2.133786305148818485e+02 7.070814945233717171e-06
8.000000000000000444e-01 2.212920101896059180e+02 7.203419976945726656e-06
8.000000000000000444e-01 2.292053898643300158e+02 7.315135853497487855e-06
8.000000000000000444e-01 2.371187695390541137e+02 7.379972852950369118e-06
8.000000000000000444e-01 2.450321492137782116e+02 7.455903134415018814e-06
8.000000000000000444e-01 2.529455288885023094e+02 7.458874506375336730e-06
8.000000000000000444e-01 2.608589085632264073e+02 7.356745514366371338e-06
8.000000000000000444e-01 2.687722882379504767e+02 7.033066768455084750e-06
8.000000000000000444e-01 2.766856679126745462e+02 6.809836775405370168e-06
8.000000000000000444e-01 2.845990475873986725e+02 6.434208824017996046e-06
8.000000000000000444e-01 2.925124272621227419e+02 5.986936523700369028e-06
8.000000000000000444e-01 3.004258069368468682e+02 5.524541096054783763e-06
8.000000000000000444e-01 3.083391866115709377e+02 4.938928478958172583e-06
8.000000000000000444e-01 3.162525662862950071e+02 4.376733533968275915e-06
8.000000000000000444e-01 3.241659459610191334e+02 3.748560942910939439e-06
8.000000000000000444e-01 3.320793256357432028e+02 3.121221043067178677e-06
8.000000000000000444e-01 3.399927053104673291e+02 2.453054815624675743e-06
8.000000000000000444e-01 3.479060849851913986e+02 1.732057143007511249e-06
8.000000000000000444e-01 3.558194646599155249e+02 1.052386395845863792e-06
8.000000000000000444e-01 3.637328443346395943e+02 3.342541124589006455e-07
8.000000000000000444e-01 3.674069134693329488e+02 0.000000000000000000e+00
9.000000000000000222e-01 1.000000000000000000e+00 2.650557203571085065e-05
9.000000000000000222e-01 1.275071218843575327e+00 1.823527960380716263e-05
9.000000000000000222e-01 1.625806613123240929e+00 1.339793493489397802e-05
9.000000000000000222e-01 2.073019219798995838e+00 1.020501757920511331e-05
9.000000000000000222e-01 2.643247143275263333e+00 7.703841495328507441e-06
9.000000000000000222e-01 3.370328356680789117e+00 6.164140741846488590e-06
9.000000000000000222e-01 4.297408685656037619e+00 4.538394138578589729e-06
9.000000000000000222e-01 5.479502130688411299e+00 3.972827124554052751e-06
9.000000000000000222e-01 6.986755460432841680e+00 2.796120967419248844e-06
9.000000000000000222e-01 8.908610800696109777e+00 2.240413686859616111e-06
9.000000000000000222e-01 1.135911323184662969e+01 1.853511982357952492e-06
9.000000000000000222e-01 1.448367835351286637e+01 1.421234957639759231e-06
9.000000000000000222e-01 1.846772141155195257e+01 1.150060527817202639e-06
9.000000000000000222e-01 2.354766004949114233e+01 9.946336697501061481e-07
9.000000000000000222e-01 3.002494360021884034e+01 8.175867639006406712e-07
9.000000000000000222e-01 3.828394143204064903e+01 8.304465178017355241e-07
9.000000000000000222e-01 4.881475186388812659e+01 8.956917042434130584e-07
9.000000000000000222e-01 6.071635129413540710e+01 8.515427010868042718e-07
9.000000000000000222e-01 6.224228515663453010e+01 8.703675519422635789e-07
9.000000000000000222e-01 6.943459660816510848e+01 1.053261439452665976e-06
9.000000000000000222e-01 7.815284192219480985e+01 1.292497797685516962e-06
9.000000000000000222e-01 7.936334639827937565e+01 1.348029473643367821e-06
9.000000000000000222e-01 8.687108723622451123e+01 1.661774734178733644e-06
9.000000000000000222e-01 9.558933255025421261e+01 2.152956859211637394e-06
9.000000000000000222e-01 1.011939188235589739e+02 2.556536619197387435e-06
9.000000000000000222e-01 1.043075778642839140e+02 2.802717288135319339e-06
9.000000000000000222e-01 1.130258231783136154e+02 3.523881825864210646e-06
9.000000000000000222e-01 1.217440684923433167e+02 4.270913547868773916e-06
9.000000000000000222e-01 1.304623138063730039e+02 4.912838845221179768e-06
9.000000000000000222e-01 1.391805591204027337e+02 5.563627935280340573e-06
9.000000000000000222e-01 1.478988044344324067e+02 6.392978753811270301e-06
9.000000000000000222e-01 1.566170497484621364e+02 7.079557457210172690e-06
9.000000000000000222e-01 1.653352950624918094e+02 7.996649237738190491e-06
9.000000000000000222e-01 1.740535403765215392e+02 8.959610632535728195e-06
9.000000000000000222e-01 1.827717856905512122e+02 9.932610918760030377e-06
9.000000000000000222e-01 1.914900310045809420e+02 1.070818092236413635e-05
9.000000000000000222e-01 2.002082763186106149e+02 1.147793936689131383e-05
9.000000000000000222e-01 2.089265216326403447e+02 1.218724376380514167e-05
9.000000000000000222e-01 2.176447669466700177e+02 1.267397809543507420e-05
9.000000000000000222e-01 2.263630122606997475e+02 1.315189366057561617e-05
9.000000000000000222e-01 2.350812575747294204e+02 1.345447725343955765e-05
9.000000000000000222e-01 2.437995028887591502e+02 1.389759732711906475e-05
9.000000000000000222e-01 2.525177482027888232e+02 1.404393503468419356e-05
9.000000000000000222e-01 2.612359935168185530e+02 1.396335125291460732e-05
9.000000000000000222e-01 2.699542388308482259e+02 1.374109946929495224e-05
9.000000000000000222e-01 2.786724841448779557e+02 1.326475200059728272e-05
9.000000000000000222e-01 2.873907294589076287e+02 1.276866069624663310e-05
9.000000000000000222e-01 2.961089747729373585e+02 1.224283827624840115e-05
9.000000000000000222e-01 3.048272200869670314e+02 1.142147405291403255e-05
9.000000000000000222e-01 3.135454654009967612e+02 1.075061387727236628e-05
9.000000000000000222e-01 3.222637107150264342e+02 9.814339262869011451e-06
9.000000000000000222e-01 3.309819560290561640e+02 8.926716396833129101e-06
9.000000000000000222e-01 3.397002013430858369e+02 7.823311007787666876e-06
9.000000000000000222e-01 3.484184466571155099e+02 6.814257348026061505e-06
9.000000000000000222e-01 3.571366919711452397e+02 5.753276462703807294e-06
9.000000000000000222e-01 3.658549372851749695e+02 4.642517358785816700e-06
9.000000000000000222e-01 3.745731825992046424e+02 3.561358328467867474e-06
9.000000000000000222e-01 3.832914279132343154e+02 2.538406222955096177e-06
9.000000000000000222e-01 3.920096732272640452e+02 1.501259830557568440e-06
9.000000000000000222e-01 4.007279185412937181e+02 4.652745542847097823e-07
9.000000000000000222e-01 4.047756752942360663e+02 0.000000000000000000e+00
1.000000000000000000e+00 1.000000000000000000e+00 3.099975787582488795e-05
1.000000000000000000e+00 1.276959672177227167e+00 2.128877997714121383e-05
1.000000000000000000e+00 1.630626004366971582e+00 1.558909558907586233e-05
1.000000000000000000e+00 2.082243647980109635e+00 1.196956581440683459e-05
1.000000000000000000e+00 2.658941166117794630e+00 9.034689478742911664e-06
1.000000000000000000e+00 3.395360639824313242e+00 7.145918121002251030e-06
1.000000000000000000e+00 4.335738609553515310e+00 5.344254145059212489e-06
1.000000000000000000e+00 5.536563353501604112e+00 4.458282478003962756e-06
1.000000000000000000e+00 7.069968124875857463e+00 3.220610599599789258e-06
1.000000000000000000e+00 9.028064179044921644e+00 2.671216610606989155e-06
1.000000000000000000e+00 1.152847387446817073e+01 2.265293298698677433e-06
1.000000000000000000e+00 1.472139621944460330e+01 1.663171790398649457e-06
1.000000000000000000e+00 1.879862929037305008e+01 1.297447908515219856e-06
1.000000000000000000e+00 2.400509149601599290e+01 1.086069149575641758e-06
1.000000000000000000e+00 3.065353376733692770e+01 9.932360956592034323e-07
1.000000000000000000e+00 3.914332643061212735e+01 8.434355760377251865e-07
1.000000000000000000e+00 4.998444928676065047e+01 7.455882913149919547e-07
1.000000000000000000e+00 6.244788121508477019e+01 1.173399493432322254e-06
1.000000000000000000e+00 6.382812597518112341e+01 1.165446703719397577e-06
1.000000000000000000e+00 7.141475646648156328e+01 1.318701222465061913e-06
1.000000000000000000e+00 8.038163171787834926e+01 1.813854899148804091e-06
1.000000000000000000e+00 8.150594282095404708e+01 1.696384075611102838e-06
1.000000000000000000e+00 8.934850696927513525e+01 2.176196648015236146e-06
1.000000000000000000e+00 9.831538222067192123e+01 2.784846515175097238e-06
1.000000000000000000e+00 1.040798020251413050e+02 2.977246283003410920e-06
1.000000000000000000e+00 1.072822574720687072e+02 3.572420720220064322e-06
1.000000000000000000e+00 1.162491327234654932e+02 4.361398302482121260e-06
1.000000000000000000e+00 1.252160079748622934e+02 5.221923125973709964e-06
1.000000000000000000e+00 1.341828832262590652e+02 6.068412667461337866e-06
1.000000000000000000e+00 1.431497584776558654e+02 6.861181698379736674e-06
1.000000000000000000e+00 1.521166337290526371e+02 7.892002180581292309e-06
1.000000000000000000e+00 1.610835089804494373e+02 8.876833589302622057e-06
1.000000000000000000e+00 1.700503842318462375e+02 1.002448994878034083e-05
1.000000000000000000e+00 1.790172594832430093e+02 1.078479141108028595e-05
1.000000000000000000e+00 1.879841347346398095e+02 1.217851172100881762e-05
1.000000000000000000e+00 1.969510099860365813e+02 1.307090129016333156e-05
1.000000000000000000e+00 2.059178852374333815e+02 1.414669620145876373e-05
1.000000000000000000e+00 2.148847604888301817e+02 1.499809434204764353e-05
1.000000000000000000e+00 2.238516357402269534e+02 1.565530991606448952e-05
1.000000000000000000e+00 2.328185109916237536e+02 1.593958549351529125e-05
1.000000000000000000e+00 2.417853862430205254e+02 1.654318812444911124e-05
1.000000000000000000e+00 2.507522614944173256e+02 1.709361180360074187e-05
1.000000000000000000e+00 2.597191367458140689e+02 1.726504839802372909e-05
1.000000000000000000e+00 2.686860119972108691e+02 1.625613741180498916e-05
1.000000000000000000e+00 2.776528872486076693e+02 1.613069556001607116e-05
1.000000000000000000e+00 2.866197625000044695e+02 1.603917817805186545e-05
1.000000000000000000e+00 2.955866377514012697e+02 1.509062927343303520e-05
1.000000000000000000e+00 3.045535130027980131e+02 1.461398639708945162e-05
1.000000000000000000e+00 3.135203882541948133e+02 1.302050223410247357e-05
1.000000000000000000e+00 3.224872635055916135e+02 1.248632719860518045e-05
1.000000000000000000e+00 3.314541387569883568e+02 1.084441302121386015e-05
1.000000000000000000e+00 3.404210140083851570e+02 1.034036780636808455e-05
1.000000000000000000e+00 3.493878892597819572e+02 9.093053275410146311e-06
1.000000000000000000e+00 3.583547645111787574e+02 7.290612544100296216e-06
1.000000000000000000e+00 3.673216397625755576e+02 6.801957861923590093e-06
1.000000000000000000e+00 3.762885150139723009e+02 5.751771866853974322e-06
1.000000000000000000e+00 3.852553902653691011e+02 4.235753015458003936e-06
1.000000000000000000e+00 3.942222655167659013e+02 2.689998587387135703e-06
1.000000000000000000e+00 4.031891407681627015e+02 1.649270977808472720e-06
1.000000000000000000e+00 4.121560160195595017e+02 6.189274216925345207e-07
1.000000000000000000e+00 4.163192081005651630e+02 0.000000000000000000e+00
