# mx [GeV]: 10.0
# sigma_p [cm^2]: 4.26579518802e-31
# depth [m]: 10.6
# loc: SUF
# Columns: gamma/pi, v [km/s], f(v, gamma) [s/km]
0.000000000000000000e+00 1.000000000000000000e+00 1.785284697731856062e-03
0.000000000000000000e+00 1.233338594155118484e+00 1.475008568835319001e-03
0.000000000000000000e+00 1.521124087832523841e+00 1.501590079589837238e-03
0.000000000000000000e+00 1.876061044022851787e+00 1.361976744592788670e-03
0.000000000000000000e+00 2.313818490584327758e+00 1.140577035177319865e-03
0.000000000000000000e+00 2.853721644307392946e+00 9.359090136392784684e-04
0.000000000000000000e+00 3.519605040900112058e+00 9.279905713435281089e-04
0.000000000000000000e+00 4.340864733125012975e+00 8.770488038097426801e-04
0.000000000000000000e+00 5.353756007369936398e+00 7.903438994597049511e-04
0.000000000000000000e+00 6.602993907579156385e+00 7.033208730609622926e-04
0.000000000000000000e+00 8.143727223188490072e+00 5.824559514385493171e-04
0.000000000000000000e+00 1.004397308463005878e+01 5.904275722762614576e-04
0.000000000000000000e+00 1.238761964392948123e+01 5.646324311572070752e-04
0.000000000000000000e+00 1.527812939657231617e+01 5.191379665251807723e-04
0.000000000000000000e+00 1.884310663128849228e+01 5.262423036951204914e-04
0.000000000000000000e+00 2.323993064214832671e+01 5.161997250451675224e-04
0.000000000000000000e+00 2.866270338644968163e+01 5.165055054658236047e-04
0.000000000000000000e+00 3.226378874382007922e+01 5.006841953395910119e-04
0.000000000000000000e+00 3.535081829932900632e+01 5.103127312841078834e-04
0.000000000000000000e+00 3.689653789677885953e+01 5.112147424277634338e-04
0.000000000000000000e+00 4.152928704973763985e+01 5.117123417193139741e-04
0.000000000000000000e+00 4.359952854352745533e+01 4.984747719445186678e-04
0.000000000000000000e+00 4.616203620269642016e+01 5.010100956175229893e-04
0.000000000000000000e+00 5.079478535565520048e+01 5.007135046318591555e-04
0.000000000000000000e+00 5.377298123970011545e+01 5.026670816517699166e-04
0.000000000000000000e+00 5.542753450861398079e+01 4.994144573271150876e-04
0.000000000000000000e+00 6.006028366157276110e+01 4.776000325780662293e-04
0.000000000000000000e+00 6.469303281453153431e+01 4.709050509068862149e-04
0.000000000000000000e+00 6.932578196749031463e+01 4.604370976967463733e-04
0.000000000000000000e+00 7.395853112044909494e+01 4.627625019867420762e-04
0.000000000000000000e+00 7.859128027340787526e+01 4.249597599133020788e-04
0.000000000000000000e+00 8.322402942636665557e+01 4.099530407718335648e-04
0.000000000000000000e+00 8.785677857932543589e+01 3.931338899245118948e-04
0.000000000000000000e+00 9.248952773228421620e+01 3.775483224827032042e-04
0.000000000000000000e+00 9.712227688524299651e+01 3.494347255189474664e-04
0.000000000000000000e+00 1.017550260382017768e+02 3.323332806272435882e-04
0.000000000000000000e+00 1.063877751911605571e+02 3.137680889580640275e-04
0.000000000000000000e+00 1.110205243441193375e+02 2.987187002057819824e-04
0.000000000000000000e+00 1.156532734970781178e+02 2.698936762547529873e-04
0.000000000000000000e+00 1.202860226500368981e+02 2.524158986529755760e-04
0.000000000000000000e+00 1.249187718029956784e+02 2.351190045221233406e-04
0.000000000000000000e+00 1.295515209559544587e+02 2.126821462000204408e-04
0.000000000000000000e+00 1.341842701089132390e+02 1.971340826481416536e-04
0.000000000000000000e+00 1.388170192618720193e+02 1.819060774508558852e-04
0.000000000000000000e+00 1.434497684148307997e+02 1.655196117969058459e-04
0.000000000000000000e+00 1.480825175677895800e+02 1.492367590539194562e-04
0.000000000000000000e+00 1.527152667207483603e+02 1.343165834784494411e-04
0.000000000000000000e+00 1.573480158737071406e+02 1.228066975694580782e-04
0.000000000000000000e+00 1.619807650266659209e+02 1.081423084355787766e-04
0.000000000000000000e+00 1.666135141796247012e+02 9.824915172071376553e-05
0.000000000000000000e+00 1.712462633325834815e+02 8.514906754484773360e-05
0.000000000000000000e+00 1.758790124855422619e+02 7.820307376040454609e-05
0.000000000000000000e+00 1.805117616385010422e+02 6.660548840780737860e-05
0.000000000000000000e+00 1.851445107914598225e+02 5.817268325818462059e-05
0.000000000000000000e+00 1.897772599444186028e+02 4.987925255083021207e-05
0.000000000000000000e+00 1.944100090973773831e+02 4.163476707831148885e-05
0.000000000000000000e+00 1.990427582503361634e+02 3.510987095106238829e-05
0.000000000000000000e+00 2.036755074032949437e+02 2.771707021402872615e-05
0.000000000000000000e+00 2.083082565562537241e+02 2.202074418748698996e-05
0.000000000000000000e+00 2.129410057092125044e+02 1.369137373995620071e-05
0.000000000000000000e+00 2.150919249588005187e+02 0.000000000000000000e+00
1.000000000000000056e-01 1.000000000000000000e+00 2.010537378192587665e-03
1.000000000000000056e-01 1.239743269255552116e+00 1.596301553878372477e-03
1.000000000000000056e-01 1.536963373664444132e+00 1.662908142016923446e-03
1.000000000000000056e-01 1.905439997592800694e+00 1.530644963933501870e-03
1.000000000000000056e-01 2.362256411985989679e+00 1.292074592106005112e-03
1.000000000000000056e-01 2.928591487015400840e+00 1.090551405660253369e-03
1.000000000000000056e-01 3.630701584426452300e+00 1.023883716467099796e-03
1.000000000000000056e-01 4.501137851968161741e+00 9.589078103029450217e-04
1.000000000000000056e-01 5.580255355968922082e+00 8.718426086008678952e-04
1.000000000000000056e-01 6.918084018289714976e+00 7.733364871413870266e-04
1.000000000000000056e-01 8.576648097819076000e+00 6.800253432342474565e-04
1.000000000000000056e-01 1.063284175204463367e+01 6.488695205884347167e-04
1.000000000000000056e-01 1.318199399515675019e+01 6.132800457709570215e-04
1.000000000000000056e-01 1.634228833086268295e+01 5.787178837399850227e-04
1.000000000000000056e-01 2.026024196242056163e+01 5.749148166343594647e-04
1.000000000000000056e-01 2.511749860639978493e+01 5.681583545323852513e-04
1.000000000000000056e-01 3.113924983781983968e+01 5.622517528247814034e-04
1.000000000000000056e-01 3.560038328161022037e+01 5.564982245818695912e-04
1.000000000000000056e-01 3.860467539610418441e+01 5.591352294316221305e-04
1.000000000000000056e-01 4.071223318871322761e+01 5.590670625126024137e-04
1.000000000000000056e-01 4.582408309581623485e+01 5.559874921459473417e-04
1.000000000000000056e-01 4.785988648411557023e+01 5.546342795933892691e-04
1.000000000000000056e-01 5.093593300291924209e+01 5.484526699834375981e-04
1.000000000000000056e-01 5.604778291002224933e+01 5.426687992409365106e-04
1.000000000000000056e-01 5.933397213601703868e+01 5.369598087504430734e-04
1.000000000000000056e-01 6.115963281712525657e+01 5.333623021298133622e-04
1.000000000000000056e-01 6.627148272422826381e+01 5.171046657381088473e-04
1.000000000000000056e-01 7.138333263133125683e+01 5.043580062735922125e-04
1.000000000000000056e-01 7.649518253843427829e+01 4.888478871567791817e-04
1.000000000000000056e-01 8.160703244553727131e+01 4.700914414647793470e-04
1.000000000000000056e-01 8.671888235264029277e+01 4.452018775286078795e-04
1.000000000000000056e-01 9.183073225974328579e+01 4.261156152036143108e-04
1.000000000000000056e-01 9.694258216684629303e+01 4.040969029446129612e-04
1.000000000000000056e-01 1.020544320739493003e+02 3.799991475314862732e-04
1.000000000000000056e-01 1.071662819810523075e+02 3.555472233793480078e-04
1.000000000000000056e-01 1.122781318881553148e+02 3.322100189356312671e-04
1.000000000000000056e-01 1.173899817952583220e+02 3.084919540430424681e-04
1.000000000000000056e-01 1.225018317023613292e+02 2.859837751647749415e-04
1.000000000000000056e-01 1.276136816094643365e+02 2.631047453739848718e-04
1.000000000000000056e-01 1.327255315165673437e+02 2.405022353700388301e-04
1.000000000000000056e-01 1.378373814236703652e+02 2.199360242404274851e-04
1.000000000000000056e-01 1.429492313307733582e+02 2.002155777275586976e-04
1.000000000000000056e-01 1.480610812378763512e+02 1.799546234975407525e-04
1.000000000000000056e-01 1.531729311449793727e+02 1.628323636403676707e-04
1.000000000000000056e-01 1.582847810520823657e+02 1.462690159591800547e-04
1.000000000000000056e-01 1.633966309591853587e+02 1.304964918698594504e-04
1.000000000000000056e-01 1.685084808662883802e+02 1.156073145877453998e-04
1.000000000000000056e-01 1.736203307733914016e+02 1.020670684850903442e-04
1.000000000000000056e-01 1.787321806804943947e+02 8.971002169560059083e-05
1.000000000000000056e-01 1.838440305875974161e+02 7.796718859193790450e-05
1.000000000000000056e-01 1.889558804947004091e+02 6.737395339520845005e-05
1.000000000000000056e-01 1.940677304018034306e+02 5.743982713186698272e-05
1.000000000000000056e-01 1.991795803089064236e+02 4.818255503058348525e-05
1.000000000000000056e-01 2.042914302160094167e+02 3.923924938675792308e-05
1.000000000000000056e-01 2.094032801231124381e+02 3.132722977485966168e-05
1.000000000000000056e-01 2.145151300302154311e+02 2.370681878879231434e-05
1.000000000000000056e-01 2.196269799373184526e+02 1.709194655215912201e-05
1.000000000000000056e-01 2.247388298444214456e+02 1.121555084471157524e-05
1.000000000000000056e-01 2.298506797515244671e+02 6.195006090983984458e-06
1.000000000000000056e-01 2.349625296586274601e+02 1.851865498834786121e-06
1.000000000000000056e-01 2.373358885440681547e+02 0.000000000000000000e+00
2.000000000000000111e-01 1.000000000000000000e+00 3.025591817890577531e-03
2.000000000000000111e-01 1.248559668191665750e+00 2.286376422299959011e-03
2.000000000000000111e-01 1.558901245034882699e+00 2.166752878691422229e-03
2.000000000000000111e-01 1.946381221244327886e+00 2.092692709324018522e-03
2.000000000000000111e-01 2.430173091771307359e+00 1.770795373095908473e-03
2.000000000000000111e-01 3.034216109110298376e+00 1.475535842437578722e-03
2.000000000000000111e-01 3.788399858412561105e+00 1.334411126073812605e-03
2.000000000000000111e-01 4.730043270196941485e+00 1.275215017236997969e-03
2.000000000000000111e-01 5.905741255969314984e+00 1.159339469071780232e-03
2.000000000000000111e-01 7.373670342978880576e+00 1.016852987957437161e-03
2.000000000000000111e-01 9.206467396784438151e+00 8.992014289686017141e-04
2.000000000000000111e-01 1.149482387814656903e+01 8.437473787110361069e-04
2.000000000000000111e-01 1.435197348722031130e+01 7.993172948771199186e-04
2.000000000000000111e-01 1.791929525509937804e+01 7.582702613619387265e-04
2.000000000000000111e-01 2.237330933793537469e+01 7.462752120660035579e-04
2.000000000000000111e-01 2.793441168332208946e+01 7.327985001629759229e-04
2.000000000000000111e-01 3.487777978245802757e+01 7.274605390015378243e-04
2.000000000000000111e-01 4.073127336436282775e+01 7.201847436576640010e-04
2.000000000000000111e-01 4.354698915244778590e+01 7.246904493364959106e-04
2.000000000000000111e-01 4.657986646283544019e+01 7.228446075994808670e-04
2.000000000000000111e-01 5.242845956130804552e+01 7.172475719259249803e-04
2.000000000000000111e-01 5.437101432692628578e+01 7.145635500353017923e-04
2.000000000000000111e-01 5.827705265978065796e+01 7.099319769864863034e-04
2.000000000000000111e-01 6.412564575825327040e+01 6.989062093354622739e-04
2.000000000000000111e-01 6.788545560727139616e+01 6.900449517859813097e-04
2.000000000000000111e-01 6.997423885672588995e+01 6.853799777288987777e-04
2.000000000000000111e-01 7.582283195519849528e+01 6.632473077620228445e-04
2.000000000000000111e-01 8.167142505367110061e+01 6.429886961667681576e-04
2.000000000000000111e-01 8.752001815214370595e+01 6.197352339283994935e-04
2.000000000000000111e-01 9.336861125061632549e+01 5.931614537588220017e-04
2.000000000000000111e-01 9.921720434908894504e+01 5.600677809459650436e-04
2.000000000000000111e-01 1.050657974475615504e+02 5.306701963209443235e-04
2.000000000000000111e-01 1.109143905460341557e+02 4.999838972489113048e-04
2.000000000000000111e-01 1.167629836445067610e+02 4.675451482643143289e-04
2.000000000000000111e-01 1.226115767429793664e+02 4.355096086167120888e-04
2.000000000000000111e-01 1.284601698414520001e+02 4.008909458042386850e-04
2.000000000000000111e-01 1.343087629399246055e+02 3.697897646608059533e-04
2.000000000000000111e-01 1.401573560383972108e+02 3.387440292398239219e-04
2.000000000000000111e-01 1.460059491368698161e+02 3.089757019050023436e-04
2.000000000000000111e-01 1.518545422353424215e+02 2.789157727863829763e-04
2.000000000000000111e-01 1.577031353338150552e+02 2.520102074012896048e-04
2.000000000000000111e-01 1.635517284322876606e+02 2.259994589058493856e-04
2.000000000000000111e-01 1.694003215307602659e+02 2.005058295050102452e-04
2.000000000000000111e-01 1.752489146292328712e+02 1.787906228646340707e-04
2.000000000000000111e-01 1.810975077277054766e+02 1.577098628943505000e-04
2.000000000000000111e-01 1.869461008261781103e+02 1.382018769602615842e-04
2.000000000000000111e-01 1.927946939246507156e+02 1.198976236648696198e-04
2.000000000000000111e-01 1.986432870231233210e+02 1.040044244089371686e-04
2.000000000000000111e-01 2.044918801215959263e+02 8.885101348195056188e-05
2.000000000000000111e-01 2.103404732200685316e+02 7.528123215506185714e-05
2.000000000000000111e-01 2.161890663185411654e+02 6.312523638649908246e-05
2.000000000000000111e-01 2.220376594170137707e+02 5.230692354109650025e-05
2.000000000000000111e-01 2.278862525154863761e+02 4.246735822009338435e-05
2.000000000000000111e-01 2.337348456139589814e+02 3.412358519302375725e-05
2.000000000000000111e-01 2.395834387124315867e+02 2.661571748663461412e-05
2.000000000000000111e-01 2.454320318109042205e+02 2.013271521994428059e-05
2.000000000000000111e-01 2.512806249093768258e+02 1.441473044233787924e-05
2.000000000000000111e-01 2.571292180078494312e+02 9.402322259679838937e-06
2.000000000000000111e-01 2.629778111063220081e+02 5.183054881788198566e-06
2.000000000000000111e-01 2.688264042047946418e+02 1.527110108619066089e-06
2.000000000000000111e-01 2.715418224290855278e+02 0.000000000000000000e+00
3.000000000000000444e-01 1.000000000000000000e+00 4.982971452681884267e-03
3.000000000000000444e-01 1.258153649697863807e+00 3.420312968178555995e-03
3.000000000000000444e-01 1.582950606248054948e+00 2.989492993562718921e-03
3.000000000000000444e-01 1.991595082542436668e+00 3.070958193600394764e-03
3.000000000000000444e-01 2.505732621821084916e+00 2.658493795727777560e-03
3.000000000000000444e-01 3.152596643311194935e+00 2.149397062326465109e-03
3.000000000000000444e-01 3.966450972807215258e+00 1.903914327275210228e-03
3.000000000000000444e-01 4.990404767785039830e+00 1.829776677346736831e-03
3.000000000000000444e-01 6.278695972058367936e+00 1.687674177618868950e-03
3.000000000000000444e-01 7.899564252588511692e+00 1.464115600329186744e-03
3.000000000000000444e-01 9.938865595417013310e+00 1.276504366547630059e-03
3.000000000000000444e-01 1.250462002273044604e+01 1.198886244447783548e-03
3.000000000000000444e-01 1.573273331968330346e+01 1.126812583854163189e-03
3.000000000000000444e-01 1.979419584588273651e+01 1.069144919202964132e-03
3.000000000000000444e-01 2.490413974633165495e+01 1.052829968908364049e-03
3.000000000000000444e-01 3.133323431443280427e+01 1.037310633157440378e-03
3.000000000000000444e-01 3.942202310954197486e+01 1.032469559747044340e-03
3.000000000000000444e-01 4.710762442130284455e+01 1.030849367151188273e-03
3.000000000000000444e-01 4.959896225374375689e+01 1.034379554486415534e-03
3.000000000000000444e-01 5.387179613307966264e+01 1.034653534018098366e-03
3.000000000000000444e-01 6.063596784485648072e+01 1.029501950635449857e-03
3.000000000000000444e-01 6.240311538077428821e+01 1.027046069050917537e-03
3.000000000000000444e-01 6.740013955663330592e+01 1.022288378578789297e-03
3.000000000000000444e-01 7.416431126841011690e+01 1.010262832217667011e-03
3.000000000000000444e-01 7.851270736883806478e+01 9.994274506661619383e-04
3.000000000000000444e-01 8.092848298018694209e+01 9.923550782362079801e-04
3.000000000000000444e-01 8.769265469196375307e+01 9.627238390250754006e-04
3.000000000000000444e-01 9.445682640374057826e+01 9.359239425151448868e-04
3.000000000000000444e-01 1.012209981155174034e+02 8.997661365041427104e-04
3.000000000000000444e-01 1.079851698272942144e+02 8.575738569556726936e-04
3.000000000000000444e-01 1.147493415390710396e+02 8.153371693714427234e-04
3.000000000000000444e-01 1.215135132508478506e+02 7.684316050036736536e-04
3.000000000000000444e-01 1.282776849626246758e+02 7.192664112974398805e-04
3.000000000000000444e-01 1.350418566744014868e+02 6.708223728252256162e-04
3.000000000000000444e-01 1.418060283861782978e+02 6.185290825499336178e-04
3.000000000000000444e-01 1.485702000979551372e+02 5.696775752998396551e-04
3.000000000000000444e-01 1.553343718097319481e+02 5.216039388944724089e-04
3.000000000000000444e-01 1.620985435215087591e+02 4.743434504158181497e-04
3.000000000000000444e-01 1.688627152332855985e+02 4.259976610279898944e-04
3.000000000000000444e-01 1.756268869450623811e+02 3.830234781930119572e-04
3.000000000000000444e-01 1.823910586568392205e+02 3.427210340827998832e-04
3.000000000000000444e-01 1.891552303686160599e+02 3.040538776322104331e-04
3.000000000000000444e-01 1.959194020803928424e+02 2.669162025207642819e-04
3.000000000000000444e-01 2.026835737921696818e+02 2.339133368222783558e-04
3.000000000000000444e-01 2.094477455039465212e+02 2.039629901176038683e-04
3.000000000000000444e-01 2.162119172157233038e+02 1.754556548739292067e-04
3.000000000000000444e-01 2.229760889275001432e+02 1.504733835997075617e-04
3.000000000000000444e-01 2.297402606392769826e+02 1.279138072554170059e-04
3.000000000000000444e-01 2.365044323510537652e+02 1.081408137305107128e-04
3.000000000000000444e-01 2.432686040628306046e+02 8.992441837728914068e-05
3.000000000000000444e-01 2.500327757746073871e+02 7.465593016968396221e-05
3.000000000000000444e-01 2.567969474863842265e+02 6.092675448782228155e-05
3.000000000000000444e-01 2.635611191981610659e+02 4.905202451450957373e-05
3.000000000000000444e-01 2.703252909099378485e+02 3.841632670919177029e-05
3.000000000000000444e-01 2.770894626217146879e+02 2.989963789630272135e-05
3.000000000000000444e-01 2.838536343334915273e+02 2.229071248997564704e-05
3.000000000000000444e-01 2.906178060452683098e+02 1.578802273182298722e-05
3.000000000000000444e-01 2.973819777570451492e+02 1.024201952690139154e-05
3.000000000000000444e-01 3.041461494688219318e+02 5.540142516168848578e-06
3.000000000000000444e-01 3.109103211805987712e+02 1.598560369824925762e-06
3.000000000000000444e-01 3.140508294753523160e+02 0.000000000000000000e+00
4.000000000000000222e-01 1.000000000000000000e+00 7.505522174696951931e-03
4.000000000000000222e-01 1.267377871333498218e+00 4.873364514101862464e-03
4.000000000000000222e-01 1.606246668745828998e+00 4.102689235828977515e-03
4.000000000000000222e-01 2.035721483871611337e+00 4.239861876688897843e-03
4.000000000000000222e-01 2.580028360857073100e+00 3.733581253118911387e-03
4.000000000000000222e-01 3.269870851963092129e+00 2.947806706329003396e-03
4.000000000000000222e-01 4.144161959896434766e+00 2.598849293041036179e-03
4.000000000000000222e-01 5.252219163194800977e+00 2.503445139867238860e-03
4.000000000000000222e-01 6.656546342826834994e+00 2.332258855137066874e-03
4.000000000000000222e-01 8.436359534404656912e+00 1.994334924348479653e-03
4.000000000000000222e-01 1.069205538851783821e+01 1.729926527063587339e-03
4.000000000000000222e-01 1.355087439847959097e+01 1.647864764363876199e-03
4.000000000000000222e-01 1.717407834985266391e+01 1.532413475373775981e-03
4.000000000000000222e-01 2.176604686115098630e+01 1.463324781241591606e-03
4.000000000000000222e-01 2.758580613823069783e+01 1.457781835960411795e-03
4.000000000000000222e-01 3.496164026248937517e+01 1.445516602770644150e-03
4.000000000000000222e-01 4.430960921420130916e+01 1.455325114481292002e-03
4.000000000000000222e-01 5.412121405158305976e+01 1.479591790522793212e-03
4.000000000000000222e-01 5.615701820551362289e+01 1.485211229902692323e-03
4.000000000000000222e-01 6.189246530001550184e+01 1.496194255099496384e-03
4.000000000000000222e-01 6.966371654844793682e+01 1.504142908988899104e-03
4.000000000000000222e-01 7.117216219374036257e+01 1.508743594076314073e-03
4.000000000000000222e-01 7.743496779688038600e+01 1.510330950775200373e-03
4.000000000000000222e-01 8.520621904531282098e+01 1.505550953898255988e-03
4.000000000000000222e-01 9.020202341930510670e+01 1.495709550913069084e-03
4.000000000000000222e-01 9.297747029374525596e+01 1.485401261044368105e-03
4.000000000000000222e-01 1.007487215421776909e+02 1.459544749142541739e-03
4.000000000000000222e-01 1.085199727906101401e+02 1.426772126233165827e-03
4.000000000000000222e-01 1.162912240390425893e+02 1.376042992552260931e-03
4.000000000000000222e-01 1.240624752874750243e+02 1.321410921152008913e-03
4.000000000000000222e-01 1.318337265359074593e+02 1.255162794895128007e-03
4.000000000000000222e-01 1.396049777843398942e+02 1.186851190242705972e-03
4.000000000000000222e-01 1.473762290327723292e+02 1.112408339639970722e-03
4.000000000000000222e-01 1.551474802812047926e+02 1.033765475116201881e-03
4.000000000000000222e-01 1.629187315296372276e+02 9.542072089946452597e-04
4.000000000000000222e-01 1.706899827780696626e+02 8.775224761552157795e-04
4.000000000000000222e-01 1.784612340265020975e+02 7.978198775590170577e-04
4.000000000000000222e-01 1.862324852749345325e+02 7.203531875029694966e-04
4.000000000000000222e-01 1.940037365233669675e+02 6.455946491225444386e-04
4.000000000000000222e-01 2.017749877717994309e+02 5.773491089889302985e-04
4.000000000000000222e-01 2.095462390202318659e+02 5.108525184954996893e-04
4.000000000000000222e-01 2.173174902686643009e+02 4.475760461102599097e-04
4.000000000000000222e-01 2.250887415170967358e+02 3.902230966166485814e-04
4.000000000000000222e-01 2.328599927655291708e+02 3.382302189513254056e-04
4.000000000000000222e-01 2.406312440139616058e+02 2.907032970877727971e-04
4.000000000000000222e-01 2.484024952623940692e+02 2.474582238037713474e-04
4.000000000000000222e-01 2.561737465108265042e+02 2.094014480593295844e-04
4.000000000000000222e-01 2.639449977592589676e+02 1.760632575156333677e-04
4.000000000000000222e-01 2.717162490076913741e+02 1.455838208886332645e-04
4.000000000000000222e-01 2.794875002561238375e+02 1.205815475919601418e-04
4.000000000000000222e-01 2.872587515045563009e+02 9.790215115385624890e-05
4.000000000000000222e-01 2.950300027529887075e+02 7.878847749466260286e-05
4.000000000000000222e-01 3.028012540014211709e+02 6.220812136540612627e-05
4.000000000000000222e-01 3.105725052498536343e+02 4.864967028526132400e-05
4.000000000000000222e-01 3.183437564982860408e+02 3.688573229483799209e-05
4.000000000000000222e-01 3.261150077467185042e+02 2.701056517322521333e-05
4.000000000000000222e-01 3.338862589951509108e+02 1.873214291265015496e-05
4.000000000000000222e-01 3.416575102435833742e+02 1.200003592924168527e-05
4.000000000000000222e-01 3.494287614920158376e+02 6.295044331099574501e-06
4.000000000000000222e-01 3.572000127404482441e+02 1.879197188458053510e-06
4.000000000000000222e-01 3.608080936772204268e+02 0.000000000000000000e+00
5.000000000000000000e-01 1.000000000000000000e+00 9.081156895341830140e-03
5.000000000000000000e-01 1.275474088590588861e+00 5.771664843591720051e-03
5.000000000000000000e-01 1.626834150665993350e+00 4.766134158624803392e-03
5.000000000000000000e-01 2.074984805608752758e+00 4.967994613187628160e-03
5.000000000000000000e-01 2.646589353773144193e+00 4.369786009886509649e-03
5.000000000000000000e-01 3.375656143877356463e+00 3.415120281194044833e-03
5.000000000000000000e-01 4.305561943507193234e+00 3.034731626377565848e-03
5.000000000000000000e-01 5.491632695765161110e+00 2.939960220444729454e-03
5.000000000000000000e-01 7.004435207505347982e+00 2.736879121866197043e-03
5.000000000000000000e-01 8.933975612384717380e+00 2.307204762186269159e-03
5.000000000000000000e-01 1.139505440169694239e+01 2.040096292416507164e-03
5.000000000000000000e-01 1.453409662744458508e+01 1.960618647066766831e-03
5.000000000000000000e-01 1.853786364937743869e+01 1.817909897348727591e-03
5.000000000000000000e-01 2.364456474260629193e+01 1.766535583794411318e-03
5.000000000000000000e-01 3.015802966519692774e+01 1.788607254783894504e-03
5.000000000000000000e-01 3.846578540090501264e+01 1.803949002187100982e-03
5.000000000000000000e-01 4.906211257614048549e+01 1.862000420664858789e-03
5.000000000000000000e-01 6.108188287593457488e+01 1.948403140046340654e-03
5.000000000000000000e-01 6.257745332238165048e+01 1.959398601885774076e-03
5.000000000000000000e-01 6.985261477606877634e+01 2.006381137058332355e-03
5.000000000000000000e-01 7.862334667620297068e+01 2.062083910109950222e-03
5.000000000000000000e-01 7.981592024268488217e+01 2.069216335932315409e-03
5.000000000000000000e-01 8.739407857633716503e+01 2.101499395350067516e-03
5.000000000000000000e-01 9.616481047647135938e+01 2.121876221331554617e-03
5.000000000000000000e-01 1.018031381265576130e+02 2.124662547036073375e-03
5.000000000000000000e-01 1.049355423766055537e+02 2.128415484210389487e-03
5.000000000000000000e-01 1.137062742767397481e+02 2.116417807104419534e-03
5.000000000000000000e-01 1.224770061768739424e+02 2.082143852045800509e-03
5.000000000000000000e-01 1.312477380770081368e+02 2.028940268108775976e-03
5.000000000000000000e-01 1.400184699771423311e+02 1.966351558832395152e-03
5.000000000000000000e-01 1.487892018772765255e+02 1.884046952769501864e-03
5.000000000000000000e-01 1.575599337774107198e+02 1.791252658355987687e-03
5.000000000000000000e-01 1.663306656775449426e+02 1.681754834978599431e-03
5.000000000000000000e-01 1.751013975776791369e+02 1.574034610195559642e-03
5.000000000000000000e-01 1.838721294778133313e+02 1.458878268540555936e-03
5.000000000000000000e-01 1.926428613779475256e+02 1.335787507298030578e-03
5.000000000000000000e-01 2.014135932780817200e+02 1.215486009975754811e-03
5.000000000000000000e-01 2.101843251782159143e+02 1.094769105568347677e-03
5.000000000000000000e-01 2.189550570783501087e+02 9.808586023688809375e-04
5.000000000000000000e-01 2.277257889784843030e+02 8.691839332099379712e-04
5.000000000000000000e-01 2.364965208786184974e+02 7.658876435141619143e-04
5.000000000000000000e-01 2.452672527787526917e+02 6.680914006006883612e-04
5.000000000000000000e-01 2.540379846788868861e+02 5.774375352692170602e-04
5.000000000000000000e-01 2.628087165790210520e+02 4.953509542743260961e-04
5.000000000000000000e-01 2.715794484791553032e+02 4.210997737273411770e-04
5.000000000000000000e-01 2.803501803792894975e+02 3.557416827568439218e-04
5.000000000000000000e-01 2.891209122794236919e+02 2.973206915307051554e-04
5.000000000000000000e-01 2.978916441795578862e+02 2.464584796359548858e-04
5.000000000000000000e-01 3.066623760796920806e+02 2.021468894538751889e-04
5.000000000000000000e-01 3.154331079798262749e+02 1.638246116080547513e-04
5.000000000000000000e-01 3.242038398799604693e+02 1.317544839158976276e-04
5.000000000000000000e-01 3.329745717800946636e+02 1.042560173027428017e-04
5.000000000000000000e-01 3.417453036802288580e+02 8.126823793042373069e-05
5.000000000000000000e-01 3.505160355803630523e+02 6.188885184587626848e-05
5.000000000000000000e-01 3.592867674804972467e+02 4.644479898328873470e-05
5.000000000000000000e-01 3.680574993806314410e+02 3.352194594798096997e-05
5.000000000000000000e-01 3.768282312807656353e+02 2.295420360477010236e-05
5.000000000000000000e-01 3.855989631808998297e+02 1.441578696114036070e-05
5.000000000000000000e-01 3.943696950810340240e+02 7.621108887629757477e-06
5.000000000000000000e-01 4.031404269811682184e+02 2.083342816280831567e-06
5.000000000000000000e-01 4.072125525062305087e+02 0.000000000000000000e+00
6.000000000000000888e-01 1.000000000000000000e+00 8.381879891742815072e-03
6.000000000000000888e-01 1.282046969551990934e+00 5.328307968732836145e-03
6.000000000000000888e-01 1.643644432137443490e+00 4.555927935105075384e-03
6.000000000000000888e-01 2.107229363242812514e+00 4.709012970093761664e-03
6.000000000000000888e-01 2.701567019296418959e+00 4.041415395517266966e-03
6.000000000000000888e-01 3.463535810130578874e+00 3.187929358234952923e-03
6.000000000000000888e-01 4.440415589312708633e+00 2.893866722490646883e-03
6.000000000000000888e-01 5.692821349829776167e+00 2.819392625191746455e-03
6.000000000000000888e-01 7.298464359750138186e+00 2.575132861205979302e-03
6.000000000000000888e-01 9.356974114800877373e+00 2.166297722848996559e-03
6.000000000000000888e-01 1.199608030805688585e+01 1.988080294303676190e-03
6.000000000000000888e-01 1.537953840544664175e+01 1.908893052762775534e-03
6.000000000000000888e-01 1.971729060581132842e+01 1.798098279800888549e-03
6.000000000000000888e-01 2.527849266895636049e+01 1.806354852820352347e-03
6.000000000000000888e-01 3.240821492107771462e+01 1.846805229103668736e-03
6.000000000000000888e-01 4.154885372815728317e+01 1.918226732436158688e-03
6.000000000000000888e-01 5.326758201054300201e+01 2.055503425721667311e-03
6.000000000000000888e-01 6.734820775293644601e+01 2.247510831832009830e-03
6.000000000000000888e-01 6.829154209197881187e+01 2.258878717694547643e-03
6.000000000000000888e-01 7.701871963540936861e+01 2.374700482822031476e-03
6.000000000000000888e-01 8.668923151788229120e+01 2.496414204598835455e-03
6.000000000000000888e-01 8.755296458505364399e+01 2.508522906664303973e-03
6.000000000000000888e-01 9.635974340035522800e+01 2.598914707713836664e-03
6.000000000000000888e-01 1.060302552828281364e+02 2.682099273461802536e-03
6.000000000000000888e-01 1.122470129215607813e+02 2.716076503457820566e-03
6.000000000000000888e-01 1.157007671653010732e+02 2.730902541543124909e-03
6.000000000000000888e-01 1.253712790477739958e+02 2.763178291983627195e-03
6.000000000000000888e-01 1.350417909302469184e+02 2.756543067747440224e-03
6.000000000000000888e-01 1.447123028127198268e+02 2.725541100341298366e-03
6.000000000000000888e-01 1.543828146951927636e+02 2.669173669899607085e-03
6.000000000000000888e-01 1.640533265776657004e+02 2.582810577622452093e-03
6.000000000000000888e-01 1.737238384601386088e+02 2.476291857241785625e-03
6.000000000000000888e-01 1.833943503426115456e+02 2.351018315391687451e-03
6.000000000000000888e-01 1.930648622250844824e+02 2.211044395997350046e-03
6.000000000000000888e-01 2.027353741075573907e+02 2.051208812697183099e-03
6.000000000000000888e-01 2.124058859900302991e+02 1.894807792824633940e-03
6.000000000000000888e-01 2.220763978725032359e+02 1.723732681552894372e-03
6.000000000000000888e-01 2.317469097549761727e+02 1.556218507801003991e-03
6.000000000000000888e-01 2.414174216374490811e+02 1.391083167506149349e-03
6.000000000000000888e-01 2.510879335199220179e+02 1.230347469745077379e-03
6.000000000000000888e-01 2.607584454023949547e+02 1.082739709267243342e-03
6.000000000000000888e-01 2.704289572848678631e+02 9.413698969041124544e-04
6.000000000000000888e-01 2.800994691673407715e+02 8.089469231079631732e-04
6.000000000000000888e-01 2.897699810498137367e+02 6.901329257801915333e-04
6.000000000000000888e-01 2.994404929322866451e+02 5.835268999131809848e-04
6.000000000000000888e-01 3.091110048147595535e+02 4.881793315968715866e-04
6.000000000000000888e-01 3.187815166972325187e+02 4.044531287813144817e-04
6.000000000000000888e-01 3.284520285797054271e+02 3.321217918638734098e-04
6.000000000000000888e-01 3.381225404621783355e+02 2.690428031304375783e-04
6.000000000000000888e-01 3.477930523446512439e+02 2.161621390817509395e-04
6.000000000000000888e-01 3.574635642271241522e+02 1.712645112316329738e-04
6.000000000000000888e-01 3.671340761095971175e+02 1.336708969355895069e-04
6.000000000000000888e-01 3.768045879920700258e+02 1.032998472017656114e-04
6.000000000000000888e-01 3.864750998745429342e+02 7.787246660116452820e-05
6.000000000000000888e-01 3.961456117570158995e+02 5.737194914442682829e-05
6.000000000000000888e-01 4.058161236394888078e+02 4.094988238813419623e-05
6.000000000000000888e-01 4.154866355219617162e+02 2.767855303350581227e-05
6.000000000000000888e-01 4.251571474044346246e+02 1.719441137711340601e-05
6.000000000000000888e-01 4.348276592869075898e+02 8.966228238219168888e-06
6.000000000000000888e-01 4.444981711693804982e+02 2.534943209794126853e-06
6.000000000000000888e-01 4.489880516862429545e+02 0.000000000000000000e+00
7.000000000000000666e-01 1.000000000000000000e+00 6.081763514832360350e-03
7.000000000000000666e-01 1.286981677723849860e+00 4.011984309304308417e-03
7.000000000000000666e-01 1.656321838796895429e+00 3.617016291765999189e-03
7.000000000000000666e-01 2.131655858945480375e+00 3.667970560310133358e-03
7.000000000000000666e-01 2.743402033675528706e+00 3.042664624472001932e-03
7.000000000000000666e-01 3.530708151970753050e+00 2.486501737835220341e-03
7.000000000000000666e-01 4.543956700976593766e+00 2.338983500476015873e-03
7.000000000000000666e-01 5.847989018527386840e+00 2.245757286553973393e-03
7.000000000000000666e-01 7.526254718375026798e+00 1.997141664816499181e-03
7.000000000000000666e-01 9.686151924431333882e+00 1.713499065482162933e-03
7.000000000000000666e-01 1.246590005439273163e+01 1.619201770835326792e-03
7.000000000000000666e-01 1.604338496634018796e+01 1.560519219852329930e-03
7.000000000000000666e-01 2.064754250035008809e+01 1.523297901954363256e-03
7.000000000000000666e-01 2.657300888797505323e+01 1.568467090181395376e-03
7.000000000000000666e-01 3.419897556081690482e+01 1.637634827658331202e-03
7.000000000000000666e-01 4.401345494369708433e+01 1.770220377685982182e-03
7.000000000000000666e-01 5.664451008586235048e+01 1.986811150346170195e-03
7.000000000000000666e-01 7.244796108097493459e+01 2.288251106686778162e-03
7.000000000000000666e-01 7.290044662414865684e+01 2.297467306388639805e-03
7.000000000000000666e-01 8.285074523619184106e+01 2.492854181900550688e-03
7.000000000000000666e-01 9.325352939140876174e+01 2.678995393642834896e-03
7.000000000000000666e-01 9.382153910316482381e+01 2.691703756070843237e-03
7.000000000000000666e-01 1.036563135466256824e+02 2.860460368847661181e-03
7.000000000000000666e-01 1.140590977018425889e+02 3.009922379511280853e-03
7.000000000000000666e-01 1.207466018016248483e+02 3.089062924277454544e-03
7.000000000000000666e-01 1.244618818570594954e+02 3.128200101582523460e-03
7.000000000000000666e-01 1.348646660122764160e+02 3.213586832491314212e-03
7.000000000000000666e-01 1.452674501674933367e+02 3.268636066522962163e-03
7.000000000000000666e-01 1.556702343227102574e+02 3.261370875240799522e-03
7.000000000000000666e-01 1.660730184779271781e+02 3.245536327072741107e-03
7.000000000000000666e-01 1.764758026331440703e+02 3.177303921446168310e-03
7.000000000000000666e-01 1.868785867883609626e+02 3.082556993867551810e-03
7.000000000000000666e-01 1.972813709435778833e+02 2.945238562756986606e-03
7.000000000000000666e-01 2.076841550987948040e+02 2.790757674515342065e-03
7.000000000000000666e-01 2.180869392540117246e+02 2.607318962388273636e-03
7.000000000000000666e-01 2.284897234092286453e+02 2.418332372787868317e-03
7.000000000000000666e-01 2.388925075644455660e+02 2.211845142137621161e-03
7.000000000000000666e-01 2.492952917196624867e+02 2.003804118183444890e-03
7.000000000000000666e-01 2.596980758748794074e+02 1.795719090452906758e-03
7.000000000000000666e-01 2.701008600300962712e+02 1.594556953810468553e-03
7.000000000000000666e-01 2.805036441853131919e+02 1.396659591348565349e-03
7.000000000000000666e-01 2.909064283405301126e+02 1.214006200482747053e-03
7.000000000000000666e-01 3.013092124957470332e+02 1.043547824132736368e-03
7.000000000000000666e-01 3.117119966509639539e+02 8.864349517702517674e-04
7.000000000000000666e-01 3.221147808061808746e+02 7.460481442830539526e-04
7.000000000000000666e-01 3.325175649613977953e+02 6.222144092706497626e-04
7.000000000000000666e-01 3.429203491166147160e+02 5.131208275478258861e-04
7.000000000000000666e-01 3.533231332718316366e+02 4.181442620310897649e-04
7.000000000000000666e-01 3.637259174270485005e+02 3.367335561678448273e-04
7.000000000000000666e-01 3.741287015822654212e+02 2.684448514891552874e-04
7.000000000000000666e-01 3.845314857374823418e+02 2.108534383831766246e-04
7.000000000000000666e-01 3.949342698926992625e+02 1.639414310101616648e-04
7.000000000000000666e-01 4.053370540479161832e+02 1.250445756035514669e-04
7.000000000000000666e-01 4.157398382031331039e+02 9.370434673338170779e-05
7.000000000000000666e-01 4.261426223583500246e+02 6.822753090341240109e-05
7.000000000000000666e-01 4.365454065135669453e+02 4.823085810785851692e-05
7.000000000000000666e-01 4.469481906687838659e+02 3.217041233378640326e-05
7.000000000000000666e-01 4.573509748240007298e+02 1.990514758721767492e-05
7.000000000000000666e-01 4.677537589792176504e+02 1.033001232860031684e-05
7.000000000000000666e-01 4.781565431344345711e+02 2.846805472870363568e-06
7.000000000000000666e-01 4.829864072064995639e+02 0.000000000000000000e+00
8.000000000000000444e-01 1.000000000000000000e+00 3.881959735431793086e-03
8.000000000000000444e-01 1.290342000785609899e+00 2.805639515184336560e-03
8.000000000000000444e-01 1.664982478991410941e+00 2.736184240762796864e-03
8.000000000000000444e-01 2.148396823214762108e+00 2.567104787020898712e-03
8.000000000000000444e-01 2.772166655348384356e+00 2.082402140748325445e-03
8.000000000000000444e-01 3.577043068573387163e+00 1.800195693056871752e-03
8.000000000000000444e-01 4.615608909999281195e+00 1.724563750562493371e-03
8.000000000000000444e-01 5.955714035772361470e+00 1.610025223813792324e-03
8.000000000000000444e-01 7.684907965025448817e+00 1.405477398130009674e-03
8.000000000000000444e-01 9.916159519444208925e+00 1.260078991381388203e-03
8.000000000000000444e-01 1.279523711442891276e+01 1.222635979058781441e-03
8.000000000000000444e-01 1.651023185875849464e+01 1.180882510026968644e-03
8.000000000000000444e-01 2.130384561006475153e+01 1.189820160257969509e-03
8.000000000000000444e-01 2.748924676891869723e+01 1.255998229707237530e-03
8.000000000000000444e-01 3.547052967589590367e+01 1.354107533053614714e-03
8.000000000000000444e-01 4.576911423092089137e+01 1.519445458850945431e-03
8.000000000000000444e-01 5.905781043091158722e+01 1.789114545541307727e-03
8.000000000000000444e-01 7.612776738947404453e+01 2.172423553020753038e-03
8.000000000000000444e-01 7.620477327343971297e+01 2.173581034388495474e-03
8.000000000000000444e-01 8.705893398898825808e+01 2.421933418392929055e-03
8.000000000000000444e-01 9.799010058850248583e+01 2.675764310671154347e-03
8.000000000000000444e-01 9.833021961506399578e+01 2.683854019243683310e-03
8.000000000000000444e-01 1.089212671880167136e+02 2.907658480370306497e-03
8.000000000000000444e-01 1.198524337875309271e+02 3.115313950626781916e-03
8.000000000000000444e-01 1.268796123157900837e+02 3.230671495709358607e-03
8.000000000000000444e-01 1.307836003870451407e+02 3.291364804982206942e-03
8.000000000000000444e-01 1.417147669865593684e+02 3.429202257749501548e-03
8.000000000000000444e-01 1.526459335860735678e+02 3.530538077393870558e-03
8.000000000000000444e-01 1.635771001855878239e+02 3.585240469950506416e-03
8.000000000000000444e-01 1.745082667851020233e+02 3.593738356751413534e-03
8.000000000000000444e-01 1.854394333846162510e+02 3.553701890943081285e-03
8.000000000000000444e-01 1.963705999841304788e+02 3.474544104707250232e-03
8.000000000000000444e-01 2.073017665836446781e+02 3.352677644076242514e-03
8.000000000000000444e-01 2.182329331831589343e+02 3.194084982464566111e-03
8.000000000000000444e-01 2.291640997826731336e+02 3.010114898181041627e-03
8.000000000000000444e-01 2.400952663821873330e+02 2.799947149718214935e-03
8.000000000000000444e-01 2.510264329817015891e+02 2.575847528278802680e-03
8.000000000000000444e-01 2.619575995812157885e+02 2.343061843283005940e-03
8.000000000000000444e-01 2.728887661807300447e+02 2.107360527080974315e-03
8.000000000000000444e-01 2.838199327802442440e+02 1.872000308332843165e-03
8.000000000000000444e-01 2.947510993797584433e+02 1.645963903216745173e-03
8.000000000000000444e-01 3.056822659792726995e+02 1.429623146124946870e-03
8.000000000000000444e-01 3.166134325787868988e+02 1.230883759663520130e-03
8.000000000000000444e-01 3.275445991783010982e+02 1.045369891564436630e-03
8.000000000000000444e-01 3.384757657778153543e+02 8.801604849733326002e-04
8.000000000000000444e-01 3.494069323773295537e+02 7.324236383200504125e-04
8.000000000000000444e-01 3.603380989768438099e+02 6.008422510657367545e-04
8.000000000000000444e-01 3.712692655763580092e+02 4.885059464365351265e-04
8.000000000000000444e-01 3.822004321758722085e+02 3.927758844448442322e-04
8.000000000000000444e-01 3.931315987753864647e+02 3.112842625109618036e-04
8.000000000000000444e-01 4.040627653749006640e+02 2.439684597311664717e-04
8.000000000000000444e-01 4.149939319744149202e+02 1.881723919595940542e-04
8.000000000000000444e-01 4.259250985739291195e+02 1.425809931013726287e-04
8.000000000000000444e-01 4.368562651734433189e+02 1.065183947402559706e-04
8.000000000000000444e-01 4.477874317729575750e+02 7.723298769833382828e-05
8.000000000000000444e-01 4.587185983724717744e+02 5.402268458795527910e-05
8.000000000000000444e-01 4.696497649719860306e+02 3.606769290621796335e-05
8.000000000000000444e-01 4.805809315715002299e+02 2.220255579261262545e-05
8.000000000000000444e-01 4.915120981710144292e+02 1.140308075394150178e-05
8.000000000000000444e-01 5.024432647705286854e+02 3.071663944560089344e-06
8.000000000000000444e-01 5.075184492631602780e+02 0.000000000000000000e+00
9.000000000000000222e-01 1.000000000000000000e+00 2.629496694417146011e-03
9.000000000000000222e-01 1.292270920476330076e+00 2.012879664663534251e-03
9.000000000000000222e-01 1.669964131908741489e+00 2.114027740214345207e-03
9.000000000000000222e-01 2.158046085904164801e+00 1.858085127955864642e-03
9.000000000000000222e-01 2.788780201861716268e+00 1.505444473469596525e-03
9.000000000000000222e-01 3.603859558466005808e+00 1.374023581235873709e-03
9.000000000000000222e-01 4.657162908886286701e+00 1.314226404451042472e-03
9.000000000000000222e-01 6.018316199074702944e+00 1.198042852210641973e-03
9.000000000000000222e-01 7.777295014295876108e+00 1.043449616018491755e-03
9.000000000000000222e-01 1.005037218694010548e+01 9.586532396845387754e-04
9.000000000000000222e-01 1.298780371714679482e+01 9.579829810447008974e-04
9.000000000000000222e-01 1.678376106452318695e+01 9.357902519293884126e-04
9.000000000000000222e-01 2.168916635990617436e+01 9.712385401537575787e-04
9.000000000000000222e-01 2.802827897628020182e+01 1.037660300796757872e-03
9.000000000000000222e-01 3.622012987204498558e+01 1.147415177672262039e-03
9.000000000000000222e-01 4.680622056951980881e+01 1.335328895615642839e-03
9.000000000000000222e-01 6.048631773939148815e+01 1.622767252447227188e-03
9.000000000000000222e-01 7.816470950130720041e+01 2.042107613722228456e-03
9.000000000000000222e-01 7.831935674894968713e+01 2.045890261924697938e-03
9.000000000000000222e-01 8.956521310264503200e+01 2.326803064150883074e-03
9.000000000000000222e-01 1.008110694563403626e+02 2.603712181600000009e-03
9.000000000000000222e-01 1.010099810960192315e+02 2.606217733652932324e-03
9.000000000000000222e-01 1.120569258100357075e+02 2.866414110383806550e-03
9.000000000000000222e-01 1.233027821637310524e+02 3.108600771955048487e-03
9.000000000000000222e-01 1.305322612482494549e+02 3.252637820324569620e-03
9.000000000000000222e-01 1.345486385174264115e+02 3.321407317885316773e-03
9.000000000000000222e-01 1.457944948711217421e+02 3.497213888363740093e-03
9.000000000000000222e-01 1.570403512248170728e+02 3.633218391810636144e-03
9.000000000000000222e-01 1.682862075785124034e+02 3.720267859206647428e-03
9.000000000000000222e-01 1.795320639322077625e+02 3.753982066153985827e-03
9.000000000000000222e-01 1.907779202859031216e+02 3.739265359248397386e-03
9.000000000000000222e-01 2.020237766395984522e+02 3.673002041480623054e-03
9.000000000000000222e-01 2.132696329932937829e+02 3.564804567405511007e-03
9.000000000000000222e-01 2.245154893469891135e+02 3.410688097679327561e-03
9.000000000000000222e-01 2.357613457006844442e+02 3.230283365737237396e-03
9.000000000000000222e-01 2.470072020543798317e+02 3.018868761280765929e-03
9.000000000000000222e-01 2.582530584080751623e+02 2.785631053925257707e-03
9.000000000000000222e-01 2.694989147617704930e+02 2.540049476503148090e-03
9.000000000000000222e-01 2.807447711154658236e+02 2.287823189870828722e-03
9.000000000000000222e-01 2.919906274691611543e+02 2.037463635521384858e-03
9.000000000000000222e-01 3.032364838228565418e+02 1.795110287861037893e-03
9.000000000000000222e-01 3.144823401765518724e+02 1.562440820343741514e-03
9.000000000000000222e-01 3.257281965302472031e+02 1.343808923281088457e-03
9.000000000000000222e-01 3.369740528839425338e+02 1.143079584316932483e-03
9.000000000000000222e-01 3.482199092376378644e+02 9.608882176952709010e-04
9.000000000000000222e-01 3.594657655913332519e+02 7.988826446479421230e-04
9.000000000000000222e-01 3.707116219450285826e+02 6.562819515516354332e-04
9.000000000000000222e-01 3.819574782987239132e+02 5.328982652189462712e-04
9.000000000000000222e-01 3.932033346524192439e+02 4.276376606529370592e-04
9.000000000000000222e-01 4.044491910061145745e+02 3.389471070467315380e-04
9.000000000000000222e-01 4.156950473598099620e+02 2.649132766964661166e-04
9.000000000000000222e-01 4.269409037135052927e+02 2.038434175972390352e-04
9.000000000000000222e-01 4.381867600672006233e+02 1.544614209489557572e-04
9.000000000000000222e-01 4.494326164208959540e+02 1.143135337157880917e-04
9.000000000000000222e-01 4.606784727745912846e+02 8.300442701934049458e-05
9.000000000000000222e-01 4.719243291282866721e+02 5.775273849418333208e-05
9.000000000000000222e-01 4.831701854819820028e+02 3.861101602270012781e-05
9.000000000000000222e-01 4.944160418356773334e+02 2.366155019522439473e-05
9.000000000000000222e-01 5.056618981893726641e+02 1.211483373279436402e-05
9.000000000000000222e-01 5.169077545430679947e+02 3.287845974336967710e-06
9.000000000000000222e-01 5.221290449929979332e+02 0.000000000000000000e+00
1.000000000000000000e+00 1.000000000000000000e+00 2.297008283671082406e-03
1.000000000000000000e+00 1.292896963106742403e+00 1.870936722603925174e-03
1.000000000000000000e+00 1.671582557210636866e+00 1.899797862940798407e-03
1.000000000000000000e+00 2.161184011799834881e+00 1.631932348937980073e-03
1.000000000000000000e+00 2.794188245570852214e+00 1.357993481004952929e-03
1.000000000000000000e+00 3.612597497047111084e+00 1.247071874406244013e-03
1.000000000000000000e+00 4.670716332859227826e+00 1.189542706282990239e-03
1.000000000000000000e+00 6.038754962286756900e+00 1.066265306096436010e-03
1.000000000000000000e+00 7.807487951686317373e+00 9.412749840230380484e-04
1.000000000000000000e+00 1.009427746222771738e+01 8.781129928875356554e-04
1.000000000000000000e+00 1.305086067567104990e+01 8.654887325978880388e-04
1.000000000000000000e+00 1.687341813350430897e+01 8.408147328208548377e-04
1.000000000000000000e+00 2.181559106203795650e+01 9.001283478581386006e-04
1.000000000000000000e+00 2.820531143248746631e+01 9.654014261503766599e-04
1.000000000000000000e+00 3.646656149454292262e+01 1.067863776066831300e-03
1.000000000000000000e+00 4.714750661123981246e+01 1.272836745593664345e-03
1.000000000000000000e+00 6.095686811572701203e+01 1.565629478424787656e-03
1.000000000000000000e+00 7.881094966732166540e+01 1.993371053354986086e-03
1.000000000000000000e+00 7.904340526866018024e+01 2.000112826448119645e-03
1.000000000000000000e+00 9.039322756364728662e+01 2.273443621756267123e-03
1.000000000000000000e+00 1.017430498586343788e+02 2.570885735825007012e-03
1.000000000000000000e+00 1.018944374844384555e+02 2.571348436305076045e-03
1.000000000000000000e+00 1.130928721536214852e+02 2.849631500059664722e-03
1.000000000000000000e+00 1.244426944486085915e+02 3.094938974692864383e-03
1.000000000000000000e+00 1.317390087811003525e+02 3.247572368735934367e-03
1.000000000000000000e+00 1.357925167435956837e+02 3.326733845996174277e-03
1.000000000000000000e+00 1.471423390385828043e+02 3.507680881305924939e-03
1.000000000000000000e+00 1.584921613335698964e+02 3.656208334398082776e-03
1.000000000000000000e+00 1.698419836285569886e+02 3.747478893048508241e-03
1.000000000000000000e+00 1.811918059235441092e+02 3.795345896044181443e-03
1.000000000000000000e+00 1.925416282185312298e+02 3.791188592996808365e-03
1.000000000000000000e+00 2.038914505135182935e+02 3.730476566651515138e-03
1.000000000000000000e+00 2.152412728085054141e+02 3.630242071826674053e-03
1.000000000000000000e+00 2.265910951034925347e+02 3.378981046842789715e-03
1.000000000000000000e+00 2.379409173984795984e+02 3.299369244245647058e-03
1.000000000000000000e+00 2.492907396934667190e+02 3.080792855983096202e-03
1.000000000000000000e+00 2.606405619884538396e+02 2.856170528872948363e-03
1.000000000000000000e+00 2.719903842834409033e+02 2.601966402379373138e-03
1.000000000000000000e+00 2.833402065784280239e+02 2.345871938234209749e-03
1.000000000000000000e+00 2.946900288734151445e+02 2.089969916940416072e-03
1.000000000000000000e+00 3.060398511684022651e+02 1.845277189333007590e-03
1.000000000000000000e+00 3.173896734633893288e+02 1.605449596020647445e-03
1.000000000000000000e+00 3.287394957583764494e+02 1.380834784859179005e-03
1.000000000000000000e+00 3.400893180533635700e+02 1.174331422989262136e-03
1.000000000000000000e+00 3.514391403483506338e+02 9.850129089054161617e-04
1.000000000000000000e+00 3.627889626433377543e+02 8.182249361164855347e-04
1.000000000000000000e+00 3.741387849383248749e+02 6.735743271817696588e-04
1.000000000000000000e+00 3.854886072333119955e+02 5.454883461180689988e-04
1.000000000000000000e+00 3.968384295282990593e+02 4.368879089578313183e-04
1.000000000000000000e+00 4.081882518232861798e+02 3.482747384930730966e-04
1.000000000000000000e+00 4.195380741182733004e+02 2.712382403933772767e-04
1.000000000000000000e+00 4.308878964132603642e+02 2.109753529010420124e-04
1.000000000000000000e+00 4.422377187082474848e+02 1.562573146924833942e-04
1.000000000000000000e+00 4.535875410032346053e+02 1.187784302101331632e-04
1.000000000000000000e+00 4.649373632982216691e+02 8.295483287534832512e-05
1.000000000000000000e+00 4.762871855932087897e+02 6.122613895652450917e-05
1.000000000000000000e+00 4.876370078881959103e+02 4.092738045088061412e-05
1.000000000000000000e+00 4.989868301831829740e+02 2.325726830677691650e-05
1.000000000000000000e+00 5.103366524781700946e+02 1.330892857264753938e-05
1.000000000000000000e+00 5.216864747731572152e+02 3.563591000452962757e-06
1.000000000000000000e+00 5.269560351244011827e+02 0.000000000000000000e+00
