# mx [GeV]: 10000.0
# sigma_p [cm^2]: 1.58489319246e-31
# depth [m]: 10.6
# target: full
# Columns: gamma/pi, v [km/s], f(v, gamma) [s/km]
0.000000000000000000e+00 1.000000000000000000e+00 9.379307330632809898e-04
0.000000000000000000e+00 1.277987874306970584e+00 8.731444177874947725e-04
0.000000000000000000e+00 1.633253006875649449e+00 8.792680845382714553e-04
0.000000000000000000e+00 2.087277538462479320e+00 8.922161218607012551e-04
0.000000000000000000e+00 2.667515384468349904e+00 8.944828581750899560e-04
0.000000000000000000e+00 3.409052315877848294e+00 8.581177299562993280e-04
0.000000000000000000e+00 4.356727522569986633e+00 7.753383353427646067e-04
0.000000000000000000e+00 5.567844945503891196e+00 6.642950541631459415e-04
0.000000000000000000e+00 7.115638326375329115e+00 5.432183105751701166e-04
0.000000000000000000e+00 9.093699499061617786e+00 4.285187061417722451e-04
0.000000000000000000e+00 1.162163769239211852e+01 3.313573801586440449e-04
0.000000000000000000e+00 1.485231205046597402e+01 2.541163825228251873e-04
0.000000000000000000e+00 1.898107470591881452e+01 1.960825464245339678e-04
0.000000000000000000e+00 2.425758331547899616e+01 1.534132024046786055e-04
0.000000000000000000e+00 3.100089733717322815e+01 1.238294807487416206e-04
0.000000000000000000e+00 3.961877088954264536e+01 1.062788989104706915e-04
0.000000000000000000e+00 5.063230879178149735e+01 1.000535832204262169e-04
0.000000000000000000e+00 6.341020851694912608e+01 1.068523186269461432e-04
0.000000000000000000e+00 6.470747668406298203e+01 1.082913878167934737e-04
0.000000000000000000e+00 7.251526409887003410e+01 1.197078796961516684e-04
0.000000000000000000e+00 8.162031968079092792e+01 1.393309145394709637e-04
0.000000000000000000e+00 8.269537057923352563e+01 1.421741527514756235e-04
0.000000000000000000e+00 9.072537526271182173e+01 1.655436947943465245e-04
0.000000000000000000e+00 9.983043084463272976e+01 1.964335527524395310e-04
0.000000000000000000e+00 1.056836808615818626e+02 2.167936968383843410e-04
0.000000000000000000e+00 1.089354864265536378e+02 2.277811968515618590e-04
0.000000000000000000e+00 1.180405420084745316e+02 2.547753615051059602e-04
0.000000000000000000e+00 1.271455975903954254e+02 2.751681580632694014e-04
0.000000000000000000e+00 1.362506531723163334e+02 2.878509500876161959e-04
0.000000000000000000e+00 1.453557087542372415e+02 2.944377683343370579e-04
0.000000000000000000e+00 1.544607643361581495e+02 2.968421687496606361e-04
0.000000000000000000e+00 1.635658199180790291e+02 2.978362181535312088e-04
0.000000000000000000e+00 1.726708754999999371e+02 2.967852590843325861e-04
0.000000000000000000e+00 1.817759310819208451e+02 2.936154949198447987e-04
0.000000000000000000e+00 1.908809866638417247e+02 2.883218326772625561e-04
0.000000000000000000e+00 1.999860422457626328e+02 2.798854505520193122e-04
0.000000000000000000e+00 2.090910978276835408e+02 2.694505694163121332e-04
0.000000000000000000e+00 2.181961534096044488e+02 2.572601388614505907e-04
0.000000000000000000e+00 2.273012089915253569e+02 2.440260624677901343e-04
0.000000000000000000e+00 2.364062645734462365e+02 2.304752266033791323e-04
0.000000000000000000e+00 2.455113201553671445e+02 2.158282044048448511e-04
0.000000000000000000e+00 2.546163757372880525e+02 2.015319077598974888e-04
0.000000000000000000e+00 2.637214313192089321e+02 1.869988461804784029e-04
0.000000000000000000e+00 2.728264869011298401e+02 1.727315868815449589e-04
0.000000000000000000e+00 2.819315424830507482e+02 1.587370030422174060e-04
0.000000000000000000e+00 2.910365980649716562e+02 1.451135263051331467e-04
0.000000000000000000e+00 3.001416536468925642e+02 1.318334616926761791e-04
0.000000000000000000e+00 3.092467092288134154e+02 1.188966052982117622e-04
0.000000000000000000e+00 3.183517648107343803e+02 1.054040083738040873e-04
0.000000000000000000e+00 3.274568203926552314e+02 9.233499421112029192e-05
0.000000000000000000e+00 3.365618759745761395e+02 8.073619526190836161e-05
0.000000000000000000e+00 3.456669315564970475e+02 6.986228701108844192e-05
0.000000000000000000e+00 3.547719871384179555e+02 5.968994368467716525e-05
0.000000000000000000e+00 3.638770427203388635e+02 4.968635884864926666e-05
0.000000000000000000e+00 3.729820983022597716e+02 4.189277310952598752e-05
0.000000000000000000e+00 3.820871538841806796e+02 3.419016609266386321e-05
0.000000000000000000e+00 3.911922094661015876e+02 2.734351627982573377e-05
0.000000000000000000e+00 4.002972650480224388e+02 2.034078402399229602e-05
0.000000000000000000e+00 4.094023206299433468e+02 1.410334299665827064e-05
0.000000000000000000e+00 4.185073762118642549e+02 5.848170199675519122e-06
0.000000000000000000e+00 4.227347234463275072e+02 0.000000000000000000e+00
1.000000000000000056e-01 1.000000000000000000e+00 1.021111029669924614e-03
1.000000000000000056e-01 1.288617401840288057e+00 9.464204169210807841e-04
1.000000000000000056e-01 1.660534808325614398e+00 9.361264033053310956e-04
1.000000000000000056e-01 2.139794050369913769e+00 9.428739711382608420e-04
1.000000000000000056e-01 2.757375849660984812e+00 9.329532995103175181e-04
1.000000000000000056e-01 3.553202503287295144e+00 8.821364418410259506e-04
1.000000000000000056e-01 4.578718577998481365e+00 7.853247193314852239e-04
1.000000000000000056e-01 5.900216437738262876e+00 6.607530991465965665e-04
1.000000000000000056e-01 7.603121576293638384e+00 5.308703031122863738e-04
1.000000000000000056e-01 9.797514771519344023e+00 4.122464921432783427e-04
1.000000000000000056e-01 1.262524802936710167e+01 3.152812597965030418e-04
1.000000000000000056e-01 1.626911431319225088e+01 2.396835880662692123e-04
1.000000000000000056e-01 2.096466381650843758e+01 1.841507171750438564e-04
1.000000000000000056e-01 2.701543061768419562e+01 1.453106875523290655e-04
1.000000000000000056e-01 3.481255401215679512e+01 1.197332790541729715e-04
1.000000000000000056e-01 4.486006290257017781e+01 1.064141402867888194e-04
1.000000000000000056e-01 5.780745770390186777e+01 1.071917740733366629e-04
1.000000000000000056e-01 7.421763243709177971e+01 1.297744822418204320e-04
1.000000000000000056e-01 7.449169595339435546e+01 1.305322117284637984e-04
1.000000000000000056e-01 8.487452324857162012e+01 1.568440823086463941e-04
1.000000000000000056e-01 9.553141406005147473e+01 1.927391821488826052e-04
1.000000000000000056e-01 9.599129569813972296e+01 1.942296777457772788e-04
1.000000000000000056e-01 1.061883048715313151e+02 2.320481612495116255e-04
1.000000000000000056e-01 1.168451956830111556e+02 2.693426557875570676e-04
1.000000000000000056e-01 1.236960540618196802e+02 2.876267585838807430e-04
1.000000000000000056e-01 1.275020864944910102e+02 2.960507310099133680e-04
1.000000000000000056e-01 1.381589773059708364e+02 3.121723499471712763e-04
1.000000000000000056e-01 1.488158681174506910e+02 3.209986314152308835e-04
1.000000000000000056e-01 1.594727589289305456e+02 3.258967876744165749e-04
1.000000000000000056e-01 1.701296497404104002e+02 3.281081086131365206e-04
1.000000000000000056e-01 1.807865405518902548e+02 3.271017383444293223e-04
1.000000000000000056e-01 1.914434313633700810e+02 3.226501246247058551e-04
1.000000000000000056e-01 2.021003221748499072e+02 3.138671558381365121e-04
1.000000000000000056e-01 2.127572129863297619e+02 3.018018742239560095e-04
1.000000000000000056e-01 2.234141037978096165e+02 2.877761525916949260e-04
1.000000000000000056e-01 2.340709946092894711e+02 2.715315931492766973e-04
1.000000000000000056e-01 2.447278854207693257e+02 2.550414491735705303e-04
1.000000000000000056e-01 2.553847762322491803e+02 2.377412850696934634e-04
1.000000000000000056e-01 2.660416670437289781e+02 2.198659140631582223e-04
1.000000000000000056e-01 2.766985578552088327e+02 2.022420990772246072e-04
1.000000000000000056e-01 2.873554486666886874e+02 1.845518804050322456e-04
1.000000000000000056e-01 2.980123394781685420e+02 1.675817193143795247e-04
1.000000000000000056e-01 3.086692302896483966e+02 1.505385710023994441e-04
1.000000000000000056e-01 3.193261211011282512e+02 1.326223249086740943e-04
1.000000000000000056e-01 3.299830119126080490e+02 1.159722493452231462e-04
1.000000000000000056e-01 3.406399027240879036e+02 1.004538695653223580e-04
1.000000000000000056e-01 3.512967935355677582e+02 8.598947134421862598e-05
1.000000000000000056e-01 3.619536843470476128e+02 7.258316089093247328e-05
1.000000000000000056e-01 3.726105751585274675e+02 6.013901693362193226e-05
1.000000000000000056e-01 3.832674659700072652e+02 4.974676692618502840e-05
1.000000000000000056e-01 3.939243567814871199e+02 4.095661825209114318e-05
1.000000000000000056e-01 4.045812475929669745e+02 3.329828431684485313e-05
1.000000000000000056e-01 4.152381384044468291e+02 2.657346479625339708e-05
1.000000000000000056e-01 4.258950292159266837e+02 2.084710184163159611e-05
1.000000000000000056e-01 4.365519200274065383e+02 1.587895608167992029e-05
1.000000000000000056e-01 4.472088108388863930e+02 1.162534266042374565e-05
1.000000000000000056e-01 4.578657016503661907e+02 8.189235138697543987e-06
1.000000000000000056e-01 4.685225924618460454e+02 5.130339773607697009e-06
1.000000000000000056e-01 4.791794832733259000e+02 2.682563084221178803e-06
1.000000000000000056e-01 4.898363740848057546e+02 5.546580449355735297e-07
1.000000000000000056e-01 4.947842162472785503e+02 0.000000000000000000e+00
2.000000000000000111e-01 1.000000000000000000e+00 1.270836286117552408e-03
2.000000000000000111e-01 1.298474705670193963e+00 1.147757491168334204e-03
2.000000000000000111e-01 1.686036561265296996e+00 1.107356814891594619e-03
2.000000000000000111e-01 2.189275827638142324e+00 1.088700242107441037e-03
2.000000000000000111e-01 2.842719285923307471e+00 1.053830163854837208e-03
2.000000000000000111e-01 3.691199088092250058e+00 9.751378883308469770e-04
2.000000000000000111e-01 4.792928649480672654e+00 8.511889658252385889e-04
2.000000000000000111e-01 6.223496617432657807e+00 7.037365711292699073e-04
2.000000000000000111e-01 8.081052938560318921e+00 5.569048694075596096e-04
2.000000000000000111e-01 1.049304283590236508e+01 4.278631448934755877e-04
2.000000000000000111e-01 1.362495070793305807e+01 3.249021107417838670e-04
2.000000000000000111e-01 1.769165386025428433e+01 2.462779943827727246e-04
2.000000000000000111e-01 2.297216503901262996e+01 1.894153975277135075e-04
2.000000000000000111e-01 2.982877523763905359e+01 1.503602463493050947e-04
2.000000000000000111e-01 3.873191014719572678e+01 1.273928594510857553e-04
2.000000000000000111e-01 5.029240562842439033e+01 1.193843618119176870e-04
2.000000000000000111e-01 6.530341659581435465e+01 1.313117235712285449e-04
2.000000000000000111e-01 8.479483464350808219e+01 1.813564202152096914e-04
2.000000000000000111e-01 8.578031484923990035e+01 1.849570948436931998e-04
2.000000000000000111e-01 9.809748826348973694e+01 2.348895175696117147e-04
2.000000000000000111e-01 1.101039479560819530e+02 2.925285801303779964e-04
2.000000000000000111e-01 1.104146616777395593e+02 2.939360913241418922e-04
2.000000000000000111e-01 1.227318350919893959e+02 3.428029464164781886e-04
2.000000000000000111e-01 1.350490085062392325e+02 3.774443605687938979e-04
2.000000000000000111e-01 1.429671914153998387e+02 3.915051939936796811e-04
2.000000000000000111e-01 1.473661819204890548e+02 3.983853837979611464e-04
2.000000000000000111e-01 1.596833553347389056e+02 4.133629152531379989e-04
2.000000000000000111e-01 1.720005287489886996e+02 4.246122592276965931e-04
2.000000000000000111e-01 1.843177021632385504e+02 4.317323647492797632e-04
2.000000000000000111e-01 1.966348755774884012e+02 4.322938086976678483e-04
2.000000000000000111e-01 2.089520489917381951e+02 4.253294273851887151e-04
2.000000000000000111e-01 2.212692224059880459e+02 4.142441537467082629e-04
2.000000000000000111e-01 2.335863958202378967e+02 3.977731316206535323e-04
2.000000000000000111e-01 2.459035692344876907e+02 3.798150095889586773e-04
2.000000000000000111e-01 2.582207426487375415e+02 3.592257230079843916e-04
2.000000000000000111e-01 2.705379160629873923e+02 3.367223557923605453e-04
2.000000000000000111e-01 2.828550894772371862e+02 3.132142004789490613e-04
2.000000000000000111e-01 2.951722628914870370e+02 2.888179678873567654e-04
2.000000000000000111e-01 3.074894363057368878e+02 2.637626009849564209e-04
2.000000000000000111e-01 3.198066097199866817e+02 2.367472287090243636e-04
2.000000000000000111e-01 3.321237831342365325e+02 2.107294353954035360e-04
2.000000000000000111e-01 3.444409565484863833e+02 1.867877272271945325e-04
2.000000000000000111e-01 3.567581299627361773e+02 1.646226859524010109e-04
2.000000000000000111e-01 3.690753033769860281e+02 1.442865715353446932e-04
2.000000000000000111e-01 3.813924767912358789e+02 1.253595522260504409e-04
2.000000000000000111e-01 3.937096502054856728e+02 1.082488745556562309e-04
2.000000000000000111e-01 4.060268236197355236e+02 9.269018664156327011e-05
2.000000000000000111e-01 4.183439970339853744e+02 7.860544675121822395e-05
2.000000000000000111e-01 4.306611704482351684e+02 6.603150482378226948e-05
2.000000000000000111e-01 4.429783438624850191e+02 5.493453218977640520e-05
2.000000000000000111e-01 4.552955172767348699e+02 4.504239187956711308e-05
2.000000000000000111e-01 4.676126906909846639e+02 3.644436388207348567e-05
2.000000000000000111e-01 4.799298641052345147e+02 2.898878672316346336e-05
2.000000000000000111e-01 4.922470375194843655e+02 2.254143211888087246e-05
2.000000000000000111e-01 5.045642109337341594e+02 1.709773081968199524e-05
2.000000000000000111e-01 5.168813843479839534e+02 1.246474324084781688e-05
2.000000000000000111e-01 5.291985577622338042e+02 8.609760324794604779e-06
2.000000000000000111e-01 5.415157311764836550e+02 5.352462920492544746e-06
2.000000000000000111e-01 5.538329045907335058e+02 2.757161533001730226e-06
2.000000000000000111e-01 5.661500780049833565e+02 5.443486899666555289e-07
2.000000000000000111e-01 5.718687656615993546e+02 0.000000000000000000e+00
3.000000000000000444e-01 1.000000000000000000e+00 1.681064026634501805e-03
3.000000000000000444e-01 1.306498623102665846e+00 1.473389687505608078e-03
3.000000000000000444e-01 1.706938652169161630e+00 1.378764790817843923e-03
3.000000000000000444e-01 2.230112998779729683e+00 1.318747438858521677e-03
3.000000000000000444e-01 2.913639562269073835e+00 1.243969474970275067e-03
3.000000000000000444e-01 3.806666076321998826e+00 1.125528595418894516e-03
3.000000000000000444e-01 4.973403987326318720e+00 9.643094878247845817e-04
3.000000000000000444e-01 6.497745461575143544e+00 7.855232694400271411e-04
3.000000000000000444e-01 8.489295498819521057e+00 6.146652560856973773e-04
3.000000000000000444e-01 1.109125288031935952e+01 4.687936669657137871e-04
3.000000000000000444e-01 1.449070661662072013e+01 3.539405671530433499e-04
3.000000000000000444e-01 1.893208824239966148e+01 2.686788097514728564e-04
3.000000000000000444e-01 2.473474722115332725e+01 2.078447211598790712e-04
3.000000000000000444e-01 3.231591318722931305e+01 1.677526933167797630e-04
3.000000000000000444e-01 4.222069608342037839e+01 1.455738008938370050e-04
3.000000000000000444e-01 5.516128129942483582e+01 1.438484074959192464e-04
3.000000000000000444e-01 7.206813806627738472e+01 1.738364654833555491e-04
3.000000000000000444e-01 9.415692315316421457e+01 2.679636295592021018e-04
3.000000000000000444e-01 9.643205489967445487e+01 2.810856377177882275e-04
3.000000000000000444e-01 1.102787089365507853e+02 3.670673073016088024e-04
3.000000000000000444e-01 1.230158904551925048e+02 4.382855601418651922e-04
3.000000000000000444e-01 1.241253629734271158e+02 4.436682232085721578e-04
3.000000000000000444e-01 1.379720170103034604e+02 4.998663478791798504e-04
3.000000000000000444e-01 1.518186710471798051e+02 5.423690462641160299e-04
3.000000000000000444e-01 1.607200914994574532e+02 5.654923801080851027e-04
3.000000000000000444e-01 1.656653250840561213e+02 5.775222493490916311e-04
3.000000000000000444e-01 1.795119791209324660e+02 6.084604553262524087e-04
3.000000000000000444e-01 1.933586331578088107e+02 6.299328500447878539e-04
3.000000000000000444e-01 2.072052871946851269e+02 6.416750334210662328e-04
3.000000000000000444e-01 2.210519412315614431e+02 6.425706594494678741e-04
3.000000000000000444e-01 2.348985952684377878e+02 6.346608137458168222e-04
3.000000000000000444e-01 2.487452493053141325e+02 6.202596280215738308e-04
3.000000000000000444e-01 2.625919033421904487e+02 6.006617993203685214e-04
3.000000000000000444e-01 2.764385573790667650e+02 5.743632274298988505e-04
3.000000000000000444e-01 2.902852114159431380e+02 5.443228450470267901e-04
3.000000000000000444e-01 3.041318654528194543e+02 5.105497972049973356e-04
3.000000000000000444e-01 3.179785194896958274e+02 4.731652329961989409e-04
3.000000000000000444e-01 3.318251735265721436e+02 4.348886478890924469e-04
3.000000000000000444e-01 3.456718275634484598e+02 3.964325342093461945e-04
3.000000000000000444e-01 3.595184816003247761e+02 3.584147846152406047e-04
3.000000000000000444e-01 3.733651356372010923e+02 3.216444907656615068e-04
3.000000000000000444e-01 3.872117896740775222e+02 2.859957829264572694e-04
3.000000000000000444e-01 4.010584437109538385e+02 2.522431742348837675e-04
3.000000000000000444e-01 4.149050977478301547e+02 2.205301607851199502e-04
3.000000000000000444e-01 4.287517517847064710e+02 1.910168481879825388e-04
3.000000000000000444e-01 4.425984058215827872e+02 1.638778538570064653e-04
3.000000000000000444e-01 4.564450598584591035e+02 1.393293385464324722e-04
3.000000000000000444e-01 4.702917138953354197e+02 1.172721459727101272e-04
3.000000000000000444e-01 4.841383679322118496e+02 9.738483707807319952e-05
3.000000000000000444e-01 4.979850219690881659e+02 7.993724373545808989e-05
3.000000000000000444e-01 5.118316760059644821e+02 6.493215395248241623e-05
3.000000000000000444e-01 5.256783300428407983e+02 5.184698084471267880e-05
3.000000000000000444e-01 5.395249840797171146e+02 4.066099552963354271e-05
3.000000000000000444e-01 5.533716381165934308e+02 3.114480975784749805e-05
3.000000000000000444e-01 5.672182921534698608e+02 2.326254516059218102e-05
3.000000000000000444e-01 5.810649461903461770e+02 1.666109044030556933e-05
3.000000000000000444e-01 5.949116002272224932e+02 1.131005882351549468e-05
3.000000000000000444e-01 6.087582542640988095e+02 6.975405025622472730e-06
3.000000000000000444e-01 6.226049083009751257e+02 3.542029208037223074e-06
3.000000000000000444e-01 6.364515623378514420e+02 8.317957642072883480e-07
3.000000000000000444e-01 6.428803659978296992e+02 0.000000000000000000e+00
4.000000000000000222e-01 1.000000000000000000e+00 2.119842555153158073e-03
4.000000000000000222e-01 1.312136437697680735e+00 1.820863501468558991e-03
4.000000000000000222e-01 1.721702031133959254e+00 1.668719831491594910e-03
4.000000000000000222e-01 2.259107969908974667e+00 1.562004966731844616e-03
4.000000000000000222e-01 2.964257884010800925e+00 1.446174358389408368e-03
4.000000000000000222e-01 3.889510780343197194e+00 1.288356385930200174e-03
4.000000000000000222e-01 5.103568819706248760e+00 1.090625153565231726e-03
4.000000000000000222e-01 6.696578610634313478e+00 8.808090317046706570e-04
4.000000000000000222e-01 8.786824802920191857e+00 6.849940559561466932e-04
4.000000000000000222e-01 1.152951299557732412e+01 5.208268286302357745e-04
4.000000000000000222e-01 1.512829411040594607e+01 3.927321573464704002e-04
4.000000000000000222e-01 1.985038594247085797e+01 2.988690853578308305e-04
4.000000000000000222e-01 2.604641469747782878e+01 2.331667713960717853e-04
4.000000000000000222e-01 3.417644979594507504e+01 1.907843465911580850e-04
4.000000000000000222e-01 4.484416508840499205e+01 1.704138797539853827e-04
4.000000000000000222e-01 5.884166303062642100e+01 1.768088820626988200e-04
4.000000000000000222e-01 7.720829011721346546e+01 2.294488499790384498e-04
4.000000000000000222e-01 1.013078107551295091e+02 3.839484472368735160e-04
4.000000000000000222e-01 1.046531181281047651e+02 4.106773375222976257e-04
4.000000000000000222e-01 1.196802325259864688e+02 5.323584598309824556e-04
4.000000000000000222e-01 1.329296699151864232e+02 6.221996647330404594e-04
4.000000000000000222e-01 1.347073469238681866e+02 6.335406249847989760e-04
4.000000000000000222e-01 1.497344613217499045e+02 7.121330296532386254e-04
4.000000000000000222e-01 1.647615757196315940e+02 7.842660493031878774e-04
4.000000000000000222e-01 1.744218635468412515e+02 8.294300707857554366e-04
4.000000000000000222e-01 1.797886901175133119e+02 8.534196041443726675e-04
4.000000000000000222e-01 1.948158045153950297e+02 9.119284015677900888e-04
4.000000000000000222e-01 2.098429189132767192e+02 9.538542962194527944e-04
4.000000000000000222e-01 2.248700333111584371e+02 9.793903285417006940e-04
4.000000000000000222e-01 2.398971477090401550e+02 9.927083627228508022e-04
4.000000000000000222e-01 2.549242621069218444e+02 9.934900611111294796e-04
4.000000000000000222e-01 2.699513765048035907e+02 9.814933514653923288e-04
4.000000000000000222e-01 2.849784909026852802e+02 9.570393698938687048e-04
4.000000000000000222e-01 3.000056053005669696e+02 9.240958598850238567e-04
4.000000000000000222e-01 3.150327196984487159e+02 8.813339901241004247e-04
4.000000000000000222e-01 3.300598340963304054e+02 8.323438038185870325e-04
4.000000000000000222e-01 3.450869484942120948e+02 7.772088752771688213e-04
4.000000000000000222e-01 3.601140628920938411e+02 7.189293769116324260e-04
4.000000000000000222e-01 3.751411772899755306e+02 6.582736164454399590e-04
4.000000000000000222e-01 3.901682916878572769e+02 5.974457319166973307e-04
4.000000000000000222e-01 4.051954060857389663e+02 5.357408881395183536e-04
4.000000000000000222e-01 4.202225204836206558e+02 4.764674899286133617e-04
4.000000000000000222e-01 4.352496348815024021e+02 4.193730078151775530e-04
4.000000000000000222e-01 4.502767492793840916e+02 3.656727586563301318e-04
4.000000000000000222e-01 4.653038636772657810e+02 3.148245536575330211e-04
4.000000000000000222e-01 4.803309780751475273e+02 2.685089159997614862e-04
4.000000000000000222e-01 4.953580924730292168e+02 2.264128365413935564e-04
4.000000000000000222e-01 5.103852068709109062e+02 1.890972557516626006e-04
4.000000000000000222e-01 5.254123212687926525e+02 1.554509258203497842e-04
4.000000000000000222e-01 5.404394356666742851e+02 1.263988707509677541e-04
4.000000000000000222e-01 5.554665500645560314e+02 1.013775356001734944e-04
4.000000000000000222e-01 5.704936644624377777e+02 8.011129217805218494e-05
4.000000000000000222e-01 5.855207788603194103e+02 6.200393648885447714e-05
4.000000000000000222e-01 6.005478932582011566e+02 4.700339856544811877e-05
4.000000000000000222e-01 6.155750076560829029e+02 3.471618100607505526e-05
4.000000000000000222e-01 6.306021220539646492e+02 2.464791135076293849e-05
4.000000000000000222e-01 6.456292364518462819e+02 1.648619220888812963e-05
4.000000000000000222e-01 6.606563508497280282e+02 1.019441464030061107e-05
4.000000000000000222e-01 6.756834652476097745e+02 5.089285057686090787e-06
4.000000000000000222e-01 6.907105796454914071e+02 1.186507289118628937e-06
4.000000000000000222e-01 6.976874541873651197e+02 0.000000000000000000e+00
5.000000000000000000e-01 1.000000000000000000e+00 2.327956219293746305e-03
5.000000000000000000e-01 1.315311707906846150e+00 1.987192503698164379e-03
5.000000000000000000e-01 1.730044888956824511e+00 1.811624712649378488e-03
5.000000000000000000e-01 2.275548297649310658e+00 1.687750953075111684e-03
5.000000000000000000e-01 2.993055317805631166e+00 1.557233927278106828e-03
5.000000000000000000e-01 3.936800701922593237e+00 1.385308445575987807e-03
5.000000000000000000e-01 5.178120054934676197e+00 1.172588425215604930e-03
5.000000000000000000e-01 6.810841933202821608e+00 9.480694925676862433e-04
5.000000000000000000e-01 8.958380135444567571e+00 7.384407800652723975e-04
5.000000000000000000e-01 1.178306227603035694e+01 5.630412223737509426e-04
5.000000000000000000e-01 1.549839976665822228e+01 4.259786596397170146e-04
5.000000000000000000e-01 2.038522666690629492e+01 3.255860052279748959e-04
5.000000000000000000e-01 2.681292730331669105e+01 2.562419431947386629e-04
5.000000000000000000e-01 3.526735720530759011e+01 2.123930312633588561e-04
5.000000000000000000e-01 4.638756783907395231e+01 1.934257676164447448e-04
5.000000000000000000e-01 6.101411108005702033e+01 2.073850371088598564e-04
5.000000000000000000e-01 8.025257465112784416e+01 2.830617938601861713e-04
5.000000000000000000e-01 1.055571510282965875e+02 4.970327447653958468e-04
5.000000000000000000e-01 1.095711657776088543e+02 5.398784632130026063e-04
5.000000000000000000e-01 1.253044613764450048e+02 6.978473314138217620e-04
5.000000000000000000e-01 1.388405566008097196e+02 8.129396447840213586e-04
5.000000000000000000e-01 1.410377569752811553e+02 8.319319529535387260e-04
5.000000000000000000e-01 1.567710525741172773e+02 9.490335291581023782e-04
5.000000000000000000e-01 1.725043481729534278e+02 1.066238727960604725e-03
5.000000000000000000e-01 1.826186096293481853e+02 1.140898451816305722e-03
5.000000000000000000e-01 1.882376437717895783e+02 1.180000969387722063e-03
5.000000000000000000e-01 2.039709393706257288e+02 1.278624160415508257e-03
5.000000000000000000e-01 2.197042349694618792e+02 1.356372097917899703e-03
5.000000000000000000e-01 2.354375305682980297e+02 1.412294189392378219e-03
5.000000000000000000e-01 2.511708261671341802e+02 1.451001564273835497e-03
5.000000000000000000e-01 2.669041217659703307e+02 1.470885546739479762e-03
5.000000000000000000e-01 2.826374173648064811e+02 1.470410772814000847e-03
5.000000000000000000e-01 2.983707129636426316e+02 1.450731057416944705e-03
5.000000000000000000e-01 3.141040085624787253e+02 1.413366203206463259e-03
5.000000000000000000e-01 3.298373041613149326e+02 1.361484287624587387e-03
5.000000000000000000e-01 3.455705997601510262e+02 1.294903103330427574e-03
5.000000000000000000e-01 3.613038953589872335e+02 1.218473773611520195e-03
5.000000000000000000e-01 3.770371909578233272e+02 1.134082997187544142e-03
5.000000000000000000e-01 3.927704865566595345e+02 1.043901155192099263e-03
5.000000000000000000e-01 4.085037821554956281e+02 9.504180487082423750e-04
5.000000000000000000e-01 4.242370777543318354e+02 8.550195006171520560e-04
5.000000000000000000e-01 4.399703733531679291e+02 7.610047166697410425e-04
5.000000000000000000e-01 4.557036689520041364e+02 6.698580354652647947e-04
5.000000000000000000e-01 4.714369645508402300e+02 5.836129353972136337e-04
5.000000000000000000e-01 4.871702601496763236e+02 5.017939796925409033e-04
5.000000000000000000e-01 5.029035557485125310e+02 4.272395197352383471e-04
5.000000000000000000e-01 5.186368513473486246e+02 3.589187013564386461e-04
5.000000000000000000e-01 5.343701469461848319e+02 2.982401512801143213e-04
5.000000000000000000e-01 5.501034425450209255e+02 2.445687033274765746e-04
5.000000000000000000e-01 5.658367381438571329e+02 1.975404447736479343e-04
5.000000000000000000e-01 5.815700337426932265e+02 1.577976605830799296e-04
5.000000000000000000e-01 5.973033293415294338e+02 1.238194994685389580e-04
5.000000000000000000e-01 6.130366249403655274e+02 9.553187871334974102e-05
5.000000000000000000e-01 6.287699205392016211e+02 7.222050495634475993e-05
5.000000000000000000e-01 6.445032161380378284e+02 5.318409648849918147e-05
5.000000000000000000e-01 6.602365117368739220e+02 3.772683220998000319e-05
5.000000000000000000e-01 6.759698073357101293e+02 2.540079066728937281e-05
5.000000000000000000e-01 6.917031029345462230e+02 1.572705904355848475e-05
5.000000000000000000e-01 7.074363985333824303e+02 8.050268317363521955e-06
5.000000000000000000e-01 7.231696941322185239e+02 2.047668506878906160e-06
5.000000000000000000e-01 7.304744385173924002e+02 0.000000000000000000e+00
6.000000000000000888e-01 1.000000000000000000e+00 2.149406400925570927e-03
6.000000000000000888e-01 1.316563769124499794e+00 1.851802546147410114e-03
6.000000000000000888e-01 1.733340158171309486e+00 1.708442186440462364e-03
6.000000000000000888e-01 2.282052851816876338e+00 1.615563345483212983e-03
6.000000000000000888e-01 3.004468103929339939e+00 1.514833498201508411e-03
6.000000000000000888e-01 3.955573851123551421e+00 1.368118907327809438e-03
6.000000000000000888e-01 5.207765218485537417e+00 1.173606701597494292e-03
6.000000000000000888e-01 6.856355004764792760e+00 9.599212492655924064e-04
6.000000000000000888e-01 9.026828587528763492e+00 7.548210364699311625e-04
6.000000000000000888e-01 1.188439546843765804e+01 5.802548918745483808e-04
6.000000000000000888e-01 1.564656449169240382e+01 4.425451411642088747e-04
6.000000000000000888e-01 2.059969992103211922e+01 3.405523279443015312e-04
6.000000000000000888e-01 2.712081857086771564e+01 2.700166989307515837e-04
6.000000000000000888e-01 3.570628711940332067e+01 2.257277626427699831e-04
6.000000000000000888e-01 4.700960395136322489e+01 2.085757230499072615e-04
6.000000000000000888e-01 6.189114136325673599e+01 2.274639737044230131e-04
6.000000000000000888e-01 8.148363434862653776e+01 3.195409754720731190e-04
6.000000000000000888e-01 1.072784007599902907e+02 5.767870539326174243e-04
6.000000000000000888e-01 1.115699760850120725e+02 6.310759352433408182e-04
6.000000000000000888e-01 1.275902803433727826e+02 8.235116052727862882e-04
6.000000000000000888e-01 1.412388556502215238e+02 9.686157868792023493e-04
6.000000000000000888e-01 1.436105846017334784e+02 9.895392822511475846e-04
6.000000000000000888e-01 1.596308888600942169e+02 1.149067043028840617e-03
6.000000000000000888e-01 1.756511931184548985e+02 1.315285171299473109e-03
6.000000000000000888e-01 1.859499601416867733e+02 1.421520114779542543e-03
6.000000000000000888e-01 1.916714973768156369e+02 1.477371386595746194e-03
6.000000000000000888e-01 2.076918016351763185e+02 1.618317525857564500e-03
6.000000000000000888e-01 2.237121058935370570e+02 1.736690167614470415e-03
6.000000000000000888e-01 2.397324101518977386e+02 1.835206152685094202e-03
6.000000000000000888e-01 2.557527144102584771e+02 1.907150968836794245e-03
6.000000000000000888e-01 2.717730186686191587e+02 1.954155333506453311e-03
6.000000000000000888e-01 2.877933229269798971e+02 1.973002607634463321e-03
6.000000000000000888e-01 3.038136271853405788e+02 1.965244711767639291e-03
6.000000000000000888e-01 3.198339314437013172e+02 1.931212043697596399e-03
6.000000000000000888e-01 3.358542357020619988e+02 1.875349341345524008e-03
6.000000000000000888e-01 3.518745399604227373e+02 1.797587216505533349e-03
6.000000000000000888e-01 3.678948442187834189e+02 1.703694281396695830e-03
6.000000000000000888e-01 3.839151484771441574e+02 1.594815838181254733e-03
6.000000000000000888e-01 3.999354527355048390e+02 1.475073674172229683e-03
6.000000000000000888e-01 4.159557569938655206e+02 1.349469415508862185e-03
6.000000000000000888e-01 4.319760612522262591e+02 1.219244559320976007e-03
6.000000000000000888e-01 4.479963655105869975e+02 1.088111387297077768e-03
6.000000000000000888e-01 4.640166697689476791e+02 9.610066455226402588e-04
6.000000000000000888e-01 4.800369740273083607e+02 8.385096764126200117e-04
6.000000000000000888e-01 4.960572782856690992e+02 7.224803239483958400e-04
6.000000000000000888e-01 5.120775825440298377e+02 6.156968304473917292e-04
6.000000000000000888e-01 5.280978868023905761e+02 5.178055085532452849e-04
6.000000000000000888e-01 5.441181910607512009e+02 4.298000500323311272e-04
6.000000000000000888e-01 5.601384953191119394e+02 3.528768159110399713e-04
6.000000000000000888e-01 5.761587995774726778e+02 2.859444478327194741e-04
6.000000000000000888e-01 5.921791038358334163e+02 2.279307452824576503e-04
6.000000000000000888e-01 6.081994080941940410e+02 1.791166797988938506e-04
6.000000000000000888e-01 6.242197123525547795e+02 1.384113549162290695e-04
6.000000000000000888e-01 6.402400166109155180e+02 1.048845823289933831e-04
6.000000000000000888e-01 6.562603208692762564e+02 7.738846039011401060e-05
6.000000000000000888e-01 6.722806251276368812e+02 5.542304604934849893e-05
6.000000000000000888e-01 6.883009293859976196e+02 3.763006692755022998e-05
6.000000000000000888e-01 7.043212336443583581e+02 2.353469216630168001e-05
6.000000000000000888e-01 7.203415379027189829e+02 1.233363410906071947e-05
6.000000000000000888e-01 7.363618421610797213e+02 3.269994930291926581e-06
6.000000000000000888e-01 7.437998405667472070e+02 0.000000000000000000e+00
7.000000000000000666e-01 1.000000000000000000e+00 1.726351247962968618e-03
7.000000000000000666e-01 1.316911651154444085e+00 1.523492350632544038e-03
7.000000000000000666e-01 1.734256296946323994e+00 1.447211899805251473e-03
7.000000000000000666e-01 2.283862323536575367e+00 1.414709383712249146e-03
7.000000000000000666e-01 3.007644903497975974e+00 1.369235054152970416e-03
7.000000000000000666e-01 3.960802615951767969e+00 1.271325533471243975e-03
7.000000000000000666e-01 5.216027112869883631e+00 1.115581578689502388e-03
7.000000000000000666e-01 6.869046877675826224e+00 9.288242031658756935e-04
7.000000000000000666e-01 9.045927865537350954e+00 7.406402068564920966e-04
7.000000000000000666e-01 1.191268780162879004e+01 5.756828883501839906e-04
7.000000000000000666e-01 1.568795736253036921e+01 4.429754597516539767e-04
7.000000000000000666e-01 2.065965383353038121e+01 3.439284018386144846e-04
7.000000000000000666e-01 2.720693884219373615e+01 2.745112446410769426e-04
7.000000000000000666e-01 3.582913475353134203e+01 2.311552207333382155e-04
7.000000000000000666e-01 4.718380500770801689e+01 2.152939671926861842e-04
7.000000000000000666e-01 6.213690256045007487e+01 2.372421338215496291e-04
7.000000000000000666e-01 8.182881094850512227e+01 3.385278481501705723e-04
7.000000000000000666e-01 1.077613145382007502e+02 6.233947650126330908e-04
7.000000000000000666e-01 1.121314429830528496e+02 6.832469228162759605e-04
7.000000000000000666e-01 1.282323681293373738e+02 9.022144574000369325e-04
7.000000000000000666e-01 1.419121306590753875e+02 1.069696191809135170e-03
7.000000000000000666e-01 1.443332932756218838e+02 1.098170475974414705e-03
7.000000000000000666e-01 1.604342184219063938e+02 1.288657242133366002e-03
7.000000000000000666e-01 1.765351435681909038e+02 1.488729931195849213e-03
7.000000000000000666e-01 1.868857383050880117e+02 1.619577618601539867e-03
7.000000000000000666e-01 1.926360687144754138e+02 1.688784145864068468e-03
7.000000000000000666e-01 2.087369938607599238e+02 1.869341538451400062e-03
7.000000000000000666e-01 2.248379190070444338e+02 2.024593819390946466e-03
7.000000000000000666e-01 2.409388441533289438e+02 2.157032803109611499e-03
7.000000000000000666e-01 2.570397692996134538e+02 2.259669264740433309e-03
7.000000000000000666e-01 2.731406944458979638e+02 2.330352342646219935e-03
7.000000000000000666e-01 2.892416195921824738e+02 2.368464268969569086e-03
7.000000000000000666e-01 3.053425447384670406e+02 2.372650902686362310e-03
7.000000000000000666e-01 3.214434698847515506e+02 2.347469382404813575e-03
7.000000000000000666e-01 3.375443950310360606e+02 2.290807868146131979e-03
7.000000000000000666e-01 3.536453201773205706e+02 2.206570738463347909e-03
7.000000000000000666e-01 3.697462453236050806e+02 2.098502767842162602e-03
7.000000000000000666e-01 3.858471704698895905e+02 1.971542540520211228e-03
7.000000000000000666e-01 4.019480956161741005e+02 1.830307747971655517e-03
7.000000000000000666e-01 4.180490207624586105e+02 1.678665939501828089e-03
7.000000000000000666e-01 4.341499459087431205e+02 1.519663853382361828e-03
7.000000000000000666e-01 4.502508710550276305e+02 1.360303743068696190e-03
7.000000000000000666e-01 4.663517962013121405e+02 1.203126699710407345e-03
7.000000000000000666e-01 4.824527213475966505e+02 1.050768104202275816e-03
7.000000000000000666e-01 4.985536464938812173e+02 9.062690391810086094e-04
7.000000000000000666e-01 5.146545716401657273e+02 7.730493609920525934e-04
7.000000000000000666e-01 5.307554967864501805e+02 6.514789907049469385e-04
7.000000000000000666e-01 5.468564219327347473e+02 5.417066329796994513e-04
7.000000000000000666e-01 5.629573470790192005e+02 4.443686859934082353e-04
7.000000000000000666e-01 5.790582722253037673e+02 3.600772336129897267e-04
7.000000000000000666e-01 5.951591973715882204e+02 2.873683951099602427e-04
7.000000000000000666e-01 6.112601225178727873e+02 2.261064736955624638e-04
7.000000000000000666e-01 6.273610476641572404e+02 1.745742002179393002e-04
7.000000000000000666e-01 6.434619728104418073e+02 1.323423624423976830e-04
7.000000000000000666e-01 6.595628979567262604e+02 9.764880534421839389e-05
7.000000000000000666e-01 6.756638231030108273e+02 6.953525088444859623e-05
7.000000000000000666e-01 6.917647482492952804e+02 4.710794453588104929e-05
7.000000000000000666e-01 7.078656733955798472e+02 2.931507432713675735e-05
7.000000000000000666e-01 7.239665985418643004e+02 1.517045261799860803e-05
7.000000000000000666e-01 7.400675236881488672e+02 4.171952986791491684e-06
7.000000000000000666e-01 7.475429532203523877e+02 0.000000000000000000e+00
8.000000000000000444e-01 1.000000000000000000e+00 1.319386923658238519e-03
8.000000000000000444e-01 1.317058462002288932e+00 1.206021136082259439e-03
8.000000000000000444e-01 1.734642992331834943e+00 1.193278028263016800e-03
8.000000000000000444e-01 2.284626231603614777e+00 1.214730451042041626e-03
8.000000000000000444e-01 3.008986310845942036e+00 1.220227446402084729e-03
8.000000000000000444e-01 3.963010882748698283e+00 1.167885761065851199e-03
8.000000000000000444e-01 5.219517018131333508e+00 1.048983229063560731e-03
8.000000000000000444e-01 6.874409056294828346e+00 8.887075753446119870e-04
8.000000000000000444e-01 9.053998618858273062e+00 7.179266565988649297e-04
8.000000000000000444e-01 1.192464549592432732e+01 5.637635674996271549e-04
8.000000000000000444e-01 1.570545525678461551e+01 4.371932834508149030e-04
8.000000000000000444e-01 2.068500274554650886e+01 3.415478803446687873e-04
8.000000000000000444e-01 2.724335790256260736e+01 2.743358345964360778e-04
8.000000000000000444e-01 3.588109505892700923e+01 2.324910772626645895e-04
8.000000000000000444e-01 4.725749987326835821e+01 2.175546149799392173e-04
8.000000000000000444e-01 6.224089010116018272e+01 2.416375176561894294e-04
8.000000000000000444e-01 8.197489099028751980e+01 3.481367119286327746e-04
8.000000000000000444e-01 1.079657238504734096e+02 6.487745639199118172e-04
8.000000000000000444e-01 1.123691917735545900e+02 7.126820288082763664e-04
8.000000000000000444e-01 1.285042552077060236e+02 9.493839484049456561e-04
8.000000000000000444e-01 1.421971702034683460e+02 1.131081175621547613e-03
8.000000000000000444e-01 1.446393186418574430e+02 1.162661897514110070e-03
8.000000000000000444e-01 1.607743820760088624e+02 1.374436865715188919e-03
8.000000000000000444e-01 1.769094455101603103e+02 1.598335244094621025e-03
8.000000000000000444e-01 1.872819862892577305e+02 1.744800117524681954e-03
8.000000000000000444e-01 1.930445089443117013e+02 1.823221985231194674e-03
8.000000000000000444e-01 2.091795723784631491e+02 2.029958852560409532e-03
8.000000000000000444e-01 2.253146358126145969e+02 2.207538961417569029e-03
8.000000000000000444e-01 2.414496992467659879e+02 2.361502813825739570e-03
8.000000000000000444e-01 2.575847626809174358e+02 2.482882226152133536e-03
8.000000000000000444e-01 2.737198261150688268e+02 2.569386975199305749e-03
8.000000000000000444e-01 2.898548895492202746e+02 2.617348829868597262e-03
8.000000000000000444e-01 3.059899529833717224e+02 2.630976532181396755e-03
8.000000000000000444e-01 3.221250164175231134e+02 2.606755562585289215e-03
8.000000000000000444e-01 3.382600798516745613e+02 2.548699287067386111e-03
8.000000000000000444e-01 3.543951432858260091e+02 2.458666602441856794e-03
8.000000000000000444e-01 3.705302067199774001e+02 2.341680161461308796e-03
8.000000000000000444e-01 3.866652701541288479e+02 2.201226879931882270e-03
8.000000000000000444e-01 4.028003335882802389e+02 2.044832893485208029e-03
8.000000000000000444e-01 4.189353970224316868e+02 1.875011149006365835e-03
8.000000000000000444e-01 4.350704604565830778e+02 1.698795468412474512e-03
8.000000000000000444e-01 4.512055238907345256e+02 1.519476331625156662e-03
8.000000000000000444e-01 4.673405873248859734e+02 1.343260343122718806e-03
8.000000000000000444e-01 4.834756507590373644e+02 1.173329140348476412e-03
8.000000000000000444e-01 4.996107141931888123e+02 1.012218121617369229e-03
8.000000000000000444e-01 5.157457776273403169e+02 8.620513468014337792e-04
8.000000000000000444e-01 5.318808410614916511e+02 7.250698428037259582e-04
8.000000000000000444e-01 5.480159044956430989e+02 6.023202324974251138e-04
8.000000000000000444e-01 5.641509679297945468e+02 4.937358094879502239e-04
8.000000000000000444e-01 5.802860313639459946e+02 3.990568248673079851e-04
8.000000000000000444e-01 5.964210947980974424e+02 3.179557633952054762e-04
8.000000000000000444e-01 6.125561582322487766e+02 2.490786269131221799e-04
8.000000000000000444e-01 6.286912216664002244e+02 1.917914157512273299e-04
8.000000000000000444e-01 6.448262851005516723e+02 1.443339502840688439e-04
8.000000000000000444e-01 6.609613485347031201e+02 1.057816071035305022e-04
8.000000000000000444e-01 6.770964119688544542e+02 7.469156776618956605e-05
8.000000000000000444e-01 6.932314754030059021e+02 5.023457614211111820e-05
8.000000000000000444e-01 7.093665388371573499e+02 3.087160914960771163e-05
8.000000000000000444e-01 7.255016022713087978e+02 1.590122327603514811e-05
8.000000000000000444e-01 7.416366657054602456e+02 4.386103363288577187e-06
8.000000000000000444e-01 7.491279451570305810e+02 0.000000000000000000e+00
9.000000000000000222e-01 1.000000000000000000e+00 1.068174776776884861e-03
9.000000000000000222e-01 1.317119051211909309e+00 1.007871156755520267e-03
9.000000000000000222e-01 1.734802595065360276e+00 1.032997897050499762e-03
9.000000000000000222e-01 2.284941548052445537e+00 1.088364001551514644e-03
9.000000000000000222e-01 3.009540043845508439e+00 1.124884163450361142e-03
9.000000000000000222e-01 3.963922527134044138e+00 1.101108545586602970e-03
9.000000000000000222e-01 5.220957878016307063e+00 1.005160906921949817e-03
9.000000000000000222e-01 6.876623086710181632e+00 8.616060210357081185e-04
9.000000000000000222e-01 9.057331275509625357e+00 7.020557007860550938e-04
9.000000000000000222e-01 1.192958357611118991e+01 5.549183812553310727e-04
9.000000000000000222e-01 1.571268180112074475e+01 4.324326654004068756e-04
9.000000000000000222e-01 2.069547254588679053e+01 3.393587272567300428e-04
9.000000000000000222e-01 2.725840116402054036e+01 2.734350518497490360e-04
9.000000000000000222e-01 3.590255947870833353e+01 2.324611585143689172e-04
9.000000000000000222e-01 4.728794507667546299e+01 2.183503553324543460e-04
9.000000000000000222e-01 6.228385335315166316e+01 2.434362798849726793e-04
9.000000000000000222e-01 8.203524983432481577e+01 3.524428971297013762e-04
9.000000000000000222e-01 1.080501904277178369e+02 6.621981556417537353e-04
9.000000000000000222e-01 1.124674504507866857e+02 7.276905729396766255e-04
9.000000000000000222e-01 1.286166228232073365e+02 9.734254018426053996e-04
9.000000000000000222e-01 1.423149642994218311e+02 1.163100898302601603e-03
9.000000000000000222e-01 1.447657951956279874e+02 1.197194687163239887e-03
9.000000000000000222e-01 1.609149675680486382e+02 1.420451359087510470e-03
9.000000000000000222e-01 1.770641399404692891e+02 1.656029392842658845e-03
9.000000000000000222e-01 1.874457507513112091e+02 1.811449186063623842e-03
9.000000000000000222e-01 1.932133123128899399e+02 1.894283627172683874e-03
9.000000000000000222e-01 2.093624846853105907e+02 2.114455872561983064e-03
9.000000000000000222e-01 2.255116570577312416e+02 2.303601092046766649e-03
9.000000000000000222e-01 2.416608294301518924e+02 2.469022046309698234e-03
9.000000000000000222e-01 2.578100018025725149e+02 2.598065791847613184e-03
9.000000000000000222e-01 2.739591741749932226e+02 2.691407613263452434e-03
9.000000000000000222e-01 2.901083465474138166e+02 2.745844067363683097e-03
9.000000000000000222e-01 3.062575189198345242e+02 2.760663105061919673e-03
9.000000000000000222e-01 3.224066912922551182e+02 2.737731824772898174e-03
9.000000000000000222e-01 3.385558636646758259e+02 2.676902018260441437e-03
9.000000000000000222e-01 3.547050360370964199e+02 2.581958407573759114e-03
9.000000000000000222e-01 3.708542084095171276e+02 2.459156494436495321e-03
9.000000000000000222e-01 3.870033807819377216e+02 2.312609030174014521e-03
9.000000000000000222e-01 4.031525531543584293e+02 2.147266197513735507e-03
9.000000000000000222e-01 4.193017255267790233e+02 1.968155445710891016e-03
9.000000000000000222e-01 4.354508978991997310e+02 1.782285522345491936e-03
9.000000000000000222e-01 4.516000702716203250e+02 1.594189911371100745e-03
9.000000000000000222e-01 4.677492426440410327e+02 1.407739963147330853e-03
9.000000000000000222e-01 4.838984150164616267e+02 1.228217514133481646e-03
9.000000000000000222e-01 5.000475873888823344e+02 1.058543756411042640e-03
9.000000000000000222e-01 5.161967597613029284e+02 9.004239753968289748e-04
9.000000000000000222e-01 5.323459321337236361e+02 7.562885961949920638e-04
9.000000000000000222e-01 5.484951045061442301e+02 6.269250559891324575e-04
9.000000000000000222e-01 5.646442768785649378e+02 5.128286291501122198e-04
9.000000000000000222e-01 5.807934492509855318e+02 4.135821567131351567e-04
9.000000000000000222e-01 5.969426216234062395e+02 3.285070669488953927e-04
9.000000000000000222e-01 6.130917939958268335e+02 2.563559184686630982e-04
9.000000000000000222e-01 6.292409663682475411e+02 1.967359868239136741e-04
9.000000000000000222e-01 6.453901387406682488e+02 1.476066354159945293e-04
9.000000000000000222e-01 6.615393111130888428e+02 1.079156482336246823e-04
9.000000000000000222e-01 6.776884834855094368e+02 7.607288536821804322e-05
9.000000000000000222e-01 6.938376558579301445e+02 5.098959198209764216e-05
9.000000000000000222e-01 7.099868282303508522e+02 3.133231033471503584e-05
9.000000000000000222e-01 7.261360006027714462e+02 1.607298886029676893e-05
9.000000000000000222e-01 7.422851729751921539e+02 4.431674425509632767e-06
9.000000000000000222e-01 7.497830030052446091e+02 0.000000000000000000e+00
1.000000000000000000e+00 1.000000000000000000e+00 9.839195049834352589e-04
1.000000000000000000e+00 1.317135624826310192e+00 9.362919530543285015e-04
1.000000000000000000e+00 1.734846254186594772e+00 9.811438249099986748e-04
1.000000000000000000e+00 2.285027804985644284e+00 1.046135694375882651e-03
1.000000000000000000e+00 3.009691525665258549e+00 1.094447690782175513e-03
1.000000000000000000e+00 3.964171928191561722e+00 1.079888088316815001e-03
1.000000000000000000e+00 5.221352069557510411e+00 9.902230387087134628e-04
1.000000000000000000e+00 6.877228820574780244e+00 8.526019362027445914e-04
1.000000000000000000e+00 9.058243079661272290e+00 6.967487682543255711e-04
1.000000000000000000e+00 1.193093465855824853e+01 5.518181576061945148e-04
1.000000000000000000e+00 1.571465907626200398e+01 4.308384343150755596e-04
1.000000000000000000e+00 2.069833730134479666e+01 3.386484245848398215e-04
1.000000000000000000e+00 2.726251743427249963e+01 2.731590550559330976e-04
1.000000000000000000e+00 3.590843293512869394e+01 2.324289892559772835e-04
1.000000000000000000e+00 4.729627625054438056e+01 2.186907727525958347e-04
1.000000000000000000e+00 6.229561037121857225e+01 2.439019339962956502e-04
1.000000000000000000e+00 8.205176769023132977e+01 3.537045742482347794e-04
1.000000000000000000e+00 1.080733063047761391e+02 6.660802544122639262e-04
1.000000000000000000e+00 1.124943423722407516e+02 7.324543765977839949e-04
1.000000000000000000e+00 1.286473761487676200e+02 9.807281531559253803e-04
1.000000000000000000e+00 1.423472018267864314e+02 1.173147235895372932e-03
1.000000000000000000e+00 1.448004099252945025e+02 1.207635614893505776e-03
1.000000000000000000e+00 1.609534437018213850e+02 1.434356395486308762e-03
1.000000000000000000e+00 1.771064774783482676e+02 1.674560727703138267e-03
1.000000000000000000e+00 1.874905706204012859e+02 1.831864622821728758e-03
1.000000000000000000e+00 1.932595112548751501e+02 1.915953307004747983e-03
1.000000000000000000e+00 2.094125450314020327e+02 2.140546867437593224e-03
1.000000000000000000e+00 2.255655788079288868e+02 2.332954038584932922e-03
1.000000000000000000e+00 2.417186125844557978e+02 2.501028302443341830e-03
1.000000000000000000e+00 2.578716463609826519e+02 2.633222933890289053e-03
1.000000000000000000e+00 2.740246801375095629e+02 2.728202172289231377e-03
1.000000000000000000e+00 2.901777139140364170e+02 2.783511113455795771e-03
1.000000000000000000e+00 3.063307476905632711e+02 2.799404253690134566e-03
1.000000000000000000e+00 3.224837814670901821e+02 2.776052085964938066e-03
1.000000000000000000e+00 3.386368152436170362e+02 2.714754610609374039e-03
1.000000000000000000e+00 3.547898490201439472e+02 2.617530252835847601e-03
1.000000000000000000e+00 3.709428827966708013e+02 2.492431302485821794e-03
1.000000000000000000e+00 3.870959165731976555e+02 2.343698838890029452e-03
1.000000000000000000e+00 4.032489503497245664e+02 2.175921319252431280e-03
1.000000000000000000e+00 4.194019841262514205e+02 1.993897261923419269e-03
1.000000000000000000e+00 4.355550179027783315e+02 1.805238214411539980e-03
1.000000000000000000e+00 4.517080516793051856e+02 1.614323357704459125e-03
1.000000000000000000e+00 4.678610854558320966e+02 1.425423016735114260e-03
1.000000000000000000e+00 4.840141192323589507e+02 1.244064819861391037e-03
1.000000000000000000e+00 5.001671530088858049e+02 1.070889685915546148e-03
1.000000000000000000e+00 5.163201867854127158e+02 9.091023686764570502e-04
1.000000000000000000e+00 5.324732205619395700e+02 7.637664005083185997e-04
1.000000000000000000e+00 5.486262543384665378e+02 6.316107774774549263e-04
1.000000000000000000e+00 5.647792881149933919e+02 5.168081562007013560e-04
1.000000000000000000e+00 5.809323218915202460e+02 4.152588176119002220e-04
1.000000000000000000e+00 5.970853556680471002e+02 3.303138323788515482e-04
1.000000000000000000e+00 6.132383894445740680e+02 2.569026244056354740e-04
1.000000000000000000e+00 6.293914232211009221e+02 1.975458969542508159e-04
1.000000000000000000e+00 6.455444569976277762e+02 1.498838597857081933e-04
1.000000000000000000e+00 6.616974907741546303e+02 1.080641939018652951e-04
1.000000000000000000e+00 6.778505245506815982e+02 7.775925369015942740e-05
1.000000000000000000e+00 6.940035583272084523e+02 5.180956163580613833e-05
1.000000000000000000e+00 7.101565921037353064e+02 3.236598240981317348e-05
1.000000000000000000e+00 7.263096258802621605e+02 1.594453952235855030e-05
1.000000000000000000e+00 7.424626596567890147e+02 4.097457986746102200e-06
1.000000000000000000e+00 7.499622824816050297e+02 0.000000000000000000e+00
