# mx [GeV]: 100000.0
# sigma_p [cm^2]: 3.98107170553e-31
# depth [m]: 10.6
# target: full
# Columns: gamma/pi, v [km/s], f(v, gamma) [s/km]
0.000000000000000000e+00 1.000000000000000000e+00 3.996765421257821320e-05
0.000000000000000000e+00 1.282798514144503077e+00 5.608687896033540799e-05
0.000000000000000000e+00 1.645572027891344602e+00 7.216793817364693933e-05
0.000000000000000000e+00 2.110937352296773373e+00 8.229908517738774567e-05
0.000000000000000000e+00 2.707907298978432298e+00 8.081412987329079445e-05
0.000000000000000000e+00 3.473699459570587234e+00 6.840532868835557886e-05
0.000000000000000000e+00 4.456056505321712713e+00 5.357237863419994970e-05
0.000000000000000000e+00 5.716222663970638607e+00 4.467351512755992905e-05
0.000000000000000000e+00 7.332761939860668043e+00 4.407172072272618146e-05
0.000000000000000000e+00 9.406456121028629269e+00 4.966819950184031313e-05
0.000000000000000000e+00 1.206658793542098884e+01 5.930622370616674100e-05
0.000000000000000000e+00 1.547900107435203232e+01 7.085834677450768716e-05
0.000000000000000000e+00 1.985643957861995190e+01 8.150819515236505869e-05
0.000000000000000000e+00 2.547181118765377761e+01 9.133555685782966942e-05
0.000000000000000000e+00 3.267520154409157840e+01 9.843063925310862260e-05
0.000000000000000000e+00 4.191569999013285752e+01 1.040638323139439990e-04
0.000000000000000000e+00 5.376939766666918530e+01 1.135019915835581658e-04
0.000000000000000000e+00 6.810229796704260252e+01 1.330745182645329673e-04
0.000000000000000000e+00 6.897530343324814339e+01 1.345850513435124763e-04
0.000000000000000000e+00 7.788108947000256421e+01 1.532824734146406875e-04
0.000000000000000000e+00 8.765988097296252590e+01 1.777381262993085612e-04
0.000000000000000000e+00 8.848141675683696405e+01 1.796887666605125316e-04
0.000000000000000000e+00 9.743867247592250180e+01 2.062169654772441922e-04
0.000000000000000000e+00 1.072174639788824635e+02 2.338119153523641656e-04
0.000000000000000000e+00 1.135038299450710042e+02 2.508432740910609342e-04
0.000000000000000000e+00 1.169962554818424252e+02 2.592691711291379470e-04
0.000000000000000000e+00 1.267750469848024011e+02 2.803962040539565424e-04
0.000000000000000000e+00 1.365538384877623628e+02 2.960188149090095186e-04
0.000000000000000000e+00 1.463326299907223245e+02 3.070652911731403694e-04
0.000000000000000000e+00 1.561114214936822862e+02 3.147506095550507829e-04
0.000000000000000000e+00 1.658902129966422478e+02 3.189577829414161564e-04
0.000000000000000000e+00 1.756690044996022380e+02 3.203128707727327337e-04
0.000000000000000000e+00 1.854477960025621996e+02 3.185524333306753741e-04
0.000000000000000000e+00 1.952265875055221613e+02 3.139166351851472312e-04
0.000000000000000000e+00 2.050053790084821230e+02 3.066552577331886566e-04
0.000000000000000000e+00 2.147841705114420847e+02 2.970307349376484930e-04
0.000000000000000000e+00 2.245629620144020464e+02 2.854878087241207243e-04
0.000000000000000000e+00 2.343417535173620081e+02 2.725418518689760807e-04
0.000000000000000000e+00 2.441205450203219698e+02 2.583315766820642881e-04
0.000000000000000000e+00 2.538993365232819315e+02 2.433314632320267171e-04
0.000000000000000000e+00 2.636781280262418932e+02 2.277651284872681328e-04
0.000000000000000000e+00 2.734569195292018549e+02 2.119281438058361706e-04
0.000000000000000000e+00 2.832357110321618165e+02 1.959672526125818832e-04
0.000000000000000000e+00 2.930145025351217782e+02 1.801565962096384908e-04
0.000000000000000000e+00 3.027932940380817399e+02 1.647357451944282192e-04
0.000000000000000000e+00 3.125720855410417016e+02 1.494328466050103140e-04
0.000000000000000000e+00 3.223508770440016633e+02 1.330609693725301934e-04
0.000000000000000000e+00 3.321296685469616818e+02 1.176067555420451047e-04
0.000000000000000000e+00 3.419084600499216435e+02 1.034111356301664435e-04
0.000000000000000000e+00 3.516872515528816052e+02 9.028425010817900474e-05
0.000000000000000000e+00 3.614660430558415669e+02 7.783229837200434590e-05
0.000000000000000000e+00 3.712448345588015286e+02 6.597918354278538072e-05
0.000000000000000000e+00 3.810236260617614903e+02 5.636365203885928898e-05
0.000000000000000000e+00 3.908024175647214520e+02 4.685740536777732485e-05
0.000000000000000000e+00 4.005812090676814137e+02 3.875073895419527191e-05
0.000000000000000000e+00 4.103600005706413754e+02 3.059466288879910821e-05
0.000000000000000000e+00 4.201387920736013371e+02 2.407467091395762318e-05
0.000000000000000000e+00 4.299175835765612987e+02 1.711969885972158817e-05
0.000000000000000000e+00 4.396963750795212604e+02 1.118656348293320336e-05
0.000000000000000000e+00 4.494751665824812221e+02 4.770809564028658184e-06
0.000000000000000000e+00 4.540153197802840737e+02 0.000000000000000000e+00
1.000000000000000056e-01 1.000000000000000000e+00 4.052717628292301926e-05
1.000000000000000056e-01 1.292865051731106663e+00 5.791097733888594116e-05
1.000000000000000056e-01 1.671500041987677099e+00 7.573515628890315756e-05
1.000000000000000056e-01 2.161023988252944950e+00 8.746653197095637295e-05
1.000000000000000056e-01 2.793912390364805987e+00 8.659066527605059399e-05
1.000000000000000056e-01 3.612151687101174957e+00 7.369910263920320789e-05
1.000000000000000056e-01 4.670024677804664570e+00 5.813250438689250755e-05
1.000000000000000056e-01 6.037711696655471805e+00 4.893313057592430057e-05
1.000000000000000056e-01 7.805946445033984382e+00 4.852248496785869174e-05
1.000000000000000056e-01 1.009203535446911104e+01 5.468129847152666931e-05
1.000000000000000056e-01 1.304763981062786371e+01 6.468642563285099641e-05
1.000000000000000056e-01 1.686883751873623893e+01 7.686662325778398429e-05
1.000000000000000056e-01 2.180913049130456116e+01 8.822503163349418071e-05
1.000000000000000056e-01 2.819626262085092705e+01 9.686300718250424966e-05
1.000000000000000056e-01 3.645396253193030134e+01 1.029686434804792628e-04
1.000000000000000056e-01 4.713005415464789394e+01 1.104238492803156254e-04
1.000000000000000056e-01 6.093279990273870084e+01 1.256855327044475296e-04
1.000000000000000056e-01 7.877788749837543492e+01 1.608814049223426248e-04
1.000000000000000056e-01 7.900634535674100789e+01 1.615382615807308417e-04
1.000000000000000056e-01 9.035084622847817570e+01 1.932477819380408891e-04
1.000000000000000056e-01 1.016953471002153435e+02 2.276848107393727690e-04
1.000000000000000056e-01 1.018491775958544565e+02 2.282263953973277739e-04
1.000000000000000056e-01 1.130398479719525255e+02 2.614386475818866198e-04
1.000000000000000056e-01 1.243843488436896791e+02 2.906366735841817996e-04
1.000000000000000056e-01 1.316772422612350510e+02 3.057295143988608818e-04
1.000000000000000056e-01 1.357288497154268612e+02 3.129224328196348790e-04
1.000000000000000056e-01 1.470733505871640432e+02 3.284903271425340036e-04
1.000000000000000056e-01 1.584178514589011968e+02 3.392335134133394941e-04
1.000000000000000056e-01 1.697623523306383504e+02 3.461876367902297835e-04
1.000000000000000056e-01 1.811068532023755324e+02 3.494908365421878866e-04
1.000000000000000056e-01 1.924513540741127144e+02 3.479335843141679371e-04
1.000000000000000056e-01 2.037958549458498680e+02 3.421207658281794745e-04
1.000000000000000056e-01 2.151403558175870501e+02 3.328797059242783515e-04
1.000000000000000056e-01 2.264848566893242037e+02 3.209311948074082630e-04
1.000000000000000056e-01 2.378293575610613857e+02 3.063968880509684400e-04
1.000000000000000056e-01 2.491738584327985393e+02 2.898834437533383854e-04
1.000000000000000056e-01 2.605183593045356929e+02 2.722624314720780672e-04
1.000000000000000056e-01 2.718628601762728749e+02 2.536754572860093243e-04
1.000000000000000056e-01 2.832073610480100569e+02 2.345281691139284967e-04
1.000000000000000056e-01 2.945518619197472390e+02 2.152665521364113886e-04
1.000000000000000056e-01 3.058963627914844210e+02 1.961153049397242032e-04
1.000000000000000056e-01 3.172408636632216030e+02 1.760905997790789988e-04
1.000000000000000056e-01 3.285853645349587282e+02 1.559647385806816396e-04
1.000000000000000056e-01 3.399298654066959102e+02 1.368920143103703833e-04
1.000000000000000056e-01 3.512743662784330922e+02 1.192168045700191069e-04
1.000000000000000056e-01 3.626188671501702743e+02 1.028015791216356229e-04
1.000000000000000056e-01 3.739633680219073995e+02 8.778665338321457387e-05
1.000000000000000056e-01 3.853078688936445815e+02 7.390667502688456143e-05
1.000000000000000056e-01 3.966523697653817635e+02 6.093281883516928489e-05
1.000000000000000056e-01 4.079968706371189455e+02 5.001227025543109311e-05
1.000000000000000056e-01 4.193413715088560707e+02 4.067711143520699263e-05
1.000000000000000056e-01 4.306858723805932527e+02 3.268599780860031491e-05
1.000000000000000056e-01 4.420303732523304348e+02 2.588332048983709821e-05
1.000000000000000056e-01 4.533748741240676168e+02 2.005225604062533059e-05
1.000000000000000056e-01 4.647193749958047988e+02 1.505944323700461062e-05
1.000000000000000056e-01 4.760638758675419240e+02 1.092353072761431559e-05
1.000000000000000056e-01 4.874083767392791060e+02 7.414128603826132812e-06
1.000000000000000056e-01 4.987528776110162880e+02 4.678770028603119761e-06
1.000000000000000056e-01 5.100973784827534701e+02 2.405908408100874554e-06
1.000000000000000056e-01 5.214418793544906521e+02 6.076338013722826464e-07
1.000000000000000056e-01 5.267089690449400905e+02 0.000000000000000000e+00
2.000000000000000111e-01 1.000000000000000000e+00 4.201119217823591858e-05
2.000000000000000111e-01 1.302019492533094125e+00 6.195300186736634991e-05
2.000000000000000111e-01 1.695254758936136197e+00 8.414475422164249666e-05
2.000000000000000111e-01 2.207254740944341265e+00 1.015856598479789340e-04
2.000000000000000111e-01 2.873888697695617278e+00 1.056153954184182211e-04
2.000000000000000111e-01 3.741859103770243333e+00 9.419781154333400507e-05
2.000000000000000111e-01 4.871973491421270452e+00 7.636532403472185695e-05
2.000000000000000111e-01 6.343404452935009985e+00 6.345573314424359185e-05
2.000000000000000111e-01 8.259236246742611698e+00 5.986926592202668684e-05
2.000000000000000111e-01 1.075368658669475330e+01 6.465762949455957493e-05
2.000000000000000111e-01 1.400150955246824758e+01 7.491077879707790620e-05
2.000000000000000111e-01 1.823023836220197325e+01 8.695126072145564333e-05
2.000000000000000111e-01 2.373612570111156472e+01 9.786600049837674523e-05
2.000000000000000111e-01 3.090489834006300640e+01 1.060006103701579145e-04
2.000000000000000111e-01 4.023878005351571119e+01 1.130226559894157042e-04
2.000000000000000111e-01 5.239167598542930904e+01 1.241317374035804798e-04
2.000000000000000111e-01 6.821498337950697533e+01 1.495137844749061128e-04
2.000000000000000111e-01 8.881723804293915236e+01 2.074819087682060604e-04
2.000000000000000111e-01 9.034070728071374390e+01 2.140561749522418874e-04
2.000000000000000111e-01 1.033127062748675087e+02 2.615795504028080309e-04
2.000000000000000111e-01 1.156417752048586323e+02 3.076451585618936494e-04
2.000000000000000111e-01 1.162847052690212877e+02 3.093170415767838247e-04
2.000000000000000111e-01 1.292567042631750382e+02 3.492731997220915006e-04
2.000000000000000111e-01 1.422287032573288172e+02 3.813586842349026137e-04
2.000000000000000111e-01 1.505678454678562446e+02 3.984831893494366695e-04
2.000000000000000111e-01 1.552007022514825962e+02 4.068132259371831433e-04
2.000000000000000111e-01 1.681727012456363468e+02 4.264034863576661666e-04
2.000000000000000111e-01 1.811447002397901542e+02 4.412258768173709387e-04
2.000000000000000111e-01 1.941166992339439048e+02 4.483988300083824167e-04
2.000000000000000111e-01 2.070886982280976554e+02 4.501648495033277846e-04
2.000000000000000111e-01 2.200606972222514628e+02 4.455823699112324812e-04
2.000000000000000111e-01 2.330326962164052134e+02 4.362755874292883920e-04
2.000000000000000111e-01 2.460046952105589639e+02 4.226205786060976207e-04
2.000000000000000111e-01 2.589766942047127714e+02 4.051298382930877814e-04
2.000000000000000111e-01 2.719486931988665219e+02 3.847088654666781316e-04
2.000000000000000111e-01 2.849206921930202725e+02 3.618654990625193974e-04
2.000000000000000111e-01 2.978926911871740799e+02 3.374559360688670728e-04
2.000000000000000111e-01 3.108646901813278305e+02 3.120197916627405390e-04
2.000000000000000111e-01 3.238366891754815811e+02 2.831183155243262935e-04
2.000000000000000111e-01 3.368086881696353885e+02 2.548972809492567205e-04
2.000000000000000111e-01 3.497806871637891390e+02 2.270941733248049254e-04
2.000000000000000111e-01 3.627526861579428896e+02 2.011299821042062059e-04
2.000000000000000111e-01 3.757246851520966970e+02 1.768742987790247832e-04
2.000000000000000111e-01 3.886966841462504476e+02 1.545393903564462558e-04
2.000000000000000111e-01 4.016686831404041982e+02 1.338298051819137332e-04
2.000000000000000111e-01 4.146406821345580056e+02 1.148724777239399362e-04
2.000000000000000111e-01 4.276126811287117562e+02 9.776913077460275422e-05
2.000000000000000111e-01 4.405846801228655067e+02 8.231070558163011306e-05
2.000000000000000111e-01 4.535566791170193142e+02 6.863606617450642442e-05
2.000000000000000111e-01 4.665286781111730647e+02 5.650710021372435591e-05
2.000000000000000111e-01 4.795006771053268153e+02 4.586722627485598908e-05
2.000000000000000111e-01 4.924726760994806227e+02 3.671196750674144506e-05
2.000000000000000111e-01 5.054446750936343733e+02 2.876805569882008451e-05
2.000000000000000111e-01 5.184166740877881239e+02 2.211059204990632352e-05
2.000000000000000111e-01 5.313886730819419881e+02 1.652423156240872648e-05
2.000000000000000111e-01 5.443606720760957387e+02 1.184628285655381899e-05
2.000000000000000111e-01 5.573326710702494893e+02 8.039188305972810004e-06
2.000000000000000111e-01 5.703046700644032398e+02 4.911662771284790764e-06
2.000000000000000111e-01 5.832766690585569904e+02 2.474040187437460470e-06
2.000000000000000111e-01 5.962486680527107410e+02 6.173550101911565639e-07
2.000000000000000111e-01 6.022713818714249783e+02 0.000000000000000000e+00
3.000000000000000444e-01 1.000000000000000000e+00 4.388537174699092837e-05
3.000000000000000444e-01 1.309319487587228714e+00 6.701979421910145870e-05
3.000000000000000444e-01 1.714317520575683096e+00 9.517527606425584246e-05
3.000000000000000444e-01 2.244589337601961887e+00 1.213187769676856982e-04
3.000000000000000444e-01 2.938884561352757885e+00 1.339560204470356284e-04
3.000000000000000444e-01 3.847938827948410356e+00 1.263712746375081971e-04
3.000000000000000444e-01 5.038181294476412830e+00 1.058792134937429146e-04
3.000000000000000444e-01 6.596588950855418076e+00 8.675374508350394242e-05
3.000000000000000444e-01 8.637042464957591648e+00 7.796292856313555893e-05
3.000000000000000444e-01 1.130864801448740664e+01 7.988008095591955413e-05
3.000000000000000444e-01 1.480663322363298562e+01 8.848907904276035981e-05
3.000000000000000444e-01 1.938661342525917419e+01 9.991361243860432371e-05
3.000000000000000444e-01 2.538327075601202409e+01 1.103886917591779220e-04
3.000000000000000444e-01 3.323481105954956405e+01 1.187690500241340600e-04
3.000000000000000444e-01 4.351498578654778981e+01 1.275509486827468178e-04
3.000000000000000444e-01 5.697501889240830764e+01 1.450149995203191906e-04
3.000000000000000444e-01 7.459850254148069837e+01 1.871499704226991818e-04
3.000000000000000444e-01 9.767327312238607817e+01 2.800558262178632512e-04
3.000000000000000444e-01 1.004658020434082175e+02 2.934358366568211741e-04
3.000000000000000444e-01 1.148916607983591405e+02 3.644683476181882569e-04
3.000000000000000444e-01 1.278855199155699438e+02 4.214690499972753080e-04
3.000000000000000444e-01 1.293175195533100634e+02 4.280745471114987596e-04
3.000000000000000444e-01 1.437433783082610148e+02 4.830745093084353814e-04
3.000000000000000444e-01 1.581692370632119378e+02 5.319835107706690110e-04
3.000000000000000444e-01 1.674430034056804288e+02 5.606120690544278036e-04
3.000000000000000444e-01 1.725950958181628607e+02 5.750740958094976681e-04
3.000000000000000444e-01 1.870209545731137837e+02 6.107402291709887422e-04
3.000000000000000444e-01 2.014468133280647066e+02 6.371032716670874552e-04
3.000000000000000444e-01 2.158726720830156296e+02 6.533105025848882485e-04
3.000000000000000444e-01 2.302985308379665526e+02 6.610706970612939245e-04
3.000000000000000444e-01 2.447243895929174755e+02 6.603674350332782014e-04
3.000000000000000444e-01 2.591502483478683985e+02 6.517396857305056109e-04
3.000000000000000444e-01 2.735761071028193783e+02 6.356365125829147771e-04
3.000000000000000444e-01 2.880019658577703012e+02 6.132551723199416776e-04
3.000000000000000444e-01 3.024278246127212242e+02 5.853739417154738651e-04
3.000000000000000444e-01 3.168536833676721471e+02 5.510847978977855737e-04
3.000000000000000444e-01 3.312795421226230701e+02 5.123195593002299484e-04
3.000000000000000444e-01 3.457054008775739931e+02 4.724315734404513096e-04
3.000000000000000444e-01 3.601312596325249160e+02 4.321384507537842212e-04
3.000000000000000444e-01 3.745571183874758390e+02 3.912131517417645086e-04
3.000000000000000444e-01 3.889829771424267619e+02 3.511306523802444515e-04
3.000000000000000444e-01 4.034088358973776849e+02 3.119986092914841451e-04
3.000000000000000444e-01 4.178346946523286078e+02 2.746147273556069071e-04
3.000000000000000444e-01 4.322605534072795308e+02 2.392154513082981118e-04
3.000000000000000444e-01 4.466864121622304538e+02 2.062895814176086821e-04
3.000000000000000444e-01 4.611122709171813767e+02 1.761491933204248914e-04
3.000000000000000444e-01 4.755381296721322997e+02 1.487585269823343717e-04
3.000000000000000444e-01 4.899639884270832226e+02 1.241693784102275606e-04
3.000000000000000444e-01 5.043898471820341456e+02 1.024831044603451738e-04
3.000000000000000444e-01 5.188157059369850685e+02 8.351322053396089632e-05
3.000000000000000444e-01 5.332415646919359915e+02 6.702317380540988214e-05
3.000000000000000444e-01 5.476674234468869145e+02 5.294586620417947835e-05
3.000000000000000444e-01 5.620932822018378374e+02 4.106012665001102500e-05
3.000000000000000444e-01 5.765191409567887604e+02 3.111144168474483672e-05
3.000000000000000444e-01 5.909449997117396833e+02 2.288287391028898850e-05
3.000000000000000444e-01 6.053708584666906063e+02 1.620117992317200625e-05
3.000000000000000444e-01 6.197967172216415292e+02 1.082497706527230398e-05
3.000000000000000444e-01 6.342225759765924522e+02 6.544102916485147165e-06
3.000000000000000444e-01 6.486484347315433752e+02 3.212758532033937539e-06
3.000000000000000444e-01 6.630742934864942981e+02 8.092290325759849286e-07
3.000000000000000444e-01 6.697720136227214880e+02 0.000000000000000000e+00
4.000000000000000222e-01 1.000000000000000000e+00 6.894895035610792804e-05
4.000000000000000222e-01 1.314223300324658172e+00 7.507035070669421984e-05
4.000000000000000222e-01 1.727182883116236800e+00 1.048278486537166005e-04
4.000000000000000222e-01 2.269903988913279491e+00 1.393471568628492133e-04
4.000000000000000222e-01 2.983160711729716308e+00 1.610220985355771629e-04
4.000000000000000222e-01 3.920539315968283756e+00 1.583704364913288024e-04
4.000000000000000222e-01 5.152464118884416244e+00 1.362526314225301566e-04
4.000000000000000222e-01 6.771488399124659274e+00 1.114787965066540954e-04
4.000000000000000222e-01 8.899247832007747050e+00 9.731035665845552435e-05
4.000000000000000222e-01 1.169559885618827977e+01 9.549478839061606027e-05
4.000000000000000222e-01 1.537062852805305901e+01 1.023485366536695449e-04
4.000000000000000222e-01 2.020043815220223848e+01 1.130742174662770910e-04
4.000000000000000222e-01 2.654788649639136722e+01 1.236327423868508987e-04
4.000000000000000222e-01 3.488985100793189531e+01 1.328844808041445961e-04
4.000000000000000222e-01 4.585305513947984224e+01 1.449239485436270073e-04
4.000000000000000222e-01 6.026115345537573376e+01 1.704495206670770602e-04
4.000000000000000222e-01 7.919661197549459075e+01 2.329145003968193851e-04
4.000000000000000222e-01 1.040820327649658594e+02 3.695681318322818765e-04
4.000000000000000222e-01 1.078612232589554054e+02 3.929183594180443392e-04
4.000000000000000222e-01 1.233489886499849035e+02 4.916024436209290001e-04
4.000000000000000222e-01 1.367870326048725929e+02 5.735047357947882334e-04
4.000000000000000222e-01 1.388367540410143874e+02 5.840570360047418535e-04
4.000000000000000222e-01 1.543245194320438713e+02 6.706057557032727530e-04
4.000000000000000222e-01 1.698122848230733837e+02 7.523094563708981539e-04
4.000000000000000222e-01 1.797687054315923945e+02 8.021450331132942094e-04
4.000000000000000222e-01 1.853000502141028676e+02 8.284092718487026229e-04
4.000000000000000222e-01 2.007878156051323799e+02 8.937780241218147006e-04
4.000000000000000222e-01 2.162755809961618638e+02 9.465843430531541234e-04
4.000000000000000222e-01 2.317633463871913477e+02 9.862536612937789372e-04
4.000000000000000222e-01 2.472511117782208316e+02 1.012284301232634120e-03
4.000000000000000222e-01 2.627388771692503155e+02 1.024748366467744410e-03
4.000000000000000222e-01 2.782266425602797995e+02 1.023487094322717613e-03
4.000000000000000222e-01 2.937144079513093402e+02 1.009047276889009229e-03
4.000000000000000222e-01 3.092021733423388241e+02 9.822537289725656769e-04
4.000000000000000222e-01 3.246899387333683080e+02 9.432392550409447567e-04
4.000000000000000222e-01 3.401777041243977919e+02 8.960986100579706234e-04
4.000000000000000222e-01 3.556654695154272758e+02 8.415059612728495019e-04
4.000000000000000222e-01 3.711532349064568166e+02 7.815291131505961971e-04
4.000000000000000222e-01 3.866410002974863005e+02 7.182850895380658027e-04
4.000000000000000222e-01 4.021287656885157844e+02 6.525840972554742886e-04
4.000000000000000222e-01 4.176165310795452683e+02 5.859595195907336572e-04
4.000000000000000222e-01 4.331042964705747522e+02 5.208608076649781345e-04
4.000000000000000222e-01 4.485920618616042361e+02 4.581512387144395576e-04
4.000000000000000222e-01 4.640798272526337769e+02 3.978041677073474412e-04
4.000000000000000222e-01 4.795675926436632608e+02 3.417671472967037335e-04
4.000000000000000222e-01 4.950553580346927447e+02 2.904881829284771495e-04
4.000000000000000222e-01 5.105431234257222286e+02 2.438352582413566018e-04
4.000000000000000222e-01 5.260308888167517125e+02 2.022026656090071062e-04
4.000000000000000222e-01 5.415186542077811964e+02 1.653254444308522480e-04
4.000000000000000222e-01 5.570064195988106803e+02 1.335717115706621196e-04
4.000000000000000222e-01 5.724941849898401642e+02 1.062623087953250240e-04
4.000000000000000222e-01 5.879819503808696481e+02 8.310694417144038585e-05
4.000000000000000222e-01 6.034697157718991321e+02 6.390890516360242253e-05
4.000000000000000222e-01 6.189574811629286160e+02 4.799958216038987402e-05
4.000000000000000222e-01 6.344452465539582136e+02 3.504026408547850481e-05
4.000000000000000222e-01 6.499330119449876975e+02 2.461424310537138301e-05
4.000000000000000222e-01 6.654207773360171814e+02 1.636155868752766927e-05
4.000000000000000222e-01 6.809085427270466653e+02 9.933975995489089896e-06
4.000000000000000222e-01 6.963963081180761492e+02 4.938910216868925415e-06
4.000000000000000222e-01 7.118840735091056331e+02 1.245896998273141995e-06
4.000000000000000222e-01 7.190748217263693505e+02 0.000000000000000000e+00
5.000000000000000000e-01 1.000000000000000000e+00 7.714312226090103207e-05
5.000000000000000000e-01 1.316624525177824578e+00 7.874313558336480862e-05
5.000000000000000000e-01 1.733500140299731873e+00 1.088829026900143903e-04
5.000000000000000000e-01 2.282368799117826530e+00 1.470160871084359732e-04
5.000000000000000000e-01 3.005022736419189933e+00 1.726343438251155284e-04
5.000000000000000000e-01 3.956486633486482773e+00 1.722031431851195544e-04
5.000000000000000000e-01 5.209207335186550658e+00 1.495180854786025903e-04
5.000000000000000000e-01 6.858570134242832239e+00 1.225500996101819436e-04
5.000000000000000000e-01 9.030161646396276609e+00 1.062737152003428548e-04
5.000000000000000000e-01 1.188933228996549829e+01 1.033396870783619728e-04
5.000000000000000000e-01 1.565378648095719960e+01 1.101360658905657669e-04
5.000000000000000000e-01 2.061015919272531960e+01 1.215179030488841610e-04
5.000000000000000000e-01 2.713584106096136139e+01 1.333204697065874312e-04
5.000000000000000000e-01 3.572771385218916862e+01 1.444875534063643277e-04
5.000000000000000000e-01 4.703998428632773710e+01 1.600306584705009686e-04
5.000000000000000000e-01 6.193399697535858195e+01 1.930550921154256124e-04
5.000000000000000000e-01 8.154381936004631370e+01 2.747535140556914366e-04
5.000000000000000000e-01 1.073625924461072572e+02 4.554879089151866295e-04
5.000000000000000000e-01 1.116678414409618512e+02 4.907860409705410874e-04
5.000000000000000000e-01 1.277021981606897043e+02 6.231150776743342359e-04
5.000000000000000000e-01 1.413562223012162349e+02 7.351983729159047029e-04
5.000000000000000000e-01 1.437365548804175717e+02 7.523819446987049971e-04
5.000000000000000000e-01 1.597709116001454390e+02 8.802373781691834364e-04
5.000000000000000000e-01 1.758052683198732780e+02 1.008176373075782674e-03
5.000000000000000000e-01 1.861130690682698230e+02 1.086830593669884520e-03
5.000000000000000000e-01 1.918396250396011169e+02 1.128967645499273425e-03
5.000000000000000000e-01 2.078739817593290127e+02 1.236935255194413115e-03
5.000000000000000000e-01 2.239083384790568516e+02 1.330294273288213551e-03
5.000000000000000000e-01 2.399426951987846905e+02 1.406092785699531106e-03
5.000000000000000000e-01 2.559770519185125863e+02 1.465123903058052415e-03
5.000000000000000000e-01 2.720114086382404253e+02 1.503005613324528717e-03
5.000000000000000000e-01 2.880457653579682642e+02 1.519083830260608810e-03
5.000000000000000000e-01 3.040801220776961600e+02 1.514697548713013573e-03
5.000000000000000000e-01 3.201144787974239989e+02 1.488750271673489100e-03
5.000000000000000000e-01 3.361488355171518378e+02 1.445915052125138064e-03
5.000000000000000000e-01 3.521831922368796768e+02 1.384913001071376047e-03
5.000000000000000000e-01 3.682175489566075726e+02 1.311697200636135867e-03
5.000000000000000000e-01 3.842519056763354115e+02 1.226224692470806758e-03
5.000000000000000000e-01 4.002862623960633073e+02 1.133300911093445542e-03
5.000000000000000000e-01 4.163206191157911462e+02 1.034584561892215549e-03
5.000000000000000000e-01 4.323549758355189851e+02 9.339114593328531628e-04
5.000000000000000000e-01 4.483893325552468809e+02 8.316586770905198128e-04
5.000000000000000000e-01 4.644236892749747199e+02 7.325491824720685788e-04
5.000000000000000000e-01 4.804580459947025588e+02 6.375491035538895885e-04
5.000000000000000000e-01 4.964924027144304546e+02 5.484547951464741403e-04
5.000000000000000000e-01 5.125267594341582935e+02 4.657722659302496486e-04
5.000000000000000000e-01 5.285611161538861325e+02 3.908713008052413845e-04
5.000000000000000000e-01 5.445954728736139714e+02 3.236894313306494173e-04
5.000000000000000000e-01 5.606298295933418103e+02 2.647263233107465148e-04
5.000000000000000000e-01 5.766641863130696493e+02 2.135793819476246606e-04
5.000000000000000000e-01 5.926985430327974882e+02 1.696282017426019631e-04
5.000000000000000000e-01 6.087328997525254408e+02 1.327446732991953025e-04
5.000000000000000000e-01 6.247672564722532798e+02 1.019174373232772620e-04
5.000000000000000000e-01 6.408016131919811187e+02 7.668033799646294861e-05
5.000000000000000000e-01 6.568359699117089576e+02 5.617591671647181975e-05
5.000000000000000000e-01 6.728703266314367966e+02 3.977214311152369434e-05
5.000000000000000000e-01 6.889046833511647492e+02 2.675017795122405830e-05
5.000000000000000000e-01 7.049390400708925881e+02 1.656072694331827910e-05
5.000000000000000000e-01 7.209733967906204271e+02 8.604857229347665672e-06
5.000000000000000000e-01 7.370077535103482660e+02 2.356565794165454149e-06
5.000000000000000000e-01 7.444522762730790646e+02 0.000000000000000000e+00
6.000000000000000888e-01 1.000000000000000000e+00 6.898414409725764720e-05
6.000000000000000888e-01 1.317227480709264986e+00 7.533302784345652251e-05
6.000000000000000888e-01 1.735088235935677181e+00 1.055665619152589506e-04
6.000000000000000888e-01 2.285505905829834816e+00 1.403498199238243998e-04
6.000000000000000888e-01 3.010531186482380051e+00 1.617139438737055551e-04
6.000000000000000888e-01 3.965554410366859628e+00 1.582258610363347444e-04
6.000000000000000888e-01 5.223537245583054656e+00 1.355470775764746445e-04
6.000000000000000888e-01 6.880586806390380339e+00 1.112099108717683367e-04
6.000000000000000888e-01 9.063298024783007278e+00 9.837230428491726289e-05
6.000000000000000888e-01 1.193842522410218088e+01 9.863388165307795290e-05
6.000000000000000888e-01 1.572562178158005253e+01 1.081869339345488076e-04
6.000000000000000888e-01 2.071422116193744145e+01 1.222800453058012942e-04
6.000000000000000888e-01 2.728534135599340615e+01 1.368467785301121875e-04
6.000000000000000888e-01 3.594100145464750540e+01 1.509435855872920439e-04
6.000000000000000888e-01 4.734247480027337218e+01 1.701521566651642602e-04
6.000000000000000888e-01 6.236080881170593671e+01 2.095650368044344629e-04
6.000000000000000888e-01 8.214337108603555748e+01 3.055160342891324399e-04
6.000000000000000888e-01 1.082015057526248683e+02 5.231074555601737631e-04
6.000000000000000888e-01 1.126434958451435904e+02 5.662180749121116215e-04
6.000000000000000888e-01 1.288179465306000964e+02 7.309349960981700173e-04
6.000000000000000888e-01 1.425259968314792047e+02 8.714930072795858823e-04
6.000000000000000888e-01 1.449923972160566166e+02 8.973207381904779907e-04
6.000000000000000888e-01 1.611668479015131368e+02 1.066295970869228201e-03
6.000000000000000888e-01 1.773412985869696570e+02 1.236710704488877197e-03
6.000000000000000888e-01 1.877391597419059792e+02 1.344988074085478073e-03
6.000000000000000888e-01 1.935157492724261772e+02 1.402631019195335529e-03
6.000000000000000888e-01 2.096901999578826690e+02 1.557477307972589525e-03
6.000000000000000888e-01 2.258646506433391892e+02 1.696038519774551280e-03
6.000000000000000888e-01 2.420391013287957094e+02 1.815858965922183006e-03
6.000000000000000888e-01 2.582135520142522296e+02 1.910968217131036109e-03
6.000000000000000888e-01 2.743880026997087498e+02 1.979594083982160954e-03
6.000000000000000888e-01 2.905624533851652700e+02 2.020107046521273098e-03
6.000000000000000888e-01 3.067369040706217902e+02 2.031959225391048989e-03
6.000000000000000888e-01 3.229113547560783104e+02 2.016290250366664476e-03
6.000000000000000888e-01 3.390858054415348306e+02 1.973329041795104499e-03
6.000000000000000888e-01 3.552602561269913508e+02 1.905662136544136916e-03
6.000000000000000888e-01 3.714347068124478710e+02 1.816562970955955475e-03
6.000000000000000888e-01 3.876091574979043912e+02 1.710012926774090534e-03
6.000000000000000888e-01 4.037836081833609114e+02 1.588860438875755498e-03
6.000000000000000888e-01 4.199580588688174316e+02 1.458272640348773613e-03
6.000000000000000888e-01 4.361325095542739518e+02 1.322256221241965889e-03
6.000000000000000888e-01 4.523069602397304720e+02 1.184005682846439242e-03
6.000000000000000888e-01 4.684814109251869922e+02 1.047555626313623721e-03
6.000000000000000888e-01 4.846558616106435124e+02 9.149584914281676945e-04
6.000000000000000888e-01 5.008303122960999758e+02 7.896345540947033838e-04
6.000000000000000888e-01 5.170047629815564960e+02 6.728294237698511380e-04
6.000000000000000888e-01 5.331792136670129594e+02 5.664171057888197020e-04
6.000000000000000888e-01 5.493536643524695364e+02 4.708508845971714801e-04
6.000000000000000888e-01 5.655281150379259998e+02 3.862717944988851271e-04
6.000000000000000888e-01 5.817025657233825768e+02 3.127675863640008475e-04
6.000000000000000888e-01 5.978770164088390402e+02 2.494042864410386936e-04
6.000000000000000888e-01 6.140514670942956172e+02 1.959792444541433038e-04
6.000000000000000888e-01 6.302259177797520806e+02 1.514419989385735587e-04
6.000000000000000888e-01 6.464003684652085440e+02 1.147739330923516830e-04
6.000000000000000888e-01 6.625748191506651210e+02 8.489980322061763704e-05
6.000000000000000888e-01 6.787492698361215844e+02 6.075660194164416567e-05
6.000000000000000888e-01 6.949237205215781614e+02 4.158458978318173158e-05
6.000000000000000888e-01 7.110981712070346248e+02 2.635236773402063748e-05
6.000000000000000888e-01 7.272726218924912018e+02 1.404360195391129341e-05
6.000000000000000888e-01 7.434470725779476652e+02 4.041070299137228748e-06
6.000000000000000888e-01 7.509566389676239169e+02 0.000000000000000000e+00
7.000000000000000666e-01 1.000000000000000000e+00 4.395018254777467102e-05
7.000000000000000666e-01 1.317339084212676203e+00 6.774742440270496919e-05
7.000000000000000666e-01 1.735382262794292307e+00 9.672708624988494411e-05
7.000000000000000666e-01 2.286086880828354762e+00 1.231379074397753910e-04
7.000000000000000666e-01 3.011551598021038334e+00 1.346940750807957014e-04
7.000000000000000666e-01 3.967234624196255943e+00 1.252127604955471853e-04
7.000000000000000666e-01 5.226193226695516891e+00 1.039386212947565613e-04
7.000000000000000666e-01 6.884668599173562775e+00 8.617814609329903924e-05
7.000000000000000666e-01 9.069443027543069746e+00 8.048160403115432206e-05
7.000000000000000666e-01 1.194753177222262686e+01 8.654045360450879397e-05
7.000000000000000666e-01 1.573895056342160892e+01 1.004257224743069035e-04
7.000000000000000666e-01 2.073353472168640721e+01 1.181420781333763776e-04
7.000000000000000666e-01 2.731309564275809976e+01 1.360801013287574624e-04
7.000000000000000666e-01 3.598060840104419356e+01 1.533821803850501074e-04
7.000000000000000666e-01 4.739866172044646220e+01 1.760826988889478933e-04
7.000000000000000666e-01 6.244010962371937978e+01 2.205311922396072826e-04
7.000000000000000666e-01 8.225479682984959595e+01 3.274702884039164784e-04
7.000000000000000666e-01 1.083574587279337749e+02 5.732558042669509430e-04
7.000000000000000666e-01 1.128249671507525420e+02 6.225238439956748242e-04
7.000000000000000666e-01 1.290254752544503276e+02 8.131437789988014498e-04
7.000000000000000666e-01 1.427435154482691360e+02 9.773987248992632108e-04
7.000000000000000666e-01 1.452259833581481416e+02 1.008646106315286414e-03
7.000000000000000666e-01 1.614264914618459557e+02 1.209792602856518077e-03
7.000000000000000666e-01 1.776269995655437413e+02 1.415771618467654824e-03
7.000000000000000666e-01 1.880416119179208749e+02 1.547593528648833362e-03
7.000000000000000666e-01 1.938275076692415269e+02 1.619092834014696858e-03
7.000000000000000666e-01 2.100280157729393409e+02 1.810609599681982807e-03
7.000000000000000666e-01 2.262285238766371549e+02 1.985329177381113357e-03
7.000000000000000666e-01 2.424290319803349405e+02 2.137561708899172498e-03
7.000000000000000666e-01 2.586295400840327829e+02 2.262635208842390250e-03
7.000000000000000666e-01 2.748300481877305401e+02 2.355479724981633053e-03
7.000000000000000666e-01 2.910305562914282973e+02 2.415168937048877383e-03
7.000000000000000666e-01 3.072310643951261682e+02 2.440390900838321653e-03
7.000000000000000666e-01 3.234315724988239253e+02 2.429630961425957407e-03
7.000000000000000666e-01 3.396320806025217394e+02 2.385692638074535070e-03
7.000000000000000666e-01 3.558325887062195534e+02 2.310547215444161244e-03
7.000000000000000666e-01 3.720330968099173106e+02 2.209343246260168404e-03
7.000000000000000666e-01 3.882336049136151814e+02 2.084009088745341753e-03
7.000000000000000666e-01 4.044341130173129386e+02 1.940700789459490466e-03
7.000000000000000666e-01 4.206346211210106958e+02 1.784140810037961869e-03
7.000000000000000666e-01 4.368351292247085667e+02 1.620433993692250779e-03
7.000000000000000666e-01 4.530356373284063238e+02 1.452102469885688989e-03
7.000000000000000666e-01 4.692361454321040810e+02 1.286278164925830445e-03
7.000000000000000666e-01 4.854366535358019519e+02 1.124940181361668793e-03
7.000000000000000666e-01 5.016371616394997091e+02 9.718133918081311605e-04
7.000000000000000666e-01 5.178376697431975799e+02 8.285197053412435286e-04
7.000000000000000666e-01 5.340381778468953371e+02 6.978863303245555700e-04
7.000000000000000666e-01 5.502386859505930943e+02 5.804549853884739385e-04
7.000000000000000666e-01 5.664391940542909651e+02 4.762417031835542683e-04
7.000000000000000666e-01 5.826397021579887223e+02 3.859701569836475094e-04
7.000000000000000666e-01 5.988402102616864795e+02 3.078284254551938697e-04
7.000000000000000666e-01 6.150407183653843504e+02 2.419495182463725304e-04
7.000000000000000666e-01 6.312412264690821075e+02 1.870179192806010386e-04
7.000000000000000666e-01 6.474417345727798647e+02 1.414920971023125797e-04
7.000000000000000666e-01 6.636422426764777356e+02 1.045359389762815221e-04
7.000000000000000666e-01 6.798427507801754928e+02 7.457159829858092713e-05
7.000000000000000666e-01 6.960432588838733636e+02 5.045729669258117639e-05
7.000000000000000666e-01 7.122437669875711208e+02 3.119319341716374579e-05
7.000000000000000666e-01 7.284442750912688780e+02 1.599884697176459913e-05
7.000000000000000666e-01 7.446447831949667489e+02 4.384198083703538179e-06
7.000000000000000666e-01 7.521664476716836134e+02 0.000000000000000000e+00
8.000000000000000444e-01 1.000000000000000000e+00 4.209684031657805848e-05
8.000000000000000444e-01 1.317374922165694295e+00 6.309530453004764115e-05
8.000000000000000444e-01 1.735476685551069265e+00 8.632245802946983892e-05
8.000000000000000444e-01 2.286273463548217144e+00 1.035265844156237075e-04
8.000000000000000444e-01 3.011879326091325471e+00 1.052468776404343141e-04
8.000000000000000444e-01 3.967774292782023871e+00 9.119214975688136511e-05
8.000000000000000444e-01 5.227046350124760821e+00 7.328531071441246527e-05
8.000000000000000444e-01 6.885979778652085770e+00 6.342972664820312135e-05
8.000000000000000444e-01 9.071417074936334757e+00 6.448096664939012329e-05
8.000000000000000444e-01 1.195045736302680872e+01 7.555377220242553797e-05
8.000000000000000444e-01 1.574323283846188914e+01 9.304894968670074731e-05
8.000000000000000444e-01 2.073974013520513182e+01 1.136816391903677743e-04
8.000000000000000444e-01 2.732201354635258639e+01 1.343326197733823557e-04
8.000000000000000444e-01 3.599333546903628189e+01 1.542317242626496177e-04
8.000000000000000444e-01 4.741671751200541962e+01 1.796342662669769949e-04
8.000000000000000444e-01 6.246559454173085868e+01 2.278567511262933741e-04
8.000000000000000444e-01 8.229060774744650075e+01 3.427077949526523542e-04
8.000000000000000444e-01 1.084075829762600733e+02 6.083001834776341141e-04
8.000000000000000444e-01 1.128832996753453983e+02 6.621128717501902289e-04
8.000000000000000444e-01 1.290921837312924367e+02 8.708363346798260029e-04
8.000000000000000444e-01 1.428134311855216367e+02 1.051659445124796324e-03
8.000000000000000444e-01 1.453010677872394751e+02 1.086544593790713048e-03
8.000000000000000444e-01 1.615099518431865135e+02 1.309691157539850069e-03
8.000000000000000444e-01 1.777188358991335235e+02 1.539398889882239276e-03
8.000000000000000444e-01 1.881388327922423116e+02 1.686908285937371637e-03
8.000000000000000444e-01 1.939277199550805904e+02 1.767046428705437667e-03
8.000000000000000444e-01 2.101366040110276003e+02 1.982454350204610784e-03
8.000000000000000444e-01 2.263454880669746387e+02 2.179508951561807354e-03
8.000000000000000444e-01 2.425543721229216771e+02 2.351408663955283258e-03
8.000000000000000444e-01 2.587632561788686871e+02 2.492225331605280817e-03
8.000000000000000444e-01 2.749721402348157540e+02 2.598268703628537311e-03
8.000000000000000444e-01 2.911810242907628208e+02 2.666544899064352339e-03
8.000000000000000444e-01 3.073899083467098308e+02 2.695897718759149037e-03
8.000000000000000444e-01 3.235987924026568407e+02 2.685583218549135454e-03
8.000000000000000444e-01 3.398076764586038507e+02 2.638011006287258042e-03
8.000000000000000444e-01 3.560165605145509176e+02 2.554339202963014539e-03
8.000000000000000444e-01 3.722254445704979844e+02 2.441579035493190563e-03
8.000000000000000444e-01 3.884343286264449944e+02 2.302600624991697851e-03
8.000000000000000444e-01 4.046432126823920044e+02 2.143136572523447834e-03
8.000000000000000444e-01 4.208520967383390143e+02 1.969071487757947068e-03
8.000000000000000444e-01 4.370609807942861380e+02 1.785649366996132749e-03
8.000000000000000444e-01 4.532698648502331480e+02 1.599567047590282065e-03
8.000000000000000444e-01 4.694787489061801580e+02 1.414598499394990839e-03
8.000000000000000444e-01 4.856876329621271680e+02 1.235286355681142895e-03
8.000000000000000444e-01 5.018965170180741779e+02 1.065719933376435948e-03
8.000000000000000444e-01 5.181054010740213016e+02 9.076262100310011904e-04
8.000000000000000444e-01 5.343142851299683116e+02 7.632415244514173048e-04
8.000000000000000444e-01 5.505231691859153216e+02 6.336746443693975529e-04
8.000000000000000444e-01 5.667320532418623316e+02 5.190682512625652495e-04
8.000000000000000444e-01 5.829409372978094552e+02 4.193613255488868783e-04
8.000000000000000444e-01 5.991498213537564652e+02 3.337297339934474586e-04
8.000000000000000444e-01 6.153587054097034752e+02 2.612605645929111896e-04
8.000000000000000444e-01 6.315675894656504852e+02 2.007763420692485542e-04
8.000000000000000444e-01 6.477764735215974952e+02 1.507097739588073991e-04
8.000000000000000444e-01 6.639853575775445051e+02 1.101772454582415270e-04
8.000000000000000444e-01 6.801942416334916288e+02 7.755050362275633306e-05
8.000000000000000444e-01 6.964031256894386388e+02 5.186598880222741999e-05
8.000000000000000444e-01 7.126120097453856488e+02 3.186055494783967190e-05
8.000000000000000444e-01 7.288208938013326588e+02 1.632120098885271261e-05
8.000000000000000444e-01 7.450297778572796688e+02 4.372960970150835367e-06
8.000000000000000444e-01 7.525553311689693601e+02 0.000000000000000000e+00
9.000000000000000222e-01 1.000000000000000000e+00 4.062454555847991859e-05
9.000000000000000222e-01 1.317389251836014630e+00 5.944890608290166484e-05
9.000000000000000222e-01 1.735514440853054507e+00 7.834311788706572869e-05
9.000000000000000222e-01 2.286348070786004882e+00 8.898098684183642965e-05
9.000000000000000222e-01 3.012010374409490598e+00 8.441650554433608865e-05
9.000000000000000222e-01 3.967990093665633378e+00 6.855655425651341914e-05
9.000000000000000222e-01 5.227387500786886854e+00 5.424852256848774237e-05
9.000000000000000222e-01 6.886504108718571437e+00 4.996254174343724700e-05
9.000000000000000222e-01 9.072206495550400263e+00 5.580687975624722938e-05
9.000000000000000222e-01 1.195162732767497715e+01 6.918242541423749053e-05
9.000000000000000222e-01 1.574494538342860217e+01 8.848430562359858777e-05
9.000000000000000222e-01 2.074222181887391514e+01 1.109329158592470174e-04
9.000000000000000222e-01 2.732558008338297029e+01 1.331811823642504479e-04
9.000000000000000222e-01 3.599842550203300817e+01 1.545932255148023773e-04
9.000000000000000222e-01 4.742393883939776345e+01 1.817459844554211560e-04
9.000000000000000222e-01 6.247578730675112269e+01 2.324273146504119293e-04
9.000000000000000222e-01 8.230493069790686889e+01 3.518727991340379500e-04
9.000000000000000222e-01 1.084276310745305949e+02 6.291537124893966087e-04
9.000000000000000222e-01 1.129066317104010579e+02 6.855834200440307251e-04
9.000000000000000222e-01 1.291188660072791663e+02 9.048934800197891469e-04
9.000000000000000222e-01 1.428413957796273053e+02 1.095377427501285049e-03
9.000000000000000222e-01 1.453311003041572462e+02 1.132041365349843124e-03
9.000000000000000222e-01 1.615433346010353546e+02 1.367559316850607562e-03
9.000000000000000222e-01 1.777555688979134629e+02 1.609758652232078004e-03
9.000000000000000222e-01 1.881777195173351345e+02 1.766034435154096227e-03
9.000000000000000222e-01 1.939678031947915713e+02 1.850193529956231219e-03
9.000000000000000222e-01 2.101800374916696796e+02 2.078029674080873052e-03
9.000000000000000222e-01 2.263922717885477596e+02 2.285636835669170759e-03
9.000000000000000222e-01 2.426045060854258679e+02 2.466008558614840585e-03
9.000000000000000222e-01 2.588167403823039763e+02 2.613914779539432739e-03
9.000000000000000222e-01 2.750289746791820562e+02 2.725165541451779559e-03
9.000000000000000222e-01 2.912412089760601930e+02 2.795680535442016720e-03
9.000000000000000222e-01 3.074534432729382729e+02 2.824741469720142961e-03
9.000000000000000222e-01 3.236656775698163528e+02 2.811324536934499928e-03
9.000000000000000222e-01 3.398779118666944896e+02 2.759003469793085399e-03
9.000000000000000222e-01 3.560901461635725695e+02 2.669582622728057693e-03
9.000000000000000222e-01 3.723023804604506495e+02 2.549587245275282150e-03
9.000000000000000222e-01 3.885146147573287863e+02 2.402063311974471718e-03
9.000000000000000222e-01 4.047268490542069230e+02 2.234197303537269370e-03
9.000000000000000222e-01 4.209390833510849461e+02 2.050456869549869589e-03
9.000000000000000222e-01 4.371513176479630829e+02 1.857790439297475789e-03
9.000000000000000222e-01 4.533635519448412197e+02 1.662254817898005778e-03
9.000000000000000222e-01 4.695757862417192428e+02 1.468172439976629358e-03
9.000000000000000222e-01 4.857880205385973795e+02 1.280811049511902146e-03
9.000000000000000222e-01 5.020002548354755163e+02 1.102914179058370539e-03
9.000000000000000222e-01 5.182124891323535394e+02 9.379644353272871375e-04
9.000000000000000222e-01 5.344247234292316762e+02 7.870817840351941033e-04
9.000000000000000222e-01 5.506369577261098129e+02 6.518329801579497880e-04
9.000000000000000222e-01 5.668491920229878360e+02 5.322973878653810241e-04
9.000000000000000222e-01 5.830614263198659728e+02 4.284870949262073762e-04
9.000000000000000222e-01 5.992736606167441096e+02 3.396321841949773352e-04
9.000000000000000222e-01 6.154858949136222463e+02 2.648273354847718842e-04
9.000000000000000222e-01 6.316981292105002694e+02 2.027065702850106824e-04
9.000000000000000222e-01 6.479103635073784062e+02 1.519263096975109447e-04
9.000000000000000222e-01 6.641225978042564293e+02 1.107928444126600535e-04
9.000000000000000222e-01 6.803348321011345661e+02 7.800011797603087992e-05
9.000000000000000222e-01 6.965470663980127028e+02 5.208255952667391548e-05
9.000000000000000222e-01 7.127593006948907259e+02 3.196896664817689115e-05
9.000000000000000222e-01 7.289715349917688627e+02 1.639263380451785285e-05
9.000000000000000222e-01 7.451837692886469995e+02 4.451079274915195837e-06
9.000000000000000222e-01 7.527108780693404242e+02 0.000000000000000000e+00
1.000000000000000000e+00 1.000000000000000000e+00 4.006871872052967501e-05
1.000000000000000000e+00 1.317393267171306448e+00 5.808399261526751405e-05
1.000000000000000000e+00 1.735525020388289485e+00 7.539864866185774653e-05
1.000000000000000000e+00 2.286368976866877123e+00 8.372371597268340071e-05
1.000000000000000000e+00 3.012047096393772438e+00 7.712079769612723153e-05
1.000000000000000000e+00 3.968050565192039691e+00 6.095504986520062054e-05
1.000000000000000000e+00 5.227483098379289927e+00 4.815480852164284552e-05
1.000000000000000000e+00 6.886651038056678331e+00 4.582722008723601333e-05
1.000000000000000000e+00 9.072427710894157116e+00 5.308326520112659577e-05
1.000000000000000000e+00 1.195195518323035166e+01 6.762100647644268185e-05
1.000000000000000000e+00 1.574542528792086493e+01 8.747650124810298859e-05
1.000000000000000000e+00 2.074291726305577654e+01 1.095026300000411179e-04
1.000000000000000000e+00 2.732657954384114163e+01 1.330397781969196625e-04
1.000000000000000000e+00 3.599985190587747041e+01 1.549822055538012085e-04
1.000000000000000000e+00 4.742596251996712908e+01 1.825148998448496694e-04
1.000000000000000000e+00 6.247864371292341445e+01 2.338031962433166112e-04
1.000000000000000000e+00 8.230894456940018244e+01 3.549223070293015879e-04
1.000000000000000000e+00 1.084332494037040675e+02 6.360372328554892265e-04
1.000000000000000000e+00 1.129131704292791625e+02 6.933542634738841786e-04
1.000000000000000000e+00 1.291263436191243841e+02 9.161615146983463067e-04
1.000000000000000000e+00 1.428492327019468746e+02 1.109679012258467812e-03
1.000000000000000000e+00 1.453395168089695915e+02 1.146932857266632928e-03
1.000000000000000000e+00 1.615526899988147989e+02 1.386477902387986925e-03
1.000000000000000000e+00 1.777658631886600347e+02 1.632400736532438118e-03
1.000000000000000000e+00 1.881886173821319517e+02 1.791144765268872082e-03
1.000000000000000000e+00 1.939790363785052136e+02 1.877031130841158796e-03
1.000000000000000000e+00 2.101922095683504494e+02 2.108012171241301774e-03
1.000000000000000000e+00 2.264053827581956853e+02 2.319007722083896682e-03
1.000000000000000000e+00 2.426185559480408642e+02 2.501322560192956092e-03
1.000000000000000000e+00 2.588317291378861000e+02 2.651116844061344058e-03
1.000000000000000000e+00 2.750449023277312790e+02 2.763038180938620202e-03
1.000000000000000000e+00 2.912580755175765148e+02 2.833401198393692682e-03
1.000000000000000000e+00 3.074712487074217506e+02 2.862593671735864063e-03
1.000000000000000000e+00 3.236844218972669296e+02 2.847453069348505894e-03
1.000000000000000000e+00 3.398975950871121654e+02 2.793757751945341941e-03
1.000000000000000000e+00 3.561107682769574012e+02 2.702252786633671435e-03
1.000000000000000000e+00 3.723239414668025802e+02 2.579277494064524581e-03
1.000000000000000000e+00 3.885371146566478160e+02 2.428970599416332022e-03
1.000000000000000000e+00 4.047502878464929950e+02 2.258290177332004153e-03
1.000000000000000000e+00 4.209634610363382308e+02 2.072027408074692684e-03
1.000000000000000000e+00 4.371766342261834097e+02 1.877049619219543037e-03
1.000000000000000000e+00 4.533898074160286455e+02 1.679270328002486785e-03
1.000000000000000000e+00 4.696029806058738814e+02 1.483225766035063849e-03
1.000000000000000000e+00 4.858161537957190603e+02 1.293389005806671590e-03
1.000000000000000000e+00 5.020293269855642961e+02 1.112948974953962286e-03
1.000000000000000000e+00 5.182425001754095319e+02 9.442576812836479816e-04
1.000000000000000000e+00 5.344556733652547109e+02 7.912199726996774381e-04
1.000000000000000000e+00 5.506688465551000036e+02 6.540393388836473034e-04
1.000000000000000000e+00 5.668820197449451825e+02 5.346263215663715805e-04
1.000000000000000000e+00 5.830951929347903615e+02 4.297529283222903916e-04
1.000000000000000000e+00 5.993083661246356542e+02 3.417702001633453465e-04
1.000000000000000000e+00 6.155215393144808331e+02 2.662682434859921167e-04
1.000000000000000000e+00 6.317347125043260121e+02 2.015932786660553928e-04
1.000000000000000000e+00 6.479478856941711911e+02 1.527432570523734438e-04
1.000000000000000000e+00 6.641610588840164837e+02 1.117510037608591045e-04
1.000000000000000000e+00 6.803742320738616627e+02 7.888921384556799943e-05
1.000000000000000000e+00 6.965874052637068417e+02 5.238683400668076327e-05
1.000000000000000000e+00 7.128005784535521343e+02 3.266326502430884988e-05
1.000000000000000000e+00 7.290137516433973133e+02 1.604021195187528998e-05
1.000000000000000000e+00 7.452269248332424922e+02 4.104393308756539240e-06
1.000000000000000000e+00 7.527544695285278067e+02 0.000000000000000000e+00
