# mx [GeV]: 30.0
# sigma_p [cm^2]: 3.31131121483e-31
# depth [m]: 10.6
# loc: SUF
# Columns: gamma/pi, v [km/s], f(v, gamma) [s/km]
0.000000000000000000e+00 1.000000000000000000e+00 6.031622571691394250e-03
0.000000000000000000e+00 1.153289396048079007e+00 5.382693247268844315e-03
0.000000000000000000e+00 1.330076431036942619e+00 4.258857758824808985e-03
0.000000000000000000e+00 1.533963043848379781e+00 4.251737437881444870e-03
0.000000000000000000e+00 1.769103312399970651e+00 4.065521676663227078e-03
0.000000000000000000e+00 2.040288090704418078e+00 3.768796637232697637e-03
0.000000000000000000e+00 2.353042619892586007e+00 3.523862557721015639e-03
0.000000000000000000e+00 2.713739101971309964e+00 2.971716030872481769e-03
0.000000000000000000e+00 3.129726529944548474e+00 2.882363170883081322e-03
0.000000000000000000e+00 3.609480419515397998e+00 2.717175433984432217e-03
0.000000000000000000e+00 4.162775493070279609e+00 2.630463005322505442e-03
0.000000000000000000e+00 4.800884834286767600e+00 2.253162338163907860e-03
0.000000000000000000e+00 5.536809571030965493e+00 2.168075696028690189e-03
0.000000000000000000e+00 6.385543766207525174e+00 2.045667809237320094e-03
0.000000000000000000e+00 7.364379913568052771e+00 1.850171520201839784e-03
0.000000000000000000e+00 8.493261262787502375e+00 1.761107651908093083e-03
0.000000000000000000e+00 9.015273979845440877e+00 1.685590202188414930e-03
0.000000000000000000e+00 9.795188152238743839e+00 1.628404960245857184e-03
0.000000000000000000e+00 1.030977485900273471e+01 1.551962782166570491e-03
0.000000000000000000e+00 1.129668662827271852e+01 1.491582081426775673e-03
0.000000000000000000e+00 1.160427573816002855e+01 1.471827739587784883e-03
0.000000000000000000e+00 1.289877661731732417e+01 1.368603060244055541e-03
0.000000000000000000e+00 1.302834889886505287e+01 1.360338527365293360e-03
0.000000000000000000e+00 1.419327749647461800e+01 1.286465173650469963e-03
0.000000000000000000e+00 1.502545663307573243e+01 1.204450140792535538e-03
0.000000000000000000e+00 1.548777837563191184e+01 1.179934220053788013e-03
0.000000000000000000e+00 1.678227925478920568e+01 1.108001031172903836e-03
0.000000000000000000e+00 1.807678013394649952e+01 1.003443870723234529e-03
0.000000000000000000e+00 1.937128101310379336e+01 9.416086159819415892e-04
0.000000000000000000e+00 2.066578189226108719e+01 8.520237322079607508e-04
0.000000000000000000e+00 2.196028277141838103e+01 7.965564965854591900e-04
0.000000000000000000e+00 2.325478365057567487e+01 7.263074192180407444e-04
0.000000000000000000e+00 2.454928452973297226e+01 6.742281654553445441e-04
0.000000000000000000e+00 2.584378540889026254e+01 5.957141004822514348e-04
0.000000000000000000e+00 2.713828628804755994e+01 5.599101356916387495e-04
0.000000000000000000e+00 2.843278716720485022e+01 5.152635561454962628e-04
0.000000000000000000e+00 2.972728804636214761e+01 4.556675244225941493e-04
0.000000000000000000e+00 3.102178892551943790e+01 4.184476758753012150e-04
0.000000000000000000e+00 3.231628980467673529e+01 3.703608086289972290e-04
0.000000000000000000e+00 3.361079068383402557e+01 3.318198884529147152e-04
0.000000000000000000e+00 3.490529156299132296e+01 3.030744044639366460e-04
0.000000000000000000e+00 3.619979244214861325e+01 2.627892738871963232e-04
0.000000000000000000e+00 3.749429332130591064e+01 2.394847169225764122e-04
0.000000000000000000e+00 3.878879420046320092e+01 2.090185027874821638e-04
0.000000000000000000e+00 4.008329507962049831e+01 1.843932059869643372e-04
0.000000000000000000e+00 4.137779595877778860e+01 1.672764501547362160e-04
0.000000000000000000e+00 4.267229683793508599e+01 1.423710710994573452e-04
0.000000000000000000e+00 4.396679771709237627e+01 1.220651155826358604e-04
0.000000000000000000e+00 4.526129859624967366e+01 1.066482324382513172e-04
0.000000000000000000e+00 4.655579947540696395e+01 9.640641112706268992e-05
0.000000000000000000e+00 4.785030035456426134e+01 8.040172097741973855e-05
0.000000000000000000e+00 4.914480123372155163e+01 6.964457555784260968e-05
0.000000000000000000e+00 5.043930211287884902e+01 5.853338488153873908e-05
0.000000000000000000e+00 5.173380299203614641e+01 4.517877851055937668e-05
0.000000000000000000e+00 5.302830387119343669e+01 3.619617105121972808e-05
0.000000000000000000e+00 5.432280475035073408e+01 2.765313992717784736e-05
0.000000000000000000e+00 5.561730562950802437e+01 2.149559087446895492e-05
0.000000000000000000e+00 5.691180650866532176e+01 1.731563186836360398e-05
0.000000000000000000e+00 5.820630738782261204e+01 8.334651639995422552e-06
0.000000000000000000e+00 5.950080826697990943e+01 2.052566603512002328e-06
0.000000000000000000e+00 6.010182653230293681e+01 0.000000000000000000e+00
1.000000000000000056e-01 1.000000000000000000e+00 6.839424914687084953e-03
1.000000000000000056e-01 1.155697267088255487e+00 6.067048786679639198e-03
1.000000000000000056e-01 1.335636173155262618e+00 5.351895908160504006e-03
1.000000000000000056e-01 1.543591075139753022e+00 4.684728800657875052e-03
1.000000000000000056e-01 1.783923987040834769e+00 4.524903369492752625e-03
1.000000000000000056e-01 2.061676076516277600e+00 4.230365945001182161e-03
1.000000000000000056e-01 2.382673407251098663e+00 3.802599438990077619e-03
1.000000000000000056e-01 2.753649145123957087e+00 3.466608898694540589e-03
1.000000000000000056e-01 3.182384791539668356e+00 3.182966677749607051e-03
1.000000000000000056e-01 3.677873406405621992e+00 3.033267940092756326e-03
1.000000000000000056e-01 4.250508244479551223e+00 2.762679315262727905e-03
1.000000000000000056e-01 4.912300761881115641e+00 2.543980539192890362e-03
1.000000000000000056e-01 5.677132565621560545e+00 2.397316304790291126e-03
1.000000000000000056e-01 6.561046590986574500e+00 2.228144694461477084e-03
1.000000000000000056e-01 7.582583614441899655e+00 2.100881919143295085e-03
1.000000000000000056e-01 8.763171160678691507e+00 1.922376758249468368e-03
1.000000000000000056e-01 9.379698741647509053e+00 1.854493558194097308e-03
1.000000000000000056e-01 1.012757296142297925e+01 1.780519913625639708e-03
1.000000000000000056e-01 1.072652727890971569e+01 1.714513639333870541e-03
1.000000000000000056e-01 1.170440839375344666e+01 1.626111052868555633e-03
1.000000000000000056e-01 1.207335581617192233e+01 1.594480948902447619e-03
1.000000000000000056e-01 1.342018435343412719e+01 1.483398727795520169e-03
1.000000000000000056e-01 1.352675279354569504e+01 1.474307730196366484e-03
1.000000000000000056e-01 1.476701289069633560e+01 1.384218397443110534e-03
1.000000000000000056e-01 1.563283123607918412e+01 1.318823231059475156e-03
1.000000000000000056e-01 1.611384142795854046e+01 1.281608419685705946e-03
1.000000000000000056e-01 1.746066996522074533e+01 1.188747919891208543e-03
1.000000000000000056e-01 1.880749850248295374e+01 1.100766483224008968e-03
1.000000000000000056e-01 2.015432703974516215e+01 1.013546771691422720e-03
1.000000000000000056e-01 2.150115557700736701e+01 9.341349096881245090e-04
1.000000000000000056e-01 2.284798411426957188e+01 8.608232119821846622e-04
1.000000000000000056e-01 2.419481265153178029e+01 7.847030903646163820e-04
1.000000000000000056e-01 2.554164118879398515e+01 7.213117793159268742e-04
1.000000000000000056e-01 2.688846972605619357e+01 6.550136079329023408e-04
1.000000000000000056e-01 2.823529826331839843e+01 5.969326848230647889e-04
1.000000000000000056e-01 2.958212680058060684e+01 5.385290962339331963e-04
1.000000000000000056e-01 3.092895533784281170e+01 4.881226259870359834e-04
1.000000000000000056e-01 3.227578387510502012e+01 4.410646793175869006e-04
1.000000000000000056e-01 3.362261241236722498e+01 3.931000373312879231e-04
1.000000000000000056e-01 3.496944094962942984e+01 3.535443587584137797e-04
1.000000000000000056e-01 3.631626948689164180e+01 3.156019470736950105e-04
1.000000000000000056e-01 3.766309802415383956e+01 2.811273555048928786e-04
1.000000000000000056e-01 3.900992656141605153e+01 2.488052999219229639e-04
1.000000000000000056e-01 4.035675509867825639e+01 2.203956812446404177e-04
1.000000000000000056e-01 4.170358363594046125e+01 1.928963463786965494e-04
1.000000000000000056e-01 4.305041217320266611e+01 1.702437650017931032e-04
1.000000000000000056e-01 4.439724071046487808e+01 1.479272071028706688e-04
1.000000000000000056e-01 4.574406924772708294e+01 1.281698702093379914e-04
1.000000000000000056e-01 4.709089778498928780e+01 1.112740810673346813e-04
1.000000000000000056e-01 4.843772632225149266e+01 9.470849861894692812e-05
1.000000000000000056e-01 4.978455485951370463e+01 8.034971223193487365e-05
1.000000000000000056e-01 5.113138339677590949e+01 6.760965493424016455e-05
1.000000000000000056e-01 5.247821193403811435e+01 5.624993088169823175e-05
1.000000000000000056e-01 5.382504047130031921e+01 4.590705537965471885e-05
1.000000000000000056e-01 5.517186900856252407e+01 3.612233573856437507e-05
1.000000000000000056e-01 5.651869754582473604e+01 2.783480144319683280e-05
1.000000000000000056e-01 5.786552608308694090e+01 2.071294795330299991e-05
1.000000000000000056e-01 5.921235462034914576e+01 1.383769206975902751e-05
1.000000000000000056e-01 6.055918315761135062e+01 7.798227688708992623e-06
1.000000000000000056e-01 6.190601169487356259e+01 2.396555017411637092e-06
1.000000000000000056e-01 6.253132494431672939e+01 0.000000000000000000e+00
2.000000000000000111e-01 1.000000000000000000e+00 9.521843028107821946e-03
2.000000000000000111e-01 1.162255571345081950e+00 8.537470059141195541e-03
2.000000000000000111e-01 1.350838013122683146e+00 7.522197326835010876e-03
2.000000000000000111e-01 1.570019006736559586e+00 6.731712055679274498e-03
2.000000000000000111e-01 1.824763337697238086e+00 6.048967083875967515e-03
2.000000000000000111e-01 2.120841355624862423e+00 5.677406619279930580e-03
2.000000000000000111e-01 2.464959681514053091e+00 5.187818296130138063e-03
2.000000000000000111e-01 2.864913122980706994e+00 4.718151013280384894e-03
2.000000000000000111e-01 3.329761238603964557e+00 4.320587658709664804e-03
2.000000000000000111e-01 3.870033550816359469e+00 3.971614579405141100e-03
2.000000000000000111e-01 4.497968055728703618e+00 3.688253643287166001e-03
2.000000000000000111e-01 5.227788432502892491e+00 3.412318025954918892e-03
2.000000000000000111e-01 6.076026231489860763e+00 3.102370001070699213e-03
2.000000000000000111e-01 7.061895339187953091e+00 2.927417322415823506e-03
2.000000000000000111e-01 8.207727202227067309e+00 2.714517001935566783e-03
2.000000000000000111e-01 9.539476668868990927e+00 2.486961125943573051e-03
2.000000000000000111e-01 1.044437237170218502e+01 2.384396455324819947e-03
2.000000000000000111e-01 1.108730990610940914e+01 2.310597735404941542e-03
2.000000000000000111e-01 1.194407712251070386e+01 2.206034372137422386e-03
2.000000000000000111e-01 1.288628770960518111e+01 2.100769892876683340e-03
2.000000000000000111e-01 1.344378187331922270e+01 2.044072765154626367e-03
2.000000000000000111e-01 1.494348662412774154e+01 1.894762435157027304e-03
2.000000000000000111e-01 1.497715968444427936e+01 1.891925449054438846e-03
2.000000000000000111e-01 1.644319137493626215e+01 1.757687254324686926e-03
2.000000000000000111e-01 1.740728728617030896e+01 1.673456781968337553e-03
2.000000000000000111e-01 1.794289612574478099e+01 1.628055522896030942e-03
2.000000000000000111e-01 1.944260087655329983e+01 1.499947207478502000e-03
2.000000000000000111e-01 2.094230562736181867e+01 1.386603685568837951e-03
2.000000000000000111e-01 2.244201037817033750e+01 1.275091546878022366e-03
2.000000000000000111e-01 2.394171512897885634e+01 1.161867849881513494e-03
2.000000000000000111e-01 2.544141987978737518e+01 1.066428535745058900e-03
2.000000000000000111e-01 2.694112463059589402e+01 9.737917242334366780e-04
2.000000000000000111e-01 2.844082938140441286e+01 8.816029181360775756e-04
2.000000000000000111e-01 2.994053413221293169e+01 8.018088942403064695e-04
2.000000000000000111e-01 3.144023888302145053e+01 7.236083644018433776e-04
2.000000000000000111e-01 3.293994363382996937e+01 6.517678222357979308e-04
2.000000000000000111e-01 3.443964838463848821e+01 5.845290189820129831e-04
2.000000000000000111e-01 3.593935313544700705e+01 5.232829187207995456e-04
2.000000000000000111e-01 3.743905788625552589e+01 4.670200916265742318e-04
2.000000000000000111e-01 3.893876263706404472e+01 4.127466791054026311e-04
2.000000000000000111e-01 4.043846738787256356e+01 3.669730460756837802e-04
2.000000000000000111e-01 4.193817213868108240e+01 3.246163144381670833e-04
2.000000000000000111e-01 4.343787688948960124e+01 2.844085650872236960e-04
2.000000000000000111e-01 4.493758164029812008e+01 2.499848645279714255e-04
2.000000000000000111e-01 4.643728639110663892e+01 2.181928840217728588e-04
2.000000000000000111e-01 4.793699114191515775e+01 1.895182649670668529e-04
2.000000000000000111e-01 4.943669589272367659e+01 1.634921292076269917e-04
2.000000000000000111e-01 5.093640064353219543e+01 1.411869608826024484e-04
2.000000000000000111e-01 5.243610539434071427e+01 1.201594219135537490e-04
2.000000000000000111e-01 5.393581014514923311e+01 1.019305924379540631e-04
2.000000000000000111e-01 5.543551489595775195e+01 8.583651856586357214e-05
2.000000000000000111e-01 5.693521964676627078e+01 7.122700063044830408e-05
2.000000000000000111e-01 5.843492439757478962e+01 5.811348291960127794e-05
2.000000000000000111e-01 5.993462914838330846e+01 4.705309740561840686e-05
2.000000000000000111e-01 6.143433389919182730e+01 3.669180688655199077e-05
2.000000000000000111e-01 6.293403865000034614e+01 2.822437251595004895e-05
2.000000000000000111e-01 6.443374340080886498e+01 2.050717023969617561e-05
2.000000000000000111e-01 6.593344815161738381e+01 1.363198045245172512e-05
2.000000000000000111e-01 6.743315290242590265e+01 7.550239854116561140e-06
2.000000000000000111e-01 6.893285765323442149e+01 2.214081000225687917e-06
2.000000000000000111e-01 6.962914914468123584e+01 0.000000000000000000e+00
3.000000000000000444e-01 1.000000000000000000e+00 1.437771732567459139e-02
3.000000000000000444e-01 1.171705005272985378e+00 1.341979147895479806e-02
3.000000000000000444e-01 1.372892619381766544e+00 1.178404824964613025e-02
3.000000000000000444e-01 1.608625153831955146e+00 1.028611409844469755e-02
3.000000000000000444e-01 1.884834144352927732e+00 9.400780849847181417e-03
3.000000000000000444e-01 2.208469601047749808e+00 8.564490454001948139e-03
3.000000000000000444e-01 2.587674885540881764e+00 7.857856021704374277e-03
3.000000000000000444e-01 3.031991615407450436e+00 7.097977406690650012e-03
3.000000000000000444e-01 3.552599751718633403e+00 6.463460417743577442e-03
3.000000000000000444e-01 4.162598910820287657e+00 5.901011017096688925e-03
3.000000000000000444e-01 4.877337978752007253e+00 5.476484048121881693e-03
3.000000000000000444e-01 5.714801322111752846e+00 5.017547324459400125e-03
3.000000000000000444e-01 6.696061313259015435e+00 4.607903608919645608e-03
3.000000000000000444e-01 7.845808556360386099e+00 4.293640274605311190e-03
3.000000000000000444e-01 9.192973155901078997e+00 3.972724528184254540e-03
3.000000000000000444e-01 1.077145266010948532e+01 3.638975017262418513e-03
3.000000000000000444e-01 1.218144105483331430e+01 3.430382363557423799e-03
3.000000000000000444e-01 1.262096499591129728e+01 3.362492274536976831e-03
3.000000000000000444e-01 1.393057105245040539e+01 3.169703278862187092e-03
3.000000000000000444e-01 1.478804785708440939e+01 3.050917420888135754e-03
3.000000000000000444e-01 1.567970105006749648e+01 2.935475731133854738e-03
3.000000000000000444e-01 1.732722969236224841e+01 2.730980740021362804e-03
3.000000000000000444e-01 1.742883104768458935e+01 2.718524777691141894e-03
3.000000000000000444e-01 1.917796104530167867e+01 2.513296648239625106e-03
3.000000000000000444e-01 2.030240175805552738e+01 2.389960611000973775e-03
3.000000000000000444e-01 2.092709104291876798e+01 2.321485447012490693e-03
3.000000000000000444e-01 2.267622104053586085e+01 2.133176826051373220e-03
3.000000000000000444e-01 2.442535103815295372e+01 1.960373878046291121e-03
3.000000000000000444e-01 2.617448103577004304e+01 1.793955791027011977e-03
3.000000000000000444e-01 2.792361103338713235e+01 1.630400834439449343e-03
3.000000000000000444e-01 2.967274103100422522e+01 1.484186518757630137e-03
3.000000000000000444e-01 3.142187102862131809e+01 1.345444358225529212e-03
3.000000000000000444e-01 3.317100102623840741e+01 1.209710570436483765e-03
3.000000000000000444e-01 3.492013102385549672e+01 1.090246895849679171e-03
3.000000000000000444e-01 3.666926102147259314e+01 9.763330499065074391e-04
3.000000000000000444e-01 3.841839101908968246e+01 8.711535798754227976e-04
3.000000000000000444e-01 4.016752101670677177e+01 7.744522723204435568e-04
3.000000000000000444e-01 4.191665101432386109e+01 6.852609540838324820e-04
3.000000000000000444e-01 4.366578101194095041e+01 6.056858249944253262e-04
3.000000000000000444e-01 4.541491100955804683e+01 5.316659412041944022e-04
3.000000000000000444e-01 4.716404100717513614e+01 4.652922914868267714e-04
3.000000000000000444e-01 4.891317100479222546e+01 4.071342377744555292e-04
3.000000000000000444e-01 5.066230100240932188e+01 3.532793373192813025e-04
3.000000000000000444e-01 5.241143100002641120e+01 3.061278146265099167e-04
3.000000000000000444e-01 5.416056099764350051e+01 2.637802401650988799e-04
3.000000000000000444e-01 5.590969099526058983e+01 2.265689749394870145e-04
3.000000000000000444e-01 5.765882099287767915e+01 1.922412178057934253e-04
3.000000000000000444e-01 5.940795099049477557e+01 1.641331679748105564e-04
3.000000000000000444e-01 6.115708098811186488e+01 1.376932857330203177e-04
3.000000000000000444e-01 6.290621098572895420e+01 1.158305519257533174e-04
3.000000000000000444e-01 6.465534098334605062e+01 9.617976417948537193e-05
3.000000000000000444e-01 6.640447098096313994e+01 7.819893624834570926e-05
3.000000000000000444e-01 6.815360097858022925e+01 6.396129003263162545e-05
3.000000000000000444e-01 6.990273097619731857e+01 5.069674437817413488e-05
3.000000000000000444e-01 7.165186097381440788e+01 3.958037162815238855e-05
3.000000000000000444e-01 7.340099097143149720e+01 2.954922294038387419e-05
3.000000000000000444e-01 7.515012096904860073e+01 2.131707112137077190e-05
3.000000000000000444e-01 7.689925096666569004e+01 1.400109848979526696e-05
3.000000000000000444e-01 7.864838096428277936e+01 7.695456310782911247e-06
3.000000000000000444e-01 8.039751096189986868e+01 2.293357076740200147e-06
3.000000000000000444e-01 8.120960703222209531e+01 0.000000000000000000e+00
4.000000000000000222e-01 1.000000000000000000e+00 2.098264139766620878e-02
4.000000000000000222e-01 1.182759261959450026e+00 2.041194718305124750e-02
4.000000000000000222e-01 1.398919471750863064e+00 1.803552890938528788e-02
4.000000000000000222e-01 1.654584961948754485e+00 1.545757096775530852e-02
4.000000000000000222e-01 1.956975688443713723e+00 1.387228606139319365e-02
4.000000000000000222e-01 2.314631120936273323e+00 1.277957819053958909e-02
4.000000000000000222e-01 2.737651396306961527e+00 1.173923623588456720e-02
4.000000000000000222e-01 3.237982544998279089e+00 1.052324066906586662e-02
4.000000000000000222e-01 3.829753845159746817e+00 9.602710663797493079e-03
4.000000000000000222e-01 4.529676831387508429e+00 8.796889893411359226e-03
4.000000000000000222e-01 5.357517226006708988e+00 8.115405931266448519e-03
4.000000000000000222e-01 6.336653120166736208e+00 7.463049476743216330e-03
4.000000000000000222e-01 7.494735167701456646e+00 6.886379569392362884e-03
4.000000000000000222e-01 8.864467435532107586e+00 6.424836548847586912e-03
4.000000000000000222e-01 1.048453096171353316e+01 5.967822333505345966e-03
4.000000000000000222e-01 1.240067610226730643e+01 5.506751728938459774e-03
4.000000000000000222e-01 1.456069299144123619e+01 5.106929002718271424e-03
4.000000000000000222e-01 1.466701451451586635e+01 5.090061088113000294e-03
4.000000000000000222e-01 1.665145916457126063e+01 4.743596424853511843e-03
4.000000000000000222e-01 1.734754726233732569e+01 4.630437021385980061e-03
4.000000000000000222e-01 1.874222533770128507e+01 4.406478566872396377e-03
4.000000000000000222e-01 2.051797219680878115e+01 4.138805101924433912e-03
4.000000000000000222e-01 2.083299151083130596e+01 4.090940882444884900e-03
4.000000000000000222e-01 2.292375768396133395e+01 3.787812598532566168e-03
4.000000000000000222e-01 2.426782165240206623e+01 3.596918854423695588e-03
4.000000000000000222e-01 2.501452385709135484e+01 3.491054662607574657e-03
4.000000000000000222e-01 2.710529003022137928e+01 3.207738455309774601e-03
4.000000000000000222e-01 2.919605620335140372e+01 2.937076212277911665e-03
4.000000000000000222e-01 3.128682237648142817e+01 2.674007733292162615e-03
4.000000000000000222e-01 3.337758854961145261e+01 2.424478979475093356e-03
4.000000000000000222e-01 3.546835472274148060e+01 2.190655154415515650e-03
4.000000000000000222e-01 3.755912089587150149e+01 1.963500879590178438e-03
4.000000000000000222e-01 3.964988706900152238e+01 1.760072594946588851e-03
4.000000000000000222e-01 4.174065324213154327e+01 1.568345723800972352e-03
4.000000000000000222e-01 4.383141941526157126e+01 1.389012486107706404e-03
4.000000000000000222e-01 4.592218558839159925e+01 1.226773752108059872e-03
4.000000000000000222e-01 4.801295176152162014e+01 1.075902021124866071e-03
4.000000000000000222e-01 5.010371793465164103e+01 9.430846728687414769e-04
4.000000000000000222e-01 5.219448410778166902e+01 8.216047710630344694e-04
4.000000000000000222e-01 5.428525028091168991e+01 7.112978363520215501e-04
4.000000000000000222e-01 5.637601645404171791e+01 6.159111542995625126e-04
4.000000000000000222e-01 5.846678262717173880e+01 5.296637527324793079e-04
4.000000000000000222e-01 6.055754880030176679e+01 4.537335191538651347e-04
4.000000000000000222e-01 6.264831497343178768e+01 3.874405651232535491e-04
4.000000000000000222e-01 6.473908114656180146e+01 3.290539406349783777e-04
4.000000000000000222e-01 6.682984731969183656e+01 2.776798854910031899e-04
4.000000000000000222e-01 6.892061349282185745e+01 2.335570697819306003e-04
4.000000000000000222e-01 7.101137966595189255e+01 1.961294587376062972e-04
4.000000000000000222e-01 7.310214583908191344e+01 1.622694279887626630e-04
4.000000000000000222e-01 7.519291201221193433e+01 1.336980921505967165e-04
4.000000000000000222e-01 7.728367818534195521e+01 1.096352703606369303e-04
4.000000000000000222e-01 7.937444435847197610e+01 8.827560703215768523e-05
4.000000000000000222e-01 8.146521053160199699e+01 7.079225230886658504e-05
4.000000000000000222e-01 8.355597670473201788e+01 5.559768089844158921e-05
4.000000000000000222e-01 8.564674287786203877e+01 4.270642872300100970e-05
4.000000000000000222e-01 8.773750905099208808e+01 3.152031630414864777e-05
4.000000000000000222e-01 8.982827522412210897e+01 2.241929141934489669e-05
4.000000000000000222e-01 9.191904139725212985e+01 1.460694753597856702e-05
4.000000000000000222e-01 9.400980757038215074e+01 7.877203518353837847e-06
4.000000000000000222e-01 9.610057374351217163e+01 2.319863776171353821e-06
4.000000000000000222e-01 9.707128660960825073e+01 0.000000000000000000e+00
5.000000000000000000e-01 1.000000000000000000e+00 2.675629085730567985e-02
5.000000000000000000e-01 1.194225689762403286e+00 2.680131167711542056e-02
5.000000000000000000e-01 1.426174998088487911e+00 2.381337519625517998e-02
5.000000000000000000e-01 1.703174820814118418e+00 2.022445684654267800e-02
5.000000000000000000e-01 2.033975125172698295e+00 1.818751366731315502e-02
5.000000000000000000e-01 2.429025346818936004e+00 1.688403395145651742e-02
5.000000000000000000e-01 2.900804470255204492e+00 1.544379228339292504e-02
5.000000000000000000e-01 3.464215219356384434e+00 1.385774815885654210e-02
5.000000000000000000e-01 4.137054809821293588e+00 1.277503065446038664e-02
5.000000000000000000e-01 4.940577133843702562e+00 1.178427018280715777e-02
5.000000000000000000e-01 5.900164135488853212e+00 1.086953705030032323e-02
5.000000000000000000e-01 7.046127584415569522e+00 1.010871397218529762e-02
5.000000000000000000e-01 8.414666574652578390e+00 9.440093896522038994e-03
5.000000000000000000e-01 1.004901099423511468e+01 8.896662280893894575e-03
5.000000000000000000e-01 1.200078708602040400e+01 8.351882480298285227e-03
5.000000000000000000e-01 1.433164823549445899e+01 7.854482352807806711e-03
5.000000000000000000e-01 1.711522249946549934e+01 7.337285419082660749e-03
5.000000000000000000e-01 1.749012960823255369e+01 7.268525457308507541e-03
5.000000000000000000e-01 2.000153283403004778e+01 6.835569297126509701e-03
5.000000000000000000e-01 2.043943839486119174e+01 6.763404198189844514e-03
5.000000000000000000e-01 2.251293605982754542e+01 6.418943442505805307e-03
5.000000000000000000e-01 2.440930241545925483e+01 6.103544346796888759e-03
5.000000000000000000e-01 2.502433928562503951e+01 6.000531825570223216e-03
5.000000000000000000e-01 2.753574251142253360e+01 5.581876953601398739e-03
5.000000000000000000e-01 2.915021601372092519e+01 5.313719438186642087e-03
5.000000000000000000e-01 3.004714573722002768e+01 5.166812763892124696e-03
5.000000000000000000e-01 3.255854896301752177e+01 4.754842792617902311e-03
5.000000000000000000e-01 3.506995218881502296e+01 4.341845161775336609e-03
5.000000000000000000e-01 3.758135541461251705e+01 3.952157682955896242e-03
5.000000000000000000e-01 4.009275864041001114e+01 3.570095709381390994e-03
5.000000000000000000e-01 4.260416186620750523e+01 3.202587872518998253e-03
5.000000000000000000e-01 4.511556509200499931e+01 2.860203526505287683e-03
5.000000000000000000e-01 4.762696831780249340e+01 2.534305849362974636e-03
5.000000000000000000e-01 5.013837154359998749e+01 2.236154394519922553e-03
5.000000000000000000e-01 5.264977476939748158e+01 1.959241305979487428e-03
5.000000000000000000e-01 5.516117799519497567e+01 1.709860367102106855e-03
5.000000000000000000e-01 5.767258122099246975e+01 1.484079418726851930e-03
5.000000000000000000e-01 6.018398444678996384e+01 1.278542397077979571e-03
5.000000000000000000e-01 6.269538767258745793e+01 1.100731864785714584e-03
5.000000000000000000e-01 6.520679089838495202e+01 9.410575523335597747e-04
5.000000000000000000e-01 6.771819412418244610e+01 7.996189875269969034e-04
5.000000000000000000e-01 7.022959734997995440e+01 6.784168815120048207e-04
5.000000000000000000e-01 7.274100057577744849e+01 5.725627935246868075e-04
5.000000000000000000e-01 7.525240380157494258e+01 4.805949667231573493e-04
5.000000000000000000e-01 7.776380702737243666e+01 4.010100273250631489e-04
5.000000000000000000e-01 8.027521025316993075e+01 3.341248861179468561e-04
5.000000000000000000e-01 8.278661347896742484e+01 2.759634559287369305e-04
5.000000000000000000e-01 8.529801670476491893e+01 2.277140332570184045e-04
5.000000000000000000e-01 8.780941993056241301e+01 1.861771943791619801e-04
5.000000000000000000e-01 9.032082315635990710e+01 1.506406682404753050e-04
5.000000000000000000e-01 9.283222638215740119e+01 1.217615941217953148e-04
5.000000000000000000e-01 9.534362960795489528e+01 9.655595399638494062e-05
5.000000000000000000e-01 9.785503283375238937e+01 7.636870141872381440e-05
5.000000000000000000e-01 1.003664360595498835e+02 5.926075254982950520e-05
5.000000000000000000e-01 1.028778392853473775e+02 4.468810192705717033e-05
5.000000000000000000e-01 1.053892425111448716e+02 3.287989551428749537e-05
5.000000000000000000e-01 1.079006457369423657e+02 2.300267085976773231e-05
5.000000000000000000e-01 1.104120489627398598e+02 1.471281419222727737e-05
5.000000000000000000e-01 1.129234521885373539e+02 7.657538148234987113e-06
5.000000000000000000e-01 1.154348554143348622e+02 2.319432673911876303e-06
5.000000000000000000e-01 1.166008640548837008e+02 0.000000000000000000e+00
6.000000000000000888e-01 1.000000000000000000e+00 2.844387395696914081e-02
6.000000000000000888e-01 1.205077376599764660e+00 2.854327503457636944e-02
6.000000000000000888e-01 1.452211483592570795e+00 2.519333021459125785e-02
6.000000000000000888e-01 1.750027204915787449e+00 2.146390020764707071e-02
6.000000000000000888e-01 2.108918193078135772e+00 1.963143269353800208e-02
6.000000000000000888e-01 2.541409603578115739e+00 1.833147052869398344e-02
6.000000000000000888e-01 3.062595217945363490e+00 1.664436511049335876e-02
6.000000000000000888e-01 3.690664210828582537e+00 1.513314805083230789e-02
6.000000000000000888e-01 4.447535945095949295e+00 1.413048969289167761e-02
6.000000000000000888e-01 5.359624949049381470e+00 1.314602736849710719e-02
6.000000000000000888e-01 6.458762773159075543e+00 1.227881488268027683e-02
6.000000000000000888e-01 7.783308898758759753e+00 1.165428690146768330e-02
6.000000000000000888e-01 9.379489468981809352e+00 1.110470588605598496e-02
6.000000000000000888e-01 1.130301056312571895e+01 1.064754218324323251e-02
6.000000000000000888e-01 1.362100231709096398e+01 1.024018952331230518e-02
6.000000000000000888e-01 1.641436173893929507e+01 9.895735630675849340e-03
6.000000000000000888e-01 1.978057598292052077e+01 9.482166581918371334e-03
6.000000000000000888e-01 2.076992765940884311e+01 9.357059764997304255e-03
6.000000000000000888e-01 2.375227624640088209e+01 8.976560732350235758e-03
6.000000000000000888e-01 2.383712461313017172e+01 8.964870234724699530e-03
6.000000000000000888e-01 2.673462483339292106e+01 8.567806471972368165e-03
6.000000000000000888e-01 2.872557959447258824e+01 8.268320955266193414e-03
6.000000000000000888e-01 2.971697342038496004e+01 8.102858503241322854e-03
6.000000000000000888e-01 3.269932200737699901e+01 7.631983918506919998e-03
6.000000000000000888e-01 3.461654609901474089e+01 7.301174128101631418e-03
6.000000000000000888e-01 3.568167059436903799e+01 7.112686721162142164e-03
6.000000000000000888e-01 3.866401918136107696e+01 6.570089205051613153e-03
6.000000000000000888e-01 4.164636776835311593e+01 6.023940871716784891e-03
6.000000000000000888e-01 4.462871635534515491e+01 5.469577425245879081e-03
6.000000000000000888e-01 4.761106494233719388e+01 4.930031670031117044e-03
6.000000000000000888e-01 5.059341352932923286e+01 4.401610494694434099e-03
6.000000000000000888e-01 5.357576211632127183e+01 3.905323815042269827e-03
6.000000000000000888e-01 5.655811070331331081e+01 3.430237155756027043e-03
6.000000000000000888e-01 5.954045929030534978e+01 3.003224031569644986e-03
6.000000000000000888e-01 6.252280787729738876e+01 2.605537097998915190e-03
6.000000000000000888e-01 6.550515646428942773e+01 2.243765806361624170e-03
6.000000000000000888e-01 6.848750505128145960e+01 1.923715552532516805e-03
6.000000000000000888e-01 7.146985363827350568e+01 1.639294395954186663e-03
6.000000000000000888e-01 7.445220222526555176e+01 1.387916727862849959e-03
6.000000000000000888e-01 7.743455081225758363e+01 1.170310052113462560e-03
6.000000000000000888e-01 8.041689939924961550e+01 9.818297295800136257e-04
6.000000000000000888e-01 8.339924798624166158e+01 8.168788768119243301e-04
6.000000000000000888e-01 8.638159657323370766e+01 6.803429098416714175e-04
6.000000000000000888e-01 8.936394516022573953e+01 5.626223890792519250e-04
6.000000000000000888e-01 9.234629374721777140e+01 4.633307026561546394e-04
6.000000000000000888e-01 9.532864233420980327e+01 3.792668988905711458e-04
6.000000000000000888e-01 9.831099092120186356e+01 3.096086090258154096e-04
6.000000000000000888e-01 1.012933395081938954e+02 2.500054387690022265e-04
6.000000000000000888e-01 1.042756880951859273e+02 2.024693195161378476e-04
6.000000000000000888e-01 1.072580366821779592e+02 1.618426135577739910e-04
6.000000000000000888e-01 1.102403852691700195e+02 1.285139044217374204e-04
6.000000000000000888e-01 1.132227338561620513e+02 1.014982962678626695e-04
6.000000000000000888e-01 1.162050824431540832e+02 7.870586174420606267e-05
6.000000000000000888e-01 1.191874310301461151e+02 6.027619223086369728e-05
6.000000000000000888e-01 1.221697796171381754e+02 4.502917881288428435e-05
6.000000000000000888e-01 1.251521282041302072e+02 3.274231355247412493e-05
6.000000000000000888e-01 1.281344767911222391e+02 2.265672380446677255e-05
6.000000000000000888e-01 1.311168253781142710e+02 1.416526957621723208e-05
6.000000000000000888e-01 1.340991739651063313e+02 7.637949665697344671e-06
6.000000000000000888e-01 1.370815225520983631e+02 2.216017306854356323e-06
6.000000000000000888e-01 1.384661843960589636e+02 0.000000000000000000e+00
7.000000000000000666e-01 1.000000000000000000e+00 2.540011686919713477e-02
7.000000000000000666e-01 1.214451601169952877e+00 2.463104877477865703e-02
7.000000000000000666e-01 1.474892691584262394e+00 2.142767783801679052e-02
7.000000000000000666e-01 1.791185790848369264e+00 1.864985847066307281e-02
7.000000000000000666e-01 2.175308451688670264e+00 1.704175985454528530e-02
7.000000000000000666e-01 2.641806832191836651e+00 1.620110301492735591e-02
7.000000000000000666e-01 3.208346537337098070e+00 1.472965601611513249e-02
7.000000000000000666e-01 3.896381589377112764e+00 1.369851896161472342e-02
7.000000000000000666e-01 4.731966859988160579e+00 1.288092026566577467e-02
7.000000000000000666e-01 5.746744729795775442e+00 1.218607098036547827e-02
7.000000000000000666e-01 6.979143338615467762e+00 1.164969887472091549e-02
7.000000000000000666e-01 8.475831802376168511e+00 1.126988268321201143e-02
7.000000000000000666e-01 1.029348750364294673e+01 1.104945113272901187e-02
7.000000000000000666e-01 1.250094238042207806e+01 1.087148932315495052e-02
7.000000000000000666e-01 1.518178949003691436e+01 1.086172299701686217e-02
7.000000000000000666e-01 1.843754855480049315e+01 1.083812374911177420e-02
7.000000000000000666e-01 2.239151036402621031e+01 1.077455769007670990e-02
7.000000000000000666e-01 2.406441311980663400e+01 1.072606873520217351e-02
7.000000000000000666e-01 2.719340561420522562e+01 1.057659025778594740e-02
7.000000000000000666e-01 2.751981602931732951e+01 1.055821208402339846e-02
7.000000000000000666e-01 3.097521893882802857e+01 1.029159495733988385e-02
7.000000000000000666e-01 3.302507498943552378e+01 1.008141867992249155e-02
7.000000000000000666e-01 3.443062184833872408e+01 9.919042767423552967e-03
7.000000000000000666e-01 3.788602475784941959e+01 9.441050449973177952e-03
7.000000000000000666e-01 4.010735519967773399e+01 9.099054251491267564e-03
7.000000000000000666e-01 4.134142766736011509e+01 8.888528268487048273e-03
7.000000000000000666e-01 4.479683057687081771e+01 8.261242034111689406e-03
7.000000000000000666e-01 4.825223348638151322e+01 7.600453583291976421e-03
7.000000000000000666e-01 5.170763639589220872e+01 6.912594679429086113e-03
7.000000000000000666e-01 5.516303930540290423e+01 6.217208887180050887e-03
7.000000000000000666e-01 5.861844221491359974e+01 5.533750451595374417e-03
7.000000000000000666e-01 6.207384512442429525e+01 4.882434737390304799e-03
7.000000000000000666e-01 6.552924803393499076e+01 4.262352272342308061e-03
7.000000000000000666e-01 6.898465094344568627e+01 3.696571166025753967e-03
7.000000000000000666e-01 7.244005385295638177e+01 3.177780169764722953e-03
7.000000000000000666e-01 7.589545676246707728e+01 2.711592779174901765e-03
7.000000000000000666e-01 7.935085967197777279e+01 2.296943027759759844e-03
7.000000000000000666e-01 8.280626258148846830e+01 1.935352777081262177e-03
7.000000000000000666e-01 8.626166549099916381e+01 1.617225693060170581e-03
7.000000000000000666e-01 8.971706840050985932e+01 1.346821683599187455e-03
7.000000000000000666e-01 9.317247131002055482e+01 1.113943547266656956e-03
7.000000000000000666e-01 9.662787421953125033e+01 9.194575177123754002e-04
7.000000000000000666e-01 1.000832771290419458e+02 7.539152056566064035e-04
7.000000000000000666e-01 1.035386800385526413e+02 6.155754441990514978e-04
7.000000000000000666e-01 1.069940829480633511e+02 4.994965308142747945e-04
7.000000000000000666e-01 1.104494858575740466e+02 4.051476799557684094e-04
7.000000000000000666e-01 1.139048887670847421e+02 3.259272662353709330e-04
7.000000000000000666e-01 1.173602916765954376e+02 2.615557312951981295e-04
7.000000000000000666e-01 1.208156945861061331e+02 2.087236190580955440e-04
7.000000000000000666e-01 1.242710974956168286e+02 1.650271846670591414e-04
7.000000000000000666e-01 1.277265004051275241e+02 1.301829997747947258e-04
7.000000000000000666e-01 1.311819033146382196e+02 1.014735937662679063e-04
7.000000000000000666e-01 1.346373062241489151e+02 7.838560365114151320e-05
7.000000000000000666e-01 1.380927091336596106e+02 5.910276976489335144e-05
7.000000000000000666e-01 1.415481120431703062e+02 4.398061084160588964e-05
7.000000000000000666e-01 1.450035149526810017e+02 3.135489478613704887e-05
7.000000000000000666e-01 1.484589178621916972e+02 2.151639687651104763e-05
7.000000000000000666e-01 1.519143207717023927e+02 1.376640592288075599e-05
7.000000000000000666e-01 1.553697236812130882e+02 7.236919392364394579e-06
7.000000000000000666e-01 1.588251265907237837e+02 1.993293452968799868e-06
7.000000000000000666e-01 1.604294207987109075e+02 0.000000000000000000e+00
8.000000000000000444e-01 1.000000000000000000e+00 1.995291582078271078e-02
8.000000000000000444e-01 1.221643487346990797e+00 1.850892737634762114e-02
8.000000000000000444e-01 1.492412810177317084e+00 1.600356207786031784e-02
8.000000000000000444e-01 1.823196389986339927e+00 1.444713200550982665e-02
8.000000000000000444e-01 2.227295995981356747e+00 1.356090507705946455e-02
8.000000000000000444e-01 2.720961647884653445e+00 1.254391799746527696e-02
8.000000000000000444e-01 3.324045076459222425e+00 1.159260532204543608e-02
8.000000000000000444e-01 4.060798019304239226e+00 1.096486049775803780e-02
8.000000000000000444e-01 4.960847453714582578e+00 1.045142216570290293e-02
8.000000000000000444e-01 6.060386983552322526e+00 1.005759798586124652e-02
8.000000000000000444e-01 7.403632289259168608e+00 9.779836413038795959e-03
8.000000000000000444e-01 9.044599168885355311e+00 9.774356848183981053e-03
8.000000000000000444e-01 1.104927567033279701e+01 9.830598919370827152e-03
8.000000000000000444e-01 1.349827566256361777e+01 1.001624478131103377e-02
8.000000000000000444e-01 1.649008055358522995e+01 1.031751621937351641e-02
8.000000000000000444e-01 2.014499951411465517e+01 1.070346519375775345e-02
8.000000000000000444e-01 2.461000745902646258e+01 1.108924549584677267e-02
8.000000000000000444e-01 2.692132605410036561e+01 1.122398839115317133e-02
8.000000000000000444e-01 3.006465533588054129e+01 1.133690317473561547e-02
8.000000000000000444e-01 3.078695235930452156e+01 1.134486749600472667e-02
8.000000000000000444e-01 3.465257866450867397e+01 1.128563774050512711e-02
8.000000000000000444e-01 3.672829039041041455e+01 1.118965992381841003e-02
8.000000000000000444e-01 3.851820496971282637e+01 1.106925444933739948e-02
8.000000000000000444e-01 4.238383127491698588e+01 1.067451361221967605e-02
8.000000000000000444e-01 4.486887675683394860e+01 1.034950970515342850e-02
8.000000000000000444e-01 4.624945758012113828e+01 1.014609653012902082e-02
8.000000000000000444e-01 5.011508388532529068e+01 9.496816834833131382e-03
8.000000000000000444e-01 5.398071019052945019e+01 8.762705237210517695e-03
8.000000000000000444e-01 5.784633649573360259e+01 7.983809730792108816e-03
8.000000000000000444e-01 6.171196280093775499e+01 7.176083766285697857e-03
8.000000000000000444e-01 6.557758910614191450e+01 6.374886632327912001e-03
8.000000000000000444e-01 6.944321541134605980e+01 5.600090898869100955e-03
8.000000000000000444e-01 7.330884171655021930e+01 4.869656397609540763e-03
8.000000000000000444e-01 7.717446802175437881e+01 4.189129524963038087e-03
8.000000000000000444e-01 8.104009432695852411e+01 3.577693493162518480e-03
8.000000000000000444e-01 8.490572063216268361e+01 3.027992387116910326e-03
8.000000000000000444e-01 8.877134693736684312e+01 2.543227359190680572e-03
8.000000000000000444e-01 9.263697324257098842e+01 2.121849685987199207e-03
8.000000000000000444e-01 9.650259954777514793e+01 1.759163887374190841e-03
8.000000000000000444e-01 1.003682258529792932e+02 1.451306587460129234e-03
8.000000000000000444e-01 1.042338521581834527e+02 1.189043799183004367e-03
8.000000000000000444e-01 1.080994784633876122e+02 9.712437508237973388e-04
8.000000000000000444e-01 1.119651047685917575e+02 7.887924658542263623e-04
8.000000000000000444e-01 1.158307310737959170e+02 6.383464184625379807e-04
8.000000000000000444e-01 1.196963573790000765e+02 5.149426361153933282e-04
8.000000000000000444e-01 1.235619836842042218e+02 4.118999265456446462e-04
8.000000000000000444e-01 1.274276099894083814e+02 3.298383754993800118e-04
8.000000000000000444e-01 1.312932362946125409e+02 2.626067563952258857e-04
8.000000000000000444e-01 1.351588625998167004e+02 2.072356860887232186e-04
8.000000000000000444e-01 1.390244889050208599e+02 1.638588351638640256e-04
8.000000000000000444e-01 1.428901152102250194e+02 1.277030329269331055e-04
8.000000000000000444e-01 1.467557415154291505e+02 9.918056977831587366e-05
8.000000000000000444e-01 1.506213678206333100e+02 7.580478018005918240e-05
8.000000000000000444e-01 1.544869941258374695e+02 5.746797196050339179e-05
8.000000000000000444e-01 1.583526204310416290e+02 4.247153282559552835e-05
8.000000000000000444e-01 1.622182467362457885e+02 3.049514335538598813e-05
8.000000000000000444e-01 1.660838730414499480e+02 2.095831188454721215e-05
8.000000000000000444e-01 1.699494993466541075e+02 1.288105194915140574e-05
8.000000000000000444e-01 1.738151256518582386e+02 6.952431170181054048e-06
8.000000000000000444e-01 1.776807519570623981e+02 1.935614595312259383e-06
8.000000000000000444e-01 1.794755070273357660e+02 0.000000000000000000e+00
9.000000000000000222e-01 1.000000000000000000e+00 1.565111105204229289e-02
9.000000000000000222e-01 1.226149092488137748e+00 1.400948562884316885e-02
9.000000000000000222e-01 1.503441597009484099e+00 1.216332596311138839e-02
9.000000000000000222e-01 1.843443549782095570e+00 1.105571898477545646e-02
9.000000000000000222e-01 2.260336635618427792e+00 1.064708629887882799e-02
9.000000000000000222e-01 2.771509714481226183e+00 9.790957909449121352e-03
9.000000000000000222e-01 3.398284121233213106e+00 9.174492671361044252e-03
9.000000000000000222e-01 4.166802991266953526e+00 8.803132487000875361e-03
9.000000000000000222e-01 5.109121706318833667e+00 8.454416617989906832e-03
9.000000000000000222e-01 6.264544943614283490e+00 8.256935890772620565e-03
9.000000000000000222e-01 7.681266097463807618e+00 8.271291151027053770e-03
9.000000000000000222e-01 9.418377454565145968e+00 8.358887787306885225e-03
9.000000000000000222e-01 1.154833496862579167e+01 8.597149255820137753e-03
9.000000000000000222e-01 1.415998044152954094e+01 8.994026510376146311e-03
9.000000000000000222e-01 1.736224716803123513e+01 9.536855240114230914e-03
9.000000000000000222e-01 2.128870360863623645e+01 1.019914227220414249e-02
9.000000000000000222e-01 2.610312460997826634e+01 1.091502791490877623e-02
9.000000000000000222e-01 2.887178201485361839e+01 1.123598790509270154e-02
9.000000000000000222e-01 3.200632255162962281e+01 1.150790094763826620e-02
9.000000000000000222e-01 3.301747379134542371e+01 1.157305732269119959e-02
9.000000000000000222e-01 3.716316556783722547e+01 1.169107672691884967e-02
9.000000000000000222e-01 3.924452335056328423e+01 1.168068708686576841e-02
9.000000000000000222e-01 4.130885734432902723e+01 1.161018365478219856e-02
9.000000000000000222e-01 4.545454912082082899e+01 1.130652684641620179e-02
9.000000000000000222e-01 4.811963669142269850e+01 1.101304469388084475e-02
9.000000000000000222e-01 4.960024089731263075e+01 1.081867515419773253e-02
9.000000000000000222e-01 5.374593267380443251e+01 1.018308551523424040e-02
9.000000000000000222e-01 5.789162445029623427e+01 9.423106798424731381e-03
9.000000000000000222e-01 6.203731622678803603e+01 8.595893123262577512e-03
9.000000000000000222e-01 6.618300800327983779e+01 7.728061536754049672e-03
9.000000000000000222e-01 7.032869977977163956e+01 6.854974023172353582e-03
9.000000000000000222e-01 7.447439155626344132e+01 6.004400807022306635e-03
9.000000000000000222e-01 7.862008333275524308e+01 5.203322114560586520e-03
9.000000000000000222e-01 8.276577510924704484e+01 4.463031486440240635e-03
9.000000000000000222e-01 8.691146688573884660e+01 3.790807893891465826e-03
9.000000000000000222e-01 9.105715866223064836e+01 3.192494488945591628e-03
9.000000000000000222e-01 9.520285043872245012e+01 2.668470420630289323e-03
9.000000000000000222e-01 9.934854221521425188e+01 2.213481563647227632e-03
9.000000000000000222e-01 1.034942339917060536e+02 1.824619676192258200e-03
9.000000000000000222e-01 1.076399257681978554e+02 1.495388876629876601e-03
9.000000000000000222e-01 1.117856175446896572e+02 1.220586713895206689e-03
9.000000000000000222e-01 1.159313093211814589e+02 9.907807284063470908e-04
9.000000000000000222e-01 1.200770010976732607e+02 8.003357184331564992e-04
9.000000000000000222e-01 1.242226928741650624e+02 6.442908544479817147e-04
9.000000000000000222e-01 1.283683846506568500e+02 5.156166247693690433e-04
9.000000000000000222e-01 1.325140764271486660e+02 4.123627218683499195e-04
9.000000000000000222e-01 1.366597682036404535e+02 3.283556648131338070e-04
9.000000000000000222e-01 1.408054599801322695e+02 2.605965376739411061e-04
9.000000000000000222e-01 1.449511517566240570e+02 2.055213205518102335e-04
9.000000000000000222e-01 1.490968435331158730e+02 1.607815040736474104e-04
9.000000000000000222e-01 1.532425353096076606e+02 1.250173892255139333e-04
9.000000000000000222e-01 1.573882270860994765e+02 9.659486778321124624e-05
9.000000000000000222e-01 1.615339188625912641e+02 7.401839553887135873e-05
9.000000000000000222e-01 1.656796106390830516e+02 5.581317528145028606e-05
9.000000000000000222e-01 1.698253024155748676e+02 4.136654474623042743e-05
9.000000000000000222e-01 1.739709941920666836e+02 2.961509114879428236e-05
9.000000000000000222e-01 1.781166859685584711e+02 2.011623325129676499e-05
9.000000000000000222e-01 1.822623777450502587e+02 1.246146203484224145e-05
9.000000000000000222e-01 1.864080695215420747e+02 6.721590990165864168e-06
9.000000000000000222e-01 1.905537612980338906e+02 1.923850857733651496e-06
9.000000000000000222e-01 1.924785467656907940e+02 0.000000000000000000e+00
1.000000000000000000e+00 1.000000000000000000e+00 1.409331856390935722e-02
1.000000000000000000e+00 1.227681380305015946e+00 1.243901439595249819e-02
1.000000000000000000e+00 1.507201571547629237e+00 9.793357320293754123e-03
1.000000000000000000e+00 1.850363305755482690e+00 1.013077542350587432e-02
1.000000000000000000e+00 2.271656577275643407e+00 9.601918385040379006e-03
1.000000000000000000e+00 2.788870482368730030e+00 8.885710241577773200e-03
1.000000000000000000e+00 3.423844363286358217e+00 8.191711297182047158e-03
1.000000000000000000e+00 4.203389973868945084e+00 8.042785810496107940e-03
1.000000000000000000e+00 5.160423605079691001e+00 7.968990683127548033e-03
1.000000000000000000e+00 6.335355974442821392e+00 7.588608138165917234e-03
1.000000000000000000e+00 7.777798567427593568e+00 7.696621038367609281e-03
1.000000000000000000e+00 9.548658480993884368e+00 7.745797772215991250e-03
1.000000000000000000e+00 1.172271022400776808e+01 8.140588133374027785e-03
1.000000000000000000e+00 1.439175306872557769e+01 8.539924198754645507e-03
1.000000000000000000e+00 1.766848727242197370e+01 9.184121751652920412e-03
1.000000000000000000e+00 2.169127284250861365e+01 9.930810984926156243e-03
1.000000000000000000e+00 2.662997178386367736e+01 1.074447423183470633e-02
1.000000000000000000e+00 2.956507357329913788e+01 1.118567483392657498e-02
1.000000000000000000e+00 3.269312051709738398e+01 1.148942805160926492e-02
1.000000000000000000e+00 3.381031490690106978e+01 1.159047581517680739e-02
1.000000000000000000e+00 3.805555624050299457e+01 1.178634421355000649e-02
1.000000000000000000e+00 4.013673532290835055e+01 1.181092685663783122e-02
1.000000000000000000e+00 4.230079757410491936e+01 1.171778639150793805e-02
1.000000000000000000e+00 4.654603890770685126e+01 1.149814810479559898e-02
1.000000000000000000e+00 4.927512262216522743e+01 1.118921056135626160e-02
1.000000000000000000e+00 5.079128024130878316e+01 1.101440064884444923e-02
1.000000000000000000e+00 5.503652157491070795e+01 1.039617290159542545e-02
1.000000000000000000e+00 5.928176290851263275e+01 9.632855523596063271e-03
1.000000000000000000e+00 6.352700424211456465e+01 8.790768213488116961e-03
1.000000000000000000e+00 6.777224557571648234e+01 7.887331474963009056e-03
1.000000000000000000e+00 7.201748690931842134e+01 7.007206614537211248e-03
1.000000000000000000e+00 7.626272824292036034e+01 6.127033648944680590e-03
1.000000000000000000e+00 8.050796957652227093e+01 5.304273690925535509e-03
1.000000000000000000e+00 8.475321091012420993e+01 4.549270023284853436e-03
1.000000000000000000e+00 8.899845224372613472e+01 3.854020101083090784e-03
1.000000000000000000e+00 9.324369357732805952e+01 3.233730263949376009e-03
1.000000000000000000e+00 9.748893491092999852e+01 2.704816841711309670e-03
1.000000000000000000e+00 1.017341762445319091e+02 2.241528808552365262e-03
1.000000000000000000e+00 1.059794175781338481e+02 1.837818377581817769e-03
1.000000000000000000e+00 1.102246589117357871e+02 1.512014252518410371e-03
1.000000000000000000e+00 1.144699002453376977e+02 1.231730088534459385e-03
1.000000000000000000e+00 1.187151415789396367e+02 9.956011985863346975e-04
1.000000000000000000e+00 1.229603829125415757e+02 7.970594937919758685e-04
1.000000000000000000e+00 1.272056242461434863e+02 6.463191305852340491e-04
1.000000000000000000e+00 1.314508655797454253e+02 5.178724723655715213e-04
1.000000000000000000e+00 1.356961069133473359e+02 4.088307424602746851e-04
1.000000000000000000e+00 1.399413482469492749e+02 3.475475088749116351e-04
1.000000000000000000e+00 1.441865895805512139e+02 2.603551937069921072e-04
1.000000000000000000e+00 1.484318309141531245e+02 2.057998469044148692e-04
1.000000000000000000e+00 1.526770722477550635e+02 1.583220565527398874e-04
1.000000000000000000e+00 1.569223135813570025e+02 1.240392623972012397e-04
1.000000000000000000e+00 1.611675549149589131e+02 9.309040814150689716e-05
1.000000000000000000e+00 1.654127962485608521e+02 7.005024804070964374e-05
1.000000000000000000e+00 1.696580375821627911e+02 5.362615239245229279e-05
1.000000000000000000e+00 1.739032789157647017e+02 3.785166202623356399e-05
1.000000000000000000e+00 1.781485202493666407e+02 2.830280861062371863e-05
1.000000000000000000e+00 1.823937615829685512e+02 1.879202918653540320e-05
1.000000000000000000e+00 1.866390029165704902e+02 1.226583858067399018e-05
1.000000000000000000e+00 1.908842442501724292e+02 6.049991385473450840e-06
1.000000000000000000e+00 1.951294855837743398e+02 2.080662237695772728e-06
1.000000000000000000e+00 1.971004904886609381e+02 0.000000000000000000e+00
