# mx [GeV]: 10000.0
# sigma_p [cm^2]: 1.54881661891e-29
# depth [m]: 10.6
# loc: SUF
# Columns: gamma/pi, v [km/s], f(v, gamma) [s/km]
0.000000000000000000e+00 0.000000000000000000e+00 0.000000000000000000e+00
0.000000000000000000e+00 1.666666666666666644e-02 0.000000000000000000e+00
0.000000000000000000e+00 3.333333333333333287e-02 0.000000000000000000e+00
0.000000000000000000e+00 5.000000000000000278e-02 0.000000000000000000e+00
0.000000000000000000e+00 6.666666666666666574e-02 0.000000000000000000e+00
0.000000000000000000e+00 8.333333333333332871e-02 0.000000000000000000e+00
0.000000000000000000e+00 1.000000000000000056e-01 0.000000000000000000e+00
0.000000000000000000e+00 1.166666666666666685e-01 0.000000000000000000e+00
0.000000000000000000e+00 1.333333333333333315e-01 0.000000000000000000e+00
0.000000000000000000e+00 1.499999999999999944e-01 0.000000000000000000e+00
0.000000000000000000e+00 1.666666666666666574e-01 0.000000000000000000e+00
0.000000000000000000e+00 1.833333333333333204e-01 0.000000000000000000e+00
0.000000000000000000e+00 2.000000000000000111e-01 0.000000000000000000e+00
0.000000000000000000e+00 2.166666666666666741e-01 0.000000000000000000e+00
0.000000000000000000e+00 2.333333333333333370e-01 0.000000000000000000e+00
0.000000000000000000e+00 2.500000000000000000e-01 0.000000000000000000e+00
0.000000000000000000e+00 2.666666666666666630e-01 0.000000000000000000e+00
0.000000000000000000e+00 2.833333333333333259e-01 0.000000000000000000e+00
0.000000000000000000e+00 2.999999999999999889e-01 0.000000000000000000e+00
0.000000000000000000e+00 3.166666666666666519e-01 0.000000000000000000e+00
0.000000000000000000e+00 3.333333333333333148e-01 0.000000000000000000e+00
0.000000000000000000e+00 3.499999999999999778e-01 0.000000000000000000e+00
0.000000000000000000e+00 3.666666666666666408e-01 0.000000000000000000e+00
0.000000000000000000e+00 3.833333333333333037e-01 0.000000000000000000e+00
0.000000000000000000e+00 4.000000000000000222e-01 0.000000000000000000e+00
0.000000000000000000e+00 4.166666666666666852e-01 0.000000000000000000e+00
0.000000000000000000e+00 4.333333333333333481e-01 0.000000000000000000e+00
0.000000000000000000e+00 4.500000000000000111e-01 0.000000000000000000e+00
0.000000000000000000e+00 4.666666666666666741e-01 0.000000000000000000e+00
0.000000000000000000e+00 4.833333333333333370e-01 0.000000000000000000e+00
0.000000000000000000e+00 5.000000000000000000e-01 0.000000000000000000e+00
0.000000000000000000e+00 5.166666666666666075e-01 0.000000000000000000e+00
0.000000000000000000e+00 5.333333333333333259e-01 0.000000000000000000e+00
0.000000000000000000e+00 5.500000000000000444e-01 0.000000000000000000e+00
0.000000000000000000e+00 5.666666666666666519e-01 0.000000000000000000e+00
0.000000000000000000e+00 5.833333333333333703e-01 0.000000000000000000e+00
0.000000000000000000e+00 5.999999999999999778e-01 0.000000000000000000e+00
0.000000000000000000e+00 6.166666666666666963e-01 0.000000000000000000e+00
0.000000000000000000e+00 6.333333333333333037e-01 0.000000000000000000e+00
0.000000000000000000e+00 6.500000000000000222e-01 0.000000000000000000e+00
0.000000000000000000e+00 6.666666666666666297e-01 0.000000000000000000e+00
0.000000000000000000e+00 6.833333333333333481e-01 0.000000000000000000e+00
0.000000000000000000e+00 6.999999999999999556e-01 0.000000000000000000e+00
0.000000000000000000e+00 7.166666666666666741e-01 0.000000000000000000e+00
0.000000000000000000e+00 7.333333333333332815e-01 0.000000000000000000e+00
0.000000000000000000e+00 7.500000000000000000e-01 0.000000000000000000e+00
0.000000000000000000e+00 7.666666666666666075e-01 0.000000000000000000e+00
0.000000000000000000e+00 7.833333333333333259e-01 0.000000000000000000e+00
0.000000000000000000e+00 8.000000000000000444e-01 0.000000000000000000e+00
0.000000000000000000e+00 8.166666666666666519e-01 0.000000000000000000e+00
0.000000000000000000e+00 8.333333333333333703e-01 0.000000000000000000e+00
0.000000000000000000e+00 8.499999999999999778e-01 0.000000000000000000e+00
0.000000000000000000e+00 8.666666666666666963e-01 0.000000000000000000e+00
0.000000000000000000e+00 8.833333333333333037e-01 0.000000000000000000e+00
0.000000000000000000e+00 9.000000000000000222e-01 0.000000000000000000e+00
0.000000000000000000e+00 9.166666666666666297e-01 0.000000000000000000e+00
0.000000000000000000e+00 9.333333333333333481e-01 0.000000000000000000e+00
0.000000000000000000e+00 9.499999999999999556e-01 0.000000000000000000e+00
0.000000000000000000e+00 9.666666666666666741e-01 0.000000000000000000e+00
0.000000000000000000e+00 9.833333333333332815e-01 0.000000000000000000e+00
0.000000000000000000e+00 1.000000000000000000e+00 0.000000000000000000e+00
1.000000000000000056e-01 0.000000000000000000e+00 0.000000000000000000e+00
1.000000000000000056e-01 1.666666666666666644e-02 0.000000000000000000e+00
1.000000000000000056e-01 3.333333333333333287e-02 0.000000000000000000e+00
1.000000000000000056e-01 5.000000000000000278e-02 0.000000000000000000e+00
1.000000000000000056e-01 6.666666666666666574e-02 0.000000000000000000e+00
1.000000000000000056e-01 8.333333333333332871e-02 0.000000000000000000e+00
1.000000000000000056e-01 1.000000000000000056e-01 0.000000000000000000e+00
1.000000000000000056e-01 1.166666666666666685e-01 0.000000000000000000e+00
1.000000000000000056e-01 1.333333333333333315e-01 0.000000000000000000e+00
1.000000000000000056e-01 1.499999999999999944e-01 0.000000000000000000e+00
1.000000000000000056e-01 1.666666666666666574e-01 0.000000000000000000e+00
1.000000000000000056e-01 1.833333333333333204e-01 0.000000000000000000e+00
1.000000000000000056e-01 2.000000000000000111e-01 0.000000000000000000e+00
1.000000000000000056e-01 2.166666666666666741e-01 0.000000000000000000e+00
1.000000000000000056e-01 2.333333333333333370e-01 0.000000000000000000e+00
1.000000000000000056e-01 2.500000000000000000e-01 0.000000000000000000e+00
1.000000000000000056e-01 2.666666666666666630e-01 0.000000000000000000e+00
1.000000000000000056e-01 2.833333333333333259e-01 0.000000000000000000e+00
1.000000000000000056e-01 2.999999999999999889e-01 0.000000000000000000e+00
1.000000000000000056e-01 3.166666666666666519e-01 0.000000000000000000e+00
1.000000000000000056e-01 3.333333333333333148e-01 0.000000000000000000e+00
1.000000000000000056e-01 3.499999999999999778e-01 0.000000000000000000e+00
1.000000000000000056e-01 3.666666666666666408e-01 0.000000000000000000e+00
1.000000000000000056e-01 3.833333333333333037e-01 0.000000000000000000e+00
1.000000000000000056e-01 4.000000000000000222e-01 0.000000000000000000e+00
1.000000000000000056e-01 4.166666666666666852e-01 0.000000000000000000e+00
1.000000000000000056e-01 4.333333333333333481e-01 0.000000000000000000e+00
1.000000000000000056e-01 4.500000000000000111e-01 0.000000000000000000e+00
1.000000000000000056e-01 4.666666666666666741e-01 0.000000000000000000e+00
1.000000000000000056e-01 4.833333333333333370e-01 0.000000000000000000e+00
1.000000000000000056e-01 5.000000000000000000e-01 0.000000000000000000e+00
1.000000000000000056e-01 5.166666666666666075e-01 0.000000000000000000e+00
1.000000000000000056e-01 5.333333333333333259e-01 0.000000000000000000e+00
1.000000000000000056e-01 5.500000000000000444e-01 0.000000000000000000e+00
1.000000000000000056e-01 5.666666666666666519e-01 0.000000000000000000e+00
1.000000000000000056e-01 5.833333333333333703e-01 0.000000000000000000e+00
1.000000000000000056e-01 5.999999999999999778e-01 0.000000000000000000e+00
1.000000000000000056e-01 6.166666666666666963e-01 0.000000000000000000e+00
1.000000000000000056e-01 6.333333333333333037e-01 0.000000000000000000e+00
1.000000000000000056e-01 6.500000000000000222e-01 0.000000000000000000e+00
1.000000000000000056e-01 6.666666666666666297e-01 0.000000000000000000e+00
1.000000000000000056e-01 6.833333333333333481e-01 0.000000000000000000e+00
1.000000000000000056e-01 6.999999999999999556e-01 0.000000000000000000e+00
1.000000000000000056e-01 7.166666666666666741e-01 0.000000000000000000e+00
1.000000000000000056e-01 7.333333333333332815e-01 0.000000000000000000e+00
1.000000000000000056e-01 7.500000000000000000e-01 0.000000000000000000e+00
1.000000000000000056e-01 7.666666666666666075e-01 0.000000000000000000e+00
1.000000000000000056e-01 7.833333333333333259e-01 0.000000000000000000e+00
1.000000000000000056e-01 8.000000000000000444e-01 0.000000000000000000e+00
1.000000000000000056e-01 8.166666666666666519e-01 0.000000000000000000e+00
1.000000000000000056e-01 8.333333333333333703e-01 0.000000000000000000e+00
1.000000000000000056e-01 8.499999999999999778e-01 0.000000000000000000e+00
1.000000000000000056e-01 8.666666666666666963e-01 0.000000000000000000e+00
1.000000000000000056e-01 8.833333333333333037e-01 0.000000000000000000e+00
1.000000000000000056e-01 9.000000000000000222e-01 0.000000000000000000e+00
1.000000000000000056e-01 9.166666666666666297e-01 0.000000000000000000e+00
1.000000000000000056e-01 9.333333333333333481e-01 0.000000000000000000e+00
1.000000000000000056e-01 9.499999999999999556e-01 0.000000000000000000e+00
1.000000000000000056e-01 9.666666666666666741e-01 0.000000000000000000e+00
1.000000000000000056e-01 9.833333333333332815e-01 0.000000000000000000e+00
1.000000000000000056e-01 1.000000000000000000e+00 0.000000000000000000e+00
2.000000000000000111e-01 0.000000000000000000e+00 0.000000000000000000e+00
2.000000000000000111e-01 1.666666666666666644e-02 0.000000000000000000e+00
2.000000000000000111e-01 3.333333333333333287e-02 0.000000000000000000e+00
2.000000000000000111e-01 5.000000000000000278e-02 0.000000000000000000e+00
2.000000000000000111e-01 6.666666666666666574e-02 0.000000000000000000e+00
2.000000000000000111e-01 8.333333333333332871e-02 0.000000000000000000e+00
2.000000000000000111e-01 1.000000000000000056e-01 0.000000000000000000e+00
2.000000000000000111e-01 1.166666666666666685e-01 0.000000000000000000e+00
2.000000000000000111e-01 1.333333333333333315e-01 0.000000000000000000e+00
2.000000000000000111e-01 1.499999999999999944e-01 0.000000000000000000e+00
2.000000000000000111e-01 1.666666666666666574e-01 0.000000000000000000e+00
2.000000000000000111e-01 1.833333333333333204e-01 0.000000000000000000e+00
2.000000000000000111e-01 2.000000000000000111e-01 0.000000000000000000e+00
2.000000000000000111e-01 2.166666666666666741e-01 0.000000000000000000e+00
2.000000000000000111e-01 2.333333333333333370e-01 0.000000000000000000e+00
2.000000000000000111e-01 2.500000000000000000e-01 0.000000000000000000e+00
2.000000000000000111e-01 2.666666666666666630e-01 0.000000000000000000e+00
2.000000000000000111e-01 2.833333333333333259e-01 0.000000000000000000e+00
2.000000000000000111e-01 2.999999999999999889e-01 0.000000000000000000e+00
2.000000000000000111e-01 3.166666666666666519e-01 0.000000000000000000e+00
2.000000000000000111e-01 3.333333333333333148e-01 0.000000000000000000e+00
2.000000000000000111e-01 3.499999999999999778e-01 0.000000000000000000e+00
2.000000000000000111e-01 3.666666666666666408e-01 0.000000000000000000e+00
2.000000000000000111e-01 3.833333333333333037e-01 0.000000000000000000e+00
2.000000000000000111e-01 4.000000000000000222e-01 0.000000000000000000e+00
2.000000000000000111e-01 4.166666666666666852e-01 0.000000000000000000e+00
2.000000000000000111e-01 4.333333333333333481e-01 0.000000000000000000e+00
2.000000000000000111e-01 4.500000000000000111e-01 0.000000000000000000e+00
2.000000000000000111e-01 4.666666666666666741e-01 0.000000000000000000e+00
2.000000000000000111e-01 4.833333333333333370e-01 0.000000000000000000e+00
2.000000000000000111e-01 5.000000000000000000e-01 0.000000000000000000e+00
2.000000000000000111e-01 5.166666666666666075e-01 0.000000000000000000e+00
2.000000000000000111e-01 5.333333333333333259e-01 0.000000000000000000e+00
2.000000000000000111e-01 5.500000000000000444e-01 0.000000000000000000e+00
2.000000000000000111e-01 5.666666666666666519e-01 0.000000000000000000e+00
2.000000000000000111e-01 5.833333333333333703e-01 0.000000000000000000e+00
2.000000000000000111e-01 5.999999999999999778e-01 0.000000000000000000e+00
2.000000000000000111e-01 6.166666666666666963e-01 0.000000000000000000e+00
2.000000000000000111e-01 6.333333333333333037e-01 0.000000000000000000e+00
2.000000000000000111e-01 6.500000000000000222e-01 0.000000000000000000e+00
2.000000000000000111e-01 6.666666666666666297e-01 0.000000000000000000e+00
2.000000000000000111e-01 6.833333333333333481e-01 0.000000000000000000e+00
2.000000000000000111e-01 6.999999999999999556e-01 0.000000000000000000e+00
2.000000000000000111e-01 7.166666666666666741e-01 0.000000000000000000e+00
2.000000000000000111e-01 7.333333333333332815e-01 0.000000000000000000e+00
2.000000000000000111e-01 7.500000000000000000e-01 0.000000000000000000e+00
2.000000000000000111e-01 7.666666666666666075e-01 0.000000000000000000e+00
2.000000000000000111e-01 7.833333333333333259e-01 0.000000000000000000e+00
2.000000000000000111e-01 8.000000000000000444e-01 0.000000000000000000e+00
2.000000000000000111e-01 8.166666666666666519e-01 0.000000000000000000e+00
2.000000000000000111e-01 8.333333333333333703e-01 0.000000000000000000e+00
2.000000000000000111e-01 8.499999999999999778e-01 0.000000000000000000e+00
2.000000000000000111e-01 8.666666666666666963e-01 0.000000000000000000e+00
2.000000000000000111e-01 8.833333333333333037e-01 0.000000000000000000e+00
2.000000000000000111e-01 9.000000000000000222e-01 0.000000000000000000e+00
2.000000000000000111e-01 9.166666666666666297e-01 0.000000000000000000e+00
2.000000000000000111e-01 9.333333333333333481e-01 0.000000000000000000e+00
2.000000000000000111e-01 9.499999999999999556e-01 0.000000000000000000e+00
2.000000000000000111e-01 9.666666666666666741e-01 0.000000000000000000e+00
2.000000000000000111e-01 9.833333333333332815e-01 0.000000000000000000e+00
2.000000000000000111e-01 1.000000000000000000e+00 0.000000000000000000e+00
3.000000000000000444e-01 0.000000000000000000e+00 0.000000000000000000e+00
3.000000000000000444e-01 1.666666666666666644e-02 0.000000000000000000e+00
3.000000000000000444e-01 3.333333333333333287e-02 0.000000000000000000e+00
3.000000000000000444e-01 5.000000000000000278e-02 0.000000000000000000e+00
3.000000000000000444e-01 6.666666666666666574e-02 0.000000000000000000e+00
3.000000000000000444e-01 8.333333333333332871e-02 0.000000000000000000e+00
3.000000000000000444e-01 1.000000000000000056e-01 0.000000000000000000e+00
3.000000000000000444e-01 1.166666666666666685e-01 0.000000000000000000e+00
3.000000000000000444e-01 1.333333333333333315e-01 0.000000000000000000e+00
3.000000000000000444e-01 1.499999999999999944e-01 0.000000000000000000e+00
3.000000000000000444e-01 1.666666666666666574e-01 0.000000000000000000e+00
3.000000000000000444e-01 1.833333333333333204e-01 0.000000000000000000e+00
3.000000000000000444e-01 2.000000000000000111e-01 0.000000000000000000e+00
3.000000000000000444e-01 2.166666666666666741e-01 0.000000000000000000e+00
3.000000000000000444e-01 2.333333333333333370e-01 0.000000000000000000e+00
3.000000000000000444e-01 2.500000000000000000e-01 0.000000000000000000e+00
3.000000000000000444e-01 2.666666666666666630e-01 0.000000000000000000e+00
3.000000000000000444e-01 2.833333333333333259e-01 0.000000000000000000e+00
3.000000000000000444e-01 2.999999999999999889e-01 0.000000000000000000e+00
3.000000000000000444e-01 3.166666666666666519e-01 0.000000000000000000e+00
3.000000000000000444e-01 3.333333333333333148e-01 0.000000000000000000e+00
3.000000000000000444e-01 3.499999999999999778e-01 0.000000000000000000e+00
3.000000000000000444e-01 3.666666666666666408e-01 0.000000000000000000e+00
3.000000000000000444e-01 3.833333333333333037e-01 0.000000000000000000e+00
3.000000000000000444e-01 4.000000000000000222e-01 0.000000000000000000e+00
3.000000000000000444e-01 4.166666666666666852e-01 0.000000000000000000e+00
3.000000000000000444e-01 4.333333333333333481e-01 0.000000000000000000e+00
3.000000000000000444e-01 4.500000000000000111e-01 0.000000000000000000e+00
3.000000000000000444e-01 4.666666666666666741e-01 0.000000000000000000e+00
3.000000000000000444e-01 4.833333333333333370e-01 0.000000000000000000e+00
3.000000000000000444e-01 5.000000000000000000e-01 0.000000000000000000e+00
3.000000000000000444e-01 5.166666666666666075e-01 0.000000000000000000e+00
3.000000000000000444e-01 5.333333333333333259e-01 0.000000000000000000e+00
3.000000000000000444e-01 5.500000000000000444e-01 0.000000000000000000e+00
3.000000000000000444e-01 5.666666666666666519e-01 0.000000000000000000e+00
3.000000000000000444e-01 5.833333333333333703e-01 0.000000000000000000e+00
3.000000000000000444e-01 5.999999999999999778e-01 0.000000000000000000e+00
3.000000000000000444e-01 6.166666666666666963e-01 0.000000000000000000e+00
3.000000000000000444e-01 6.333333333333333037e-01 0.000000000000000000e+00
3.000000000000000444e-01 6.500000000000000222e-01 0.000000000000000000e+00
3.000000000000000444e-01 6.666666666666666297e-01 0.000000000000000000e+00
3.000000000000000444e-01 6.833333333333333481e-01 0.000000000000000000e+00
3.000000000000000444e-01 6.999999999999999556e-01 0.000000000000000000e+00
3.000000000000000444e-01 7.166666666666666741e-01 0.000000000000000000e+00
3.000000000000000444e-01 7.333333333333332815e-01 0.000000000000000000e+00
3.000000000000000444e-01 7.500000000000000000e-01 0.000000000000000000e+00
3.000000000000000444e-01 7.666666666666666075e-01 0.000000000000000000e+00
3.000000000000000444e-01 7.833333333333333259e-01 0.000000000000000000e+00
3.000000000000000444e-01 8.000000000000000444e-01 0.000000000000000000e+00
3.000000000000000444e-01 8.166666666666666519e-01 0.000000000000000000e+00
3.000000000000000444e-01 8.333333333333333703e-01 0.000000000000000000e+00
3.000000000000000444e-01 8.499999999999999778e-01 0.000000000000000000e+00
3.000000000000000444e-01 8.666666666666666963e-01 0.000000000000000000e+00
3.000000000000000444e-01 8.833333333333333037e-01 0.000000000000000000e+00
3.000000000000000444e-01 9.000000000000000222e-01 0.000000000000000000e+00
3.000000000000000444e-01 9.166666666666666297e-01 0.000000000000000000e+00
3.000000000000000444e-01 9.333333333333333481e-01 0.000000000000000000e+00
3.000000000000000444e-01 9.499999999999999556e-01 0.000000000000000000e+00
3.000000000000000444e-01 9.666666666666666741e-01 0.000000000000000000e+00
3.000000000000000444e-01 9.833333333333332815e-01 0.000000000000000000e+00
3.000000000000000444e-01 1.000000000000000000e+00 0.000000000000000000e+00
4.000000000000000222e-01 0.000000000000000000e+00 0.000000000000000000e+00
4.000000000000000222e-01 1.666666666666666644e-02 0.000000000000000000e+00
4.000000000000000222e-01 3.333333333333333287e-02 0.000000000000000000e+00
4.000000000000000222e-01 5.000000000000000278e-02 0.000000000000000000e+00
4.000000000000000222e-01 6.666666666666666574e-02 0.000000000000000000e+00
4.000000000000000222e-01 8.333333333333332871e-02 0.000000000000000000e+00
4.000000000000000222e-01 1.000000000000000056e-01 0.000000000000000000e+00
4.000000000000000222e-01 1.166666666666666685e-01 0.000000000000000000e+00
4.000000000000000222e-01 1.333333333333333315e-01 0.000000000000000000e+00
4.000000000000000222e-01 1.499999999999999944e-01 0.000000000000000000e+00
4.000000000000000222e-01 1.666666666666666574e-01 0.000000000000000000e+00
4.000000000000000222e-01 1.833333333333333204e-01 0.000000000000000000e+00
4.000000000000000222e-01 2.000000000000000111e-01 0.000000000000000000e+00
4.000000000000000222e-01 2.166666666666666741e-01 0.000000000000000000e+00
4.000000000000000222e-01 2.333333333333333370e-01 0.000000000000000000e+00
4.000000000000000222e-01 2.500000000000000000e-01 0.000000000000000000e+00
4.000000000000000222e-01 2.666666666666666630e-01 0.000000000000000000e+00
4.000000000000000222e-01 2.833333333333333259e-01 0.000000000000000000e+00
4.000000000000000222e-01 2.999999999999999889e-01 0.000000000000000000e+00
4.000000000000000222e-01 3.166666666666666519e-01 0.000000000000000000e+00
4.000000000000000222e-01 3.333333333333333148e-01 0.000000000000000000e+00
4.000000000000000222e-01 3.499999999999999778e-01 0.000000000000000000e+00
4.000000000000000222e-01 3.666666666666666408e-01 0.000000000000000000e+00
4.000000000000000222e-01 3.833333333333333037e-01 0.000000000000000000e+00
4.000000000000000222e-01 4.000000000000000222e-01 0.000000000000000000e+00
4.000000000000000222e-01 4.166666666666666852e-01 0.000000000000000000e+00
4.000000000000000222e-01 4.333333333333333481e-01 0.000000000000000000e+00
4.000000000000000222e-01 4.500000000000000111e-01 0.000000000000000000e+00
4.000000000000000222e-01 4.666666666666666741e-01 0.000000000000000000e+00
4.000000000000000222e-01 4.833333333333333370e-01 0.000000000000000000e+00
4.000000000000000222e-01 5.000000000000000000e-01 0.000000000000000000e+00
4.000000000000000222e-01 5.166666666666666075e-01 0.000000000000000000e+00
4.000000000000000222e-01 5.333333333333333259e-01 0.000000000000000000e+00
4.000000000000000222e-01 5.500000000000000444e-01 0.000000000000000000e+00
4.000000000000000222e-01 5.666666666666666519e-01 0.000000000000000000e+00
4.000000000000000222e-01 5.833333333333333703e-01 0.000000000000000000e+00
4.000000000000000222e-01 5.999999999999999778e-01 0.000000000000000000e+00
4.000000000000000222e-01 6.166666666666666963e-01 0.000000000000000000e+00
4.000000000000000222e-01 6.333333333333333037e-01 0.000000000000000000e+00
4.000000000000000222e-01 6.500000000000000222e-01 0.000000000000000000e+00
4.000000000000000222e-01 6.666666666666666297e-01 0.000000000000000000e+00
4.000000000000000222e-01 6.833333333333333481e-01 0.000000000000000000e+00
4.000000000000000222e-01 6.999999999999999556e-01 0.000000000000000000e+00
4.000000000000000222e-01 7.166666666666666741e-01 0.000000000000000000e+00
4.000000000000000222e-01 7.333333333333332815e-01 0.000000000000000000e+00
4.000000000000000222e-01 7.500000000000000000e-01 0.000000000000000000e+00
4.000000000000000222e-01 7.666666666666666075e-01 0.000000000000000000e+00
4.000000000000000222e-01 7.833333333333333259e-01 0.000000000000000000e+00
4.000000000000000222e-01 8.000000000000000444e-01 0.000000000000000000e+00
4.000000000000000222e-01 8.166666666666666519e-01 0.000000000000000000e+00
4.000000000000000222e-01 8.333333333333333703e-01 0.000000000000000000e+00
4.000000000000000222e-01 8.499999999999999778e-01 0.000000000000000000e+00
4.000000000000000222e-01 8.666666666666666963e-01 0.000000000000000000e+00
4.000000000000000222e-01 8.833333333333333037e-01 0.000000000000000000e+00
4.000000000000000222e-01 9.000000000000000222e-01 0.000000000000000000e+00
4.000000000000000222e-01 9.166666666666666297e-01 0.000000000000000000e+00
4.000000000000000222e-01 9.333333333333333481e-01 0.000000000000000000e+00
4.000000000000000222e-01 9.499999999999999556e-01 0.000000000000000000e+00
4.000000000000000222e-01 9.666666666666666741e-01 0.000000000000000000e+00
4.000000000000000222e-01 9.833333333333332815e-01 0.000000000000000000e+00
4.000000000000000222e-01 1.000000000000000000e+00 0.000000000000000000e+00
5.000000000000000000e-01 0.000000000000000000e+00 0.000000000000000000e+00
5.000000000000000000e-01 1.666666666666666644e-02 0.000000000000000000e+00
5.000000000000000000e-01 3.333333333333333287e-02 0.000000000000000000e+00
5.000000000000000000e-01 5.000000000000000278e-02 0.000000000000000000e+00
5.000000000000000000e-01 6.666666666666666574e-02 0.000000000000000000e+00
5.000000000000000000e-01 8.333333333333332871e-02 0.000000000000000000e+00
5.000000000000000000e-01 1.000000000000000056e-01 0.000000000000000000e+00
5.000000000000000000e-01 1.166666666666666685e-01 0.000000000000000000e+00
5.000000000000000000e-01 1.333333333333333315e-01 0.000000000000000000e+00
5.000000000000000000e-01 1.499999999999999944e-01 0.000000000000000000e+00
5.000000000000000000e-01 1.666666666666666574e-01 0.000000000000000000e+00
5.000000000000000000e-01 1.833333333333333204e-01 0.000000000000000000e+00
5.000000000000000000e-01 2.000000000000000111e-01 0.000000000000000000e+00
5.000000000000000000e-01 2.166666666666666741e-01 0.000000000000000000e+00
5.000000000000000000e-01 2.333333333333333370e-01 0.000000000000000000e+00
5.000000000000000000e-01 2.500000000000000000e-01 0.000000000000000000e+00
5.000000000000000000e-01 2.666666666666666630e-01 0.000000000000000000e+00
5.000000000000000000e-01 2.833333333333333259e-01 0.000000000000000000e+00
5.000000000000000000e-01 2.999999999999999889e-01 0.000000000000000000e+00
5.000000000000000000e-01 3.166666666666666519e-01 0.000000000000000000e+00
5.000000000000000000e-01 3.333333333333333148e-01 0.000000000000000000e+00
5.000000000000000000e-01 3.499999999999999778e-01 0.000000000000000000e+00
5.000000000000000000e-01 3.666666666666666408e-01 0.000000000000000000e+00
5.000000000000000000e-01 3.833333333333333037e-01 0.000000000000000000e+00
5.000000000000000000e-01 4.000000000000000222e-01 0.000000000000000000e+00
5.000000000000000000e-01 4.166666666666666852e-01 0.000000000000000000e+00
5.000000000000000000e-01 4.333333333333333481e-01 0.000000000000000000e+00
5.000000000000000000e-01 4.500000000000000111e-01 0.000000000000000000e+00
5.000000000000000000e-01 4.666666666666666741e-01 0.000000000000000000e+00
5.000000000000000000e-01 4.833333333333333370e-01 0.000000000000000000e+00
5.000000000000000000e-01 5.000000000000000000e-01 0.000000000000000000e+00
5.000000000000000000e-01 5.166666666666666075e-01 0.000000000000000000e+00
5.000000000000000000e-01 5.333333333333333259e-01 0.000000000000000000e+00
5.000000000000000000e-01 5.500000000000000444e-01 0.000000000000000000e+00
5.000000000000000000e-01 5.666666666666666519e-01 0.000000000000000000e+00
5.000000000000000000e-01 5.833333333333333703e-01 0.000000000000000000e+00
5.000000000000000000e-01 5.999999999999999778e-01 0.000000000000000000e+00
5.000000000000000000e-01 6.166666666666666963e-01 0.000000000000000000e+00
5.000000000000000000e-01 6.333333333333333037e-01 0.000000000000000000e+00
5.000000000000000000e-01 6.500000000000000222e-01 0.000000000000000000e+00
5.000000000000000000e-01 6.666666666666666297e-01 0.000000000000000000e+00
5.000000000000000000e-01 6.833333333333333481e-01 0.000000000000000000e+00
5.000000000000000000e-01 6.999999999999999556e-01 0.000000000000000000e+00
5.000000000000000000e-01 7.166666666666666741e-01 0.000000000000000000e+00
5.000000000000000000e-01 7.333333333333332815e-01 0.000000000000000000e+00
5.000000000000000000e-01 7.500000000000000000e-01 0.000000000000000000e+00
5.000000000000000000e-01 7.666666666666666075e-01 0.000000000000000000e+00
5.000000000000000000e-01 7.833333333333333259e-01 0.000000000000000000e+00
5.000000000000000000e-01 8.000000000000000444e-01 0.000000000000000000e+00
5.000000000000000000e-01 8.166666666666666519e-01 0.000000000000000000e+00
5.000000000000000000e-01 8.333333333333333703e-01 0.000000000000000000e+00
5.000000000000000000e-01 8.499999999999999778e-01 0.000000000000000000e+00
5.000000000000000000e-01 8.666666666666666963e-01 0.000000000000000000e+00
5.000000000000000000e-01 8.833333333333333037e-01 0.000000000000000000e+00
5.000000000000000000e-01 9.000000000000000222e-01 0.000000000000000000e+00
5.000000000000000000e-01 9.166666666666666297e-01 0.000000000000000000e+00
5.000000000000000000e-01 9.333333333333333481e-01 0.000000000000000000e+00
5.000000000000000000e-01 9.499999999999999556e-01 0.000000000000000000e+00
5.000000000000000000e-01 9.666666666666666741e-01 0.000000000000000000e+00
5.000000000000000000e-01 9.833333333333332815e-01 0.000000000000000000e+00
5.000000000000000000e-01 1.000000000000000000e+00 0.000000000000000000e+00
6.000000000000000888e-01 0.000000000000000000e+00 0.000000000000000000e+00
6.000000000000000888e-01 1.666666666666666644e-02 0.000000000000000000e+00
6.000000000000000888e-01 3.333333333333333287e-02 0.000000000000000000e+00
6.000000000000000888e-01 5.000000000000000278e-02 0.000000000000000000e+00
6.000000000000000888e-01 6.666666666666666574e-02 0.000000000000000000e+00
6.000000000000000888e-01 8.333333333333332871e-02 0.000000000000000000e+00
6.000000000000000888e-01 1.000000000000000056e-01 0.000000000000000000e+00
6.000000000000000888e-01 1.166666666666666685e-01 0.000000000000000000e+00
6.000000000000000888e-01 1.333333333333333315e-01 0.000000000000000000e+00
6.000000000000000888e-01 1.499999999999999944e-01 0.000000000000000000e+00
6.000000000000000888e-01 1.666666666666666574e-01 0.000000000000000000e+00
6.000000000000000888e-01 1.833333333333333204e-01 0.000000000000000000e+00
6.000000000000000888e-01 2.000000000000000111e-01 0.000000000000000000e+00
6.000000000000000888e-01 2.166666666666666741e-01 0.000000000000000000e+00
6.000000000000000888e-01 2.333333333333333370e-01 0.000000000000000000e+00
6.000000000000000888e-01 2.500000000000000000e-01 0.000000000000000000e+00
6.000000000000000888e-01 2.666666666666666630e-01 0.000000000000000000e+00
6.000000000000000888e-01 2.833333333333333259e-01 0.000000000000000000e+00
6.000000000000000888e-01 2.999999999999999889e-01 0.000000000000000000e+00
6.000000000000000888e-01 3.166666666666666519e-01 0.000000000000000000e+00
6.000000000000000888e-01 3.333333333333333148e-01 0.000000000000000000e+00
6.000000000000000888e-01 3.499999999999999778e-01 0.000000000000000000e+00
6.000000000000000888e-01 3.666666666666666408e-01 0.000000000000000000e+00
6.000000000000000888e-01 3.833333333333333037e-01 0.000000000000000000e+00
6.000000000000000888e-01 4.000000000000000222e-01 0.000000000000000000e+00
6.000000000000000888e-01 4.166666666666666852e-01 0.000000000000000000e+00
6.000000000000000888e-01 4.333333333333333481e-01 0.000000000000000000e+00
6.000000000000000888e-01 4.500000000000000111e-01 0.000000000000000000e+00
6.000000000000000888e-01 4.666666666666666741e-01 0.000000000000000000e+00
6.000000000000000888e-01 4.833333333333333370e-01 0.000000000000000000e+00
6.000000000000000888e-01 5.000000000000000000e-01 0.000000000000000000e+00
6.000000000000000888e-01 5.166666666666666075e-01 0.000000000000000000e+00
6.000000000000000888e-01 5.333333333333333259e-01 0.000000000000000000e+00
6.000000000000000888e-01 5.500000000000000444e-01 0.000000000000000000e+00
6.000000000000000888e-01 5.666666666666666519e-01 0.000000000000000000e+00
6.000000000000000888e-01 5.833333333333333703e-01 0.000000000000000000e+00
6.000000000000000888e-01 5.999999999999999778e-01 0.000000000000000000e+00
6.000000000000000888e-01 6.166666666666666963e-01 0.000000000000000000e+00
6.000000000000000888e-01 6.333333333333333037e-01 0.000000000000000000e+00
6.000000000000000888e-01 6.500000000000000222e-01 0.000000000000000000e+00
6.000000000000000888e-01 6.666666666666666297e-01 0.000000000000000000e+00
6.000000000000000888e-01 6.833333333333333481e-01 0.000000000000000000e+00
6.000000000000000888e-01 6.999999999999999556e-01 0.000000000000000000e+00
6.000000000000000888e-01 7.166666666666666741e-01 0.000000000000000000e+00
6.000000000000000888e-01 7.333333333333332815e-01 0.000000000000000000e+00
6.000000000000000888e-01 7.500000000000000000e-01 0.000000000000000000e+00
6.000000000000000888e-01 7.666666666666666075e-01 0.000000000000000000e+00
6.000000000000000888e-01 7.833333333333333259e-01 0.000000000000000000e+00
6.000000000000000888e-01 8.000000000000000444e-01 0.000000000000000000e+00
6.000000000000000888e-01 8.166666666666666519e-01 0.000000000000000000e+00
6.000000000000000888e-01 8.333333333333333703e-01 0.000000000000000000e+00
6.000000000000000888e-01 8.499999999999999778e-01 0.000000000000000000e+00
6.000000000000000888e-01 8.666666666666666963e-01 0.000000000000000000e+00
6.000000000000000888e-01 8.833333333333333037e-01 0.000000000000000000e+00
6.000000000000000888e-01 9.000000000000000222e-01 0.000000000000000000e+00
6.000000000000000888e-01 9.166666666666666297e-01 0.000000000000000000e+00
6.000000000000000888e-01 9.333333333333333481e-01 0.000000000000000000e+00
6.000000000000000888e-01 9.499999999999999556e-01 0.000000000000000000e+00
6.000000000000000888e-01 9.666666666666666741e-01 0.000000000000000000e+00
6.000000000000000888e-01 9.833333333333332815e-01 0.000000000000000000e+00
6.000000000000000888e-01 1.000000000000000000e+00 0.000000000000000000e+00
7.000000000000000666e-01 0.000000000000000000e+00 0.000000000000000000e+00
7.000000000000000666e-01 1.666666666666666644e-02 0.000000000000000000e+00
7.000000000000000666e-01 3.333333333333333287e-02 0.000000000000000000e+00
7.000000000000000666e-01 5.000000000000000278e-02 0.000000000000000000e+00
7.000000000000000666e-01 6.666666666666666574e-02 0.000000000000000000e+00
7.000000000000000666e-01 8.333333333333332871e-02 0.000000000000000000e+00
7.000000000000000666e-01 1.000000000000000056e-01 0.000000000000000000e+00
7.000000000000000666e-01 1.166666666666666685e-01 0.000000000000000000e+00
7.000000000000000666e-01 1.333333333333333315e-01 0.000000000000000000e+00
7.000000000000000666e-01 1.499999999999999944e-01 0.000000000000000000e+00
7.000000000000000666e-01 1.666666666666666574e-01 0.000000000000000000e+00
7.000000000000000666e-01 1.833333333333333204e-01 0.000000000000000000e+00
7.000000000000000666e-01 2.000000000000000111e-01 0.000000000000000000e+00
7.000000000000000666e-01 2.166666666666666741e-01 0.000000000000000000e+00
7.000000000000000666e-01 2.333333333333333370e-01 0.000000000000000000e+00
7.000000000000000666e-01 2.500000000000000000e-01 0.000000000000000000e+00
7.000000000000000666e-01 2.666666666666666630e-01 0.000000000000000000e+00
7.000000000000000666e-01 2.833333333333333259e-01 0.000000000000000000e+00
7.000000000000000666e-01 2.999999999999999889e-01 0.000000000000000000e+00
7.000000000000000666e-01 3.166666666666666519e-01 0.000000000000000000e+00
7.000000000000000666e-01 3.333333333333333148e-01 0.000000000000000000e+00
7.000000000000000666e-01 3.499999999999999778e-01 0.000000000000000000e+00
7.000000000000000666e-01 3.666666666666666408e-01 0.000000000000000000e+00
7.000000000000000666e-01 3.833333333333333037e-01 0.000000000000000000e+00
7.000000000000000666e-01 4.000000000000000222e-01 0.000000000000000000e+00
7.000000000000000666e-01 4.166666666666666852e-01 0.000000000000000000e+00
7.000000000000000666e-01 4.333333333333333481e-01 0.000000000000000000e+00
7.000000000000000666e-01 4.500000000000000111e-01 0.000000000000000000e+00
7.000000000000000666e-01 4.666666666666666741e-01 0.000000000000000000e+00
7.000000000000000666e-01 4.833333333333333370e-01 0.000000000000000000e+00
7.000000000000000666e-01 5.000000000000000000e-01 0.000000000000000000e+00
7.000000000000000666e-01 5.166666666666666075e-01 0.000000000000000000e+00
7.000000000000000666e-01 5.333333333333333259e-01 0.000000000000000000e+00
7.000000000000000666e-01 5.500000000000000444e-01 0.000000000000000000e+00
7.000000000000000666e-01 5.666666666666666519e-01 0.000000000000000000e+00
7.000000000000000666e-01 5.833333333333333703e-01 0.000000000000000000e+00
7.000000000000000666e-01 5.999999999999999778e-01 0.000000000000000000e+00
7.000000000000000666e-01 6.166666666666666963e-01 0.000000000000000000e+00
7.000000000000000666e-01 6.333333333333333037e-01 0.000000000000000000e+00
7.000000000000000666e-01 6.500000000000000222e-01 0.000000000000000000e+00
7.000000000000000666e-01 6.666666666666666297e-01 0.000000000000000000e+00
7.000000000000000666e-01 6.833333333333333481e-01 0.000000000000000000e+00
7.000000000000000666e-01 6.999999999999999556e-01 0.000000000000000000e+00
7.000000000000000666e-01 7.166666666666666741e-01 0.000000000000000000e+00
7.000000000000000666e-01 7.333333333333332815e-01 0.000000000000000000e+00
7.000000000000000666e-01 7.500000000000000000e-01 0.000000000000000000e+00
7.000000000000000666e-01 7.666666666666666075e-01 0.000000000000000000e+00
7.000000000000000666e-01 7.833333333333333259e-01 0.000000000000000000e+00
7.000000000000000666e-01 8.000000000000000444e-01 0.000000000000000000e+00
7.000000000000000666e-01 8.166666666666666519e-01 0.000000000000000000e+00
7.000000000000000666e-01 8.333333333333333703e-01 0.000000000000000000e+00
7.000000000000000666e-01 8.499999999999999778e-01 0.000000000000000000e+00
7.000000000000000666e-01 8.666666666666666963e-01 0.000000000000000000e+00
7.000000000000000666e-01 8.833333333333333037e-01 0.000000000000000000e+00
7.000000000000000666e-01 9.000000000000000222e-01 0.000000000000000000e+00
7.000000000000000666e-01 9.166666666666666297e-01 0.000000000000000000e+00
7.000000000000000666e-01 9.333333333333333481e-01 0.000000000000000000e+00
7.000000000000000666e-01 9.499999999999999556e-01 0.000000000000000000e+00
7.000000000000000666e-01 9.666666666666666741e-01 0.000000000000000000e+00
7.000000000000000666e-01 9.833333333333332815e-01 0.000000000000000000e+00
7.000000000000000666e-01 1.000000000000000000e+00 0.000000000000000000e+00
8.000000000000000444e-01 0.000000000000000000e+00 0.000000000000000000e+00
8.000000000000000444e-01 1.666666666666666644e-02 0.000000000000000000e+00
8.000000000000000444e-01 3.333333333333333287e-02 0.000000000000000000e+00
8.000000000000000444e-01 5.000000000000000278e-02 0.000000000000000000e+00
8.000000000000000444e-01 6.666666666666666574e-02 0.000000000000000000e+00
8.000000000000000444e-01 8.333333333333332871e-02 0.000000000000000000e+00
8.000000000000000444e-01 1.000000000000000056e-01 0.000000000000000000e+00
8.000000000000000444e-01 1.166666666666666685e-01 0.000000000000000000e+00
8.000000000000000444e-01 1.333333333333333315e-01 0.000000000000000000e+00
8.000000000000000444e-01 1.499999999999999944e-01 0.000000000000000000e+00
8.000000000000000444e-01 1.666666666666666574e-01 0.000000000000000000e+00
8.000000000000000444e-01 1.833333333333333204e-01 0.000000000000000000e+00
8.000000000000000444e-01 2.000000000000000111e-01 0.000000000000000000e+00
8.000000000000000444e-01 2.166666666666666741e-01 0.000000000000000000e+00
8.000000000000000444e-01 2.333333333333333370e-01 0.000000000000000000e+00
8.000000000000000444e-01 2.500000000000000000e-01 0.000000000000000000e+00
8.000000000000000444e-01 2.666666666666666630e-01 0.000000000000000000e+00
8.000000000000000444e-01 2.833333333333333259e-01 0.000000000000000000e+00
8.000000000000000444e-01 2.999999999999999889e-01 0.000000000000000000e+00
8.000000000000000444e-01 3.166666666666666519e-01 0.000000000000000000e+00
8.000000000000000444e-01 3.333333333333333148e-01 0.000000000000000000e+00
8.000000000000000444e-01 3.499999999999999778e-01 0.000000000000000000e+00
8.000000000000000444e-01 3.666666666666666408e-01 0.000000000000000000e+00
8.000000000000000444e-01 3.833333333333333037e-01 0.000000000000000000e+00
8.000000000000000444e-01 4.000000000000000222e-01 0.000000000000000000e+00
8.000000000000000444e-01 4.166666666666666852e-01 0.000000000000000000e+00
8.000000000000000444e-01 4.333333333333333481e-01 0.000000000000000000e+00
8.000000000000000444e-01 4.500000000000000111e-01 0.000000000000000000e+00
8.000000000000000444e-01 4.666666666666666741e-01 0.000000000000000000e+00
8.000000000000000444e-01 4.833333333333333370e-01 0.000000000000000000e+00
8.000000000000000444e-01 5.000000000000000000e-01 0.000000000000000000e+00
8.000000000000000444e-01 5.166666666666666075e-01 0.000000000000000000e+00
8.000000000000000444e-01 5.333333333333333259e-01 0.000000000000000000e+00
8.000000000000000444e-01 5.500000000000000444e-01 0.000000000000000000e+00
8.000000000000000444e-01 5.666666666666666519e-01 0.000000000000000000e+00
8.000000000000000444e-01 5.833333333333333703e-01 0.000000000000000000e+00
8.000000000000000444e-01 5.999999999999999778e-01 0.000000000000000000e+00
8.000000000000000444e-01 6.166666666666666963e-01 0.000000000000000000e+00
8.000000000000000444e-01 6.333333333333333037e-01 0.000000000000000000e+00
8.000000000000000444e-01 6.500000000000000222e-01 0.000000000000000000e+00
8.000000000000000444e-01 6.666666666666666297e-01 0.000000000000000000e+00
8.000000000000000444e-01 6.833333333333333481e-01 0.000000000000000000e+00
8.000000000000000444e-01 6.999999999999999556e-01 0.000000000000000000e+00
8.000000000000000444e-01 7.166666666666666741e-01 0.000000000000000000e+00
8.000000000000000444e-01 7.333333333333332815e-01 0.000000000000000000e+00
8.000000000000000444e-01 7.500000000000000000e-01 0.000000000000000000e+00
8.000000000000000444e-01 7.666666666666666075e-01 0.000000000000000000e+00
8.000000000000000444e-01 7.833333333333333259e-01 0.000000000000000000e+00
8.000000000000000444e-01 8.000000000000000444e-01 0.000000000000000000e+00
8.000000000000000444e-01 8.166666666666666519e-01 0.000000000000000000e+00
8.000000000000000444e-01 8.333333333333333703e-01 0.000000000000000000e+00
8.000000000000000444e-01 8.499999999999999778e-01 0.000000000000000000e+00
8.000000000000000444e-01 8.666666666666666963e-01 0.000000000000000000e+00
8.000000000000000444e-01 8.833333333333333037e-01 0.000000000000000000e+00
8.000000000000000444e-01 9.000000000000000222e-01 0.000000000000000000e+00
8.000000000000000444e-01 9.166666666666666297e-01 0.000000000000000000e+00
8.000000000000000444e-01 9.333333333333333481e-01 0.000000000000000000e+00
8.000000000000000444e-01 9.499999999999999556e-01 0.000000000000000000e+00
8.000000000000000444e-01 9.666666666666666741e-01 0.000000000000000000e+00
8.000000000000000444e-01 9.833333333333332815e-01 0.000000000000000000e+00
8.000000000000000444e-01 1.000000000000000000e+00 0.000000000000000000e+00
9.000000000000000222e-01 1.000000000000000000e+00 1.842317998160091648e-07
9.000000000000000222e-01 1.195913994520558576e+00 1.318954245478577409e-07
9.000000000000000222e-01 1.430210282290118595e+00 1.039879036548927446e-07
9.000000000000000222e-01 1.710408491697951394e+00 8.074330342203641368e-08
9.000000000000000222e-01 2.045501451568380702e+00 6.539144878170033343e-08
9.000000000000000222e-01 2.446243811742742746e+00 5.317767806874670084e-08
9.000000000000000222e-01 2.925497208472460642e+00 4.354351988129256284e-08
9.000000000000000222e-01 3.498643052543043197e+00 3.461659078368834918e-08
9.000000000000000222e-01 4.184076188368351268e+00 2.664070135867232372e-08
9.000000000000000222e-01 5.003795267809948655e+00 2.134978052671856950e-08
9.000000000000000222e-01 5.984108786489663601e+00 1.975689272358182081e-08
9.000000000000000222e-01 7.156479442496424426e+00 1.344766625487846578e-08
9.000000000000000222e-01 8.558533916780159956e+00 1.322201898237124786e-08
9.000000000000000222e-01 1.023527048365624381e+01 1.010296073806354828e-08
9.000000000000000222e-01 1.224050320910770395e+01 8.418070221951122418e-09
9.000000000000000222e-01 1.463858908774571077e+01 5.830223408926692464e-09
9.000000000000000222e-01 1.750649355007103480e+01 7.182307457936753930e-09
9.000000000000000222e-01 1.796595313673814687e+01 6.616997160369200036e-09
9.000000000000000222e-01 2.054567974098772609e+01 5.936220861449113009e-09
9.000000000000000222e-01 2.093626063151384642e+01 6.878140271317962746e-09
9.000000000000000222e-01 2.312540634523730887e+01 5.648094453541246080e-09
9.000000000000000222e-01 2.503796708215724109e+01 3.578657201203895272e-09
9.000000000000000222e-01 2.570513294948688809e+01 2.668581416905176550e-09
9.000000000000000222e-01 2.828485955373646732e+01 4.171481942171351290e-09
9.000000000000000222e-01 2.994325522789690552e+01 2.602017708548998657e-09
9.000000000000000222e-01 3.086458615798604654e+01 5.309900678840479068e-09
9.000000000000000222e-01 3.344431276223562577e+01 4.867903504343859569e-09
9.000000000000000222e-01 3.602403936648521210e+01 2.187400277043073040e-09
9.000000000000000222e-01 3.860376597073478422e+01 2.020176852767185269e-09
9.000000000000000222e-01 4.118349257498437055e+01 3.758805988148670003e-09
9.000000000000000222e-01 4.376321917923394267e+01 2.723213288631806997e-09
9.000000000000000222e-01 4.634294578348352900e+01 3.494473777412485279e-09
9.000000000000000222e-01 4.892267238773310822e+01 3.629381983001315110e-09
9.000000000000000222e-01 5.150239899198268745e+01 4.207954535205268353e-09
9.000000000000000222e-01 5.408212559623227378e+01 3.213112335325451774e-09
9.000000000000000222e-01 5.666185220048184590e+01 3.556927954740815910e-09
9.000000000000000222e-01 5.924157880473143223e+01 2.466121056653522883e-09
9.000000000000000222e-01 6.182130540898100435e+01 4.158282849379712887e-09
9.000000000000000222e-01 6.440103201323059068e+01 3.699890609633039683e-09
9.000000000000000222e-01 6.698075861748016280e+01 4.745513711260324091e-09
9.000000000000000222e-01 6.956048522172974913e+01 4.540032725085734506e-09
9.000000000000000222e-01 7.214021182597933546e+01 3.811439005811863953e-09
9.000000000000000222e-01 7.471993843022890758e+01 3.955671975090625142e-09
9.000000000000000222e-01 7.729966503447849391e+01 5.371677124954498570e-09
9.000000000000000222e-01 7.987939163872806603e+01 3.851875634959841037e-09
9.000000000000000222e-01 8.245911824297765236e+01 5.176605681800278535e-09
9.000000000000000222e-01 8.503884484722723869e+01 5.375075227043422876e-09
9.000000000000000222e-01 8.761857145147681081e+01 5.780426844850488729e-09
9.000000000000000222e-01 9.019829805572639714e+01 5.630775567068289291e-09
9.000000000000000222e-01 9.277802465997596926e+01 5.543414858208762022e-09
9.000000000000000222e-01 9.535775126422555559e+01 4.732798932015457020e-09
9.000000000000000222e-01 9.793747786847512771e+01 4.909579926325034457e-09
9.000000000000000222e-01 1.005172044727247140e+02 4.121938273866554322e-09
9.000000000000000222e-01 1.030969310769743004e+02 4.245080410614139370e-09
9.000000000000000222e-01 1.056766576812238725e+02 3.912666372790430987e-09
9.000000000000000222e-01 1.082563842854734588e+02 3.966493813843019743e-09
9.000000000000000222e-01 1.108361108897230309e+02 3.632009842404598597e-09
9.000000000000000222e-01 1.134158374939726173e+02 3.072634696689025360e-09
9.000000000000000222e-01 1.159955640982221894e+02 2.232539309694706096e-09
9.000000000000000222e-01 1.185752907024717757e+02 0.000000000000000000e+00
9.000000000000000222e-01 1.197730209115876505e+02 0.000000000000000000e+00
1.000000000000000000e+00 1.000000000000000000e+00 7.771873182538359734e-07
1.000000000000000000e+00 1.229809120925337895e+00 5.642757361496736980e-07
1.000000000000000000e+00 1.512430473911152262e+00 4.340116763601423666e-07
1.000000000000000000e+00 1.860000791581366331e+00 3.448231778857736107e-07
1.000000000000000000e+00 2.287445938415112678e+00 2.596217237897855321e-07
1.000000000000000000e+00 2.813121878686524191e+00 2.121442189622838436e-07
1.000000000000000000e+00 3.459602944683309644e+00 1.697680545191029498e-07
1.000000000000000000e+00 4.254651256151690930e+00 1.357488627507895259e-07
1.000000000000000000e+00 5.232408921171795235e+00 1.125161537523504519e-07
1.000000000000000000e+00 6.434864215668180343e+00 8.718153194407240216e-08
1.000000000000000000e+00 7.913654704344797786e+00 7.961947984321125068e-08
1.000000000000000000e+00 9.732284735256943264e+00 6.275403898725835122e-08
1.000000000000000000e+00 1.196885253486142808e+01 5.929364304932152095e-08
1.000000000000000000e+00 1.471940401438293300e+01 4.765787219784997688e-08
1.000000000000000000e+00 1.810205731147316399e+01 3.807018452614437040e-08
1.000000000000000000e+00 2.226207518916289274e+01 2.473962556161272320e-08
1.000000000000000000e+00 2.737810311835819022e+01 2.376557582587715396e-08
1.000000000000000000e+00 3.055397608328549097e+01 2.675357950089213994e-08
1.000000000000000000e+00 3.366984092859133426e+01 2.603026119551425516e-08
1.000000000000000000e+00 3.494121367473161399e+01 2.014203569241030266e-08
1.000000000000000000e+00 3.932845126617773701e+01 2.391931249931605001e-08
1.000000000000000000e+00 4.140747747408686763e+01 2.739242007309647132e-08
1.000000000000000000e+00 4.371568885762386003e+01 2.418227091580246810e-08
1.000000000000000000e+00 4.810292644906998305e+01 2.954535481505826864e-08
1.000000000000000000e+00 5.092329347214249680e+01 2.445799545381551855e-08
1.000000000000000000e+00 5.249016404051610607e+01 1.981779428745508284e-08
1.000000000000000000e+00 5.687740163196222909e+01 2.064397932627537341e-08
1.000000000000000000e+00 6.126463922340835211e+01 3.243163159736375937e-08
1.000000000000000000e+00 6.565187681485447513e+01 2.698275582051952441e-08
1.000000000000000000e+00 7.003911440630059815e+01 3.124728517798721519e-08
1.000000000000000000e+00 7.442635199774672117e+01 3.342350221625695664e-08
1.000000000000000000e+00 7.881358958919284419e+01 3.564061883337549916e-08
1.000000000000000000e+00 8.320082718063896721e+01 3.766152729328343889e-08
1.000000000000000000e+00 8.758806477208509023e+01 4.937686725537204928e-08
1.000000000000000000e+00 9.197530236353121325e+01 5.197411709007002299e-08
1.000000000000000000e+00 9.636253995497733627e+01 6.891661712556754691e-08
1.000000000000000000e+00 1.007497775464234593e+02 8.269155359018328540e-08
1.000000000000000000e+00 1.051370151378695823e+02 9.350581257047418522e-08
1.000000000000000000e+00 1.095242527293157053e+02 8.988958616282085530e-08
1.000000000000000000e+00 1.139114903207618283e+02 1.067245171059517707e-07
1.000000000000000000e+00 1.182987279122079514e+02 9.241262688609162330e-08
1.000000000000000000e+00 1.226859655036540744e+02 1.018288721632939402e-07
1.000000000000000000e+00 1.270732030951001974e+02 1.030768616779138221e-07
1.000000000000000000e+00 1.314604406865463204e+02 1.084145669011186436e-07
1.000000000000000000e+00 1.358476782779924292e+02 1.239478534109995389e-07
1.000000000000000000e+00 1.402349158694385665e+02 1.365145982609617713e-07
1.000000000000000000e+00 1.446221534608847037e+02 1.404589727154116025e-07
1.000000000000000000e+00 1.490093910523308125e+02 1.500419679891423388e-07
1.000000000000000000e+00 1.533966286437769213e+02 1.620097293099769505e-07
1.000000000000000000e+00 1.577838662352230585e+02 1.695299486137257753e-07
1.000000000000000000e+00 1.621711038266691958e+02 1.751636196390107217e-07
1.000000000000000000e+00 1.665583414181152762e+02 1.044489001709500347e-07
1.000000000000000000e+00 1.709455790095614134e+02 1.117517303470777128e-07
1.000000000000000000e+00 1.753328166010075506e+02 1.166978469936473899e-07
1.000000000000000000e+00 1.797200541924536878e+02 1.249760618659368729e-07
1.000000000000000000e+00 1.841072917838997682e+02 8.420808304607064349e-08
1.000000000000000000e+00 1.884945293753459055e+02 8.298213551993003347e-08
1.000000000000000000e+00 1.928817669667920427e+02 9.301092048879760645e-08
1.000000000000000000e+00 1.972690045582381799e+02 2.466061713721544170e-08
1.000000000000000000e+00 2.016562421496842603e+02 5.258138302455097780e-08
1.000000000000000000e+00 2.036931738885699588e+02 0.000000000000000000e+00
