# mx [GeV]: 10000.0
# sigma_p [cm^2]: 1.28824955169e-29
# depth [m]: 10.6
# loc: SUF
# Columns: gamma/pi, v [km/s], f(v, gamma) [s/km]
0.000000000000000000e+00 0.000000000000000000e+00 0.000000000000000000e+00
0.000000000000000000e+00 1.666666666666666644e-02 0.000000000000000000e+00
0.000000000000000000e+00 3.333333333333333287e-02 0.000000000000000000e+00
0.000000000000000000e+00 5.000000000000000278e-02 0.000000000000000000e+00
0.000000000000000000e+00 6.666666666666666574e-02 0.000000000000000000e+00
0.000000000000000000e+00 8.333333333333332871e-02 0.000000000000000000e+00
0.000000000000000000e+00 1.000000000000000056e-01 0.000000000000000000e+00
0.000000000000000000e+00 1.166666666666666685e-01 0.000000000000000000e+00
0.000000000000000000e+00 1.333333333333333315e-01 0.000000000000000000e+00
0.000000000000000000e+00 1.499999999999999944e-01 0.000000000000000000e+00
0.000000000000000000e+00 1.666666666666666574e-01 0.000000000000000000e+00
0.000000000000000000e+00 1.833333333333333204e-01 0.000000000000000000e+00
0.000000000000000000e+00 2.000000000000000111e-01 0.000000000000000000e+00
0.000000000000000000e+00 2.166666666666666741e-01 0.000000000000000000e+00
0.000000000000000000e+00 2.333333333333333370e-01 0.000000000000000000e+00
0.000000000000000000e+00 2.500000000000000000e-01 0.000000000000000000e+00
0.000000000000000000e+00 2.666666666666666630e-01 0.000000000000000000e+00
0.000000000000000000e+00 2.833333333333333259e-01 0.000000000000000000e+00
0.000000000000000000e+00 2.999999999999999889e-01 0.000000000000000000e+00
0.000000000000000000e+00 3.166666666666666519e-01 0.000000000000000000e+00
0.000000000000000000e+00 3.333333333333333148e-01 0.000000000000000000e+00
0.000000000000000000e+00 3.499999999999999778e-01 0.000000000000000000e+00
0.000000000000000000e+00 3.666666666666666408e-01 0.000000000000000000e+00
0.000000000000000000e+00 3.833333333333333037e-01 0.000000000000000000e+00
0.000000000000000000e+00 4.000000000000000222e-01 0.000000000000000000e+00
0.000000000000000000e+00 4.166666666666666852e-01 0.000000000000000000e+00
0.000000000000000000e+00 4.333333333333333481e-01 0.000000000000000000e+00
0.000000000000000000e+00 4.500000000000000111e-01 0.000000000000000000e+00
0.000000000000000000e+00 4.666666666666666741e-01 0.000000000000000000e+00
0.000000000000000000e+00 4.833333333333333370e-01 0.000000000000000000e+00
0.000000000000000000e+00 5.000000000000000000e-01 0.000000000000000000e+00
0.000000000000000000e+00 5.166666666666666075e-01 0.000000000000000000e+00
0.000000000000000000e+00 5.333333333333333259e-01 0.000000000000000000e+00
0.000000000000000000e+00 5.500000000000000444e-01 0.000000000000000000e+00
0.000000000000000000e+00 5.666666666666666519e-01 0.000000000000000000e+00
0.000000000000000000e+00 5.833333333333333703e-01 0.000000000000000000e+00
0.000000000000000000e+00 5.999999999999999778e-01 0.000000000000000000e+00
0.000000000000000000e+00 6.166666666666666963e-01 0.000000000000000000e+00
0.000000000000000000e+00 6.333333333333333037e-01 0.000000000000000000e+00
0.000000000000000000e+00 6.500000000000000222e-01 0.000000000000000000e+00
0.000000000000000000e+00 6.666666666666666297e-01 0.000000000000000000e+00
0.000000000000000000e+00 6.833333333333333481e-01 0.000000000000000000e+00
0.000000000000000000e+00 6.999999999999999556e-01 0.000000000000000000e+00
0.000000000000000000e+00 7.166666666666666741e-01 0.000000000000000000e+00
0.000000000000000000e+00 7.333333333333332815e-01 0.000000000000000000e+00
0.000000000000000000e+00 7.500000000000000000e-01 0.000000000000000000e+00
0.000000000000000000e+00 7.666666666666666075e-01 0.000000000000000000e+00
0.000000000000000000e+00 7.833333333333333259e-01 0.000000000000000000e+00
0.000000000000000000e+00 8.000000000000000444e-01 0.000000000000000000e+00
0.000000000000000000e+00 8.166666666666666519e-01 0.000000000000000000e+00
0.000000000000000000e+00 8.333333333333333703e-01 0.000000000000000000e+00
0.000000000000000000e+00 8.499999999999999778e-01 0.000000000000000000e+00
0.000000000000000000e+00 8.666666666666666963e-01 0.000000000000000000e+00
0.000000000000000000e+00 8.833333333333333037e-01 0.000000000000000000e+00
0.000000000000000000e+00 9.000000000000000222e-01 0.000000000000000000e+00
0.000000000000000000e+00 9.166666666666666297e-01 0.000000000000000000e+00
0.000000000000000000e+00 9.333333333333333481e-01 0.000000000000000000e+00
0.000000000000000000e+00 9.499999999999999556e-01 0.000000000000000000e+00
0.000000000000000000e+00 9.666666666666666741e-01 0.000000000000000000e+00
0.000000000000000000e+00 9.833333333333332815e-01 0.000000000000000000e+00
0.000000000000000000e+00 1.000000000000000000e+00 0.000000000000000000e+00
1.000000000000000056e-01 0.000000000000000000e+00 0.000000000000000000e+00
1.000000000000000056e-01 1.666666666666666644e-02 0.000000000000000000e+00
1.000000000000000056e-01 3.333333333333333287e-02 0.000000000000000000e+00
1.000000000000000056e-01 5.000000000000000278e-02 0.000000000000000000e+00
1.000000000000000056e-01 6.666666666666666574e-02 0.000000000000000000e+00
1.000000000000000056e-01 8.333333333333332871e-02 0.000000000000000000e+00
1.000000000000000056e-01 1.000000000000000056e-01 0.000000000000000000e+00
1.000000000000000056e-01 1.166666666666666685e-01 0.000000000000000000e+00
1.000000000000000056e-01 1.333333333333333315e-01 0.000000000000000000e+00
1.000000000000000056e-01 1.499999999999999944e-01 0.000000000000000000e+00
1.000000000000000056e-01 1.666666666666666574e-01 0.000000000000000000e+00
1.000000000000000056e-01 1.833333333333333204e-01 0.000000000000000000e+00
1.000000000000000056e-01 2.000000000000000111e-01 0.000000000000000000e+00
1.000000000000000056e-01 2.166666666666666741e-01 0.000000000000000000e+00
1.000000000000000056e-01 2.333333333333333370e-01 0.000000000000000000e+00
1.000000000000000056e-01 2.500000000000000000e-01 0.000000000000000000e+00
1.000000000000000056e-01 2.666666666666666630e-01 0.000000000000000000e+00
1.000000000000000056e-01 2.833333333333333259e-01 0.000000000000000000e+00
1.000000000000000056e-01 2.999999999999999889e-01 0.000000000000000000e+00
1.000000000000000056e-01 3.166666666666666519e-01 0.000000000000000000e+00
1.000000000000000056e-01 3.333333333333333148e-01 0.000000000000000000e+00
1.000000000000000056e-01 3.499999999999999778e-01 0.000000000000000000e+00
1.000000000000000056e-01 3.666666666666666408e-01 0.000000000000000000e+00
1.000000000000000056e-01 3.833333333333333037e-01 0.000000000000000000e+00
1.000000000000000056e-01 4.000000000000000222e-01 0.000000000000000000e+00
1.000000000000000056e-01 4.166666666666666852e-01 0.000000000000000000e+00
1.000000000000000056e-01 4.333333333333333481e-01 0.000000000000000000e+00
1.000000000000000056e-01 4.500000000000000111e-01 0.000000000000000000e+00
1.000000000000000056e-01 4.666666666666666741e-01 0.000000000000000000e+00
1.000000000000000056e-01 4.833333333333333370e-01 0.000000000000000000e+00
1.000000000000000056e-01 5.000000000000000000e-01 0.000000000000000000e+00
1.000000000000000056e-01 5.166666666666666075e-01 0.000000000000000000e+00
1.000000000000000056e-01 5.333333333333333259e-01 0.000000000000000000e+00
1.000000000000000056e-01 5.500000000000000444e-01 0.000000000000000000e+00
1.000000000000000056e-01 5.666666666666666519e-01 0.000000000000000000e+00
1.000000000000000056e-01 5.833333333333333703e-01 0.000000000000000000e+00
1.000000000000000056e-01 5.999999999999999778e-01 0.000000000000000000e+00
1.000000000000000056e-01 6.166666666666666963e-01 0.000000000000000000e+00
1.000000000000000056e-01 6.333333333333333037e-01 0.000000000000000000e+00
1.000000000000000056e-01 6.500000000000000222e-01 0.000000000000000000e+00
1.000000000000000056e-01 6.666666666666666297e-01 0.000000000000000000e+00
1.000000000000000056e-01 6.833333333333333481e-01 0.000000000000000000e+00
1.000000000000000056e-01 6.999999999999999556e-01 0.000000000000000000e+00
1.000000000000000056e-01 7.166666666666666741e-01 0.000000000000000000e+00
1.000000000000000056e-01 7.333333333333332815e-01 0.000000000000000000e+00
1.000000000000000056e-01 7.500000000000000000e-01 0.000000000000000000e+00
1.000000000000000056e-01 7.666666666666666075e-01 0.000000000000000000e+00
1.000000000000000056e-01 7.833333333333333259e-01 0.000000000000000000e+00
1.000000000000000056e-01 8.000000000000000444e-01 0.000000000000000000e+00
1.000000000000000056e-01 8.166666666666666519e-01 0.000000000000000000e+00
1.000000000000000056e-01 8.333333333333333703e-01 0.000000000000000000e+00
1.000000000000000056e-01 8.499999999999999778e-01 0.000000000000000000e+00
1.000000000000000056e-01 8.666666666666666963e-01 0.000000000000000000e+00
1.000000000000000056e-01 8.833333333333333037e-01 0.000000000000000000e+00
1.000000000000000056e-01 9.000000000000000222e-01 0.000000000000000000e+00
1.000000000000000056e-01 9.166666666666666297e-01 0.000000000000000000e+00
1.000000000000000056e-01 9.333333333333333481e-01 0.000000000000000000e+00
1.000000000000000056e-01 9.499999999999999556e-01 0.000000000000000000e+00
1.000000000000000056e-01 9.666666666666666741e-01 0.000000000000000000e+00
1.000000000000000056e-01 9.833333333333332815e-01 0.000000000000000000e+00
1.000000000000000056e-01 1.000000000000000000e+00 0.000000000000000000e+00
2.000000000000000111e-01 0.000000000000000000e+00 0.000000000000000000e+00
2.000000000000000111e-01 1.666666666666666644e-02 0.000000000000000000e+00
2.000000000000000111e-01 3.333333333333333287e-02 0.000000000000000000e+00
2.000000000000000111e-01 5.000000000000000278e-02 0.000000000000000000e+00
2.000000000000000111e-01 6.666666666666666574e-02 0.000000000000000000e+00
2.000000000000000111e-01 8.333333333333332871e-02 0.000000000000000000e+00
2.000000000000000111e-01 1.000000000000000056e-01 0.000000000000000000e+00
2.000000000000000111e-01 1.166666666666666685e-01 0.000000000000000000e+00
2.000000000000000111e-01 1.333333333333333315e-01 0.000000000000000000e+00
2.000000000000000111e-01 1.499999999999999944e-01 0.000000000000000000e+00
2.000000000000000111e-01 1.666666666666666574e-01 0.000000000000000000e+00
2.000000000000000111e-01 1.833333333333333204e-01 0.000000000000000000e+00
2.000000000000000111e-01 2.000000000000000111e-01 0.000000000000000000e+00
2.000000000000000111e-01 2.166666666666666741e-01 0.000000000000000000e+00
2.000000000000000111e-01 2.333333333333333370e-01 0.000000000000000000e+00
2.000000000000000111e-01 2.500000000000000000e-01 0.000000000000000000e+00
2.000000000000000111e-01 2.666666666666666630e-01 0.000000000000000000e+00
2.000000000000000111e-01 2.833333333333333259e-01 0.000000000000000000e+00
2.000000000000000111e-01 2.999999999999999889e-01 0.000000000000000000e+00
2.000000000000000111e-01 3.166666666666666519e-01 0.000000000000000000e+00
2.000000000000000111e-01 3.333333333333333148e-01 0.000000000000000000e+00
2.000000000000000111e-01 3.499999999999999778e-01 0.000000000000000000e+00
2.000000000000000111e-01 3.666666666666666408e-01 0.000000000000000000e+00
2.000000000000000111e-01 3.833333333333333037e-01 0.000000000000000000e+00
2.000000000000000111e-01 4.000000000000000222e-01 0.000000000000000000e+00
2.000000000000000111e-01 4.166666666666666852e-01 0.000000000000000000e+00
2.000000000000000111e-01 4.333333333333333481e-01 0.000000000000000000e+00
2.000000000000000111e-01 4.500000000000000111e-01 0.000000000000000000e+00
2.000000000000000111e-01 4.666666666666666741e-01 0.000000000000000000e+00
2.000000000000000111e-01 4.833333333333333370e-01 0.000000000000000000e+00
2.000000000000000111e-01 5.000000000000000000e-01 0.000000000000000000e+00
2.000000000000000111e-01 5.166666666666666075e-01 0.000000000000000000e+00
2.000000000000000111e-01 5.333333333333333259e-01 0.000000000000000000e+00
2.000000000000000111e-01 5.500000000000000444e-01 0.000000000000000000e+00
2.000000000000000111e-01 5.666666666666666519e-01 0.000000000000000000e+00
2.000000000000000111e-01 5.833333333333333703e-01 0.000000000000000000e+00
2.000000000000000111e-01 5.999999999999999778e-01 0.000000000000000000e+00
2.000000000000000111e-01 6.166666666666666963e-01 0.000000000000000000e+00
2.000000000000000111e-01 6.333333333333333037e-01 0.000000000000000000e+00
2.000000000000000111e-01 6.500000000000000222e-01 0.000000000000000000e+00
2.000000000000000111e-01 6.666666666666666297e-01 0.000000000000000000e+00
2.000000000000000111e-01 6.833333333333333481e-01 0.000000000000000000e+00
2.000000000000000111e-01 6.999999999999999556e-01 0.000000000000000000e+00
2.000000000000000111e-01 7.166666666666666741e-01 0.000000000000000000e+00
2.000000000000000111e-01 7.333333333333332815e-01 0.000000000000000000e+00
2.000000000000000111e-01 7.500000000000000000e-01 0.000000000000000000e+00
2.000000000000000111e-01 7.666666666666666075e-01 0.000000000000000000e+00
2.000000000000000111e-01 7.833333333333333259e-01 0.000000000000000000e+00
2.000000000000000111e-01 8.000000000000000444e-01 0.000000000000000000e+00
2.000000000000000111e-01 8.166666666666666519e-01 0.000000000000000000e+00
2.000000000000000111e-01 8.333333333333333703e-01 0.000000000000000000e+00
2.000000000000000111e-01 8.499999999999999778e-01 0.000000000000000000e+00
2.000000000000000111e-01 8.666666666666666963e-01 0.000000000000000000e+00
2.000000000000000111e-01 8.833333333333333037e-01 0.000000000000000000e+00
2.000000000000000111e-01 9.000000000000000222e-01 0.000000000000000000e+00
2.000000000000000111e-01 9.166666666666666297e-01 0.000000000000000000e+00
2.000000000000000111e-01 9.333333333333333481e-01 0.000000000000000000e+00
2.000000000000000111e-01 9.499999999999999556e-01 0.000000000000000000e+00
2.000000000000000111e-01 9.666666666666666741e-01 0.000000000000000000e+00
2.000000000000000111e-01 9.833333333333332815e-01 0.000000000000000000e+00
2.000000000000000111e-01 1.000000000000000000e+00 0.000000000000000000e+00
3.000000000000000444e-01 0.000000000000000000e+00 0.000000000000000000e+00
3.000000000000000444e-01 1.666666666666666644e-02 0.000000000000000000e+00
3.000000000000000444e-01 3.333333333333333287e-02 0.000000000000000000e+00
3.000000000000000444e-01 5.000000000000000278e-02 0.000000000000000000e+00
3.000000000000000444e-01 6.666666666666666574e-02 0.000000000000000000e+00
3.000000000000000444e-01 8.333333333333332871e-02 0.000000000000000000e+00
3.000000000000000444e-01 1.000000000000000056e-01 0.000000000000000000e+00
3.000000000000000444e-01 1.166666666666666685e-01 0.000000000000000000e+00
3.000000000000000444e-01 1.333333333333333315e-01 0.000000000000000000e+00
3.000000000000000444e-01 1.499999999999999944e-01 0.000000000000000000e+00
3.000000000000000444e-01 1.666666666666666574e-01 0.000000000000000000e+00
3.000000000000000444e-01 1.833333333333333204e-01 0.000000000000000000e+00
3.000000000000000444e-01 2.000000000000000111e-01 0.000000000000000000e+00
3.000000000000000444e-01 2.166666666666666741e-01 0.000000000000000000e+00
3.000000000000000444e-01 2.333333333333333370e-01 0.000000000000000000e+00
3.000000000000000444e-01 2.500000000000000000e-01 0.000000000000000000e+00
3.000000000000000444e-01 2.666666666666666630e-01 0.000000000000000000e+00
3.000000000000000444e-01 2.833333333333333259e-01 0.000000000000000000e+00
3.000000000000000444e-01 2.999999999999999889e-01 0.000000000000000000e+00
3.000000000000000444e-01 3.166666666666666519e-01 0.000000000000000000e+00
3.000000000000000444e-01 3.333333333333333148e-01 0.000000000000000000e+00
3.000000000000000444e-01 3.499999999999999778e-01 0.000000000000000000e+00
3.000000000000000444e-01 3.666666666666666408e-01 0.000000000000000000e+00
3.000000000000000444e-01 3.833333333333333037e-01 0.000000000000000000e+00
3.000000000000000444e-01 4.000000000000000222e-01 0.000000000000000000e+00
3.000000000000000444e-01 4.166666666666666852e-01 0.000000000000000000e+00
3.000000000000000444e-01 4.333333333333333481e-01 0.000000000000000000e+00
3.000000000000000444e-01 4.500000000000000111e-01 0.000000000000000000e+00
3.000000000000000444e-01 4.666666666666666741e-01 0.000000000000000000e+00
3.000000000000000444e-01 4.833333333333333370e-01 0.000000000000000000e+00
3.000000000000000444e-01 5.000000000000000000e-01 0.000000000000000000e+00
3.000000000000000444e-01 5.166666666666666075e-01 0.000000000000000000e+00
3.000000000000000444e-01 5.333333333333333259e-01 0.000000000000000000e+00
3.000000000000000444e-01 5.500000000000000444e-01 0.000000000000000000e+00
3.000000000000000444e-01 5.666666666666666519e-01 0.000000000000000000e+00
3.000000000000000444e-01 5.833333333333333703e-01 0.000000000000000000e+00
3.000000000000000444e-01 5.999999999999999778e-01 0.000000000000000000e+00
3.000000000000000444e-01 6.166666666666666963e-01 0.000000000000000000e+00
3.000000000000000444e-01 6.333333333333333037e-01 0.000000000000000000e+00
3.000000000000000444e-01 6.500000000000000222e-01 0.000000000000000000e+00
3.000000000000000444e-01 6.666666666666666297e-01 0.000000000000000000e+00
3.000000000000000444e-01 6.833333333333333481e-01 0.000000000000000000e+00
3.000000000000000444e-01 6.999999999999999556e-01 0.000000000000000000e+00
3.000000000000000444e-01 7.166666666666666741e-01 0.000000000000000000e+00
3.000000000000000444e-01 7.333333333333332815e-01 0.000000000000000000e+00
3.000000000000000444e-01 7.500000000000000000e-01 0.000000000000000000e+00
3.000000000000000444e-01 7.666666666666666075e-01 0.000000000000000000e+00
3.000000000000000444e-01 7.833333333333333259e-01 0.000000000000000000e+00
3.000000000000000444e-01 8.000000000000000444e-01 0.000000000000000000e+00
3.000000000000000444e-01 8.166666666666666519e-01 0.000000000000000000e+00
3.000000000000000444e-01 8.333333333333333703e-01 0.000000000000000000e+00
3.000000000000000444e-01 8.499999999999999778e-01 0.000000000000000000e+00
3.000000000000000444e-01 8.666666666666666963e-01 0.000000000000000000e+00
3.000000000000000444e-01 8.833333333333333037e-01 0.000000000000000000e+00
3.000000000000000444e-01 9.000000000000000222e-01 0.000000000000000000e+00
3.000000000000000444e-01 9.166666666666666297e-01 0.000000000000000000e+00
3.000000000000000444e-01 9.333333333333333481e-01 0.000000000000000000e+00
3.000000000000000444e-01 9.499999999999999556e-01 0.000000000000000000e+00
3.000000000000000444e-01 9.666666666666666741e-01 0.000000000000000000e+00
3.000000000000000444e-01 9.833333333333332815e-01 0.000000000000000000e+00
3.000000000000000444e-01 1.000000000000000000e+00 0.000000000000000000e+00
4.000000000000000222e-01 0.000000000000000000e+00 0.000000000000000000e+00
4.000000000000000222e-01 1.666666666666666644e-02 0.000000000000000000e+00
4.000000000000000222e-01 3.333333333333333287e-02 0.000000000000000000e+00
4.000000000000000222e-01 5.000000000000000278e-02 0.000000000000000000e+00
4.000000000000000222e-01 6.666666666666666574e-02 0.000000000000000000e+00
4.000000000000000222e-01 8.333333333333332871e-02 0.000000000000000000e+00
4.000000000000000222e-01 1.000000000000000056e-01 0.000000000000000000e+00
4.000000000000000222e-01 1.166666666666666685e-01 0.000000000000000000e+00
4.000000000000000222e-01 1.333333333333333315e-01 0.000000000000000000e+00
4.000000000000000222e-01 1.499999999999999944e-01 0.000000000000000000e+00
4.000000000000000222e-01 1.666666666666666574e-01 0.000000000000000000e+00
4.000000000000000222e-01 1.833333333333333204e-01 0.000000000000000000e+00
4.000000000000000222e-01 2.000000000000000111e-01 0.000000000000000000e+00
4.000000000000000222e-01 2.166666666666666741e-01 0.000000000000000000e+00
4.000000000000000222e-01 2.333333333333333370e-01 0.000000000000000000e+00
4.000000000000000222e-01 2.500000000000000000e-01 0.000000000000000000e+00
4.000000000000000222e-01 2.666666666666666630e-01 0.000000000000000000e+00
4.000000000000000222e-01 2.833333333333333259e-01 0.000000000000000000e+00
4.000000000000000222e-01 2.999999999999999889e-01 0.000000000000000000e+00
4.000000000000000222e-01 3.166666666666666519e-01 0.000000000000000000e+00
4.000000000000000222e-01 3.333333333333333148e-01 0.000000000000000000e+00
4.000000000000000222e-01 3.499999999999999778e-01 0.000000000000000000e+00
4.000000000000000222e-01 3.666666666666666408e-01 0.000000000000000000e+00
4.000000000000000222e-01 3.833333333333333037e-01 0.000000000000000000e+00
4.000000000000000222e-01 4.000000000000000222e-01 0.000000000000000000e+00
4.000000000000000222e-01 4.166666666666666852e-01 0.000000000000000000e+00
4.000000000000000222e-01 4.333333333333333481e-01 0.000000000000000000e+00
4.000000000000000222e-01 4.500000000000000111e-01 0.000000000000000000e+00
4.000000000000000222e-01 4.666666666666666741e-01 0.000000000000000000e+00
4.000000000000000222e-01 4.833333333333333370e-01 0.000000000000000000e+00
4.000000000000000222e-01 5.000000000000000000e-01 0.000000000000000000e+00
4.000000000000000222e-01 5.166666666666666075e-01 0.000000000000000000e+00
4.000000000000000222e-01 5.333333333333333259e-01 0.000000000000000000e+00
4.000000000000000222e-01 5.500000000000000444e-01 0.000000000000000000e+00
4.000000000000000222e-01 5.666666666666666519e-01 0.000000000000000000e+00
4.000000000000000222e-01 5.833333333333333703e-01 0.000000000000000000e+00
4.000000000000000222e-01 5.999999999999999778e-01 0.000000000000000000e+00
4.000000000000000222e-01 6.166666666666666963e-01 0.000000000000000000e+00
4.000000000000000222e-01 6.333333333333333037e-01 0.000000000000000000e+00
4.000000000000000222e-01 6.500000000000000222e-01 0.000000000000000000e+00
4.000000000000000222e-01 6.666666666666666297e-01 0.000000000000000000e+00
4.000000000000000222e-01 6.833333333333333481e-01 0.000000000000000000e+00
4.000000000000000222e-01 6.999999999999999556e-01 0.000000000000000000e+00
4.000000000000000222e-01 7.166666666666666741e-01 0.000000000000000000e+00
4.000000000000000222e-01 7.333333333333332815e-01 0.000000000000000000e+00
4.000000000000000222e-01 7.500000000000000000e-01 0.000000000000000000e+00
4.000000000000000222e-01 7.666666666666666075e-01 0.000000000000000000e+00
4.000000000000000222e-01 7.833333333333333259e-01 0.000000000000000000e+00
4.000000000000000222e-01 8.000000000000000444e-01 0.000000000000000000e+00
4.000000000000000222e-01 8.166666666666666519e-01 0.000000000000000000e+00
4.000000000000000222e-01 8.333333333333333703e-01 0.000000000000000000e+00
4.000000000000000222e-01 8.499999999999999778e-01 0.000000000000000000e+00
4.000000000000000222e-01 8.666666666666666963e-01 0.000000000000000000e+00
4.000000000000000222e-01 8.833333333333333037e-01 0.000000000000000000e+00
4.000000000000000222e-01 9.000000000000000222e-01 0.000000000000000000e+00
4.000000000000000222e-01 9.166666666666666297e-01 0.000000000000000000e+00
4.000000000000000222e-01 9.333333333333333481e-01 0.000000000000000000e+00
4.000000000000000222e-01 9.499999999999999556e-01 0.000000000000000000e+00
4.000000000000000222e-01 9.666666666666666741e-01 0.000000000000000000e+00
4.000000000000000222e-01 9.833333333333332815e-01 0.000000000000000000e+00
4.000000000000000222e-01 1.000000000000000000e+00 0.000000000000000000e+00
5.000000000000000000e-01 0.000000000000000000e+00 0.000000000000000000e+00
5.000000000000000000e-01 1.666666666666666644e-02 0.000000000000000000e+00
5.000000000000000000e-01 3.333333333333333287e-02 0.000000000000000000e+00
5.000000000000000000e-01 5.000000000000000278e-02 0.000000000000000000e+00
5.000000000000000000e-01 6.666666666666666574e-02 0.000000000000000000e+00
5.000000000000000000e-01 8.333333333333332871e-02 0.000000000000000000e+00
5.000000000000000000e-01 1.000000000000000056e-01 0.000000000000000000e+00
5.000000000000000000e-01 1.166666666666666685e-01 0.000000000000000000e+00
5.000000000000000000e-01 1.333333333333333315e-01 0.000000000000000000e+00
5.000000000000000000e-01 1.499999999999999944e-01 0.000000000000000000e+00
5.000000000000000000e-01 1.666666666666666574e-01 0.000000000000000000e+00
5.000000000000000000e-01 1.833333333333333204e-01 0.000000000000000000e+00
5.000000000000000000e-01 2.000000000000000111e-01 0.000000000000000000e+00
5.000000000000000000e-01 2.166666666666666741e-01 0.000000000000000000e+00
5.000000000000000000e-01 2.333333333333333370e-01 0.000000000000000000e+00
5.000000000000000000e-01 2.500000000000000000e-01 0.000000000000000000e+00
5.000000000000000000e-01 2.666666666666666630e-01 0.000000000000000000e+00
5.000000000000000000e-01 2.833333333333333259e-01 0.000000000000000000e+00
5.000000000000000000e-01 2.999999999999999889e-01 0.000000000000000000e+00
5.000000000000000000e-01 3.166666666666666519e-01 0.000000000000000000e+00
5.000000000000000000e-01 3.333333333333333148e-01 0.000000000000000000e+00
5.000000000000000000e-01 3.499999999999999778e-01 0.000000000000000000e+00
5.000000000000000000e-01 3.666666666666666408e-01 0.000000000000000000e+00
5.000000000000000000e-01 3.833333333333333037e-01 0.000000000000000000e+00
5.000000000000000000e-01 4.000000000000000222e-01 0.000000000000000000e+00
5.000000000000000000e-01 4.166666666666666852e-01 0.000000000000000000e+00
5.000000000000000000e-01 4.333333333333333481e-01 0.000000000000000000e+00
5.000000000000000000e-01 4.500000000000000111e-01 0.000000000000000000e+00
5.000000000000000000e-01 4.666666666666666741e-01 0.000000000000000000e+00
5.000000000000000000e-01 4.833333333333333370e-01 0.000000000000000000e+00
5.000000000000000000e-01 5.000000000000000000e-01 0.000000000000000000e+00
5.000000000000000000e-01 5.166666666666666075e-01 0.000000000000000000e+00
5.000000000000000000e-01 5.333333333333333259e-01 0.000000000000000000e+00
5.000000000000000000e-01 5.500000000000000444e-01 0.000000000000000000e+00
5.000000000000000000e-01 5.666666666666666519e-01 0.000000000000000000e+00
5.000000000000000000e-01 5.833333333333333703e-01 0.000000000000000000e+00
5.000000000000000000e-01 5.999999999999999778e-01 0.000000000000000000e+00
5.000000000000000000e-01 6.166666666666666963e-01 0.000000000000000000e+00
5.000000000000000000e-01 6.333333333333333037e-01 0.000000000000000000e+00
5.000000000000000000e-01 6.500000000000000222e-01 0.000000000000000000e+00
5.000000000000000000e-01 6.666666666666666297e-01 0.000000000000000000e+00
5.000000000000000000e-01 6.833333333333333481e-01 0.000000000000000000e+00
5.000000000000000000e-01 6.999999999999999556e-01 0.000000000000000000e+00
5.000000000000000000e-01 7.166666666666666741e-01 0.000000000000000000e+00
5.000000000000000000e-01 7.333333333333332815e-01 0.000000000000000000e+00
5.000000000000000000e-01 7.500000000000000000e-01 0.000000000000000000e+00
5.000000000000000000e-01 7.666666666666666075e-01 0.000000000000000000e+00
5.000000000000000000e-01 7.833333333333333259e-01 0.000000000000000000e+00
5.000000000000000000e-01 8.000000000000000444e-01 0.000000000000000000e+00
5.000000000000000000e-01 8.166666666666666519e-01 0.000000000000000000e+00
5.000000000000000000e-01 8.333333333333333703e-01 0.000000000000000000e+00
5.000000000000000000e-01 8.499999999999999778e-01 0.000000000000000000e+00
5.000000000000000000e-01 8.666666666666666963e-01 0.000000000000000000e+00
5.000000000000000000e-01 8.833333333333333037e-01 0.000000000000000000e+00
5.000000000000000000e-01 9.000000000000000222e-01 0.000000000000000000e+00
5.000000000000000000e-01 9.166666666666666297e-01 0.000000000000000000e+00
5.000000000000000000e-01 9.333333333333333481e-01 0.000000000000000000e+00
5.000000000000000000e-01 9.499999999999999556e-01 0.000000000000000000e+00
5.000000000000000000e-01 9.666666666666666741e-01 0.000000000000000000e+00
5.000000000000000000e-01 9.833333333333332815e-01 0.000000000000000000e+00
5.000000000000000000e-01 1.000000000000000000e+00 0.000000000000000000e+00
6.000000000000000888e-01 0.000000000000000000e+00 0.000000000000000000e+00
6.000000000000000888e-01 1.666666666666666644e-02 0.000000000000000000e+00
6.000000000000000888e-01 3.333333333333333287e-02 0.000000000000000000e+00
6.000000000000000888e-01 5.000000000000000278e-02 0.000000000000000000e+00
6.000000000000000888e-01 6.666666666666666574e-02 0.000000000000000000e+00
6.000000000000000888e-01 8.333333333333332871e-02 0.000000000000000000e+00
6.000000000000000888e-01 1.000000000000000056e-01 0.000000000000000000e+00
6.000000000000000888e-01 1.166666666666666685e-01 0.000000000000000000e+00
6.000000000000000888e-01 1.333333333333333315e-01 0.000000000000000000e+00
6.000000000000000888e-01 1.499999999999999944e-01 0.000000000000000000e+00
6.000000000000000888e-01 1.666666666666666574e-01 0.000000000000000000e+00
6.000000000000000888e-01 1.833333333333333204e-01 0.000000000000000000e+00
6.000000000000000888e-01 2.000000000000000111e-01 0.000000000000000000e+00
6.000000000000000888e-01 2.166666666666666741e-01 0.000000000000000000e+00
6.000000000000000888e-01 2.333333333333333370e-01 0.000000000000000000e+00
6.000000000000000888e-01 2.500000000000000000e-01 0.000000000000000000e+00
6.000000000000000888e-01 2.666666666666666630e-01 0.000000000000000000e+00
6.000000000000000888e-01 2.833333333333333259e-01 0.000000000000000000e+00
6.000000000000000888e-01 2.999999999999999889e-01 0.000000000000000000e+00
6.000000000000000888e-01 3.166666666666666519e-01 0.000000000000000000e+00
6.000000000000000888e-01 3.333333333333333148e-01 0.000000000000000000e+00
6.000000000000000888e-01 3.499999999999999778e-01 0.000000000000000000e+00
6.000000000000000888e-01 3.666666666666666408e-01 0.000000000000000000e+00
6.000000000000000888e-01 3.833333333333333037e-01 0.000000000000000000e+00
6.000000000000000888e-01 4.000000000000000222e-01 0.000000000000000000e+00
6.000000000000000888e-01 4.166666666666666852e-01 0.000000000000000000e+00
6.000000000000000888e-01 4.333333333333333481e-01 0.000000000000000000e+00
6.000000000000000888e-01 4.500000000000000111e-01 0.000000000000000000e+00
6.000000000000000888e-01 4.666666666666666741e-01 0.000000000000000000e+00
6.000000000000000888e-01 4.833333333333333370e-01 0.000000000000000000e+00
6.000000000000000888e-01 5.000000000000000000e-01 0.000000000000000000e+00
6.000000000000000888e-01 5.166666666666666075e-01 0.000000000000000000e+00
6.000000000000000888e-01 5.333333333333333259e-01 0.000000000000000000e+00
6.000000000000000888e-01 5.500000000000000444e-01 0.000000000000000000e+00
6.000000000000000888e-01 5.666666666666666519e-01 0.000000000000000000e+00
6.000000000000000888e-01 5.833333333333333703e-01 0.000000000000000000e+00
6.000000000000000888e-01 5.999999999999999778e-01 0.000000000000000000e+00
6.000000000000000888e-01 6.166666666666666963e-01 0.000000000000000000e+00
6.000000000000000888e-01 6.333333333333333037e-01 0.000000000000000000e+00
6.000000000000000888e-01 6.500000000000000222e-01 0.000000000000000000e+00
6.000000000000000888e-01 6.666666666666666297e-01 0.000000000000000000e+00
6.000000000000000888e-01 6.833333333333333481e-01 0.000000000000000000e+00
6.000000000000000888e-01 6.999999999999999556e-01 0.000000000000000000e+00
6.000000000000000888e-01 7.166666666666666741e-01 0.000000000000000000e+00
6.000000000000000888e-01 7.333333333333332815e-01 0.000000000000000000e+00
6.000000000000000888e-01 7.500000000000000000e-01 0.000000000000000000e+00
6.000000000000000888e-01 7.666666666666666075e-01 0.000000000000000000e+00
6.000000000000000888e-01 7.833333333333333259e-01 0.000000000000000000e+00
6.000000000000000888e-01 8.000000000000000444e-01 0.000000000000000000e+00
6.000000000000000888e-01 8.166666666666666519e-01 0.000000000000000000e+00
6.000000000000000888e-01 8.333333333333333703e-01 0.000000000000000000e+00
6.000000000000000888e-01 8.499999999999999778e-01 0.000000000000000000e+00
6.000000000000000888e-01 8.666666666666666963e-01 0.000000000000000000e+00
6.000000000000000888e-01 8.833333333333333037e-01 0.000000000000000000e+00
6.000000000000000888e-01 9.000000000000000222e-01 0.000000000000000000e+00
6.000000000000000888e-01 9.166666666666666297e-01 0.000000000000000000e+00
6.000000000000000888e-01 9.333333333333333481e-01 0.000000000000000000e+00
6.000000000000000888e-01 9.499999999999999556e-01 0.000000000000000000e+00
6.000000000000000888e-01 9.666666666666666741e-01 0.000000000000000000e+00
6.000000000000000888e-01 9.833333333333332815e-01 0.000000000000000000e+00
6.000000000000000888e-01 1.000000000000000000e+00 0.000000000000000000e+00
7.000000000000000666e-01 1.000000000000000000e+00 1.262752521972795781e-06
7.000000000000000666e-01 1.231435496224027482e+00 9.051285929634658650e-07
7.000000000000000666e-01 1.516433381360516863e+00 6.953621694179536186e-07
7.000000000000000666e-01 1.867389893466367967e+00 5.308378883654117828e-07
7.000000000000000666e-01 2.299570200104490869e+00 4.158479867393548976e-07
7.000000000000000666e-01 2.831772370467659616e+00 3.355420980554903850e-07
7.000000000000000666e-01 3.487145014220333294e+00 2.736650576962974561e-07
7.000000000000000666e-01 4.294194150991558878e+00 2.234694137384512810e-07
7.000000000000000666e-01 5.288023105208607966e+00 1.695255775091820834e-07
7.000000000000000666e-01 6.511859356606685800e+00 1.372982922594237091e-07
7.000000000000000666e-01 8.018934758144029118e+00 1.201546924868356017e-07
7.000000000000000666e-01 9.874800903083192694e+00 9.454560929820991621e-08
7.000000000000000666e-01 1.216018035020172938e+01 6.991513563796434551e-08
7.000000000000000666e-01 1.497447772372433583e+01 6.123049407858553806e-08
7.000000000000000666e-01 1.844010340641011680e+01 5.538855499101251154e-08
7.000000000000000666e-01 2.270779788869502624e+01 4.391717080478781763e-08
7.000000000000000666e-01 2.796318836122008733e+01 3.355020451023113230e-08
7.000000000000000666e-01 3.133090520090324560e+01 3.368592564713039297e-08
7.000000000000000666e-01 3.443486273560500877e+01 3.069283811732373485e-08
7.000000000000000666e-01 3.582970184513550294e+01 3.872334758850780143e-08
7.000000000000000666e-01 4.032849848936776738e+01 2.385583875053857669e-08
7.000000000000000666e-01 4.240431228022603705e+01 3.522385846357004717e-08
7.000000000000000666e-01 4.482729513360003182e+01 2.072223802444261962e-08
7.000000000000000666e-01 4.932609177783228915e+01 3.144978555141913820e-08
7.000000000000000666e-01 5.221817533483875451e+01 2.885358704938333988e-08
7.000000000000000666e-01 5.382488842206454649e+01 3.152430278900474686e-08
7.000000000000000666e-01 5.832368506629681093e+01 4.104909914127165653e-08
7.000000000000000666e-01 6.282248171052907537e+01 4.244815187511303160e-08
7.000000000000000666e-01 6.732127835476133271e+01 4.231189815771775568e-08
7.000000000000000666e-01 7.182007499899359004e+01 4.930702583127132915e-08
7.000000000000000666e-01 7.631887164322586159e+01 5.239013594757019411e-08
7.000000000000000666e-01 8.081766828745811893e+01 7.045664194649502503e-08
7.000000000000000666e-01 8.531646493169037626e+01 6.666895978574498810e-08
7.000000000000000666e-01 8.981526157592263360e+01 7.944594576967334331e-08
7.000000000000000666e-01 9.431405822015489093e+01 8.028342862404678159e-08
7.000000000000000666e-01 9.881285486438716248e+01 9.774710353291249744e-08
7.000000000000000666e-01 1.033116515086194198e+02 1.152151634855928304e-07
7.000000000000000666e-01 1.078104481528516772e+02 1.162523111206521713e-07
7.000000000000000666e-01 1.123092447970839345e+02 1.315483546088331425e-07
7.000000000000000666e-01 1.168080414413162060e+02 1.488528350117689933e-07
7.000000000000000666e-01 1.213068380855484634e+02 1.658825682442107145e-07
7.000000000000000666e-01 1.258056347297807207e+02 1.682403451896753571e-07
7.000000000000000666e-01 1.303044313740130065e+02 1.750613384090736258e-07
7.000000000000000666e-01 1.348032280182452496e+02 1.851246737498522914e-07
7.000000000000000666e-01 1.393020246624774927e+02 1.926587316922496489e-07
7.000000000000000666e-01 1.438008213067097643e+02 1.992587432620222226e-07
7.000000000000000666e-01 1.482996179509420358e+02 2.077866509089767387e-07
7.000000000000000666e-01 1.527984145951742789e+02 2.141316637434167797e-07
7.000000000000000666e-01 1.572972112394065505e+02 2.021362596379588164e-07
7.000000000000000666e-01 1.617960078836388220e+02 2.122871486042724389e-07
7.000000000000000666e-01 1.662948045278710651e+02 2.129226439791163357e-07
7.000000000000000666e-01 1.707936011721033083e+02 2.075157631515117784e-07
7.000000000000000666e-01 1.752923978163356082e+02 1.939214615796277804e-07
7.000000000000000666e-01 1.797911944605678514e+02 1.848304532993792922e-07
7.000000000000000666e-01 1.842899911048000945e+02 1.734407748256737924e-07
7.000000000000000666e-01 1.887887877490323945e+02 1.600059464315615656e-07
7.000000000000000666e-01 1.932875843932646376e+02 1.341968140212824514e-07
7.000000000000000666e-01 1.977863810374968807e+02 9.616936932577147308e-08
7.000000000000000666e-01 2.022851776817291807e+02 6.412574188736398572e-08
7.000000000000000666e-01 2.067839743259614238e+02 2.438582936482934179e-08
7.000000000000000666e-01 2.088727013393549896e+02 0.000000000000000000e+00
8.000000000000000444e-01 1.000000000000000000e+00 7.514326276993876503e-06
8.000000000000000444e-01 1.260045963175095984e+00 5.305124800309761221e-06
8.000000000000000444e-01 1.587715829313855576e+00 3.943955866838048097e-06
8.000000000000000444e-01 2.000594921396123826e+00 2.999911189225810618e-06
8.000000000000000444e-01 2.520841554653784122e+00 2.336896956727393346e-06
8.000000000000000444e-01 3.176376224745534049e+00 1.837878867496121289e-06
8.000000000000000444e-01 4.002380039515961663e+00 1.495726153289043040e-06
8.000000000000000444e-01 5.043182811884669547e+00 1.070052875024090017e-06
8.000000000000000444e-01 6.354642143669307686e+00 9.370915748230761302e-07
8.000000000000000444e-01 8.007141180552849846e+00 7.751542983747455106e-07
8.000000000000000444e-01 1.008936592112869235e+01 6.071150641800632046e-07
8.000000000000000444e-01 1.271306479991459248e+01 4.778455257912797302e-07
8.000000000000000444e-01 1.601904598071579500e+01 3.738706332613236059e-07
8.000000000000000444e-01 2.018473422191718214e+01 2.952898751793322959e-07
8.000000000000000444e-01 2.543369287408896184e+01 2.714373961012998774e-07
8.000000000000000444e-01 3.204762203463100434e+01 2.181942763923616987e-07
8.000000000000000444e-01 4.038147677409805425e+01 1.579081327358575330e-07
8.000000000000000444e-01 4.847218641164165831e+01 2.642586099633010259e-07
8.000000000000000444e-01 5.088251679625115287e+01 2.181858704008335904e-07
8.000000000000000444e-01 5.543229522972353607e+01 2.307539680529563072e-07
8.000000000000000444e-01 6.239240404780542093e+01 2.547999016142120088e-07
8.000000000000000444e-01 6.411430988530528907e+01 2.347678396079872263e-07
8.000000000000000444e-01 6.935251286588729158e+01 3.031795409124216322e-07
8.000000000000000444e-01 7.631262168396918355e+01 3.429220165439463577e-07
8.000000000000000444e-01 8.078697735273608771e+01 3.801478444138909900e-07
8.000000000000000444e-01 8.327273050205106131e+01 3.949478401204475814e-07
8.000000000000000444e-01 9.023283932013293906e+01 5.752592224173480762e-07
8.000000000000000444e-01 9.719294813821483103e+01 6.129312905879660055e-07
8.000000000000000444e-01 1.041530569562966946e+02 8.019863726164020935e-07
8.000000000000000444e-01 1.111131657743785865e+02 9.376127150537047391e-07
8.000000000000000444e-01 1.180732745924604643e+02 1.070227826511607130e-06
8.000000000000000444e-01 1.250333834105423421e+02 1.262979349236759438e-06
8.000000000000000444e-01 1.319934922286242340e+02 1.374424643558576568e-06
8.000000000000000444e-01 1.389536010467060976e+02 1.492299593162555147e-06
8.000000000000000444e-01 1.459137098647879895e+02 1.599596260267564251e-06
8.000000000000000444e-01 1.528738186828698531e+02 1.823465165991277304e-06
8.000000000000000444e-01 1.598339275009517451e+02 1.959728174993974932e-06
8.000000000000000444e-01 1.667940363190336370e+02 2.235008939274537476e-06
8.000000000000000444e-01 1.737541451371155006e+02 2.418680796274220172e-06
8.000000000000000444e-01 1.807142539551973641e+02 2.586937271479576875e-06
8.000000000000000444e-01 1.876743627732792561e+02 2.679871503324043069e-06
8.000000000000000444e-01 1.946344715913611481e+02 2.827452877993619712e-06
8.000000000000000444e-01 2.015945804094430400e+02 2.959655537848736096e-06
8.000000000000000444e-01 2.085546892275249320e+02 3.044221881569187161e-06
8.000000000000000444e-01 2.155147980456067671e+02 3.088418848967431183e-06
8.000000000000000444e-01 2.224749068636886591e+02 3.132320955037163521e-06
8.000000000000000444e-01 2.294350156817705511e+02 3.143999896186128220e-06
8.000000000000000444e-01 2.363951244998524430e+02 3.106521281685846642e-06
8.000000000000000444e-01 2.433552333179343350e+02 3.067566156573253387e-06
8.000000000000000444e-01 2.503153421360161701e+02 2.971288701381749093e-06
8.000000000000000444e-01 2.572754509540980621e+02 2.874768859285902627e-06
8.000000000000000444e-01 2.642355597721799541e+02 2.651296764517323723e-06
8.000000000000000444e-01 2.711956685902618460e+02 2.466507517716834316e-06
8.000000000000000444e-01 2.781557774083437380e+02 2.240810455793379043e-06
8.000000000000000444e-01 2.851158862264255731e+02 1.971010918354585634e-06
8.000000000000000444e-01 2.920759950445074651e+02 1.636871554502089676e-06
8.000000000000000444e-01 2.990361038625893570e+02 1.337998601045374547e-06
8.000000000000000444e-01 3.059962126806711922e+02 9.789697857134366327e-07
8.000000000000000444e-01 3.129563214987530841e+02 6.047855236230662295e-07
8.000000000000000444e-01 3.199164303168349761e+02 1.980585140933314610e-07
8.000000000000000444e-01 3.231479094109444077e+02 0.000000000000000000e+00
9.000000000000000222e-01 1.000000000000000000e+00 1.428644919226730397e-05
9.000000000000000222e-01 1.268672637283744020e+00 9.972128808227685094e-06
9.000000000000000222e-01 1.609530260592490158e+00 7.374473361028282120e-06
9.000000000000000222e-01 2.041967000493865925e+00 5.615279336254078385e-06
9.000000000000000222e-01 2.590587659762929373e+00 4.285798713870445361e-06
9.000000000000000222e-01 3.286607678426157975e+00 3.355941083273290076e-06
9.000000000000000222e-01 4.169629231105916212e+00 2.660231346271747603e-06
9.000000000000000222e-01 5.289894513122532338e+00 1.981152936595618889e-06
9.000000000000000222e-01 6.711144422915970686e+00 1.664133052417081690e-06
9.000000000000000222e-01 8.514245294212894777e+00 1.299125849028695614e-06
9.000000000000000222e-01 1.080179003188978015e+01 9.675595510334853057e-07
9.000000000000000222e-01 1.370393544714286094e+01 8.725639665223286503e-07
9.000000000000000222e-01 1.738580792489291227e+01 6.957996486006966720e-07
9.000000000000000222e-01 2.205689879138251541e+01 5.479026970410246830e-07
9.000000000000000222e-01 2.798298395996387455e+01 4.374468728577890200e-07
9.000000000000000222e-01 3.550124605955608814e+01 3.997910698524905610e-07
9.000000000000000222e-01 4.503945946523613486e+01 4.126223710011182122e-07
9.000000000000000222e-01 5.518145396885598331e+01 4.863247461863778348e-07
9.000000000000000222e-01 5.714032982159540097e+01 5.249798930668159331e-07
9.000000000000000222e-01 6.310494479515325139e+01 4.619582051683932624e-07
9.000000000000000222e-01 7.102843562145052658e+01 6.319109455871148906e-07
9.000000000000000222e-01 7.249237293002641991e+01 5.746912399812426319e-07
9.000000000000000222e-01 7.895192644774779467e+01 7.419028676204916199e-07
9.000000000000000222e-01 8.687541727404506275e+01 9.411228114605341745e-07
9.000000000000000222e-01 9.196908994809328419e+01 1.032647831541207088e-06
9.000000000000000222e-01 9.479890810034233084e+01 1.025736937824996358e-06
9.000000000000000222e-01 1.027223989266396131e+02 1.434251825300414659e-06
9.000000000000000222e-01 1.106458897529368812e+02 1.827797498699179666e-06
9.000000000000000222e-01 1.185693805792341493e+02 2.083755684758594270e-06
9.000000000000000222e-01 1.264928714055314174e+02 2.414002108658416194e-06
9.000000000000000222e-01 1.344163622318286855e+02 2.743611359910918390e-06
9.000000000000000222e-01 1.423398530581259536e+02 3.050068155570410646e-06
9.000000000000000222e-01 1.502633438844232217e+02 3.403913840158895279e-06
9.000000000000000222e-01 1.581868347107204897e+02 3.884145300780304757e-06
9.000000000000000222e-01 1.661103255370177578e+02 4.338105644954445784e-06
9.000000000000000222e-01 1.740338163633150259e+02 4.718557181137611956e-06
9.000000000000000222e-01 1.819573071896122940e+02 5.099608417184546235e-06
9.000000000000000222e-01 1.898807980159095621e+02 5.564989354088029808e-06
9.000000000000000222e-01 1.978042888422068302e+02 5.891794334948058624e-06
9.000000000000000222e-01 2.057277796685040983e+02 6.274214489117206850e-06
9.000000000000000222e-01 2.136512704948013663e+02 6.525979169315584993e-06
9.000000000000000222e-01 2.215747613210986344e+02 6.830679952407304053e-06
9.000000000000000222e-01 2.294982521473959025e+02 6.816114471532850142e-06
9.000000000000000222e-01 2.374217429736931706e+02 6.980003743262952702e-06
9.000000000000000222e-01 2.453452337999904671e+02 6.991135677825670354e-06
9.000000000000000222e-01 2.532687246262877352e+02 7.009525709382405259e-06
9.000000000000000222e-01 2.611922154525850033e+02 6.933856280448695823e-06
9.000000000000000222e-01 2.691157062788822714e+02 6.756124963375667179e-06
9.000000000000000222e-01 2.770391971051795394e+02 6.500893708846352281e-06
9.000000000000000222e-01 2.849626879314768075e+02 6.088129310188718107e-06
9.000000000000000222e-01 2.928861787577740756e+02 5.795493965681256589e-06
9.000000000000000222e-01 3.008096695840713437e+02 5.255692258278674692e-06
9.000000000000000222e-01 3.087331604103686118e+02 4.821370042362322234e-06
9.000000000000000222e-01 3.166566512366658799e+02 4.198879633241908230e-06
9.000000000000000222e-01 3.245801420629631480e+02 3.647301449442232796e-06
9.000000000000000222e-01 3.325036328892604161e+02 2.994672733962162488e-06
9.000000000000000222e-01 3.404271237155576841e+02 2.390223699062519604e-06
9.000000000000000222e-01 3.483506145418549522e+02 1.675415763511522548e-06
9.000000000000000222e-01 3.562741053681522203e+02 1.031741967234118306e-06
9.000000000000000222e-01 3.641975961944494884e+02 3.194198266579197012e-07
9.000000000000000222e-01 3.678763597923732505e+02 0.000000000000000000e+00
1.000000000000000000e+00 1.000000000000000000e+00 1.758690396118415977e-05
1.000000000000000000e+00 1.271058584077089826e+00 1.218372690745649761e-05
1.000000000000000000e+00 1.615589924156056290e+00 9.108926045675641415e-06
1.000000000000000000e+00 2.053509441447009642e+00 6.938882894401567901e-06
1.000000000000000000e+00 2.610130803034571567e+00 5.321105775091942945e-06
1.000000000000000000e+00 3.317629162761119854e+00 4.094629599441075519e-06
1.000000000000000000e+00 4.216901026112010342e+00 3.240019179279097896e-06
1.000000000000000000e+00 5.359928247443157545e+00 2.478952639611052258e-06
1.000000000000000000e+00 6.812782808949898516e+00 1.949157033308312583e-06
1.000000000000000000e+00 8.659446070768597181e+00 1.503131321639311102e-06
1.000000000000000000e+00 1.100666326160304997e+01 1.146419031142883285e-06
1.000000000000000000e+00 1.399011382070649567e+01 9.585920858784676129e-07
1.000000000000000000e+00 1.778225426402452669e+01 8.535167186518977734e-07
1.000000000000000000e+00 2.260228692652980698e+01 7.063918883730691309e-07
1.000000000000000000e+00 2.872883081773908387e+01 5.733313751231822786e-07
1.000000000000000000e+00 3.651602702138570322e+01 5.452641119514647349e-07
1.000000000000000000e+00 4.641400960192326863e+01 5.404584455900712959e-07
1.000000000000000000e+00 5.718696415977694159e+01 6.699777504694785050e-07
1.000000000000000000e+00 5.899492532596104155e+01 5.779178376045929717e-07
1.000000000000000000e+00 6.539842568015517088e+01 5.984794729694001311e-07
1.000000000000000000e+00 7.360988720053339307e+01 7.623261443565439734e-07
1.000000000000000000e+00 7.498600625254969998e+01 8.301904413210251259e-07
1.000000000000000000e+00 8.182134872091162947e+01 1.107997437040640365e-06
1.000000000000000000e+00 9.003281024128985166e+01 1.281622550106592105e-06
1.000000000000000000e+00 9.531160693296158115e+01 1.468341447344501944e-06
1.000000000000000000e+00 9.824427176166807385e+01 1.527711973485248787e-06
1.000000000000000000e+00 1.064557332820463103e+02 1.847012234558058099e-06
1.000000000000000000e+00 1.146671948024245324e+02 2.340271064907229381e-06
1.000000000000000000e+00 1.228786563228027546e+02 2.662226468587889129e-06
1.000000000000000000e+00 1.310901178431809910e+02 3.192406560502488954e-06
1.000000000000000000e+00 1.393015793635592274e+02 3.533885650875809189e-06
1.000000000000000000e+00 1.475130408839374354e+02 4.021193728977513974e-06
1.000000000000000000e+00 1.557245024043156718e+02 4.463131201737889879e-06
1.000000000000000000e+00 1.639359639246939082e+02 4.937260261134142796e-06
1.000000000000000000e+00 1.721474254450721162e+02 5.522658151915810326e-06
1.000000000000000000e+00 1.803588869654503526e+02 6.164277743396834775e-06
1.000000000000000000e+00 1.885703484858285890e+02 6.739708025802095123e-06
1.000000000000000000e+00 1.967818100062068254e+02 7.350608753056858216e-06
1.000000000000000000e+00 2.049932715265850334e+02 7.570904193639804723e-06
1.000000000000000000e+00 2.132047330469632698e+02 7.832250072050126247e-06
1.000000000000000000e+00 2.214161945673415062e+02 8.387569140688436439e-06
1.000000000000000000e+00 2.296276560877197142e+02 8.689733258125980207e-06
1.000000000000000000e+00 2.378391176080979506e+02 9.034905979695177173e-06
1.000000000000000000e+00 2.460505791284761870e+02 8.514499354790341405e-06
1.000000000000000000e+00 2.542620406488543949e+02 8.676577033354922137e-06
1.000000000000000000e+00 2.624735021692326313e+02 8.829820498055609583e-06
1.000000000000000000e+00 2.706849636896108677e+02 8.039946314453527660e-06
1.000000000000000000e+00 2.788964252099891041e+02 8.046700831460102917e-06
1.000000000000000000e+00 2.871078867303672837e+02 8.035277917321563570e-06
1.000000000000000000e+00 2.953193482507455201e+02 7.412358717599284731e-06
1.000000000000000000e+00 3.035308097711237565e+02 7.230390339160460281e-06
1.000000000000000000e+00 3.117422712915019929e+02 6.009819281441771301e-06
1.000000000000000000e+00 3.199537328118802293e+02 5.800426192470686591e-06
1.000000000000000000e+00 3.281651943322584657e+02 5.079252877316459838e-06
1.000000000000000000e+00 3.363766558526367021e+02 3.877877473860837558e-06
1.000000000000000000e+00 3.445881173730149385e+02 3.678567170884205354e-06
1.000000000000000000e+00 3.527995788933931181e+02 2.745565037439371802e-06
1.000000000000000000e+00 3.610110404137713545e+02 2.279953154156756454e-06
1.000000000000000000e+00 3.692225019341495909e+02 1.123415230633771748e-06
1.000000000000000000e+00 3.774339634545278273e+02 3.488146436694126982e-07
1.000000000000000000e+00 3.812464277318462678e+02 0.000000000000000000e+00
