# mx [GeV]: 10.0
# sigma_p [cm^2]: 1.58489319246e-32
# depth [m]: 10.6
# target: full
# Columns: gamma/pi, v [km/s], f(v, gamma) [s/km]
0.000000000000000000e+00 1.000000000000000000e+00 3.360448530767384508e-04
0.000000000000000000e+00 1.277264401878268840e+00 2.425156785507944152e-04
0.000000000000000000e+00 1.631404352305451777e+00 8.304098444809825358e-05
0.000000000000000000e+00 2.083734704269027294e+00 -2.038474871362046671e-05
0.000000000000000000e+00 2.661480160721170662e+00 -1.725553175105074054e-05
0.000000000000000000e+00 3.399413865594404616e+00 2.431697243149810695e-05
0.000000000000000000e+00 4.341950317775131296e+00 3.586547147267991735e-05
0.000000000000000000e+00 5.545818575618211455e+00 3.204900412560667352e-05
0.000000000000000000e+00 7.083476645912388570e+00 3.032162221248165177e-05
0.000000000000000000e+00 9.047472561359974463e+00 2.895865233981913871e-05
0.000000000000000000e+00 1.155601462959549330e+01 2.949209820259593524e-05
0.000000000000000000e+00 1.476008611396681047e+01 3.110806687253332969e-05
0.000000000000000000e+00 1.885253256202756589e+01 3.670346953153543482e-05
0.000000000000000000e+00 2.407966872672872327e+01 4.485506547300773574e-05
0.000000000000000000e+00 3.075610367367201192e+01 5.788351597292568904e-05
0.000000000000000000e+00 3.928367636285872067e+01 7.915623453477818063e-05
0.000000000000000000e+00 5.017564139318622551e+01 1.094668482744046427e-04
0.000000000000000000e+00 6.273163516796380179e+01 1.473732523909974924e-04
0.000000000000000000e+00 6.408756059292649354e+01 1.516007553243242168e-04
0.000000000000000000e+00 7.173925457669706418e+01 1.751422030539848520e-04
0.000000000000000000e+00 8.074687398543032657e+01 2.026975607639058244e-04
0.000000000000000000e+00 8.185675974856160053e+01 2.060187912809895486e-04
0.000000000000000000e+00 8.975449339416360317e+01 2.289172073082608937e-04
0.000000000000000000e+00 9.876211280289686556e+01 2.530256526427465246e-04
0.000000000000000000e+00 1.045527252799396649e+02 2.675761869310007901e-04
0.000000000000000000e+00 1.077697322116301279e+02 2.751301852117269808e-04
0.000000000000000000e+00 1.167773516203633903e+02 2.942122685997503734e-04
0.000000000000000000e+00 1.257849710290966527e+02 3.105021918343390933e-04
0.000000000000000000e+00 1.347925904378299151e+02 3.229733816896711339e-04
0.000000000000000000e+00 1.438002098465631775e+02 3.327057957401458477e-04
0.000000000000000000e+00 1.528078292552964399e+02 3.389414243406789072e-04
0.000000000000000000e+00 1.618154486640297023e+02 3.418547017951004369e-04
0.000000000000000000e+00 1.708230680727629647e+02 3.416013274847845950e-04
0.000000000000000000e+00 1.798306874814962271e+02 3.379757201849446281e-04
0.000000000000000000e+00 1.888383068902294895e+02 3.323040259704306758e-04
0.000000000000000000e+00 1.978459262989627518e+02 3.240975113242902791e-04
0.000000000000000000e+00 2.068535457076960142e+02 3.135280905335561131e-04
0.000000000000000000e+00 2.158611651164292766e+02 3.014532598556749843e-04
0.000000000000000000e+00 2.248687845251625390e+02 2.876960386923870677e-04
0.000000000000000000e+00 2.338764039338958014e+02 2.725775093317975794e-04
0.000000000000000000e+00 2.428840233426290638e+02 2.569061456329004294e-04
0.000000000000000000e+00 2.518916427513623262e+02 2.405281822871238703e-04
0.000000000000000000e+00 2.608992621600955886e+02 2.239891427890883192e-04
0.000000000000000000e+00 2.699068815688288510e+02 2.073491974830664222e-04
0.000000000000000000e+00 2.789145009775621702e+02 1.908072042859876804e-04
0.000000000000000000e+00 2.879221203862954326e+02 1.745464441405748823e-04
0.000000000000000000e+00 2.969297397950286950e+02 1.587583483741461814e-04
0.000000000000000000e+00 3.059373592037619574e+02 1.438944434672591050e-04
0.000000000000000000e+00 3.149449786124952197e+02 1.276168530512651166e-04
0.000000000000000000e+00 3.239525980212284821e+02 1.120261831249553728e-04
0.000000000000000000e+00 3.329602174299617445e+02 9.758808418071219354e-05
0.000000000000000000e+00 3.419678368386950069e+02 8.475615056338131517e-05
0.000000000000000000e+00 3.509754562474282693e+02 7.240879958609044227e-05
0.000000000000000000e+00 3.599830756561615317e+02 6.149012848440715069e-05
0.000000000000000000e+00 3.689906950648947941e+02 5.065821448917809557e-05
0.000000000000000000e+00 3.779983144736280565e+02 4.156296849528775801e-05
0.000000000000000000e+00 3.870059338823613189e+02 3.337489535929821425e-05
0.000000000000000000e+00 3.960135532910945813e+02 2.520108532260402164e-05
0.000000000000000000e+00 4.050211726998278436e+02 1.688251040145658514e-05
0.000000000000000000e+00 4.140287921085611060e+02 8.621939201605054049e-06
0.000000000000000000e+00 4.182109011197587165e+02 0.000000000000000000e+00
1.000000000000000056e-01 1.000000000000000000e+00 3.769389028638436942e-04
1.000000000000000056e-01 1.286897540501384940e+00 2.911758579124457450e-04
1.000000000000000056e-01 1.656105279748513848e+00 1.133616421760170079e-04
1.000000000000000056e-01 2.131237811319720343e+00 -2.789407720284520545e-05
1.000000000000000056e-01 2.742684697610902944e+00 -2.301005567626793248e-05
1.000000000000000056e-01 3.529554191726255841e+00 2.899205380535093150e-05
1.000000000000000056e-01 4.542174608398872770e+00 3.947905576193081834e-05
1.000000000000000056e-01 5.845313332076349511e+00 3.457857618213314659e-05
1.000000000000000056e-01 7.522319350509010683e+00 3.334504075271364272e-05
1.000000000000000056e-01 9.680454271036023073e+00 3.232438025403641966e-05
1.000000000000000056e-01 1.245775279233238209e+01 3.232247950845491504e-05
1.000000000000000056e-01 1.603185142862680124e+01 3.503822150474800748e-05
1.000000000000000056e-01 2.063135017318345277e+01 4.153786552963729977e-05
1.000000000000000056e-01 2.655043379509260504e+01 5.171656617488770490e-05
1.000000000000000056e-01 3.416768795014952076e+01 6.848668085318927897e-05
1.000000000000000056e-01 4.397031358766624010e+01 9.469021955707022735e-05
1.000000000000000056e-01 5.658528841104230622e+01 1.325450970449791209e-04
1.000000000000000056e-01 7.235802373562691514e+01 1.832530320920841733e-04
1.000000000000000056e-01 7.281946848473185696e+01 1.847519753916913594e-04
1.000000000000000056e-01 8.274789381048616121e+01 2.163603416567498703e-04
1.000000000000000056e-01 9.313776388534540729e+01 2.481282802506702928e-04
1.000000000000000056e-01 9.371119489361956312e+01 2.498269311247200549e-04
1.000000000000000056e-01 1.035276339602046676e+02 2.773453694580624729e-04
1.000000000000000056e-01 1.139175040350639136e+02 3.035736288715412288e-04
1.000000000000000056e-01 1.205967062260449438e+02 3.183405568160148098e-04
1.000000000000000056e-01 1.243073741099231597e+02 3.259121808311356890e-04
1.000000000000000056e-01 1.346972441847824200e+02 3.440926351426008920e-04
1.000000000000000056e-01 1.450871142596416803e+02 3.579459379737250329e-04
1.000000000000000056e-01 1.554769843345009122e+02 3.671048809898857937e-04
1.000000000000000056e-01 1.658668544093601440e+02 3.720153747413233757e-04
1.000000000000000056e-01 1.762567244842194043e+02 3.725989576981833702e-04
1.000000000000000056e-01 1.866465945590786646e+02 3.692415676511901293e-04
1.000000000000000056e-01 1.970364646339378965e+02 3.622931571421200854e-04
1.000000000000000056e-01 2.074263347087971567e+02 3.519263316009305434e-04
1.000000000000000056e-01 2.178162047836564170e+02 3.389392371519627423e-04
1.000000000000000056e-01 2.282060748585156489e+02 3.235713396795545402e-04
1.000000000000000056e-01 2.385959449333749092e+02 3.063956152025646687e-04
1.000000000000000056e-01 2.489858150082341695e+02 2.878685053095400765e-04
1.000000000000000056e-01 2.593756850830934013e+02 2.683384880926885721e-04
1.000000000000000056e-01 2.697655551579526900e+02 2.483160531552166097e-04
1.000000000000000056e-01 2.801554252328119219e+02 2.279662556203670965e-04
1.000000000000000056e-01 2.905452953076711538e+02 2.080664593724715090e-04
1.000000000000000056e-01 3.009351653825303856e+02 1.884064805027030950e-04
1.000000000000000056e-01 3.113250354573896175e+02 1.687663368356818409e-04
1.000000000000000056e-01 3.217149055322489062e+02 1.484015123054773823e-04
1.000000000000000056e-01 3.321047756071081949e+02 1.293595478164272098e-04
1.000000000000000056e-01 3.424946456819674268e+02 1.115849417433000359e-04
1.000000000000000056e-01 3.528845157568266586e+02 9.516176800813361692e-05
1.000000000000000056e-01 3.632743858316858905e+02 7.973305562444364008e-05
1.000000000000000056e-01 3.736642559065451223e+02 6.538139660951788141e-05
1.000000000000000056e-01 3.840541259814043542e+02 5.355153734058020994e-05
1.000000000000000056e-01 3.944439960562636998e+02 4.350226188336935815e-05
1.000000000000000056e-01 4.048338661311229316e+02 3.480270679816460221e-05
1.000000000000000056e-01 4.152237362059821635e+02 2.721097396616263268e-05
1.000000000000000056e-01 4.256136062808413953e+02 2.084103820595374344e-05
1.000000000000000056e-01 4.360034763557006272e+02 1.533707806970030740e-05
1.000000000000000056e-01 4.463933464305598591e+02 1.078785674811333967e-05
1.000000000000000056e-01 4.567832165054192046e+02 6.852535000035663419e-06
1.000000000000000056e-01 4.671730865802784365e+02 3.676350577807490739e-06
1.000000000000000056e-01 4.775629566551376683e+02 1.091024451736673115e-06
1.000000000000000056e-01 4.823868249041794911e+02 0.000000000000000000e+00
2.000000000000000111e-01 1.000000000000000000e+00 4.949078698395975367e-04
2.000000000000000111e-01 1.296078041815772020e+00 4.509008895045473939e-04
2.000000000000000111e-01 1.679818290477006038e+00 2.332103034891174615e-04
2.000000000000000111e-01 2.177175600527755606e+00 -3.050697349230475428e-06
2.000000000000000111e-01 2.821789489021091057e+00 -5.472684493909929569e-05
2.000000000000000111e-01 3.657259395346783570e+00 2.522515084072006174e-05
2.000000000000000111e-01 4.740093595533394044e+00 5.222371396125879777e-05
2.000000000000000111e-01 6.143531225322401923e+00 4.548911007834547076e-05
2.000000000000000111e-01 7.962495920349909717e+00 4.288469811069231275e-05
2.000000000000000111e-01 1.032001612041318239e+01 4.175591809696412412e-05
2.000000000000000111e-01 1.337554628485231945e+01 4.106679787900403952e-05
2.000000000000000111e-01 1.733575183708762069e+01 4.417318708596322942e-05
2.000000000000000111e-01 2.246848729441669690e+01 5.185131945454786586e-05
2.000000000000000111e-01 2.912091301511015118e+01 6.438914617214220335e-05
2.000000000000000111e-01 3.774297591651137651e+01 8.568274993613325045e-05
2.000000000000000111e-01 4.891784231817191397e+01 1.191804584471278154e-04
2.000000000000000111e-01 6.340134128158896232e+01 1.686367493215130985e-04
2.000000000000000111e-01 8.217308625673530287e+01 2.376094306429678000e-04
2.000000000000000111e-01 8.282151196740524313e+01 2.400109049789415851e-04
2.000000000000000111e-01 9.471383163451983478e+01 2.833773792507303965e-04
2.000000000000000111e-01 1.065027327255879612e+02 3.243832076321479397e-04
2.000000000000000111e-01 1.066061513016344406e+02 3.246988049245007509e-04
2.000000000000000111e-01 1.184984709687490323e+02 3.627120149422502428e-04
2.000000000000000111e-01 1.303907906358636239e+02 3.963846726077957993e-04
2.000000000000000111e-01 1.380358532790086770e+02 4.152957951339918390e-04
2.000000000000000111e-01 1.422831103029782298e+02 4.248208383440551616e-04
2.000000000000000111e-01 1.541754299700928073e+02 4.476836819869203224e-04
2.000000000000000111e-01 1.660677496372074415e+02 4.644107228810839382e-04
2.000000000000000111e-01 1.779600693043220190e+02 4.750336112844020338e-04
2.000000000000000111e-01 1.898523889714365964e+02 4.800107818178225112e-04
2.000000000000000111e-01 2.017447086385512307e+02 4.787383213551489624e-04
2.000000000000000111e-01 2.136370283056658081e+02 4.722528017986617980e-04
2.000000000000000111e-01 2.255293479727803856e+02 4.608858491082557288e-04
2.000000000000000111e-01 2.374216676398950199e+02 4.454621741778493744e-04
2.000000000000000111e-01 2.493139873070095973e+02 4.264053972132767368e-04
2.000000000000000111e-01 2.612063069741241748e+02 4.044551668878629746e-04
2.000000000000000111e-01 2.730986266412388090e+02 3.796350548517764072e-04
2.000000000000000111e-01 2.849909463083533865e+02 3.537856325574154255e-04
2.000000000000000111e-01 2.968832659754679639e+02 3.266760276974216954e-04
2.000000000000000111e-01 3.087755856425825982e+02 2.986709514691565127e-04
2.000000000000000111e-01 3.206679053096971757e+02 2.684845380991874274e-04
2.000000000000000111e-01 3.325602249768117531e+02 2.382212101153094507e-04
2.000000000000000111e-01 3.444525446439263874e+02 2.108165463792840023e-04
2.000000000000000111e-01 3.563448643110409648e+02 1.850123808946914892e-04
2.000000000000000111e-01 3.682371839781555423e+02 1.612674126346062115e-04
2.000000000000000111e-01 3.801295036452701765e+02 1.392766787467110434e-04
2.000000000000000111e-01 3.920218233123847540e+02 1.195018702520054610e-04
2.000000000000000111e-01 4.039141429794993314e+02 1.012488027527140642e-04
2.000000000000000111e-01 4.158064626466139657e+02 8.503454534239500700e-05
2.000000000000000111e-01 4.276987823137285432e+02 7.067315310316097375e-05
2.000000000000000111e-01 4.395911019808431206e+02 5.798755542061153397e-05
2.000000000000000111e-01 4.514834216479577549e+02 4.684650296982231777e-05
2.000000000000000111e-01 4.633757413150723323e+02 3.735060001911242548e-05
2.000000000000000111e-01 4.752680609821869098e+02 2.897112286787975082e-05
2.000000000000000111e-01 4.871603806493015441e+02 2.203751127943486191e-05
2.000000000000000111e-01 4.990527003164161215e+02 1.610263351638534983e-05
2.000000000000000111e-01 5.109450199835306989e+02 1.123574931040536307e-05
2.000000000000000111e-01 5.228373396506453901e+02 7.132974164986889969e-06
2.000000000000000111e-01 5.347296593177599107e+02 3.761902943583858664e-06
2.000000000000000111e-01 5.466219789848745449e+02 1.074924159808889934e-06
2.000000000000000111e-01 5.521434131160349352e+02 0.000000000000000000e+00
3.000000000000000444e-01 1.000000000000000000e+00 6.644096118571086269e-04
3.000000000000000444e-01 1.303872500250997879e+00 7.086550083187776166e-04
3.000000000000000444e-01 1.700083496910788750e+00 4.661040577602683648e-04
3.000000000000000444e-01 2.216692119752529777e+00 5.924333650312036667e-05
3.000000000000000444e-01 2.890283896468415659e+00 -9.026729695910777076e-05
3.000000000000000444e-01 3.768561690523469565e+00 1.440132718559259051e-05
3.000000000000000444e-01 4.913723953772963782e+00 7.039395902497780062e-05
3.000000000000000444e-01 6.406869537149174398e+00 6.335236670729534742e-05
3.000000000000000444e-01 8.353741002184648323e+00 5.886577508657654504e-05
3.000000000000000444e-01 1.089221316696777642e+01 5.704862314644538719e-05
3.000000000000000444e-01 1.420205721528111198e+01 5.488224976905474364e-05
3.000000000000000444e-01 1.851767184999631510e+01 5.799302161637233269e-05
3.000000000000000444e-01 2.414468309388221101e+01 6.692212682382541540e-05
3.000000000000000444e-01 3.148158831338821173e+01 8.197233469836987029e-05
3.000000000000000444e-01 4.104797726605007568e+01 1.088627271515076289e-04
3.000000000000000444e-01 5.352132874813084840e+01 1.522414280692798469e-04
3.000000000000000444e-01 6.978498873158098093e+01 2.184796802723478046e-04
3.000000000000000444e-01 9.099072773743418452e+01 3.146970238734606213e-04
3.000000000000000444e-01 9.281510075898877687e+01 3.231585592724721227e-04
3.000000000000000444e-01 1.061423972782281879e+02 3.850520000824950314e-04
3.000000000000000444e-01 1.186403076746661753e+02 4.418233737032030276e-04
3.000000000000000444e-01 1.194696937974675990e+02 4.456154489121594070e-04
3.000000000000000444e-01 1.327969903167070242e+02 5.024353115677835865e-04
3.000000000000000444e-01 1.461242868359464353e+02 5.544499856634412102e-04
3.000000000000000444e-01 1.546918345983146139e+02 5.846525347597548820e-04
3.000000000000000444e-01 1.594515833551858464e+02 6.000079275266245737e-04
3.000000000000000444e-01 1.727788798744252574e+02 6.381377397536454853e-04
3.000000000000000444e-01 1.861061763936646685e+02 6.678798173213461482e-04
3.000000000000000444e-01 1.994334729129040795e+02 6.889262457542652150e-04
3.000000000000000444e-01 2.127607694321434906e+02 7.014516070808241585e-04
3.000000000000000444e-01 2.260880659513829301e+02 7.046765454313917839e-04
3.000000000000000444e-01 2.394153624706223127e+02 6.994671870451259731e-04
3.000000000000000444e-01 2.527426589898617522e+02 6.863115210343777479e-04
3.000000000000000444e-01 2.660699555091011348e+02 6.658983448526976674e-04
3.000000000000000444e-01 2.793972520283405743e+02 6.398607614158036876e-04
3.000000000000000444e-01 2.927245485475799569e+02 6.071129910640435867e-04
3.000000000000000444e-01 3.060518450668193964e+02 5.701581481104177817e-04
3.000000000000000444e-01 3.193791415860587790e+02 5.273719680847771671e-04
3.000000000000000444e-01 3.327064381052982185e+02 4.843024379335494358e-04
3.000000000000000444e-01 3.460337346245376011e+02 4.410101897410021875e-04
3.000000000000000444e-01 3.593610311437770406e+02 3.974241456862883997e-04
3.000000000000000444e-01 3.726883276630164232e+02 3.547599829633509699e-04
3.000000000000000444e-01 3.860156241822558627e+02 3.140581284040875817e-04
3.000000000000000444e-01 3.993429207014952453e+02 2.749914014516435042e-04
3.000000000000000444e-01 4.126702172207346848e+02 2.384458873403674144e-04
3.000000000000000444e-01 4.259975137399740674e+02 2.047932682163541992e-04
3.000000000000000444e-01 4.393248102592135069e+02 1.739476152612807048e-04
3.000000000000000444e-01 4.526521067784528896e+02 1.460742371056977578e-04
3.000000000000000444e-01 4.659794032976923290e+02 1.216810424927050767e-04
3.000000000000000444e-01 4.793066998169317117e+02 9.979642997599880736e-05
3.000000000000000444e-01 4.926339963361711511e+02 8.075298355838842292e-05
3.000000000000000444e-01 5.059612928554105338e+02 6.440669395815947071e-05
3.000000000000000444e-01 5.192885893746499733e+02 5.032195598405222287e-05
3.000000000000000444e-01 5.326158858938894127e+02 3.878152570040517067e-05
3.000000000000000444e-01 5.459431824131288522e+02 2.901825768020171610e-05
3.000000000000000444e-01 5.592704789323682917e+02 2.092642885171630085e-05
3.000000000000000444e-01 5.725977754516076175e+02 1.434008136157099230e-05
3.000000000000000444e-01 5.859250719708470569e+02 8.914782394490935267e-06
3.000000000000000444e-01 5.992523684900864964e+02 4.664117746428831342e-06
3.000000000000000444e-01 6.125796650093259359e+02 1.316025338601982705e-06
3.000000000000000444e-01 6.187673383932585693e+02 0.000000000000000000e+00
4.000000000000000222e-01 1.000000000000000000e+00 8.228514448496141625e-04
4.000000000000000222e-01 1.309705126198816849e+00 9.750613805208291959e-04
4.000000000000000222e-01 1.715327517591459072e+00 7.407669912128558420e-04
4.000000000000000222e-01 2.246573242899425171e+00 1.515893268186546466e-04
4.000000000000000222e-01 2.942348492606477350e+00 -1.382183367843261863e-04
4.000000000000000222e-01 3.853608903830064936e+00 -2.003658050687662484e-06
4.000000000000000222e-01 5.047091335711639815e+00 9.006052166130939314e-05
4.000000000000000222e-01 6.610201394775168993e+00 8.265165771085969805e-05
4.000000000000000222e-01 8.657414651943609485e+00 7.631085823623623529e-05
4.000000000000000222e-01 1.133866034927928901e+01 7.364231563166670144e-05
4.000000000000000222e-01 1.485030158367835540e+01 6.948891621332993203e-05
4.000000000000000222e-01 1.944951610974195688e+01 7.248676907736550977e-05
4.000000000000000222e-01 2.547313095101550928e+01 8.279216947203094817e-05
4.000000000000000222e-01 3.336229018687874515e+01 1.004012523012118676e-04
4.000000000000000222e-01 4.369476247948759351e+01 1.336414294972306850e-04
4.000000000000000222e-01 5.722725440742464542e+01 1.888423344740774144e-04
4.000000000000000222e-01 7.495082845568788343e+01 2.768969780047260865e-04
4.000000000000000222e-01 9.816348424126255168e+01 4.114994125460960921e-04
4.000000000000000222e-01 1.010295154450159316e+02 4.291113209213701855e-04
4.000000000000000222e-01 1.155363176627618031e+02 5.198612452532383335e-04
4.000000000000000222e-01 1.285652185163183105e+02 6.020912149849140050e-04
4.000000000000000222e-01 1.300431198805076747e+02 6.114336755743374511e-04
4.000000000000000222e-01 1.445499220982535462e+02 7.010166092093961980e-04
4.000000000000000222e-01 1.590567243159994462e+02 7.860382443301896236e-04
4.000000000000000222e-01 1.683825257416932857e+02 8.369278256900457465e-04
4.000000000000000222e-01 1.735635265337453177e+02 8.638114636939083846e-04
4.000000000000000222e-01 1.880703287514911892e+02 9.322440506344763624e-04
4.000000000000000222e-01 2.025771309692370892e+02 9.891486645852581600e-04
4.000000000000000222e-01 2.170839331869829607e+02 1.034052174720561735e-03
4.000000000000000222e-01 2.315907354047288322e+02 1.064857904601957143e-03
4.000000000000000222e-01 2.460975376224747038e+02 1.081592225432653374e-03
4.000000000000000222e-01 2.606043398402205753e+02 1.083869457056879215e-03
4.000000000000000222e-01 2.751111420579664468e+02 1.071844630082022763e-03
4.000000000000000222e-01 2.896179442757123184e+02 1.048010796848441875e-03
4.000000000000000222e-01 3.041247464934582467e+02 1.010737732958898270e-03
4.000000000000000222e-01 3.186315487112041183e+02 9.633744212219193465e-04
4.000000000000000222e-01 3.331383509289499898e+02 9.074627610503815077e-04
4.000000000000000222e-01 3.476451531466958613e+02 8.446918359301355036e-04
4.000000000000000222e-01 3.621519553644417329e+02 7.782404693715847064e-04
4.000000000000000222e-01 3.766587575821876044e+02 7.086478806828032341e-04
4.000000000000000222e-01 3.911655597999334759e+02 6.385803974687874040e-04
4.000000000000000222e-01 4.056723620176793474e+02 5.686818190727856420e-04
4.000000000000000222e-01 4.201791642354252190e+02 5.010243504732468656e-04
4.000000000000000222e-01 4.346859664531710905e+02 4.361098414468370208e-04
4.000000000000000222e-01 4.491927686709169620e+02 3.765648348825372579e-04
4.000000000000000222e-01 4.636995708886628336e+02 3.212196172430424059e-04
4.000000000000000222e-01 4.782063731064087051e+02 2.698044210759401821e-04
4.000000000000000222e-01 4.927131753241546335e+02 2.247903966042007554e-04
4.000000000000000222e-01 5.072199775419005050e+02 1.851053373398783321e-04
4.000000000000000222e-01 5.217267797596464334e+02 1.510779017875850936e-04
4.000000000000000222e-01 5.362335819773923049e+02 1.202723664220267029e-04
4.000000000000000222e-01 5.507403841951381764e+02 9.473961194287751721e-05
4.000000000000000222e-01 5.652471864128840480e+02 7.341193234896060157e-05
4.000000000000000222e-01 5.797539886306299195e+02 5.566095405521386506e-05
4.000000000000000222e-01 5.942607908483757910e+02 4.117301563662123672e-05
4.000000000000000222e-01 6.087675930661216626e+02 2.933123633835141360e-05
4.000000000000000222e-01 6.232743952838675341e+02 1.983774251423890954e-05
4.000000000000000222e-01 6.377811975016134056e+02 1.223073893174734176e-05
4.000000000000000222e-01 6.522879997193592772e+02 6.375357263832677921e-06
4.000000000000000222e-01 6.667948019371051487e+02 1.787205536491649455e-06
4.000000000000000222e-01 6.735301029667729154e+02 0.000000000000000000e+00
5.000000000000000000e-01 1.000000000000000000e+00 8.893662374110236158e-04
5.000000000000000000e-01 1.313629619633921219e+00 1.093813020935855166e-03
5.000000000000000000e-01 1.725622777579560729e+00 8.666317806788571484e-04
5.000000000000000000e-01 2.266829192943469184e+00 1.916267104665195979e-04
5.000000000000000000e-01 2.977773970501397915e+00 -1.611764948443682437e-04
5.000000000000000000e-01 3.911692088225542818e+00 -5.857446611471570154e-06
5.000000000000000000e-01 5.138514589980738734e+00 1.000154831987917260e-04
5.000000000000000000e-01 6.750104966319753430e+00 9.109276763044472469e-05
5.000000000000000000e-01 8.867137819395660259e+00 8.422191911985210536e-05
5.000000000000000000e-01 1.164813488093428262e+01 8.113064981584820225e-05
5.000000000000000000e-01 1.530133499308630896e+01 7.622944658293764051e-05
5.000000000000000000e-01 2.010028686685917165e+01 7.985025316056613531e-05
5.000000000000000000e-01 2.640433219144492227e+01 9.150949658102675401e-05
5.000000000000000000e-01 3.468551285333550993e+01 1.120472700240232079e-04
5.000000000000000000e-01 4.556391705633459566e+01 1.517272084664043690e-04
5.000000000000000000e-01 5.985411103174433833e+01 2.192790736793735415e-04
5.000000000000000000e-01 7.862613310815683576e+01 3.314871728721554937e-04
5.000000000000000000e-01 1.032856173281541459e+02 5.112649373861464499e-04
5.000000000000000000e-01 1.069392083146972681e+02 5.403121138117967246e-04
5.000000000000000000e-01 1.222945818162948228e+02 6.672061951930291068e-04
5.000000000000000000e-01 1.356790462044379240e+02 7.819344582300123908e-04
5.000000000000000000e-01 1.376499553178923918e+02 7.989025988069133315e-04
5.000000000000000000e-01 1.530053288194899324e+02 9.318579267656422211e-04
5.000000000000000000e-01 1.683607023210875013e+02 1.061665716720592428e-03
5.000000000000000000e-01 1.782320138578288606e+02 1.141834940027147910e-03
5.000000000000000000e-01 1.837160758226850703e+02 1.184166482558583538e-03
5.000000000000000000e-01 1.990714493242826109e+02 1.296478250221707066e-03
5.000000000000000000e-01 2.144268228258801514e+02 1.393801915837152711e-03
5.000000000000000000e-01 2.297821963274777204e+02 1.474458326379379141e-03
5.000000000000000000e-01 2.451375698290752894e+02 1.534355909206757893e-03
5.000000000000000000e-01 2.604929433306728583e+02 1.573747255065229261e-03
5.000000000000000000e-01 2.758483168322703705e+02 1.589976596487166190e-03
5.000000000000000000e-01 2.912036903338679394e+02 1.584110878403456428e-03
5.000000000000000000e-01 3.065590638354655084e+02 1.558456796455845667e-03
5.000000000000000000e-01 3.219144373370630774e+02 1.511290759928353520e-03
5.000000000000000000e-01 3.372698108386605895e+02 1.446427273586717646e-03
5.000000000000000000e-01 3.526251843402581585e+02 1.366536809308173004e-03
5.000000000000000000e-01 3.679805578418557275e+02 1.276296457596848549e-03
5.000000000000000000e-01 3.833359313434532964e+02 1.176861006563580375e-03
5.000000000000000000e-01 3.986913048450508654e+02 1.072129234999781144e-03
5.000000000000000000e-01 4.140466783466484344e+02 9.646572452753578077e-04
5.000000000000000000e-01 4.294020518482459465e+02 8.573345331693747132e-04
5.000000000000000000e-01 4.447574253498435155e+02 7.531671248036077770e-04
5.000000000000000000e-01 4.601127988514410845e+02 6.519201402230847230e-04
5.000000000000000000e-01 4.754681723530386535e+02 5.609376120379341813e-04
5.000000000000000000e-01 4.908235458546362224e+02 4.753611974826085448e-04
5.000000000000000000e-01 5.061789193562337346e+02 3.977601260876635712e-04
5.000000000000000000e-01 5.215342928578312467e+02 3.300199253213139013e-04
5.000000000000000000e-01 5.368896663594288157e+02 2.684007401423756296e-04
5.000000000000000000e-01 5.522450398610263846e+02 2.159820836031043994e-04
5.000000000000000000e-01 5.676004133626239536e+02 1.713317057475972883e-04
5.000000000000000000e-01 5.829557868642215226e+02 1.337921704972080494e-04
5.000000000000000000e-01 5.983111603658190916e+02 1.025726777112608284e-04
5.000000000000000000e-01 6.136665338674166605e+02 7.693783001421123681e-05
5.000000000000000000e-01 6.290219073690141158e+02 5.616183870020401982e-05
5.000000000000000000e-01 6.443772808706116848e+02 3.968345594218395024e-05
5.000000000000000000e-01 6.597326543722092538e+02 2.642670159326674330e-05
5.000000000000000000e-01 6.750880278738068228e+02 1.610200760655648711e-05
5.000000000000000000e-01 6.904434013754043917e+02 7.975198259015865810e-06
5.000000000000000000e-01 7.057987748770019607e+02 1.735276915094586625e-06
5.000000000000000000e-01 7.129280554313151015e+02 0.000000000000000000e+00
6.000000000000000888e-01 1.000000000000000000e+00 8.245791294195912351e-04
6.000000000000000888e-01 1.315312771028961158e+00 9.778446661796757252e-04
6.000000000000000888e-01 1.730047685631884713e+00 7.279188365216825770e-04
6.000000000000000888e-01 2.275553815400715330e+00 1.265215781538811784e-04
6.000000000000000888e-01 2.993064994560240333e+00 -1.382265902890960599e-04
6.000000000000000888e-01 3.936816611864813353e+00 1.081458504845997166e-05
6.000000000000000888e-01 5.178145166784753783e+00 9.214543679442889327e-05
6.000000000000000888e-01 6.810880468113875708e+00 8.175258812141846746e-05
6.000000000000000888e-01 8.958438061661892604e+00 7.653808653380998891e-05
6.000000000000000888e-01 1.178314799097582188e+01 7.351850269746184642e-05
6.000000000000000888e-01 1.549852503545474747e+01 7.013324968466788027e-05
6.000000000000000888e-01 2.038540791124570717e+01 7.519267395310788821e-05
6.000000000000000888e-01 2.681318736829630467e+01 8.804727550589612462e-05
6.000000000000000888e-01 3.526772777751255461e+01 1.114723641158348066e-04
6.000000000000000888e-01 4.638809275093509399e+01 1.560479980117459773e-04
6.000000000000000888e-01 6.101485081898091778e+01 2.334261416154590082e-04
6.000000000000000888e-01 8.025361250463248552e+01 3.656091297061953580e-04
6.000000000000000888e-01 1.055586014485526078e+02 5.849659280025248757e-04
6.000000000000000888e-01 1.095728484807642076e+02 6.236364946690237370e-04
6.000000000000000888e-01 1.253063856985149727e+02 7.839554059243396310e-04
6.000000000000000888e-01 1.388425765772375371e+02 9.301445516143368262e-04
6.000000000000000888e-01 1.410399229162657377e+02 9.541664029688943626e-04
6.000000000000000888e-01 1.567734601340164886e+02 1.129546700961184865e-03
6.000000000000000888e-01 1.725069973517672395e+02 1.304626601587104921e-03
6.000000000000000888e-01 1.826214141346069937e+02 1.414505366757182712e-03
6.000000000000000888e-01 1.882405345695179903e+02 1.473747541546717487e-03
6.000000000000000888e-01 2.039740717872687696e+02 1.632156271788324543e-03
6.000000000000000888e-01 2.197076090050195205e+02 1.774029279752090734e-03
6.000000000000000888e-01 2.354411462227702714e+02 1.894404091737755987e-03
6.000000000000000888e-01 2.511746834405210507e+02 1.989975762562921826e-03
6.000000000000000888e-01 2.669082206582718300e+02 2.057261341427865046e-03
6.000000000000000888e-01 2.826417578760225524e+02 2.095481465811335417e-03
6.000000000000000888e-01 2.983752950937733317e+02 2.103786847911662608e-03
6.000000000000000888e-01 3.141088323115241110e+02 2.080696381560788108e-03
6.000000000000000888e-01 3.298423695292748334e+02 2.031623141215955358e-03
6.000000000000000888e-01 3.455759067470256127e+02 1.956079597701254266e-03
6.000000000000000888e-01 3.613094439647763920e+02 1.857732240711338191e-03
6.000000000000000888e-01 3.770429811825271145e+02 1.742671120576967572e-03
6.000000000000000888e-01 3.927765184002778938e+02 1.612773683123929457e-03
6.000000000000000888e-01 4.085100556180286162e+02 1.473905181283295196e-03
6.000000000000000888e-01 4.242435928357793955e+02 1.331581462359418414e-03
6.000000000000000888e-01 4.399771300535301748e+02 1.187051642904116393e-03
6.000000000000000888e-01 4.557106672712808972e+02 1.044935401662683023e-03
6.000000000000000888e-01 4.714442044890316765e+02 9.077224213567906255e-04
6.000000000000000888e-01 4.871777417067824558e+02 7.811118502943104622e-04
6.000000000000000888e-01 5.029112789245331783e+02 6.617546303400548583e-04
6.000000000000000888e-01 5.186448161422839576e+02 5.542772667195356101e-04
6.000000000000000888e-01 5.343783533600346800e+02 4.594309972520167892e-04
6.000000000000000888e-01 5.501118905777855161e+02 3.750107068570238708e-04
6.000000000000000888e-01 5.658454277955362386e+02 3.022518327385899069e-04
6.000000000000000888e-01 5.815789650132869610e+02 2.398188727209166248e-04
6.000000000000000888e-01 5.973125022310377972e+02 1.874043479875151701e-04
6.000000000000000888e-01 6.130460394487885196e+02 1.440826421662959626e-04
6.000000000000000888e-01 6.287795766665392421e+02 1.084506818204160377e-04
6.000000000000000888e-01 6.445131138842900782e+02 7.956862113431709756e-05
6.000000000000000888e-01 6.602466511020406870e+02 5.634444042635435745e-05
6.000000000000000888e-01 6.759801883197915231e+02 3.815223298662533688e-05
6.000000000000000888e-01 6.917137255375423592e+02 2.359669054451777616e-05
6.000000000000000888e-01 7.074472627552929680e+02 1.223668236063323722e-05
6.000000000000000888e-01 7.231807999730438041e+02 3.264137785229284159e-06
6.000000000000000888e-01 7.304856565384280884e+02 0.000000000000000000e+00
7.000000000000000666e-01 1.000000000000000000e+00 6.670773413361808608e-04
7.000000000000000666e-01 1.316079547291896024e+00 7.094685724666454762e-04
7.000000000000000666e-01 1.732065374800041857e+00 4.418440732442027426e-04
7.000000000000000666e-01 2.279535814346806966e+00 2.612638552067417835e-05
7.000000000000000666e-01 3.000050462581209221e+00 -8.535116603090032159e-05
7.000000000000000666e-01 3.948305054646721324e+00 3.157053455296758218e-05
7.000000000000000666e-01 5.196283528889760639e+00 7.263674456113149982e-05
7.000000000000000666e-01 6.838722474301572873e+00 6.215483013485441333e-05
7.000000000000000666e-01 9.000302778033727691e+00 5.939610252254903577e-05
7.000000000000000666e-01 1.184511440560462070e+01 5.696840845959234899e-05
7.000000000000000666e-01 1.558911280454884718e+01 5.653975475000206155e-05
7.000000000000000666e-01 2.051651252249294899e+01 6.324256802261779466e-05
7.000000000000000666e-01 2.700136251261102416e+01 7.728074887728176592e-05
7.000000000000000666e-01 3.553594095186149815e+01 1.033954276246257681e-04
7.000000000000000666e-01 4.676812508051742867e+01 1.516865043847206464e-04
7.000000000000000666e-01 6.155057288365811985e+01 2.362963823940634784e-04
7.000000000000000666e-01 8.100545009628164905e+01 3.834788008198621143e-04
7.000000000000000666e-01 1.066096160908905830e+02 6.332828658685474201e-04
7.000000000000000666e-01 1.107928947910542234e+02 6.793521202671355891e-04
7.000000000000000666e-01 1.267016181456671404e+02 8.659258877825506268e-04
7.000000000000000666e-01 1.403067352818621316e+02 1.036576467234406754e-03
7.000000000000000666e-01 1.426103415002800432e+02 1.066393394450877675e-03
7.000000000000000666e-01 1.585190648548929744e+02 1.275141732627782043e-03
7.000000000000000666e-01 1.744277882095058771e+02 1.485903728932056649e-03
7.000000000000000666e-01 1.846548246517570249e+02 1.619386018429518547e-03
7.000000000000000666e-01 1.903365115641187799e+02 1.692357061162737004e-03
7.000000000000000666e-01 2.062452349187317111e+02 1.886717754256189618e-03
7.000000000000000666e-01 2.221539582733446423e+02 2.062600716764122818e-03
7.000000000000000666e-01 2.380626816279575451e+02 2.215315626128253230e-03
7.000000000000000666e-01 2.539714049825704478e+02 2.339145371931154651e-03
7.000000000000000666e-01 2.698801283371833506e+02 2.429857708875049049e-03
7.000000000000000666e-01 2.857888516917963102e+02 2.484637046492645281e-03
7.000000000000000666e-01 3.016975750464092130e+02 2.504019570411569664e-03
7.000000000000000666e-01 3.176062984010221157e+02 2.485508630119567190e-03
7.000000000000000666e-01 3.335150217556350185e+02 2.433644986277949066e-03
7.000000000000000666e-01 3.494237451102479781e+02 2.349525911701620760e-03
7.000000000000000666e-01 3.653324684648608809e+02 2.237933807068922653e-03
7.000000000000000666e-01 3.812411918194737837e+02 2.103391013220374042e-03
7.000000000000000666e-01 3.971499151740866864e+02 1.950777534234874114e-03
7.000000000000000666e-01 4.130586385286995892e+02 1.787282467793403036e-03
7.000000000000000666e-01 4.289673618833124920e+02 1.616458929722817267e-03
7.000000000000000666e-01 4.448760852379254516e+02 1.442539282205751667e-03
7.000000000000000666e-01 4.607848085925383543e+02 1.269932941153908805e-03
7.000000000000000666e-01 4.766935319471512571e+02 1.107868342511655673e-03
7.000000000000000666e-01 4.926022553017641599e+02 9.529022320236760343e-04
7.000000000000000666e-01 5.085109786563770626e+02 8.083519971021546537e-04
7.000000000000000666e-01 5.244197020109900222e+02 6.787042249942386524e-04
7.000000000000000666e-01 5.403284253656029250e+02 5.617958104639962863e-04
7.000000000000000666e-01 5.562371487202158278e+02 4.589761914626918292e-04
7.000000000000000666e-01 5.721458720748287305e+02 3.699783096705994666e-04
7.000000000000000666e-01 5.880545954294417470e+02 2.938708311153948797e-04
7.000000000000000666e-01 6.039633187840546498e+02 2.301251988626934800e-04
7.000000000000000666e-01 6.198720421386675525e+02 1.765861435618971314e-04
7.000000000000000666e-01 6.357807654932804553e+02 1.331878772430111399e-04
7.000000000000000666e-01 6.516894888478933581e+02 9.752327518383835728e-05
7.000000000000000666e-01 6.675982122025062608e+02 6.928039974470798473e-05
7.000000000000000666e-01 6.835069355571191636e+02 4.658994294147390298e-05
7.000000000000000666e-01 6.994156589117320664e+02 2.877535219388289837e-05
7.000000000000000666e-01 7.153243822663449691e+02 1.490105763818695648e-05
7.000000000000000666e-01 7.312331056209578719e+02 4.171385480634379656e-06
7.000000000000000666e-01 7.386192986070282132e+02 0.000000000000000000e+00
8.000000000000000444e-01 1.000000000000000000e+00 4.976649033326730788e-04
8.000000000000000444e-01 1.316406072147489947e+00 4.458639035363636308e-04
8.000000000000000444e-01 1.732924946786782661e+00 2.019709769163955900e-04
8.000000000000000444e-01 2.281232922525986417e+00 -2.718572645837417730e-05
8.000000000000000444e-01 3.003028871195973615e+00 -3.323277397034672524e-05
8.000000000000000444e-01 3.953205440876601973e+00 3.932705816556340112e-05
8.000000000000000444e-01 5.204023646816454018e+00 4.996120498149531064e-05
8.000000000000000444e-01 6.850608328268305236e+00 4.441820102112407719e-05
8.000000000000000444e-01 9.018182401236561674e+00 4.317503422671973770e-05
8.000000000000000444e-01 1.187159007272144251e+01 4.179627202667288627e-05
8.000000000000000444e-01 1.562783325777636989e+01 4.408238640227600270e-05
8.000000000000000444e-01 2.057257459504530317e+01 5.208274239238681018e-05
8.000000000000000444e-01 2.708186211662482634e+01 6.683929678253489634e-05
8.000000000000000444e-01 3.565072773538599904e+01 9.492641140885127362e-05
8.000000000000000444e-01 4.693083446733906072e+01 1.456268850699034257e-04
8.000000000000000444e-01 6.178003546375385469e+01 2.352297448791626847e-04
8.000000000000000444e-01 8.132761382197284661e+01 3.926265266895862904e-04
8.000000000000000444e-01 1.070601646685111916e+02 6.628917700473766460e-04
8.000000000000000444e-01 1.113163380966983311e+02 7.138413341559642902e-04
8.000000000000000444e-01 1.273002225413524542e+02 9.178001777936522793e-04
8.000000000000000444e-01 1.409346508547382939e+02 1.105251915254482900e-03
8.000000000000000444e-01 1.432841069860065772e+02 1.138296312625069941e-03
8.000000000000000444e-01 1.592679914306606861e+02 1.368929405595003396e-03
8.000000000000000444e-01 1.752518758753147949e+02 1.602499440103729786e-03
8.000000000000000444e-01 1.855272301611639421e+02 1.750931614613125209e-03
8.000000000000000444e-01 1.912357603199689038e+02 1.831557557724268178e-03
8.000000000000000444e-01 2.072196447646230411e+02 2.049153499350470434e-03
8.000000000000000444e-01 2.232035292092771499e+02 2.246711479478003936e-03
8.000000000000000444e-01 2.391874136539312872e+02 2.418331401125690949e-03
8.000000000000000444e-01 2.551712980985853960e+02 2.557868008566950135e-03
8.000000000000000444e-01 2.711551825432395049e+02 2.660670001502276130e-03
8.000000000000000444e-01 2.871390669878936137e+02 2.725744747570717566e-03
8.000000000000000444e-01 3.031229514325477794e+02 2.748334213544474051e-03
8.000000000000000444e-01 3.191068358772018883e+02 2.731561638274225112e-03
8.000000000000000444e-01 3.350907203218559971e+02 2.676532325795158776e-03
8.000000000000000444e-01 3.510746047665101059e+02 2.585445564012902805e-03
8.000000000000000444e-01 3.670584892111642148e+02 2.463262470472961721e-03
8.000000000000000444e-01 3.830423736558183236e+02 2.317825003563368704e-03
8.000000000000000444e-01 3.990262581004724325e+02 2.151091208750911896e-03
8.000000000000000444e-01 4.150101425451265413e+02 1.971386237309824888e-03
8.000000000000000444e-01 4.309940269897806502e+02 1.782690113395401111e-03
8.000000000000000444e-01 4.469779114344347590e+02 1.591785453588987626e-03
8.000000000000000444e-01 4.629617958790888679e+02 1.404202625770723878e-03
8.000000000000000444e-01 4.789456803237430904e+02 1.222495897431055125e-03
8.000000000000000444e-01 4.949295647683971993e+02 1.051480348849880226e-03
8.000000000000000444e-01 5.109134492130513081e+02 8.931508402684613631e-04
8.000000000000000444e-01 5.268973336577054170e+02 7.487995556261800188e-04
8.000000000000000444e-01 5.428812181023595258e+02 6.197062100751375485e-04
8.000000000000000444e-01 5.588651025470136346e+02 5.058978421304601448e-04
8.000000000000000444e-01 5.748489869916677435e+02 4.079890802952549148e-04
8.000000000000000444e-01 5.908328714363218523e+02 3.237593557149253038e-04
8.000000000000000444e-01 6.068167558809759612e+02 2.529628293601315372e-04
8.000000000000000444e-01 6.228006403256300700e+02 1.939286748630529231e-04
8.000000000000000444e-01 6.387845247702842926e+02 1.456153967523244426e-04
8.000000000000000444e-01 6.547684092149384014e+02 1.062878870297057847e-04
8.000000000000000444e-01 6.707522936595925103e+02 7.503024504257624165e-05
8.000000000000000444e-01 6.867361781042466191e+02 5.027700916816401705e-05
8.000000000000000444e-01 7.027200625489007280e+02 3.085862636299136922e-05
8.000000000000000444e-01 7.187039469935548368e+02 1.586227489432936403e-05
8.000000000000000444e-01 7.346878314382089457e+02 4.401747722744402022e-06
8.000000000000000444e-01 7.421089206446555409e+02 0.000000000000000000e+00
9.000000000000000222e-01 1.000000000000000000e+00 3.794290011559484132e-04
9.000000000000000222e-01 1.316545189817898143e+00 2.800778714176365585e-04
9.000000000000000222e-01 1.733291236832645632e+00 8.245910918446372083e-05
9.000000000000000222e-01 2.281956240405534686e+00 -4.036930763893231293e-05
9.000000000000000222e-01 3.004298511680842054e+00 -1.693865248361190658e-06
9.000000000000000222e-01 3.955294754330483276e+00 3.966062340318960799e-05
9.000000000000000222e-01 5.207324283125763564e+00 3.673392720213547290e-05
9.000000000000000222e-01 6.855677736771158770e+00 3.379378716207101242e-05
9.000000000000000222e-01 9.025809547287723333e+00 3.322434171132203167e-05
9.000000000000000222e-01 1.188288614369411000e+01 3.321063254070766725e-05
9.000000000000000222e-01 1.564435659363423881e+01 3.638939997275819486e-05
9.000000000000000222e-01 2.059650242114508245e+01 4.513896287167022735e-05
9.000000000000000222e-01 2.711622618963124154e+01 6.067569368172371367e-05
9.000000000000000222e-01 3.569973715597311781e+01 8.964729758583423402e-05
9.000000000000000222e-01 4.700031723045971432e+01 1.417501955194444422e-04
9.000000000000000222e-01 6.187804156967703051e+01 2.341936610881130702e-04
9.000000000000000222e-01 8.146523798391021387e+01 3.974490275490020021e-04
9.000000000000000222e-01 1.072526672050872918e+02 6.793717269632350633e-04
9.000000000000000222e-01 1.115400649161035886e+02 7.329205215328803277e-04
9.000000000000000222e-01 1.275560742373902627e+02 9.466654471271786697e-04
9.000000000000000222e-01 1.412029831039974965e+02 1.143118650674493060e-03
9.000000000000000222e-01 1.435720835586769226e+02 1.178135171259966137e-03
9.000000000000000222e-01 1.595880928799635967e+02 1.420507353497091080e-03
9.000000000000000222e-01 1.756041022012502708e+02 1.666417788034298955e-03
9.000000000000000222e-01 1.859001081935059858e+02 1.822575597844460025e-03
9.000000000000000222e-01 1.916201115225369449e+02 1.907247932308360440e-03
9.000000000000000222e-01 2.076361208438236190e+02 2.136162203848413887e-03
9.000000000000000222e-01 2.236521301651102931e+02 2.343794163311786142e-03
9.000000000000000222e-01 2.396681394863969672e+02 2.523753081224530681e-03
9.000000000000000222e-01 2.556841488076836413e+02 2.670708456647827994e-03
9.000000000000000222e-01 2.717001581289703154e+02 2.777800441750237926e-03
9.000000000000000222e-01 2.877161674502569895e+02 2.845626843987200411e-03
9.000000000000000222e-01 3.037321767715436067e+02 2.868948034651153979e-03
9.000000000000000222e-01 3.197481860928302808e+02 2.850757657118524729e-03
9.000000000000000222e-01 3.357641954141169549e+02 2.792675247076229807e-03
9.000000000000000222e-01 3.517802047354036290e+02 2.697209624671244744e-03
9.000000000000000222e-01 3.677962140566903031e+02 2.570670556204501887e-03
9.000000000000000222e-01 3.838122233779769772e+02 2.417018862409134501e-03
9.000000000000000222e-01 3.998282326992636513e+02 2.243162836858512543e-03
9.000000000000000222e-01 4.158442420205503254e+02 2.053830257176510101e-03
9.000000000000000222e-01 4.318602513418369995e+02 1.857741713925688959e-03
9.000000000000000222e-01 4.478762606631236736e+02 1.658553540481183790e-03
9.000000000000000222e-01 4.638922699844103477e+02 1.462708886908416998e-03
9.000000000000000222e-01 4.799082793056970218e+02 1.272991315164125276e-03
9.000000000000000222e-01 4.959242886269836390e+02 1.094336538712221757e-03
9.000000000000000222e-01 5.119402979482703131e+02 9.290402379543104532e-04
9.000000000000000222e-01 5.279563072695569872e+02 7.786669983671835361e-04
9.000000000000000222e-01 5.439723165908436613e+02 6.436570547748080148e-04
9.000000000000000222e-01 5.599883259121303354e+02 5.247274351627757199e-04
9.000000000000000222e-01 5.760043352334170095e+02 4.223833277405896294e-04
9.000000000000000222e-01 5.920203445547036836e+02 3.348026294054441969e-04
9.000000000000000222e-01 6.080363538759903577e+02 2.608493826929657593e-04
9.000000000000000222e-01 6.240523631972770318e+02 1.995756732898067870e-04
9.000000000000000222e-01 6.400683725185637059e+02 1.495122204494444260e-04
9.000000000000000222e-01 6.560843818398503799e+02 1.091516138583970691e-04
9.000000000000000222e-01 6.721003911611370540e+02 7.673792768842359162e-05
9.000000000000000222e-01 6.881164004824237281e+02 5.122913460601588191e-05
9.000000000000000222e-01 7.041324098037104022e+02 3.137571057642511691e-05
9.000000000000000222e-01 7.201484191249970763e+02 1.609726333222066520e-05
9.000000000000000222e-01 7.361644284462837504e+02 4.470650817649573499e-06
9.000000000000000222e-01 7.436004327740239432e+02 0.000000000000000000e+00
1.000000000000000000e+00 1.000000000000000000e+00 3.383888021552901759e-04
1.000000000000000000e+00 1.316584851323354899e+00 2.265748874262276389e-04
1.000000000000000000e+00 1.733395670734140248e+00 4.802551844343697969e-05
1.000000000000000000e+00 2.282162481438055224e+00 -5.324221888290355166e-05
1.000000000000000000e+00 3.004660551319859874e+00 7.103236714915961956e-06
1.000000000000000000e+00 3.955890565236606982e+00 3.797748459322673091e-05
1.000000000000000000e+00 5.208265591683501228e+00 3.316774493742475732e-05
1.000000000000000000e+00 6.857123579679166525e+00 3.077140958249173659e-05
1.000000000000000000e+00 9.027985028657765199e+00 2.954852197001577255e-05
1.000000000000000000e+00 1.188610832670485884e+01 3.059785932321180957e-05
1.000000000000000000e+00 1.564907016412800189e+01 3.416727655347318965e-05
1.000000000000000000e+00 2.060332871538721733e+01 4.260611372751331948e-05
1.000000000000000000e+00 2.712603047351429097e+01 5.888749544246626885e-05
1.000000000000000000e+00 3.571372079796459076e+01 8.810998564384619667e-05
1.000000000000000000e+00 4.702014378699202268e+01 1.405673659945072410e-04
1.000000000000000000e+00 6.190600901699963998e+01 2.338860049389143931e-04
1.000000000000000000e+00 8.150451367766875421e+01 3.991395527370484751e-04
1.000000000000000000e+00 1.073076080224958133e+02 6.849323390397096855e-04
1.000000000000000000e+00 1.116039259098182441e+02 7.390780078075331579e-04
1.000000000000000000e+00 1.276291050148177817e+02 9.561145493150283474e-04
1.000000000000000000e+00 1.412795711541625963e+02 1.155204349676456580e-03
1.000000000000000000e+00 1.436542841198173335e+02 1.190864595240967222e-03
1.000000000000000000e+00 1.596794632248168853e+02 1.436964809326651262e-03
1.000000000000000000e+00 1.757046423298164086e+02 1.686838817499067104e-03
1.000000000000000000e+00 1.860065431830304306e+02 1.844935928041757612e-03
1.000000000000000000e+00 1.917298214348159604e+02 1.930932756020633688e-03
1.000000000000000000e+00 2.077550005398155122e+02 2.162917776350407884e-03
1.000000000000000000e+00 2.237801796448150640e+02 2.373785808744642654e-03
1.000000000000000000e+00 2.398053587498146157e+02 2.555675823309200203e-03
1.000000000000000000e+00 2.558305378548141675e+02 2.703688611169726037e-03
1.000000000000000000e+00 2.718557169598137193e+02 2.813389009410183911e-03
1.000000000000000000e+00 2.878808960648132143e+02 2.880677810935141411e-03
1.000000000000000000e+00 3.039060751698127660e+02 2.904093649826951316e-03
1.000000000000000000e+00 3.199312542748123178e+02 2.885380425551702273e-03
1.000000000000000000e+00 3.359564333798118696e+02 2.827349863767791502e-03
1.000000000000000000e+00 3.519816124848114214e+02 2.729118513463284906e-03
1.000000000000000000e+00 3.680067915898109732e+02 2.600217025069683462e-03
1.000000000000000000e+00 3.840319706948105249e+02 2.445045908145657056e-03
1.000000000000000000e+00 4.000571497998100767e+02 2.267321905474044361e-03
1.000000000000000000e+00 4.160823289048096285e+02 2.076573092486510164e-03
1.000000000000000000e+00 4.321075080098091803e+02 1.878396314091918548e-03
1.000000000000000000e+00 4.481326871148086752e+02 1.676150519041430661e-03
1.000000000000000000e+00 4.641578662198082270e+02 1.479583789417313663e-03
1.000000000000000000e+00 4.801830453248077788e+02 1.286885703351184785e-03
1.000000000000000000e+00 4.962082244298073306e+02 1.104542404608027011e-03
1.000000000000000000e+00 5.122334035348068255e+02 9.380383537766563869e-04
1.000000000000000000e+00 5.282585826398063773e+02 7.839118353931141510e-04
1.000000000000000000e+00 5.442837617448059291e+02 6.494153482781478328e-04
1.000000000000000000e+00 5.603089408498054809e+02 5.301520990446431355e-04
1.000000000000000000e+00 5.763341199548050326e+02 4.253605219457469921e-04
1.000000000000000000e+00 5.923592990598045844e+02 3.378382047297321094e-04
1.000000000000000000e+00 6.083844781648041362e+02 2.622994755495664855e-04
1.000000000000000000e+00 6.244096572698036880e+02 2.012844477066964833e-04
1.000000000000000000e+00 6.404348363748032398e+02 1.482322965736972001e-04
1.000000000000000000e+00 6.564600154798027916e+02 1.098549379809034878e-04
1.000000000000000000e+00 6.724851945848023433e+02 7.505967788367191244e-05
1.000000000000000000e+00 6.885103736898018951e+02 5.255286004898199106e-05
1.000000000000000000e+00 7.045355527948014469e+02 3.279604051291981712e-05
1.000000000000000000e+00 7.205607318998009987e+02 1.615878909809994251e-05
1.000000000000000000e+00 7.365859110048004368e+02 4.150116903859759078e-06
1.000000000000000000e+00 7.440261727321216085e+02 0.000000000000000000e+00
