# mx [GeV]: 10.0
# sigma_p [cm^2]: 5.75439937337e-31
# depth [m]: 10.6
# loc: SUF
# Columns: gamma/pi, v [km/s], f(v, gamma) [s/km]
0.000000000000000000e+00 1.000000000000000000e+00 2.733380044432843353e-03
0.000000000000000000e+00 1.224325143769376956e+00 2.492728023270007059e-03
0.000000000000000000e+00 1.498972057665905799e+00 2.030162330849938010e-03
0.000000000000000000e+00 1.835229180008088878e+00 1.641520647764261980e-03
0.000000000000000000e+00 2.246917229663159432e+00 1.415182231402317735e-03
0.000000000000000000e+00 2.750957260245237901e+00 1.390673369468059268e-03
0.000000000000000000e+00 3.368066143153162439e+00 1.240860440841312987e-03
0.000000000000000000e+00 4.123608064940766482e+00 1.103806276573365483e-03
0.000000000000000000e+00 5.048637036957166480e+00 9.490366598912946009e-04
0.000000000000000000e+00 6.181173266111985143e+00 9.134304767566617245e-04
0.000000000000000000e+00 7.567765847695985038e+00 8.347462126722611292e-04
0.000000000000000000e+00 9.265406009493368344e+00 7.935139371795828841e-04
0.000000000000000000e+00 1.134386954465461983e+01 7.384109554532770426e-04
0.000000000000000000e+00 1.388858471116032689e+01 6.888137728325552551e-04
0.000000000000000000e+00 1.700414347324453246e+01 6.648023540015157457e-04
0.000000000000000000e+00 2.081860040255522648e+01 6.249986150566864442e-04
0.000000000000000000e+00 2.548873593093563983e+01 6.250080327705058491e-04
0.000000000000000000e+00 2.806660316518423315e+01 5.810091727691042056e-04
0.000000000000000000e+00 3.120650028314246782e+01 5.868392930148733479e-04
0.000000000000000000e+00 3.209667951710812162e+01 5.870824962497819908e-04
0.000000000000000000e+00 3.612675586903201008e+01 5.814665246262298208e-04
0.000000000000000000e+00 3.820690294569750733e+01 5.762185384845163946e-04
0.000000000000000000e+00 4.015683222095590565e+01 5.492568742550016456e-04
0.000000000000000000e+00 4.418690857287978702e+01 5.457747057583346500e-04
0.000000000000000000e+00 4.677767194197372191e+01 5.395331003554615975e-04
0.000000000000000000e+00 4.821698492480368259e+01 5.349738277529225228e-04
0.000000000000000000e+00 5.224706127672757106e+01 5.246463248223617480e-04
0.000000000000000000e+00 5.627713762865145952e+01 4.905257084449883391e-04
0.000000000000000000e+00 6.030721398057534799e+01 4.759436316030143488e-04
0.000000000000000000e+00 6.433729033249923646e+01 4.584194404897050986e-04
0.000000000000000000e+00 6.836736668442313203e+01 4.458032487250026036e-04
0.000000000000000000e+00 7.239744303634701339e+01 4.082822871835128562e-04
0.000000000000000000e+00 7.642751938827090896e+01 3.896019957735824047e-04
0.000000000000000000e+00 8.045759574019479032e+01 3.690663260881134138e-04
0.000000000000000000e+00 8.448767209211868590e+01 3.393963187051130827e-04
0.000000000000000000e+00 8.851774844404258147e+01 3.202229569483738933e-04
0.000000000000000000e+00 9.254782479596646283e+01 3.005431834312660114e-04
0.000000000000000000e+00 9.657790114789035840e+01 2.780824661042144408e-04
0.000000000000000000e+00 1.006079774998142398e+02 2.549219588038549632e-04
0.000000000000000000e+00 1.046380538517381353e+02 2.369073010500366929e-04
0.000000000000000000e+00 1.086681302036620167e+02 2.165704456058589560e-04
0.000000000000000000e+00 1.126982065555859123e+02 2.002557801075519203e-04
0.000000000000000000e+00 1.167282829075097936e+02 1.792320945135591505e-04
0.000000000000000000e+00 1.207583592594336892e+02 1.649061643473109166e-04
0.000000000000000000e+00 1.247884356113575848e+02 1.453586245336368826e-04
0.000000000000000000e+00 1.288185119632814803e+02 1.331663634829480236e-04
0.000000000000000000e+00 1.328485883152053475e+02 1.169353451973180680e-04
0.000000000000000000e+00 1.368786646671292431e+02 1.066765487232787627e-04
0.000000000000000000e+00 1.409087410190531386e+02 9.459626169955358873e-05
0.000000000000000000e+00 1.449388173709770058e+02 8.582917501323070858e-05
0.000000000000000000e+00 1.489688937229009298e+02 7.458508771620461189e-05
0.000000000000000000e+00 1.529989700748247969e+02 6.339922737099057306e-05
0.000000000000000000e+00 1.570290464267486925e+02 5.664741576348265764e-05
0.000000000000000000e+00 1.610591227786725881e+02 4.741221001345839861e-05
0.000000000000000000e+00 1.650891991305964837e+02 3.951272205473469189e-05
0.000000000000000000e+00 1.691192754825203508e+02 3.339088072666267167e-05
0.000000000000000000e+00 1.731493518344442464e+02 2.617089557595399813e-05
0.000000000000000000e+00 1.771794281863681420e+02 2.070633086728874476e-05
0.000000000000000000e+00 1.812095045382920375e+02 1.431822530358100401e-05
0.000000000000000000e+00 1.852395808902159331e+02 7.499832619466747786e-06
0.000000000000000000e+00 1.871106877678948877e+02 0.000000000000000000e+00
1.000000000000000056e-01 1.000000000000000000e+00 3.080779149955556288e-03
1.000000000000000056e-01 1.229167245596120006e+00 2.829851780760171340e-03
1.000000000000000056e-01 1.510852117646352522e+00 2.334309731497845059e-03
1.000000000000000056e-01 1.857089935950432036e+00 1.804583413081506512e-03
1.000000000000000056e-01 2.282674121396467637e+00 1.547152149341071616e-03
1.000000000000000056e-01 2.805788262390439325e+00 1.544172894805766064e-03
1.000000000000000056e-01 3.448783030208379952e+00 1.394436994897564272e-03
1.000000000000000056e-01 4.239131137899875057e+00 1.174735633079439885e-03
1.000000000000000056e-01 5.210601144493135273e+00 1.045214174946570073e-03
1.000000000000000056e-01 6.404700256676617798e+00 9.998708383571815617e-04
1.000000000000000056e-01 7.872447773367960977e+00 9.324596979293360262e-04
1.000000000000000056e-01 9.676554945690005738e+00 8.731572888237694278e-04
1.000000000000000056e-01 1.189410438945329673e+01 7.991666957585288325e-04
1.000000000000000056e-01 1.461984353121702540e+01 7.536292181852444119e-04
1.000000000000000056e-01 1.797023280431228898e+01 7.218429311590374544e-04
1.000000000000000056e-01 2.208842155879758096e+01 6.863378588188911913e-04
1.000000000000000056e-01 2.715036428699317383e+01 6.685204180850705001e-04
1.000000000000000056e-01 3.025240096485782715e+01 6.572117202867878896e-04
1.000000000000000056e-01 3.337233848757465182e+01 6.436299243601002361e-04
1.000000000000000056e-01 3.459633546237587609e+01 6.460739916116233720e-04
1.000000000000000056e-01 3.894026995989392503e+01 6.300760429474779609e-04
1.000000000000000056e-01 4.102018537787353125e+01 6.229626191636037594e-04
1.000000000000000056e-01 4.328420445741196687e+01 6.150996914665068016e-04
1.000000000000000056e-01 4.762813895493001581e+01 5.942933403786575209e-04
1.000000000000000056e-01 5.042066827476303814e+01 5.827016161062803902e-04
1.000000000000000056e-01 5.197207345244806476e+01 5.761122330677241263e-04
1.000000000000000056e-01 5.631600794996610659e+01 5.573312900378265405e-04
1.000000000000000056e-01 6.065994244748415554e+01 5.356395214897731027e-04
1.000000000000000056e-01 6.500387694500220448e+01 5.074346255669427231e-04
1.000000000000000056e-01 6.934781144252025342e+01 4.849798757727937144e-04
1.000000000000000056e-01 7.369174594003830236e+01 4.610406946130840285e-04
1.000000000000000056e-01 7.803568043755635131e+01 4.347662526187924255e-04
1.000000000000000056e-01 8.237961493507438604e+01 4.062056011527346655e-04
1.000000000000000056e-01 8.672354943259244919e+01 3.815361827569419321e-04
1.000000000000000056e-01 9.106748393011048393e+01 3.552873705374773577e-04
1.000000000000000056e-01 9.541141842762853287e+01 3.302896759428456362e-04
1.000000000000000056e-01 9.975535292514658181e+01 3.039676958769404200e-04
1.000000000000000056e-01 1.040992874226646308e+02 2.797529290345291309e-04
1.000000000000000056e-01 1.084432219201826797e+02 2.570330366965523083e-04
1.000000000000000056e-01 1.127871564177007286e+02 2.343638087917107073e-04
1.000000000000000056e-01 1.171310909152187776e+02 2.129799577625416881e-04
1.000000000000000056e-01 1.214750254127368123e+02 1.930987891292868723e-04
1.000000000000000056e-01 1.258189599102548613e+02 1.742405096972582347e-04
1.000000000000000056e-01 1.301628944077729102e+02 1.567529354052001490e-04
1.000000000000000056e-01 1.345068289052909449e+02 1.398146890320485535e-04
1.000000000000000056e-01 1.388507634028090081e+02 1.247004471583757520e-04
1.000000000000000056e-01 1.431946979003270712e+02 1.099197501309561597e-04
1.000000000000000056e-01 1.475386323978451060e+02 9.708409624479201027e-05
1.000000000000000056e-01 1.518825668953631407e+02 8.488278299072183827e-05
1.000000000000000056e-01 1.562265013928811754e+02 7.384014754461458527e-05
1.000000000000000056e-01 1.605704358903992386e+02 6.356377269062075757e-05
1.000000000000000056e-01 1.649143703879173017e+02 5.439068073509380902e-05
1.000000000000000056e-01 1.692583048854353365e+02 4.571913181955796878e-05
1.000000000000000056e-01 1.736022393829533712e+02 3.744679980520971896e-05
1.000000000000000056e-01 1.779461738804714344e+02 3.034802788159004700e-05
1.000000000000000056e-01 1.822901083779894691e+02 2.344189364266984762e-05
1.000000000000000056e-01 1.866340428755075322e+02 1.701871762301230938e-05
1.000000000000000056e-01 1.909779773730255670e+02 1.145159348691284747e-05
1.000000000000000056e-01 1.953219118705436301e+02 6.352143876785793365e-06
1.000000000000000056e-01 1.996658463680616649e+02 1.888200138792897647e-06
1.000000000000000056e-01 2.016826730990521810e+02 0.000000000000000000e+00
2.000000000000000111e-01 1.000000000000000000e+00 4.179009144329064347e-03
2.000000000000000111e-01 1.237362642795074352e+00 3.903049725513432766e-03
2.000000000000000111e-01 1.531066309784810731e+00 3.344796014103631164e-03
2.000000000000000111e-01 1.894484255369835113e+00 2.569862459977706546e-03
2.000000000000000111e-01 2.344164044958077842e+00 2.133804674380350604e-03
2.000000000000000111e-01 2.900581017814518603e+00 2.050465047999144603e-03
2.000000000000000111e-01 3.589070593844199131e+00 1.876283357842190849e-03
2.000000000000000111e-01 4.440981875177145710e+00 1.593928477873166267e-03
2.000000000000000111e-01 5.495105069674217191e+00 1.383726819696187499e-03
2.000000000000000111e-01 6.799437731448700006e+00 1.316743539381406503e-03
2.000000000000000111e-01 8.413370240905909014e+00 1.236949712591219963e-03
2.000000000000000111e-01 1.041039003610076641e+01 1.139642748695781109e-03
2.000000000000000111e-01 1.288142772759715093e+01 1.051103388218913243e-03
2.000000000000000111e-01 1.593899745599335915e+01 9.739757894684592182e-04
2.000000000000000111e-01 1.972232001565191695e+01 9.413624179346087454e-04
2.000000000000000111e-01 2.440366201661724332e+01 8.930786983698731649e-04
2.000000000000000111e-01 3.019617972675928286e+01 8.680027480588661413e-04
2.000000000000000111e-01 3.432371223879795963e+01 8.498640096394144633e-04
2.000000000000000111e-01 3.736362474901790875e+01 8.309569027658653085e-04
2.000000000000000111e-01 3.925224527821509923e+01 8.287913829017224277e-04
2.000000000000000111e-01 4.418077831763224594e+01 8.130862641112207145e-04
2.000000000000000111e-01 4.623235346384824140e+01 8.043473895755828005e-04
2.000000000000000111e-01 4.910931135704939265e+01 7.910215227298598734e-04
2.000000000000000111e-01 5.403784439646653226e+01 7.624509536233293030e-04
2.000000000000000111e-01 5.720618706466326131e+01 7.471454454470068118e-04
2.000000000000000111e-01 5.896637743588367186e+01 7.391719488310745292e-04
2.000000000000000111e-01 6.389491047530081858e+01 7.106873596246561118e-04
2.000000000000000111e-01 6.882344351471795107e+01 6.794046098767065256e-04
2.000000000000000111e-01 7.375197655413509779e+01 6.438553132014659909e-04
2.000000000000000111e-01 7.868050959355224450e+01 6.119256935243632973e-04
2.000000000000000111e-01 8.360904263296939121e+01 5.790662452276620041e-04
2.000000000000000111e-01 8.853757567238653792e+01 5.419557312689301729e-04
2.000000000000000111e-01 9.346610871180368463e+01 5.039996417136791401e-04
2.000000000000000111e-01 9.839464175122083134e+01 4.696537446724308672e-04
2.000000000000000111e-01 1.033231747906379496e+02 4.355756798229685383e-04
2.000000000000000111e-01 1.082517078300550963e+02 4.007480703597630250e-04
2.000000000000000111e-01 1.131802408694722430e+02 3.652550081499506430e-04
2.000000000000000111e-01 1.181087739088893898e+02 3.343447650564478632e-04
2.000000000000000111e-01 1.230373069483065365e+02 3.037579990538633317e-04
2.000000000000000111e-01 1.279658399877236832e+02 2.741266755908295066e-04
2.000000000000000111e-01 1.328943730271408299e+02 2.464418210453596511e-04
2.000000000000000111e-01 1.378229060665579766e+02 2.208400156878610374e-04
2.000000000000000111e-01 1.427514391059750949e+02 1.965288699708701229e-04
2.000000000000000111e-01 1.476799721453922416e+02 1.744524301570092042e-04
2.000000000000000111e-01 1.526085051848093883e+02 1.533656523102265112e-04
2.000000000000000111e-01 1.575370382242265350e+02 1.347874519464329506e-04
2.000000000000000111e-01 1.624655712636436817e+02 1.174512683322785812e-04
2.000000000000000111e-01 1.673941043030608284e+02 1.009784273538988857e-04
2.000000000000000111e-01 1.723226373424779467e+02 8.708033944860329957e-05
2.000000000000000111e-01 1.772511703818950934e+02 7.363759937118031877e-05
2.000000000000000111e-01 1.821797034213122402e+02 6.231184796040835860e-05
2.000000000000000111e-01 1.871082364607293869e+02 5.182757408336452915e-05
2.000000000000000111e-01 1.920367695001465336e+02 4.224833704241043948e-05
2.000000000000000111e-01 1.969653025395636803e+02 3.420169373058971088e-05
2.000000000000000111e-01 2.018938355789808270e+02 2.661867241932730602e-05
2.000000000000000111e-01 2.068223686183979737e+02 2.023308942068566347e-05
2.000000000000000111e-01 2.117509016578151204e+02 1.459975202936204042e-05
2.000000000000000111e-01 2.166794346972322387e+02 9.617675470210905703e-06
2.000000000000000111e-01 2.216079677366493854e+02 5.297582540681019237e-06
2.000000000000000111e-01 2.265365007760665321e+02 1.573224946315715116e-06
2.000000000000000111e-01 2.288247482586530737e+02 0.000000000000000000e+00
3.000000000000000444e-01 1.000000000000000000e+00 6.040694136276829329e-03
3.000000000000000444e-01 1.246805231976739314e+00 5.858523311533076275e-03
3.000000000000000444e-01 1.554523286484571054e+00 5.223904918207990244e-03
3.000000000000000444e-01 1.938187766818638913e+00 3.988134956796652274e-03
3.000000000000000444e-01 2.416542648222791634e+00 3.101096862620212474e-03
3.000000000000000444e-01 3.012958017099101937e+00 2.943846990481738691e-03
3.000000000000000444e-01 3.756571819445422289e+00 2.787943617701451812e-03
3.000000000000000444e-01 4.683713398780931847e+00 2.337923590861654740e-03
3.000000000000000444e-01 5.839678370679622255e+00 2.012896044793288999e-03
3.000000000000000444e-01 7.280941545624753708e+00 1.888909150105354609e-03
3.000000000000000444e-01 9.077916012801750867e+00 1.776420070487461696e-03
3.000000000000000444e-01 1.131839318020664820e+01 1.639054866970243241e-03
3.000000000000000444e-01 1.411183183465149149e+01 1.498908985712484911e-03
3.000000000000000444e-01 1.759470576421938404e+01 1.395711137433399297e-03
3.000000000000000444e-01 2.193717120192002668e+01 1.340612604036731364e-03
3.000000000000000444e-01 2.735137982932335632e+01 1.278358605282708775e-03
3.000000000000000444e-01 3.410184347298341123e+01 1.240400038708647625e-03
3.000000000000000444e-01 3.965746550718028374e+01 1.217106572869354735e-03
3.000000000000000444e-01 4.251835686216752208e+01 1.201707690065588214e-03
3.000000000000000444e-01 4.535187081077540228e+01 1.195503042477411449e-03
3.000000000000000444e-01 5.104627611437052082e+01 1.172757026954824623e-03
3.000000000000000444e-01 5.301210979080457975e+01 1.163537656219252410e-03
3.000000000000000444e-01 5.674068141796563225e+01 1.143747432681492494e-03
3.000000000000000444e-01 6.243508672156075079e+01 1.106460505740526797e-03
3.000000000000000444e-01 6.609577584530046579e+01 1.086330424551677385e-03
3.000000000000000444e-01 6.812949202515586933e+01 1.072950196141594535e-03
3.000000000000000444e-01 7.382389732875098787e+01 1.030939389782057356e-03
3.000000000000000444e-01 7.951830263234610641e+01 9.856992079021677407e-04
3.000000000000000444e-01 8.521270793594122495e+01 9.349965857335910827e-04
3.000000000000000444e-01 9.090711323953634349e+01 8.877597965547091375e-04
3.000000000000000444e-01 9.660151854313146202e+01 8.360508355382097667e-04
3.000000000000000444e-01 1.022959238467265806e+02 7.812766612427797346e-04
3.000000000000000444e-01 1.079903291503216849e+02 7.262233697844583868e-04
3.000000000000000444e-01 1.136847344539168034e+02 6.709243782691917289e-04
3.000000000000000444e-01 1.193791397575119220e+02 6.186804564213008520e-04
3.000000000000000444e-01 1.250735450611070405e+02 5.666245988526139293e-04
3.000000000000000444e-01 1.307679503647021590e+02 5.144252437679438681e-04
3.000000000000000444e-01 1.364623556682972776e+02 4.667085491215033455e-04
3.000000000000000444e-01 1.421567609718923961e+02 4.197640145558677294e-04
3.000000000000000444e-01 1.478511662754875147e+02 3.754160686386017994e-04
3.000000000000000444e-01 1.535455715790826332e+02 3.341325392324600132e-04
3.000000000000000444e-01 1.592399768826777517e+02 2.957697666328743501e-04
3.000000000000000444e-01 1.649343821862728703e+02 2.604725794017402726e-04
3.000000000000000444e-01 1.706287874898679888e+02 2.281083191332673981e-04
3.000000000000000444e-01 1.763231927934631074e+02 1.977689097831374109e-04
3.000000000000000444e-01 1.820175980970582259e+02 1.714271499461048054e-04
3.000000000000000444e-01 1.877120034006533444e+02 1.471240173227024862e-04
3.000000000000000444e-01 1.934064087042484630e+02 1.251120239112109333e-04
3.000000000000000444e-01 1.991008140078435815e+02 1.059696575124758364e-04
3.000000000000000444e-01 2.047952193114387001e+02 8.838297275383078216e-05
3.000000000000000444e-01 2.104896246150338186e+02 7.354940162369253808e-05
3.000000000000000444e-01 2.161840299186289371e+02 6.030160960442391049e-05
3.000000000000000444e-01 2.218784352222240557e+02 4.829224248481483154e-05
3.000000000000000444e-01 2.275728405258191742e+02 3.857498028875963147e-05
3.000000000000000444e-01 2.332672458294142928e+02 2.970009568076439476e-05
3.000000000000000444e-01 2.389616511330094113e+02 2.203575469230767241e-05
3.000000000000000444e-01 2.446560564366045298e+02 1.584331842980336272e-05
3.000000000000000444e-01 2.503504617401996484e+02 1.025832561861638595e-05
3.000000000000000444e-01 2.560448670437947385e+02 5.569731985563287597e-06
3.000000000000000444e-01 2.617392723473898855e+02 1.640683963786129347e-06
3.000000000000000444e-01 2.643831033812019200e+02 0.000000000000000000e+00
4.000000000000000222e-01 1.000000000000000000e+00 8.303920997772714502e-03
4.000000000000000222e-01 1.256221202143371851e+00 8.184107671448935875e-03
4.000000000000000222e-01 1.578091708714538299e+00 7.583501760091014739e-03
4.000000000000000222e-01 1.982432263413865137e+00 5.799800896651807411e-03
4.000000000000000222e-01 2.490373441113571396e+00 4.282614347347020629e-03
4.000000000000000222e-01 3.128459917981616822e+00 4.055615373360182442e-03
4.000000000000000222e-01 3.930037679024220854e+00 3.935375535566259381e-03
4.000000000000000222e-01 4.936996657612554351e+00 3.248608951615815279e-03
4.000000000000000222e-01 6.201959876203851252e+00 2.782703885940162897e-03
4.000000000000000222e-01 7.791033491329759642e+00 2.620510595587530189e-03
4.000000000000000222e-01 9.787261458417543025e+00 2.477863913373061500e-03
4.000000000000000222e-01 1.229496535498477883e+01 2.279301652376437663e-03
4.000000000000000222e-01 1.544519615855008254e+01 2.082755901616365705e-03
4.000000000000000222e-01 1.940258288563397926e+01 1.966310338590658308e-03
4.000000000000000222e-01 2.437393599727753468e+01 1.884792522941264011e-03
4.000000000000000222e-01 3.061905517946557609e+01 1.813604252421180006e-03
4.000000000000000222e-01 3.846430630604249501e+01 1.784227853389355051e-03
4.000000000000000222e-01 4.575172908655922299e+01 1.762839883901116999e-03
4.000000000000000222e-01 4.831967710738758370e+01 1.763364132667912801e-03
4.000000000000000222e-01 5.232120813488567279e+01 1.755483200015591069e-03
4.000000000000000222e-01 5.889068718321212970e+01 1.733908653635498308e-03
4.000000000000000222e-01 6.070020286302197832e+01 1.727448877205742857e-03
4.000000000000000222e-01 6.546016623153857950e+01 1.697758745939084105e-03
4.000000000000000222e-01 7.202964527986503640e+01 1.670154540781787272e-03
4.000000000000000222e-01 7.625288181093202411e+01 1.642095918797449681e-03
4.000000000000000222e-01 7.859912432819149330e+01 1.624666764205596678e-03
4.000000000000000222e-01 8.516860337651793600e+01 1.572587343884121773e-03
4.000000000000000222e-01 9.173808242484439290e+01 1.508410114357172996e-03
4.000000000000000222e-01 9.830756147317083560e+01 1.441368515345712231e-03
4.000000000000000222e-01 1.048770405214972925e+02 1.371399301124456458e-03
4.000000000000000222e-01 1.114465195698237494e+02 1.287419587092332581e-03
4.000000000000000222e-01 1.180159986181502063e+02 1.206444807315135192e-03
4.000000000000000222e-01 1.245854776664766490e+02 1.124383983021217445e-03
4.000000000000000222e-01 1.311549567148031201e+02 1.039349110511964989e-03
4.000000000000000222e-01 1.377244357631295770e+02 9.543037698815304759e-04
4.000000000000000222e-01 1.442939148114560055e+02 8.685087435193978916e-04
4.000000000000000222e-01 1.508633938597824624e+02 7.877311837042221465e-04
4.000000000000000222e-01 1.574328729081089193e+02 7.097295389881531349e-04
4.000000000000000222e-01 1.640023519564353478e+02 6.331444230655341922e-04
4.000000000000000222e-01 1.705718310047618047e+02 5.625017890213715411e-04
4.000000000000000222e-01 1.771413100530882616e+02 4.965251780261805423e-04
4.000000000000000222e-01 1.837107891014147185e+02 4.352528669570970539e-04
4.000000000000000222e-01 1.902802681497411754e+02 3.792827800140761616e-04
4.000000000000000222e-01 1.968497471980676323e+02 3.271665724277751479e-04
4.000000000000000222e-01 2.034192262463940892e+02 2.817154612471253284e-04
4.000000000000000222e-01 2.099887052947205461e+02 2.401883943306702880e-04
4.000000000000000222e-01 2.165581843430470030e+02 2.033489405136527494e-04
4.000000000000000222e-01 2.231276633913734599e+02 1.710381708904844191e-04
4.000000000000000222e-01 2.296971424396999168e+02 1.419464639278250021e-04
4.000000000000000222e-01 2.362666214880263169e+02 1.175245993496824550e-04
4.000000000000000222e-01 2.428361005363527738e+02 9.583810930190086314e-05
4.000000000000000222e-01 2.494055795846792307e+02 7.688099129390042242e-05
4.000000000000000222e-01 2.559750586330056876e+02 6.148568634918283565e-05
4.000000000000000222e-01 2.625445376813321445e+02 4.770940518142308806e-05
4.000000000000000222e-01 2.691140167296586014e+02 3.644531780040720690e-05
4.000000000000000222e-01 2.756834957779850583e+02 2.673600463297208570e-05
4.000000000000000222e-01 2.822529748263115152e+02 1.860760025749403951e-05
4.000000000000000222e-01 2.888224538746379721e+02 1.187744656045967325e-05
4.000000000000000222e-01 2.953919329229644291e+02 6.491957326303981755e-06
4.000000000000000222e-01 3.019614119712908860e+02 1.866641482761966454e-06
4.000000000000000222e-01 3.050115272437281533e+02 0.000000000000000000e+00
5.000000000000000000e-01 1.000000000000000000e+00 9.792571964308310201e-03
5.000000000000000000e-01 1.264732780027822745e+00 9.709206237960264080e-03
5.000000000000000000e-01 1.599549004876904768e+00 9.139116527057093362e-03
5.000000000000000000e-01 2.023002059728705060e+00 6.949439416670248615e-03
5.000000000000000000e-01 2.558557019002696276e+00 5.045253160666077208e-03
5.000000000000000000e-01 3.235890931502978685e+00 4.871803920397822264e-03
5.000000000000000000e-01 4.092537333666583343e+00 4.706182417205810424e-03
5.000000000000000000e-01 5.175966119375789987e+00 3.829485472224939801e-03
5.000000000000000000e-01 6.546214019487964997e+00 3.316643264186044764e-03
5.000000000000000000e-01 8.279211455524121632e+00 3.160240876365631463e-03
5.000000000000000000e-01 1.047099012058321676e+01 3.001927126372893641e-03
5.000000000000000000e-01 1.324300444484907757e+01 2.750765523840520074e-03
5.000000000000000000e-01 1.674886182745478891e+01 2.548942509090434527e-03
5.000000000000000000e-01 2.118283458133877417e+01 2.446134501964287826e-03
5.000000000000000000e-01 2.679062526892607465e+01 2.366359023793823853e-03
5.000000000000000000e-01 3.388298197505251608e+01 2.326415816798514322e-03
5.000000000000000000e-01 4.285291798894077431e+01 2.344345640401394957e-03
5.000000000000000000e-01 5.201492481420749669e+01 2.377909256318433591e-03
5.000000000000000000e-01 5.419749010045735815e+01 2.384107920283698532e-03
5.000000000000000000e-01 5.948373453111933884e+01 2.399619275107563003e-03
5.000000000000000000e-01 6.695254424803118809e+01 2.417303992321581229e-03
5.000000000000000000e-01 6.854534232528183679e+01 2.402841948652254585e-03
5.000000000000000000e-01 7.442135396494302313e+01 2.405510302636928565e-03
5.000000000000000000e-01 8.189016368185487238e+01 2.393454966306097359e-03
5.000000000000000000e-01 8.669154135701248265e+01 2.377902746077536870e-03
5.000000000000000000e-01 8.935897339876672163e+01 2.359164358236695916e-03
5.000000000000000000e-01 9.682778311567855667e+01 2.302900143678999773e-03
5.000000000000000000e-01 1.042965928325904201e+02 2.242378653598667976e-03
5.000000000000000000e-01 1.117654025495022552e+02 2.160339955571142015e-03
5.000000000000000000e-01 1.192342122664140902e+02 2.065226154598833602e-03
5.000000000000000000e-01 1.267030219833259537e+02 1.956442154410994484e-03
5.000000000000000000e-01 1.341718317002377887e+02 1.841034631693366525e-03
5.000000000000000000e-01 1.416406414171496237e+02 1.722215267333487409e-03
5.000000000000000000e-01 1.491094511340614872e+02 1.591560142536554935e-03
5.000000000000000000e-01 1.565782608509733222e+02 1.461989369426005972e-03
5.000000000000000000e-01 1.640470705678851573e+02 1.334522438426877363e-03
5.000000000000000000e-01 1.715158802847970207e+02 1.206611964353743790e-03
5.000000000000000000e-01 1.789846900017088558e+02 1.082289676382283249e-03
5.000000000000000000e-01 1.864534997186206908e+02 9.635949947151201860e-04
5.000000000000000000e-01 1.939223094355325543e+02 8.511397278692009981e-04
5.000000000000000000e-01 2.013911191524443893e+02 7.465281963094338698e-04
5.000000000000000000e-01 2.088599288693562244e+02 6.491225937656849724e-04
5.000000000000000000e-01 2.163287385862680878e+02 5.608590629179670923e-04
5.000000000000000000e-01 2.237975483031799229e+02 4.802631891873280546e-04
5.000000000000000000e-01 2.312663580200917579e+02 4.080933838348456866e-04
5.000000000000000000e-01 2.387351677370036214e+02 3.447336664362495636e-04
5.000000000000000000e-01 2.462039774539154564e+02 2.872539252562910273e-04
5.000000000000000000e-01 2.536727871708272914e+02 2.386924651140297671e-04
5.000000000000000000e-01 2.611415968877391833e+02 1.959006511993534110e-04
5.000000000000000000e-01 2.686104066046510184e+02 1.593847284672893834e-04
5.000000000000000000e-01 2.760792163215628534e+02 1.281928253155360277e-04
5.000000000000000000e-01 2.835480260384746884e+02 1.015623825754641616e-04
5.000000000000000000e-01 2.910168357553865235e+02 7.939915847728461619e-05
5.000000000000000000e-01 2.984856454722983585e+02 6.080327890771554047e-05
5.000000000000000000e-01 3.059544551892102504e+02 4.566674459033657146e-05
5.000000000000000000e-01 3.134232649061220854e+02 3.284044246155734645e-05
5.000000000000000000e-01 3.208920746230339205e+02 2.259031269978433213e-05
5.000000000000000000e-01 3.283608843399457555e+02 1.441222835014211305e-05
5.000000000000000000e-01 3.358296940568576474e+02 7.508961732237963858e-06
5.000000000000000000e-01 3.432985037737694825e+02 2.181733328829131744e-06
5.000000000000000000e-01 3.467661654280499874e+02 0.000000000000000000e+00
6.000000000000000888e-01 1.000000000000000000e+00 9.415093678521058163e-03
6.000000000000000888e-01 1.271835162056024648e+00 9.363169311745491580e-03
6.000000000000000888e-01 1.617564679442074382e+00 8.687712828521959585e-03
6.000000000000000888e-01 2.057275636214312087e+00 6.463582312328431181e-03
6.000000000000000888e-01 2.616515492178540736e+00 4.840476225192444359e-03
6.000000000000000888e-01 3.327776405016992900e+00 4.815664952797604585e-03
6.000000000000000888e-01 4.232383043361002350e+00 4.490891706889405845e-03
6.000000000000000888e-01 5.382893573836210699e+00 3.641561468199845837e-03
6.000000000000000888e-01 6.846153320810310916e+00 3.221756443042135629e-03
6.000000000000000888e-01 8.707178518233172682e+00 3.137066524722570936e-03
6.000000000000000888e-01 1.107409580178781994e+01 2.975949167924476276e-03
6.000000000000000888e-01 1.408442442869075784e+01 2.734971506421258330e-03
6.000000000000000888e-01 1.791306622572973950e+01 2.599415726546175105e-03
6.000000000000000888e-01 2.278246748612128769e+01 2.535797937496070582e-03
6.000000000000000888e-01 2.897554322724717224e+01 2.508611136635187540e-03
6.000000000000000888e-01 3.685211471608726441e+01 2.545813497743167932e-03
6.000000000000000888e-01 4.686981529204204122e+01 2.649731371122136282e-03
6.000000000000000888e-01 5.785447744450983976e+01 2.799020381963117539e-03
6.000000000000000888e-01 5.961067912749021502e+01 2.818713862894449071e-03
6.000000000000000888e-01 6.616178702628560870e+01 2.895987673289138024e-03
6.000000000000000888e-01 7.446909660806139186e+01 2.973685957298611692e-03
6.000000000000000888e-01 7.581495774838123225e+01 2.981170867822605444e-03
6.000000000000000888e-01 8.277640618983716081e+01 3.035955126472002479e-03
6.000000000000000888e-01 9.108371577161292976e+01 3.074244050704950937e-03
6.000000000000000888e-01 9.642412907418307100e+01 3.084343660691355599e-03
6.000000000000000888e-01 9.939102535338869870e+01 3.083042456555829414e-03
6.000000000000000888e-01 1.076983349351644677e+02 3.076218324497839978e-03
6.000000000000000888e-01 1.160056445169402508e+02 3.027197927350337280e-03
6.000000000000000888e-01 1.243129540987160198e+02 2.953452224686519464e-03
6.000000000000000888e-01 1.326202636804918029e+02 2.857324313434750004e-03
6.000000000000000888e-01 1.409275732622675719e+02 2.733314338762537262e-03
6.000000000000000888e-01 1.492348828440433408e+02 2.595766553198400068e-03
6.000000000000000888e-01 1.575421924258191098e+02 2.443755656399699064e-03
6.000000000000000888e-01 1.658495020075948787e+02 2.272943501215696476e-03
6.000000000000000888e-01 1.741568115893706477e+02 2.097597842301858126e-03
6.000000000000000888e-01 1.824641211711464166e+02 1.917764468650342896e-03
6.000000000000000888e-01 1.907714307529221855e+02 1.737833661090744690e-03
6.000000000000000888e-01 1.990787403346979545e+02 1.557452330910795912e-03
6.000000000000000888e-01 2.073860499164737234e+02 1.386093558178225780e-03
6.000000000000000888e-01 2.156933594982494924e+02 1.221638859935812380e-03
6.000000000000000888e-01 2.240006690800252613e+02 1.067566225669212962e-03
6.000000000000000888e-01 2.323079786618010871e+02 9.248199048329191043e-04
6.000000000000000888e-01 2.406152882435768561e+02 7.931147459202302422e-04
6.000000000000000888e-01 2.489225978253526250e+02 6.755136644576716998e-04
6.000000000000000888e-01 2.572299074071283940e+02 5.690452340108486870e-04
6.000000000000000888e-01 2.655372169889041629e+02 4.760676814512043243e-04
6.000000000000000888e-01 2.738445265706799319e+02 3.942413239987328268e-04
6.000000000000000888e-01 2.821518361524557008e+02 3.230201489923831899e-04
6.000000000000000888e-01 2.904591457342314698e+02 2.625557829835188238e-04
6.000000000000000888e-01 2.987664553160072387e+02 2.104466524287937812e-04
6.000000000000000888e-01 3.070737648977830077e+02 1.671245966068859860e-04
6.000000000000000888e-01 3.153810744795587766e+02 1.306517156124775529e-04
6.000000000000000888e-01 3.236883840613345455e+02 1.006700688096250952e-04
6.000000000000000888e-01 3.319956936431103145e+02 7.618917840363897400e-05
6.000000000000000888e-01 3.403030032248860834e+02 5.637613139659589833e-05
6.000000000000000888e-01 3.486103128066618524e+02 4.024096763509670428e-05
6.000000000000000888e-01 3.569176223884376213e+02 2.702580694711013840e-05
6.000000000000000888e-01 3.652249319702133903e+02 1.694679255556326875e-05
6.000000000000000888e-01 3.735322415519891592e+02 8.774232636634315876e-06
6.000000000000000888e-01 3.818395511337649850e+02 2.427668245645618643e-06
6.000000000000000888e-01 3.856965162967322840e+02 0.000000000000000000e+00
7.000000000000000666e-01 1.000000000000000000e+00 7.568619911272751223e-03
7.000000000000000666e-01 1.277309669482188825e+00 7.473705751554101696e-03
7.000000000000000666e-01 1.631519991752698351e+00 6.617903752576599630e-03
7.000000000000000666e-01 2.083956261419222411e+00 4.828913646294984326e-03
7.000000000000000666e-01 2.661857483488724974e+00 3.914080881562557665e-03
7.000000000000000666e-01 3.400016302443674032e+00 3.929106174656050825e-03
7.000000000000000666e-01 4.342873699508382757e+00 3.481125779833035231e-03
7.000000000000000666e-01 5.547194569721943580e+00 2.889894731000364897e-03
7.000000000000000666e-01 7.085485262404927376e+00 2.684995023223037559e-03
7.000000000000000666e-01 9.050358838643358439e+00 2.599347374050926199e-03
7.000000000000000666e-01 1.156011085688275308e+01 2.448953601641041915e-03
7.000000000000000666e-01 1.476584137778236894e+01 2.290584745007070815e-03
7.000000000000000666e-01 1.886055196988163019e+01 2.223333566983011402e-03
7.000000000000000666e-01 2.409076540290115531e+01 2.224461509807551703e-03
7.000000000000000666e-01 3.077136759435261482e+01 2.268700263781307791e-03
7.000000000000000666e-01 3.930456537145746410e+01 2.399525616394520503e-03
7.000000000000000666e-01 5.020410140375742714e+01 2.621054486506750950e-03
7.000000000000000666e-01 6.277389088157147512e+01 2.884940377020389635e-03
7.000000000000000666e-01 6.412618417068371457e+01 2.911396658433818008e-03
7.000000000000000666e-01 7.178757777738687196e+01 3.070970131023492526e-03
7.000000000000000666e-01 8.080126467320226880e+01 3.235479200528222372e-03
7.000000000000000666e-01 8.190899510820995033e+01 3.260109154600046490e-03
7.000000000000000666e-01 8.981495156901765142e+01 3.387743803319803390e-03
7.000000000000000666e-01 9.882863846483304826e+01 3.503341977191918189e-03
7.000000000000000666e-01 1.046231514692858440e+02 3.560478441169826098e-03
7.000000000000000666e-01 1.078423253606484451e+02 3.590278638670501600e-03
7.000000000000000666e-01 1.168560122564638277e+02 3.632101854291103563e-03
7.000000000000000666e-01 1.258696991522792246e+02 3.643295309517886101e-03
7.000000000000000666e-01 1.348833860480946214e+02 3.612500677102373995e-03
7.000000000000000666e-01 1.438970729439100182e+02 3.536362721431104885e-03
7.000000000000000666e-01 1.529107598397254151e+02 3.433340091211243856e-03
7.000000000000000666e-01 1.619244467355408119e+02 3.286781852098728286e-03
7.000000000000000666e-01 1.709381336313562088e+02 3.117448121572377693e-03
7.000000000000000666e-01 1.799518205271716056e+02 2.923930366502609877e-03
7.000000000000000666e-01 1.889655074229869740e+02 2.719172518683097943e-03
7.000000000000000666e-01 1.979791943188023708e+02 2.496751218198955610e-03
7.000000000000000666e-01 2.069928812146177677e+02 2.268311643730780772e-03
7.000000000000000666e-01 2.160065681104331645e+02 2.044297671865976090e-03
7.000000000000000666e-01 2.250202550062485614e+02 1.822566063989536833e-03
7.000000000000000666e-01 2.340339419020639582e+02 1.605955450132840997e-03
7.000000000000000666e-01 2.430476287978793550e+02 1.403456359918527465e-03
7.000000000000000666e-01 2.520613156936947234e+02 1.212473115363141936e-03
7.000000000000000666e-01 2.610750025895101203e+02 1.038934475965558020e-03
7.000000000000000666e-01 2.700886894853255171e+02 8.811536762681401996e-04
7.000000000000000666e-01 2.791023763811409140e+02 7.392761459577909663e-04
7.000000000000000666e-01 2.881160632769563108e+02 6.142397810457500334e-04
7.000000000000000666e-01 2.971297501727717076e+02 5.053262104166948709e-04
7.000000000000000666e-01 3.061434370685871045e+02 4.114819524145747233e-04
7.000000000000000666e-01 3.151571239644024445e+02 3.309873124089238519e-04
7.000000000000000666e-01 3.241708108602178982e+02 2.637609152738242153e-04
7.000000000000000666e-01 3.331844977560332381e+02 2.070625386709092465e-04
7.000000000000000666e-01 3.421981846518486918e+02 1.604483060769993773e-04
7.000000000000000666e-01 3.512118715476640318e+02 1.222178420720489026e-04
7.000000000000000666e-01 3.602255584434794855e+02 9.155320789304730944e-05
7.000000000000000666e-01 3.692392453392948255e+02 6.662912157519820702e-05
7.000000000000000666e-01 3.782529322351102792e+02 4.705265981079885523e-05
7.000000000000000666e-01 3.872666191309256192e+02 3.174996033016095742e-05
7.000000000000000666e-01 3.962803060267410729e+02 1.955478050968810657e-05
7.000000000000000666e-01 4.052939929225564129e+02 1.000239183841864559e-05
7.000000000000000666e-01 4.143076798183717528e+02 2.689341635605295006e-06
7.000000000000000666e-01 4.184926058771432054e+02 0.000000000000000000e+00
8.000000000000000444e-01 1.000000000000000000e+00 5.578119113157352718e-03
8.000000000000000444e-01 1.281131112496845859e+00 5.295447405679113567e-03
8.000000000000000444e-01 1.641296927407405848e+00 4.435603588359025330e-03
8.000000000000000444e-01 2.102716558547104597e+00 3.283500588259556912e-03
8.000000000000000444e-01 2.693855603916991193e+00 2.886576488515142473e-03
8.000000000000000444e-01 3.451182226752037785e+00 2.864730839259669801e-03
8.000000000000000444e-01 4.421416925588178337e+00 2.429780339822090480e-03
8.000000000000000444e-01 5.664414784691167881e+00 2.115125128733728790e-03
8.000000000000000444e-01 7.256858014754977049e+00 2.027537444308960112e-03
8.000000000000000444e-01 9.296986581674696382e+00 1.948756444008081226e-03
8.000000000000000444e-01 1.191065876224915243e+01 1.835320491629510199e-03
8.000000000000000444e-01 1.525911551065056315e+01 1.762493695208386911e-03
8.000000000000000444e-01 1.954892762987762111e+01 1.760254616817681075e-03
8.000000000000000444e-01 2.504473940258544573e+01 1.792898449013022527e-03
8.000000000000000444e-01 3.208559485302788516e+01 1.898307359780220275e-03
8.000000000000000444e-01 4.110585382918268493e+01 2.080991381048522947e-03
8.000000000000000444e-01 5.266198824631354825e+01 2.374874402104634654e-03
8.000000000000000444e-01 6.643994081492189707e+01 2.745091753662408807e-03
8.000000000000000444e-01 6.746691158829550261e+01 2.767859142998835547e-03
8.000000000000000444e-01 7.598003488065427291e+01 2.999485471737986866e-03
8.000000000000000444e-01 8.552012894638664875e+01 3.237542316519999817e-03
8.000000000000000444e-01 8.643395949983936077e+01 3.259967005597881433e-03
8.000000000000000444e-01 9.506022301211902459e+01 3.464784219823568469e-03
8.000000000000000444e-01 1.046003170778514004e+02 3.657812631973451738e-03
8.000000000000000444e-01 1.107332346915365235e+02 3.756640673463000537e-03
8.000000000000000444e-01 1.141404111435837763e+02 3.811698247975830057e-03
8.000000000000000444e-01 1.236805052093161379e+02 3.929206720104444148e-03
8.000000000000000444e-01 1.332205992750485279e+02 3.997083167628759197e-03
8.000000000000000444e-01 1.427606933407809038e+02 4.005637516790160405e-03
8.000000000000000444e-01 1.523007874065132796e+02 3.970904962970671880e-03
8.000000000000000444e-01 1.618408814722456555e+02 3.895741340987749629e-03
8.000000000000000444e-01 1.713809755379780313e+02 3.766526399644023679e-03
8.000000000000000444e-01 1.809210696037103787e+02 3.605513246292909105e-03
8.000000000000000444e-01 1.904611636694427546e+02 3.411170010859844968e-03
8.000000000000000444e-01 2.000012577351751304e+02 3.187680316239821683e-03
8.000000000000000444e-01 2.095413518009075062e+02 2.946524623727137492e-03
8.000000000000000444e-01 2.190814458666398821e+02 2.692666900976162844e-03
8.000000000000000444e-01 2.286215399323722579e+02 2.432004179812666689e-03
8.000000000000000444e-01 2.381616339981046337e+02 2.174301179979999232e-03
8.000000000000000444e-01 2.477017280638370096e+02 1.921460803123487904e-03
8.000000000000000444e-01 2.572418221295694138e+02 1.681397349838762182e-03
8.000000000000000444e-01 2.667819161953017328e+02 1.455019369666447297e-03
8.000000000000000444e-01 2.763220102610341655e+02 1.243406028786114836e-03
8.000000000000000444e-01 2.858621043267664845e+02 1.054047249068007985e-03
8.000000000000000444e-01 2.954021983924988604e+02 8.818320564771142548e-04
8.000000000000000444e-01 3.049422924582312362e+02 7.313597404655426161e-04
8.000000000000000444e-01 3.144823865239636120e+02 5.995040123884589093e-04
8.000000000000000444e-01 3.240224805896959879e+02 4.859273681151318400e-04
8.000000000000000444e-01 3.335625746554283637e+02 3.885637736902991372e-04
8.000000000000000444e-01 3.431026687211607396e+02 3.083536468815100892e-04
8.000000000000000444e-01 3.526427627868931154e+02 2.409230109696008080e-04
8.000000000000000444e-01 3.621828568526254912e+02 1.856114351733074595e-04
8.000000000000000444e-01 3.717229509183578671e+02 1.407309570890189485e-04
8.000000000000000444e-01 3.812630449840902429e+02 1.046011166820968021e-04
8.000000000000000444e-01 3.908031390498226187e+02 7.582255007196457444e-05
8.000000000000000444e-01 4.003432331155549946e+02 5.311205930288160466e-05
8.000000000000000444e-01 4.098833271812873704e+02 3.544424561148252904e-05
8.000000000000000444e-01 4.194234212470197463e+02 2.172608236621303388e-05
8.000000000000000444e-01 4.289635153127521221e+02 1.110904977298549190e-05
8.000000000000000444e-01 4.385036093784844979e+02 3.038901144849244711e-06
8.000000000000000444e-01 4.429329387661459805e+02 0.000000000000000000e+00
9.000000000000000222e-01 1.000000000000000000e+00 4.260805413200995442e-03
9.000000000000000222e-01 1.283370280618676196e+00 3.927023391682403497e-03
9.000000000000000222e-01 1.647039277175259331e+00 3.104497609328663813e-03
9.000000000000000222e-01 2.113761259338394094e+00 2.380491991153983744e-03
9.000000000000000222e-01 2.712738380558000983e+00 2.277630368883935223e-03
9.000000000000000222e-01 3.481447816701774389e+00 2.118466960694063202e-03
9.000000000000000222e-01 4.467986661479834254e+00 1.779598120302093014e-03
9.000000000000000222e-01 5.734081295543875356e+00 1.618316472905542485e-03
9.000000000000000222e-01 7.358949521352445622e+00 1.573326073872165221e-03
9.000000000000000222e-01 9.444257112276762456e+00 1.500878800073352165e-03
9.000000000000000222e-01 1.212047890041755238e+01 1.422530961567408788e-03
9.000000000000000222e-01 1.555506240766161596e+01 1.387627917120630742e-03
9.000000000000000222e-01 1.996290480716171345e+01 1.419203260467249289e-03
9.000000000000000222e-01 2.561979874433104243e+01 1.480247145154755476e-03
9.000000000000000222e-01 3.287968830390612851e+01 1.613083238618847953e-03
9.000000000000000222e-01 4.219681480523862405e+01 1.831198930326129745e-03
9.000000000000000222e-01 5.415413805781339107e+01 2.147312008733383119e-03
9.000000000000000222e-01 6.868135143568132150e+01 2.575090941681346113e-03
9.000000000000000222e-01 6.949981135591849579e+01 2.601901215806691307e-03
9.000000000000000222e-01 7.854328907772787716e+01 2.868243481649739978e-03
9.000000000000000222e-01 8.840522671977441860e+01 3.155868637520617501e-03
9.000000000000000222e-01 8.919399240279020091e+01 3.177717266393451177e-03
9.000000000000000222e-01 9.826716436182096004e+01 3.418780702429857505e-03
9.000000000000000222e-01 1.081291020038675157e+02 3.664840421419085763e-03
9.000000000000000222e-01 1.144689190594689023e+02 3.796491808099707304e-03
9.000000000000000222e-01 1.179910396459140713e+02 3.866710766873757837e-03
9.000000000000000222e-01 1.278529772879606128e+02 4.019574650288788679e-03
9.000000000000000222e-01 1.377149149300071826e+02 4.128298096003429028e-03
9.000000000000000222e-01 1.475768525720537241e+02 4.184329278160314747e-03
9.000000000000000222e-01 1.574387902141002655e+02 4.182638294849306236e-03
9.000000000000000222e-01 1.673007278561468070e+02 4.130659030287949299e-03
9.000000000000000222e-01 1.771626654981933484e+02 4.023425564998073245e-03
9.000000000000000222e-01 1.870246031402398899e+02 3.872883579408432399e-03
9.000000000000000222e-01 1.968865407822864313e+02 3.683464396432831450e-03
9.000000000000000222e-01 2.067484784243330296e+02 3.458105465283560758e-03
9.000000000000000222e-01 2.166104160663795710e+02 3.212517850235411393e-03
9.000000000000000222e-01 2.264723537084261125e+02 2.946266777480965361e-03
9.000000000000000222e-01 2.363342913504726539e+02 2.670857585356861512e-03
9.000000000000000222e-01 2.461962289925191953e+02 2.393466544920729976e-03
9.000000000000000222e-01 2.560581666345657368e+02 2.118099522010945344e-03
9.000000000000000222e-01 2.659201042766122782e+02 1.854550221485713616e-03
9.000000000000000222e-01 2.757820419186588197e+02 1.604155967474457656e-03
9.000000000000000222e-01 2.856439795607054180e+02 1.374913142309375398e-03
9.000000000000000222e-01 2.955059172027519594e+02 1.164562411099763668e-03
9.000000000000000222e-01 3.053678548447985008e+02 9.763084203728243909e-04
9.000000000000000222e-01 3.152297924868450423e+02 8.062390316574352895e-04
9.000000000000000222e-01 3.250917301288915837e+02 6.596670349121302188e-04
9.000000000000000222e-01 3.349536677709381252e+02 5.345747508554787126e-04
9.000000000000000222e-01 3.448156054129847234e+02 4.274928485643638147e-04
9.000000000000000222e-01 3.546775430550312649e+02 3.375237974981480323e-04
9.000000000000000222e-01 3.645394806970778063e+02 2.630148537648345996e-04
9.000000000000000222e-01 3.744014183391243478e+02 2.021583110191161941e-04
9.000000000000000222e-01 3.842633559811708892e+02 1.530079264301600244e-04
9.000000000000000222e-01 3.941252936232174306e+02 1.127429642351325068e-04
9.000000000000000222e-01 4.039872312652639721e+02 8.151040580323885539e-05
9.000000000000000222e-01 4.138491689073105135e+02 5.692306251710912155e-05
9.000000000000000222e-01 4.237111065493570550e+02 3.775445582817236551e-05
9.000000000000000222e-01 4.335730441914036533e+02 2.307476118552050158e-05
9.000000000000000222e-01 4.434349818334501947e+02 1.183154915044318111e-05
9.000000000000000222e-01 4.532969194754967361e+02 3.270593384925636976e-06
9.000000000000000222e-01 4.578756762378754956e+02 0.000000000000000000e+00
1.000000000000000000e+00 1.000000000000000000e+00 3.739468341375300556e-03
1.000000000000000000e+00 1.284104969100771321e+00 3.461702448422668450e-03
1.000000000000000000e+00 1.648925571669292767e+00 2.678326336742216981e-03
1.000000000000000000e+00 2.117393520257868644e+00 1.934301774535062638e-03
1.000000000000000000e+00 2.718955540904904211e+00 2.069803873260828500e-03
1.000000000000000000e+00 3.491424320840062379e+00 1.872211582881938173e-03
1.000000000000000000e+00 4.483355319630009994e+00 1.633989715471601857e-03
1.000000000000000000e+00 5.757098844181272490e+00 1.473137311717379353e-03
1.000000000000000000e+00 7.392719233417479607e+00 1.432692601437916347e-03
1.000000000000000000e+00 9.493027502798231154e+00 1.357805385348379197e-03
1.000000000000000000e+00 1.219004378815349199e+01 1.300155349463603342e-03
1.000000000000000000e+00 1.565329580192388903e+01 1.281917456567618603e-03
1.000000000000000000e+00 2.010047492205470832e+01 1.312517133392107280e-03
1.000000000000000000e+00 2.581111972869589266e+01 1.378023341160906304e-03
1.000000000000000000e+00 3.314418710167334581e+01 1.488946939044854785e-03
1.000000000000000000e+00 4.256061535406443852e+01 1.741160281645035696e-03
1.000000000000000000e+00 5.465229766414073254e+01 2.063780021344774340e-03
1.000000000000000000e+00 6.943225256475352580e+01 2.496948180675688956e-03
1.000000000000000000e+00 7.017928700329758840e+01 2.522249757233506647e-03
1.000000000000000000e+00 7.940201190738480364e+01 2.812356295349175469e-03
1.000000000000000000e+00 8.937177125001608147e+01 3.099249484454909016e-03
1.000000000000000000e+00 9.011757116888361452e+01 3.122416909585006960e-03
1.000000000000000000e+00 9.934153059264735930e+01 3.396028735481542143e-03
1.000000000000000000e+00 1.093112899352786371e+02 3.638747135927315312e-03
1.000000000000000000e+00 1.157204209412558527e+02 3.788328442551583148e-03
1.000000000000000000e+00 1.192810492779099150e+02 3.865559841600694699e-03
1.000000000000000000e+00 1.292508086205411928e+02 4.037953090293300122e-03
1.000000000000000000e+00 1.392205679631724706e+02 4.156919702897940612e-03
1.000000000000000000e+00 1.491903273058037485e+02 4.224711970440130950e-03
1.000000000000000000e+00 1.591600866484350263e+02 4.240266394825329029e-03
1.000000000000000000e+00 1.691298459910663041e+02 4.197242261883045097e-03
1.000000000000000000e+00 1.790996053336975820e+02 4.107339531384337356e-03
1.000000000000000000e+00 1.890693646763288314e+02 3.954831084450162806e-03
1.000000000000000000e+00 1.990391240189601092e+02 3.762783000619504027e-03
1.000000000000000000e+00 2.090088833615913870e+02 3.549502273536276915e-03
1.000000000000000000e+00 2.189786427042226649e+02 3.296533713545988717e-03
1.000000000000000000e+00 2.289484020468539427e+02 3.025618281683599507e-03
1.000000000000000000e+00 2.389181613894852205e+02 2.749781998337397747e-03
1.000000000000000000e+00 2.488879207321164984e+02 2.462264087934584993e-03
1.000000000000000000e+00 2.588576800747478046e+02 2.185960952346732971e-03
1.000000000000000000e+00 2.688274394173790824e+02 1.914676813019512095e-03
1.000000000000000000e+00 2.787971987600103603e+02 1.658424160995161352e-03
1.000000000000000000e+00 2.887669581026416381e+02 1.419178792844862352e-03
1.000000000000000000e+00 2.987367174452729159e+02 1.198891784903285485e-03
1.000000000000000000e+00 3.087064767879041369e+02 1.006144230138642567e-03
1.000000000000000000e+00 3.186762361305354148e+02 8.288444571658780922e-04
1.000000000000000000e+00 3.286459954731666926e+02 6.846080290938535897e-04
1.000000000000000000e+00 3.386157548157979704e+02 5.494889054524981298e-04
1.000000000000000000e+00 3.485855141584292483e+02 4.361644227626140942e-04
1.000000000000000000e+00 3.585552735010605261e+02 3.466611133073658839e-04
1.000000000000000000e+00 3.685250328436918039e+02 2.699707850233211610e-04
1.000000000000000000e+00 3.784947921863230818e+02 2.063548465246465061e-04
1.000000000000000000e+00 3.884645515289543596e+02 1.581765905227376678e-04
1.000000000000000000e+00 3.984343108715856374e+02 1.266828631471934538e-04
1.000000000000000000e+00 4.084040702142169152e+02 8.408393071506029296e-05
1.000000000000000000e+00 4.183738295568481931e+02 5.713733926792969356e-05
1.000000000000000000e+00 4.283435888994794709e+02 3.937182702184022470e-05
1.000000000000000000e+00 4.383133482421107487e+02 2.515460203998891011e-05
1.000000000000000000e+00 4.482831075847420266e+02 1.154990733740263540e-05
1.000000000000000000e+00 4.582528669273733044e+02 3.096114924358371828e-06
1.000000000000000000e+00 4.628816837650235243e+02 0.000000000000000000e+00
