# mx [GeV]: 10000000.0
# sigma_p [cm^2]: 2.51188643151e-29
# depth [m]: 10.6
# target: full
# Columns: gamma/pi, v [km/s], f(v, gamma) [s/km]
0.000000000000000000e+00 1.000000000000000000e+00 1.261410292699860361e-04
0.000000000000000000e+00 1.283751338283965371e+00 1.074475512010165414e-04
0.000000000000000000e+00 1.648017498545872428e+00 7.295757412993330551e-05
0.000000000000000000e+00 2.115644669273656575e+00 4.202650287654392108e-05
0.000000000000000000e+00 2.715961675513394180e+00 2.323988050877994461e-05
0.000000000000000000e+00 3.486619435668281142e+00 1.495790302837426145e-05
0.000000000000000000e+00 4.475952366626040124e+00 1.342820231613008898e-05
0.000000000000000000e+00 5.746009840751461262e+00 1.457133801449890979e-05
0.000000000000000000e+00 7.376447822857524095e+00 2.081550102504902439e-05
0.000000000000000000e+00 9.469524764375190529e+00 2.813560369464923348e-05
0.000000000000000000e+00 1.215651508917980195e+01 3.611430294912010882e-05
0.000000000000000000e+00 1.560594251460379134e+01 4.469740279547086231e-05
0.000000000000000000e+00 2.003414958830525450e+01 5.452146289956522496e-05
0.000000000000000000e+00 2.571886634536802774e+01 6.583404407581426728e-05
0.000000000000000000e+00 3.301662909001262847e+01 7.822616527154729492e-05
0.000000000000000000e+00 4.238514177992902177e+01 9.167477274852215688e-05
0.000000000000000000e+00 5.441198248333950716e+01 1.087946586634208721e-04
0.000000000000000000e+00 6.906985241129326880e+01 1.348447236112333095e-04
0.000000000000000000e+00 6.985145533167077758e+01 1.367407295823307970e-04
0.000000000000000000e+00 7.898757480881229753e+01 1.568646104479043510e-04
0.000000000000000000e+00 8.890529720633134048e+01 1.830885623448084477e-04
0.000000000000000000e+00 8.967189926311500869e+01 1.853766621057315782e-04
0.000000000000000000e+00 9.882301960385036921e+01 2.105035573974613444e-04
0.000000000000000000e+00 1.087407420013693979e+02 2.368672457536508623e-04
0.000000000000000000e+00 1.151164206854888477e+02 2.539156345633644305e-04
0.000000000000000000e+00 1.186584643988884409e+02 2.607518830919257954e-04
0.000000000000000000e+00 1.285761867964074554e+02 2.805131119986507804e-04
0.000000000000000000e+00 1.384939091939265268e+02 2.960599243483416220e-04
0.000000000000000000e+00 1.484116315914455413e+02 3.075771032632948466e-04
0.000000000000000000e+00 1.583293539889645558e+02 3.154182394794843467e-04
0.000000000000000000e+00 1.682470763864836272e+02 3.200788126758173278e-04
0.000000000000000000e+00 1.781647987840026417e+02 3.215591627059844436e-04
0.000000000000000000e+00 1.880825211815216562e+02 3.198931484993439741e-04
0.000000000000000000e+00 1.980002435790407276e+02 3.152343886847056346e-04
0.000000000000000000e+00 2.079179659765597421e+02 3.078191568673278042e-04
0.000000000000000000e+00 2.178356883740787566e+02 2.981448634522348659e-04
0.000000000000000000e+00 2.277534107715978280e+02 2.866226340405181078e-04
0.000000000000000000e+00 2.376711331691168425e+02 2.734320093067817386e-04
0.000000000000000000e+00 2.475888555666358570e+02 2.592365865699935686e-04
0.000000000000000000e+00 2.575065779641549284e+02 2.439722677209052741e-04
0.000000000000000000e+00 2.674243003616739429e+02 2.282059324924247629e-04
0.000000000000000000e+00 2.773420227591929574e+02 2.120849510890131804e-04
0.000000000000000000e+00 2.872597451567120288e+02 1.959644276434657740e-04
0.000000000000000000e+00 2.971774675542310433e+02 1.799187931817037970e-04
0.000000000000000000e+00 3.070951899517500578e+02 1.644187981321265483e-04
0.000000000000000000e+00 3.170129123492691292e+02 1.480014663832619336e-04
0.000000000000000000e+00 3.269306347467881437e+02 1.316909815604318463e-04
0.000000000000000000e+00 3.368483571443071583e+02 1.162740678842534537e-04
0.000000000000000000e+00 3.467660795418262296e+02 1.017448795543938160e-04
0.000000000000000000e+00 3.566838019393452441e+02 8.841953820093911886e-05
0.000000000000000000e+00 3.666015243368642587e+02 7.679183443754033589e-05
0.000000000000000000e+00 3.765192467343833300e+02 6.497355714412357736e-05
0.000000000000000000e+00 3.864369691319023445e+02 5.447283300544900520e-05
0.000000000000000000e+00 3.963546915294213591e+02 4.569691330863740830e-05
0.000000000000000000e+00 4.062724139269404304e+02 3.694540814173542125e-05
0.000000000000000000e+00 4.161901363244594449e+02 2.988500390104954362e-05
0.000000000000000000e+00 4.261078587219784595e+02 2.256148750001368115e-05
0.000000000000000000e+00 4.360255811194975308e+02 1.519998674658596653e-05
0.000000000000000000e+00 4.459433035170165454e+02 1.164215250716968853e-05
0.000000000000000000e+00 4.558610259145355599e+02 4.847857041949557088e-06
0.000000000000000000e+00 4.604656827419551064e+02 0.000000000000000000e+00
1.000000000000000056e-01 1.000000000000000000e+00 1.353619026706588896e-04
1.000000000000000056e-01 1.293702769698457766e+00 1.187951174281524783e-04
1.000000000000000056e-01 1.673666856325460861e+00 8.279356030749012091e-05
1.000000000000000056e-01 2.165227447580759357e+00 4.875798255149283220e-05
1.000000000000000056e-01 2.801160745962350429e+00 2.731728338021967674e-05
1.000000000000000056e-01 3.623869415422090512e+00 1.698508541835890020e-05
1.000000000000000056e-01 4.688209899757090682e+00 1.470616739624434678e-05
1.000000000000000056e-01 6.065150132243476655e+00 1.751092880484635470e-05
1.000000000000000056e-01 7.846501524720352450e+00 2.332002437617872547e-05
1.000000000000000056e-01 1.015104075497389324e+01 3.104473398346436249e-05
1.000000000000000056e-01 1.313242954003164620e+01 3.987158069614602662e-05
1.000000000000000056e-01 1.698946046880878669e+01 4.939331760384292380e-05
1.000000000000000056e-01 2.197931206418039096e+01 6.020584573218621164e-05
1.000000000000000056e-01 2.843469689349688778e+01 7.245758283357285482e-05
1.000000000000000056e-01 3.678604612665306206e+01 8.575347486669124741e-05
1.000000000000000056e-01 4.759020976030627281e+01 1.011847354222594796e-04
1.000000000000000056e-01 6.156758617743881246e+01 1.235039122829581200e-04
1.000000000000000056e-01 7.965015676140109235e+01 1.635190426926819813e-04
1.000000000000000056e-01 7.998469648361060536e+01 1.645097725326977449e-04
1.000000000000000056e-01 9.146967854279571952e+01 1.963660868455779397e-04
1.000000000000000056e-01 1.029546606019808337e+02 2.300627203321271516e-04
1.000000000000000056e-01 1.030436284091409505e+02 2.303972701059538489e-04
1.000000000000000056e-01 1.144396426611659479e+02 2.632689749745924213e-04
1.000000000000000056e-01 1.259246247203510620e+02 2.913822915417591821e-04
1.000000000000000056e-01 1.333078274726842949e+02 3.050403982101458134e-04
1.000000000000000056e-01 1.374096067795361762e+02 3.124336070715368475e-04
1.000000000000000056e-01 1.488945888387212904e+02 3.284258305295327616e-04
1.000000000000000056e-01 1.603795708979063761e+02 3.401682372667570904e-04
1.000000000000000056e-01 1.718645529570915187e+02 3.477263248098149740e-04
1.000000000000000056e-01 1.833495350162766044e+02 3.503025979636618568e-04
1.000000000000000056e-01 1.948345170754617470e+02 3.487348134922910658e-04
1.000000000000000056e-01 2.063194991346468328e+02 3.434908274479707706e-04
1.000000000000000056e-01 2.178044811938319469e+02 3.343607456230919322e-04
1.000000000000000056e-01 2.292894632530170611e+02 3.222203819485773817e-04
1.000000000000000056e-01 2.407744453122021753e+02 3.077932092591951488e-04
1.000000000000000056e-01 2.522594273713872894e+02 2.914362961093532978e-04
1.000000000000000056e-01 2.637444094305724320e+02 2.736201133364559693e-04
1.000000000000000056e-01 2.752293914897575178e+02 2.548114437980706910e-04
1.000000000000000056e-01 2.867143735489426035e+02 2.355440750299891051e-04
1.000000000000000056e-01 2.981993556081277461e+02 2.160628961048716406e-04
1.000000000000000056e-01 3.096843376673128887e+02 1.967396499172951400e-04
1.000000000000000056e-01 3.211693197264979744e+02 1.759122649551166768e-04
1.000000000000000056e-01 3.326543017856830602e+02 1.556022787829523899e-04
1.000000000000000056e-01 3.441392838448682028e+02 1.364675941996611880e-04
1.000000000000000056e-01 3.556242659040532885e+02 1.187176719748965796e-04
1.000000000000000056e-01 3.671092479632384311e+02 1.022377305691269132e-04
1.000000000000000056e-01 3.785942300224235169e+02 8.709296298969770758e-05
1.000000000000000056e-01 3.900792120816086594e+02 7.309428052787457269e-05
1.000000000000000056e-01 4.015641941407937452e+02 6.033268667214516787e-05
1.000000000000000056e-01 4.130491761999788878e+02 4.937561817980972405e-05
1.000000000000000056e-01 4.245341582591639735e+02 4.007681535745982650e-05
1.000000000000000056e-01 4.360191403183491161e+02 3.212843586329805810e-05
1.000000000000000056e-01 4.475041223775342019e+02 2.529097163456578412e-05
1.000000000000000056e-01 4.589891044367192876e+02 1.950401578397715089e-05
1.000000000000000056e-01 4.704740864959044302e+02 1.454231737121450273e-05
1.000000000000000056e-01 4.819590685550895159e+02 1.052191798798635984e-05
1.000000000000000056e-01 4.934440506142746585e+02 7.200505913829187325e-06
1.000000000000000056e-01 5.049290326734597443e+02 4.420110841400047817e-06
1.000000000000000056e-01 5.164140147326448869e+02 2.227273124931857118e-06
1.000000000000000056e-01 5.278989967918299726e+02 5.860538280663527489e-07
1.000000000000000056e-01 5.332313098907374069e+02 0.000000000000000000e+00
2.000000000000000111e-01 1.000000000000000000e+00 1.611073222925746686e-04
2.000000000000000111e-01 1.302720036664927861e+00 1.536962949351755256e-04
2.000000000000000111e-01 1.697079493928270955e+00 1.169015398908860372e-04
2.000000000000000111e-01 2.210819460553534288e+00 7.447490452081835857e-05
2.000000000000000111e-01 2.880078808711836302e+00 4.316437389663434530e-05
2.000000000000000111e-01 3.751936371282965421e+00 2.648888969775028821e-05
2.000000000000000111e-01 4.887722687162220581e+00 2.056342766235013303e-05
2.000000000000000111e-01 6.367334278227968269e+00 2.179361570614882880e-05
2.000000000000000111e-01 8.294853944390990108e+00 2.756930134254082507e-05
2.000000000000000111e-01 1.080587243456725410e+01 3.606765759615200958e-05
2.000000000000000111e-01 1.407702653415598704e+01 4.596427066990568057e-05
2.000000000000000111e-01 1.833842452270884849e+01 5.683243820543514821e-05
2.000000000000000111e-01 2.388983306660028205e+01 6.892286725942090963e-05
2.000000000000000111e-01 3.112176420844052416e+01 8.224978294849380348e-05
2.000000000000000111e-01 4.054294581069687808e+01 9.719769710017888949e-05
2.000000000000000111e-01 5.281610785301521815e+01 1.165937675699184187e-04
2.000000000000000111e-01 6.880460195877876117e+01 1.490355307929017907e-04
2.000000000000000111e-01 8.963313358645604012e+01 2.108620628949880473e-04
2.000000000000000111e-01 9.126873179166472028e+01 2.157845667114624587e-04
2.000000000000000111e-01 1.043739855873909335e+02 2.629829059653452077e-04
2.000000000000000111e-01 1.167668790721404406e+02 3.059669966568712000e-04
2.000000000000000111e-01 1.174792393831171466e+02 3.076481875559805589e-04
2.000000000000000111e-01 1.305844931788433598e+02 3.475815652824014185e-04
2.000000000000000111e-01 1.436897469745695730e+02 3.790989875384892646e-04
2.000000000000000111e-01 1.521145529861079240e+02 3.969497860216218243e-04
2.000000000000000111e-01 1.567950007702958146e+02 4.057139772909786491e-04
2.000000000000000111e-01 1.699002545660219994e+02 4.257559597651086884e-04
2.000000000000000111e-01 1.830055083617482410e+02 4.405965998444000297e-04
2.000000000000000111e-01 1.961107621574744257e+02 4.490212601138342491e-04
2.000000000000000111e-01 2.092160159532006674e+02 4.507135499429295125e-04
2.000000000000000111e-01 2.223212697489268805e+02 4.470584773783685124e-04
2.000000000000000111e-01 2.354265235446530937e+02 4.378481441530720879e-04
2.000000000000000111e-01 2.485317773403793069e+02 4.245590570932532195e-04
2.000000000000000111e-01 2.616370311361055201e+02 4.074740491276729131e-04
2.000000000000000111e-01 2.747422849318317049e+02 3.871237254312759357e-04
2.000000000000000111e-01 2.878475387275579465e+02 3.645041290724035138e-04
2.000000000000000111e-01 3.009527925232841881e+02 3.399805812244501143e-04
2.000000000000000111e-01 3.140580463190103728e+02 3.137751891415319419e-04
2.000000000000000111e-01 3.271633001147365576e+02 2.849601854798547375e-04
2.000000000000000111e-01 3.402685539104627992e+02 2.566415587058133827e-04
2.000000000000000111e-01 3.533738077061890408e+02 2.285135012082514555e-04
2.000000000000000111e-01 3.664790615019152256e+02 2.022956895013806736e-04
2.000000000000000111e-01 3.795843152976414672e+02 1.778721249420599064e-04
2.000000000000000111e-01 3.926895690933676519e+02 1.551025522446882723e-04
2.000000000000000111e-01 4.057948228890938935e+02 1.341788787795619112e-04
2.000000000000000111e-01 4.189000766848200783e+02 1.150562645691590927e-04
2.000000000000000111e-01 4.320053304805463199e+02 9.768141594175394204e-05
2.000000000000000111e-01 4.451105842762725047e+02 8.207912002149107540e-05
2.000000000000000111e-01 4.582158380719987463e+02 6.825942313997813255e-05
2.000000000000000111e-01 4.713210918677249310e+02 5.605994704137942663e-05
2.000000000000000111e-01 4.844263456634511726e+02 4.534313404638861582e-05
2.000000000000000111e-01 4.975315994591773574e+02 3.617928406393321059e-05
2.000000000000000111e-01 5.106368532549035990e+02 2.835109278877293536e-05
2.000000000000000111e-01 5.237421070506297838e+02 2.171193282051766044e-05
2.000000000000000111e-01 5.368473608463559685e+02 1.608563283373659825e-05
2.000000000000000111e-01 5.499526146420822670e+02 1.148726404111907802e-05
2.000000000000000111e-01 5.630578684378084517e+02 7.569502155449469133e-06
2.000000000000000111e-01 5.761631222335347502e+02 4.735161949152051659e-06
2.000000000000000111e-01 5.892683760292609350e+02 2.382652865857054281e-06
2.000000000000000111e-01 6.023736298249871197e+02 5.960146302576115331e-07
2.000000000000000111e-01 6.084582119444314685e+02 0.000000000000000000e+00
3.000000000000000444e-01 1.000000000000000000e+00 1.963190474329448622e-04
3.000000000000000444e-01 1.309873160741590770e+00 2.050497324735788419e-04
3.000000000000000444e-01 1.715767697231165290e+00 1.709627308053685935e-04
3.000000000000000444e-01 2.247438056670507223e+00 1.176732322863635616e-04
3.000000000000000444e-01 2.943858790861935582e+00 7.245388791071036218e-05
3.000000000000000444e-01 3.856081619163241214e+00 4.421244345928206852e-05
3.000000000000000444e-01 5.050977818570905775e+00 3.094514571988814445e-05
3.000000000000000444e-01 6.616140280047138056e+00 2.854672120136087323e-05
3.000000000000000444e-01 8.666304580535097557e+00 3.332869617665650772e-05
3.000000000000000444e-01 1.135175977285483562e+01 4.255324613529688126e-05
3.000000000000000444e-01 1.486936545364860507e+01 5.395361748025590844e-05
3.000000000000000444e-01 1.947698272499251715e+01 6.638615474788255586e-05
3.000000000000000444e-01 2.551237692369531018e+01 7.971506925453467497e-05
3.000000000000000444e-01 3.341797779907160049e+01 9.452235068212729919e-05
3.000000000000000444e-01 4.377331220526222211e+01 1.119510336812230795e-04
3.000000000000000444e-01 5.733748681443528028e+01 1.379025921258338202e-04
3.000000000000000444e-01 7.510483508260362839e+01 1.862522604242202254e-04
3.000000000000000444e-01 9.837780771662592372e+01 2.787494851337687799e-04
3.000000000000000444e-01 1.012760787627633903e+02 2.929795141453979835e-04
3.000000000000000444e-01 1.158182849440832598e+02 3.608315562175066658e-04
3.000000000000000444e-01 1.288624499406052450e+02 4.155439976144213450e-04
3.000000000000000444e-01 1.303604911254031435e+02 4.228414044904688150e-04
3.000000000000000444e-01 1.449026973067230131e+02 4.781331952831128660e-04
3.000000000000000444e-01 1.594449034880428826e+02 5.275522988180186487e-04
3.000000000000000444e-01 1.687934646046056173e+02 5.565079394186785112e-04
3.000000000000000444e-01 1.739871096693627521e+02 5.712603061618499707e-04
3.000000000000000444e-01 1.885293158506826217e+02 6.076480407855466186e-04
3.000000000000000444e-01 2.030715220320024912e+02 6.350822853756356952e-04
3.000000000000000444e-01 2.176137282133223607e+02 6.530003934751324023e-04
3.000000000000000444e-01 2.321559343946422587e+02 6.619198247180610581e-04
3.000000000000000444e-01 2.466981405759620998e+02 6.624036313758350711e-04
3.000000000000000444e-01 2.612403467572819977e+02 6.545941156417871493e-04
3.000000000000000444e-01 2.757825529386018388e+02 6.392687349576975852e-04
3.000000000000000444e-01 2.903247591199217368e+02 6.175925685789758176e-04
3.000000000000000444e-01 3.048669653012415779e+02 5.896466778219654247e-04
3.000000000000000444e-01 3.194091714825614758e+02 5.558889810773286850e-04
3.000000000000000444e-01 3.339513776638813169e+02 5.172002008232909342e-04
3.000000000000000444e-01 3.484935838452012149e+02 4.771467036814718856e-04
3.000000000000000444e-01 3.630357900265211128e+02 4.364373917972336225e-04
3.000000000000000444e-01 3.775779962078409540e+02 3.951354375558428127e-04
3.000000000000000444e-01 3.921202023891608519e+02 3.543883043433102877e-04
3.000000000000000444e-01 4.066624085704806930e+02 3.147568931069341311e-04
3.000000000000000444e-01 4.212046147518005910e+02 2.768433928302786468e-04
3.000000000000000444e-01 4.357468209331204321e+02 2.409746112947803933e-04
3.000000000000000444e-01 4.502890271144403300e+02 2.076548090282502503e-04
3.000000000000000444e-01 4.648312332957601711e+02 1.769098941576512920e-04
3.000000000000000444e-01 4.793734394770800691e+02 1.491918084626815276e-04
3.000000000000000444e-01 4.939156456583999102e+02 1.243603919402762228e-04
3.000000000000000444e-01 5.084578518397198081e+02 1.024310469383824570e-04
3.000000000000000444e-01 5.230000580210396492e+02 8.326429953384159913e-05
3.000000000000000444e-01 5.375422642023595472e+02 6.659354929440265128e-05
3.000000000000000444e-01 5.520844703836793315e+02 5.248864797424463054e-05
3.000000000000000444e-01 5.666266765649992294e+02 4.055682165217764778e-05
3.000000000000000444e-01 5.811688827463191274e+02 3.059156601550244508e-05
3.000000000000000444e-01 5.957110889276390253e+02 2.244633285376337932e-05
3.000000000000000444e-01 6.102532951089589233e+02 1.575848198477607261e-05
3.000000000000000444e-01 6.247955012902788212e+02 1.048777868742404170e-05
3.000000000000000444e-01 6.393377074715986055e+02 6.345730843134243122e-06
3.000000000000000444e-01 6.538799136529185034e+02 3.143434216014146163e-06
3.000000000000000444e-01 6.684221198342384014e+02 7.600915341745698159e-07
3.000000000000000444e-01 6.751738584184225829e+02 0.000000000000000000e+00
4.000000000000000222e-01 1.000000000000000000e+00 2.277340756024411625e-04
4.000000000000000222e-01 1.314624310977035915e+00 2.538261646383898002e-04
4.000000000000000222e-01 1.728237079011846200e+00 2.256021544123261728e-04
4.000000000000000222e-01 2.271982479200913563e+00 1.642112520139015451e-04
4.000000000000000222e-01 2.986803401271398428e+00 1.054210591377697603e-04
4.000000000000000222e-01 3.926524363420278885e+00 6.489092345134770822e-05
4.000000000000000222e-01 5.161904385795928363e+00 4.325856207818163794e-05
4.000000000000000222e-01 6.785964996506312019e+00 3.629524309003567410e-05
4.000000000000000222e-01 8.920994557846393391e+00 3.939025020289788374e-05
4.000000000000000222e-01 1.172775632383870459e+01 4.891756481965629577e-05
4.000000000000000222e-01 1.541759357653302764e+01 6.161389155800622212e-05
4.000000000000000222e-01 2.026834333247370168e+01 7.559932822777679160e-05
4.000000000000000222e-01 2.664525688809924375e+01 9.052294670136137237e-05
4.000000000000000222e-01 3.502850247732359179e+01 1.071571418232674896e-04
4.000000000000000222e-01 4.604932093380891445e+01 1.283308979354923858e-04
4.000000000000000222e-01 6.053755680356891844e+01 1.624129403496830926e-04
4.000000000000000222e-01 7.958414390112497472e+01 2.296732668402174380e-04
4.000000000000000222e-01 1.046232503407137102e+02 3.647129588314548809e-04
4.000000000000000222e-01 1.084882683393360310e+02 3.862197858233469149e-04
4.000000000000000222e-01 1.240660709726765845e+02 4.821357868845699453e-04
4.000000000000000222e-01 1.375402683913387420e+02 5.623696686666147630e-04
4.000000000000000222e-01 1.396438736060171379e+02 5.741426638642216579e-04
4.000000000000000222e-01 1.552216762393576914e+02 6.616136253009029852e-04
4.000000000000000222e-01 1.707994788726982733e+02 7.452233779844638683e-04
4.000000000000000222e-01 1.808137805655601085e+02 7.950088696643164065e-04
4.000000000000000222e-01 1.863772815060387984e+02 8.218511491372427731e-04
4.000000000000000222e-01 2.019550841393793803e+02 8.882572461916071836e-04
4.000000000000000222e-01 2.175328867727199338e+02 9.425659128648875484e-04
4.000000000000000222e-01 2.331106894060604873e+02 9.841031196130166012e-04
4.000000000000000222e-01 2.486884920394010408e+02 1.012313960395613225e-03
4.000000000000000222e-01 2.642662946727415942e+02 1.026889757794479524e-03
4.000000000000000222e-01 2.798440973060821761e+02 1.027579254226216286e-03
4.000000000000000222e-01 2.954218999394227012e+02 1.014815392383465638e-03
4.000000000000000222e-01 3.109997025727632831e+02 9.894881707760907075e-04
4.000000000000000222e-01 3.265775052061038650e+02 9.513346064218172445e-04
4.000000000000000222e-01 3.421553078394443901e+02 9.045904864915881548e-04
4.000000000000000222e-01 3.577331104727849151e+02 8.500977505926130906e-04
4.000000000000000222e-01 3.733109131061255539e+02 7.904323919797467133e-04
4.000000000000000222e-01 3.888887157394660790e+02 7.257850245525800797e-04
4.000000000000000222e-01 4.044665183728066040e+02 6.595741271200017105e-04
4.000000000000000222e-01 4.200443210061471291e+02 5.922129630067733382e-04
4.000000000000000222e-01 4.356221236394877678e+02 5.264379550430031652e-04
4.000000000000000222e-01 4.511999262728282929e+02 4.624886186787794252e-04
4.000000000000000222e-01 4.667777289061688180e+02 4.016139643381008467e-04
4.000000000000000222e-01 4.823555315395094567e+02 3.446747102899404172e-04
4.000000000000000222e-01 4.979333341728499818e+02 2.925505145924083266e-04
4.000000000000000222e-01 5.135111368061905068e+02 2.452028534505970060e-04
4.000000000000000222e-01 5.290889394395310319e+02 2.029999546076542217e-04
4.000000000000000222e-01 5.446667420728716706e+02 1.660937649577287221e-04
4.000000000000000222e-01 5.602445447062121957e+02 1.337743853483286285e-04
4.000000000000000222e-01 5.758223473395527208e+02 1.062881515977849806e-04
4.000000000000000222e-01 5.914001499728932458e+02 8.305194508434083907e-05
4.000000000000000222e-01 6.069779526062338846e+02 6.366139570616491004e-05
4.000000000000000222e-01 6.225557552395744096e+02 4.766629879111960023e-05
4.000000000000000222e-01 6.381335578729150484e+02 3.467568622762651047e-05
4.000000000000000222e-01 6.537113605062555735e+02 2.425769821635315784e-05
4.000000000000000222e-01 6.692891631395960985e+02 1.606832290669587128e-05
4.000000000000000222e-01 6.848669657729366236e+02 9.654399613628545482e-06
4.000000000000000222e-01 7.004447684062772623e+02 4.811097040892122037e-06
4.000000000000000222e-01 7.160225710396177874e+02 1.167038176134641817e-06
4.000000000000000222e-01 7.232551222622402065e+02 0.000000000000000000e+00
5.000000000000000000e-01 1.000000000000000000e+00 2.404621739423913227e-04
5.000000000000000000e-01 1.316850770946529581e+00 2.743275072663355356e-04
5.000000000000000000e-01 1.734095952942469321e+00 2.492323131373511201e-04
5.000000000000000000e-01 2.283545592527547186e+00 1.848552081831359502e-04
5.000000000000000000e-01 3.007088774011450472e+00 1.203454847288594416e-04
5.000000000000000000e-01 3.959887170361633402e+00 7.441583147794698504e-05
5.000000000000000000e-01 5.214580473151987583e+00 4.906581871814027194e-05
5.000000000000000000e-01 6.866824316232913894e+00 4.002373593025475773e-05
5.000000000000000000e-01 9.042582894785688552e+00 4.239373952733328403e-05
5.000000000000000000e-01 1.190773225634643673e+01 5.218938500416153833e-05
5.000000000000000000e-01 1.568070640199466403e+01 6.578027023066158863e-05
5.000000000000000000e-01 2.064915031445285720e+01 8.103584768857506788e-05
5.000000000000000000e-01 2.719184951097800607e+01 9.763192852625779514e-05
5.000000000000000000e-01 3.580760799199340028e+01 1.166709668116766081e-04
5.000000000000000000e-01 4.715327619000762382e+01 1.419756670195716243e-04
5.000000000000000000e-01 6.209382810346617987e+01 1.839764837033626844e-04
5.000000000000000000e-01 8.176830540907073441e+01 2.712971009612637511e-04
5.000000000000000000e-01 1.076766560169260885e+02 4.454541336758566466e-04
5.000000000000000000e-01 1.120329920551979512e+02 4.810221026018615263e-04
5.000000000000000000e-01 1.281197806579956193e+02 6.090522046901223913e-04
5.000000000000000000e-01 1.417940874888333838e+02 7.195591656080604004e-04
5.000000000000000000e-01 1.442065692607932590e+02 7.377131308471687960e-04
5.000000000000000000e-01 1.602933578635909271e+02 8.667950095230163386e-04
5.000000000000000000e-01 1.763801464663885668e+02 9.952852509616443109e-04
5.000000000000000000e-01 1.867216534253299187e+02 1.074303203062719828e-03
5.000000000000000000e-01 1.924669350691862348e+02 1.116487356239685529e-03
5.000000000000000000e-01 2.085537236719839029e+02 1.226737155982933264e-03
5.000000000000000000e-01 2.246405122747815426e+02 1.322656969537603592e-03
5.000000000000000000e-01 2.407273008775792107e+02 1.402549449723494669e-03
5.000000000000000000e-01 2.568140894803768788e+02 1.463905946622533118e-03
5.000000000000000000e-01 2.729008780831745185e+02 1.504561322466412693e-03
5.000000000000000000e-01 2.889876666859721581e+02 1.524465398701459673e-03
5.000000000000000000e-01 3.050744552887698546e+02 1.522144517388847925e-03
5.000000000000000000e-01 3.211612438915674943e+02 1.499719131686269797e-03
5.000000000000000000e-01 3.372480324943651340e+02 1.457600073900445960e-03
5.000000000000000000e-01 3.533348210971628305e+02 1.398370895038975568e-03
5.000000000000000000e-01 3.694216096999604702e+02 1.325033237788698220e-03
5.000000000000000000e-01 3.855083983027581098e+02 1.240239876389363175e-03
5.000000000000000000e-01 4.015951869055558063e+02 1.146916613947080669e-03
5.000000000000000000e-01 4.176819755083534460e+02 1.047117990546958229e-03
5.000000000000000000e-01 4.337687641111510857e+02 9.447990920018150933e-04
5.000000000000000000e-01 4.498555527139487822e+02 8.425660200698187417e-04
5.000000000000000000e-01 4.659423413167464219e+02 7.421599146807169580e-04
5.000000000000000000e-01 4.820291299195440615e+02 6.457227600204739053e-04
5.000000000000000000e-01 4.981159185223417580e+02 5.551459889818234628e-04
5.000000000000000000e-01 5.142027071251393409e+02 4.714997949002417191e-04
5.000000000000000000e-01 5.302894957279370374e+02 3.955350154555578135e-04
5.000000000000000000e-01 5.463762843307347339e+02 3.274952122805773066e-04
5.000000000000000000e-01 5.624630729335324304e+02 2.674889999113686271e-04
5.000000000000000000e-01 5.785498615363300132e+02 2.156445113050450943e-04
5.000000000000000000e-01 5.946366501391275960e+02 1.711573990969322747e-04
5.000000000000000000e-01 6.107234387419252926e+02 1.338688166868873199e-04
5.000000000000000000e-01 6.268102273447229891e+02 1.027552500743171039e-04
5.000000000000000000e-01 6.428970159475206856e+02 7.723430943365892551e-05
5.000000000000000000e-01 6.589838045503182684e+02 5.649271652819600278e-05
5.000000000000000000e-01 6.750705931531159649e+02 4.000303493476016590e-05
5.000000000000000000e-01 6.911573817559136614e+02 2.691326545981183836e-05
5.000000000000000000e-01 7.072441703587112443e+02 1.664995683559308744e-05
5.000000000000000000e-01 7.233309589615089408e+02 8.568942709328963085e-06
5.000000000000000000e-01 7.394177475643065236e+02 2.365335878147631020e-06
5.000000000000000000e-01 7.468866137013196749e+02 0.000000000000000000e+00
6.000000000000000888e-01 1.000000000000000000e+00 2.277348736332462833e-04
6.000000000000000888e-01 1.317316237928974676e+00 2.538174057515315348e-04
6.000000000000000888e-01 1.735322070711347031e+00 2.248339879555084930e-04
6.000000000000000888e-01 2.285967941784589730e+00 1.627701884718215795e-04
6.000000000000000888e-01 3.011342689097916914e+00 1.039436671763245535e-04
6.000000000000000888e-01 3.966890622317390314e+00 6.380094812809650694e-05
6.000000000000000888e-01 5.225649430866873502e+00 4.278413544897383027e-05
6.000000000000000888e-01 6.883832849005237620e+00 3.647842863889642293e-05
6.000000000000000888e-01 9.068184791183474758e+00 4.033567403405900807e-05
6.000000000000000888e-01 1.194566707396655936e+01 5.080697800411349327e-05
6.000000000000000888e-01 1.573622120942965097e+01 6.484558118704130314e-05
6.000000000000000888e-01 2.072957972282400618e+01 8.095950370068623130e-05
6.000000000000000888e-01 2.730741197431927958e+01 9.926618299532373631e-05
6.000000000000000888e-01 3.597249720958690489e+01 1.210437764092670644e-04
6.000000000000000888e-01 4.738715469304356276e+01 1.504008375672136611e-04
6.000000000000000888e-01 6.242386834639849980e+01 1.995041690752145556e-04
6.000000000000000888e-01 8.223197540705128006e+01 3.017325009509347366e-04
6.000000000000000888e-01 1.083255164806847546e+02 5.107117276799815484e-04
6.000000000000000888e-01 1.127877957420827499e+02 5.534201618101794017e-04
6.000000000000000888e-01 1.289829664127407796e+02 7.135797738481475553e-04
6.000000000000000888e-01 1.426989618420487886e+02 8.539592228566789123e-04
6.000000000000000888e-01 1.451781370833988376e+02 8.792590726581677504e-04
6.000000000000000888e-01 1.613733077540568672e+02 1.049196574566728683e-03
6.000000000000000888e-01 1.775684784247148968e+02 1.220388228597714094e-03
6.000000000000000888e-01 1.879796595701380113e+02 1.329047894363169545e-03
6.000000000000000888e-01 1.937636490953729265e+02 1.387907658515893580e-03
6.000000000000000888e-01 2.099588197660309561e+02 1.544130490730708568e-03
6.000000000000000888e-01 2.261539904366890141e+02 1.686325437825464055e-03
6.000000000000000888e-01 2.423491611073470438e+02 1.808572672199351781e-03
6.000000000000000888e-01 2.585443317780050734e+02 1.907858693817144268e-03
6.000000000000000888e-01 2.747395024486630746e+02 1.980097367588753814e-03
6.000000000000000888e-01 2.909346731193211326e+02 2.025265436362917205e-03
6.000000000000000888e-01 3.071298437899791907e+02 2.041202053133449670e-03
6.000000000000000888e-01 3.233250144606372487e+02 2.028112924229736463e-03
6.000000000000000888e-01 3.395201851312953067e+02 1.987366842833694722e-03
6.000000000000000888e-01 3.557153558019533079e+02 1.921162752157000659e-03
6.000000000000000888e-01 3.719105264726113091e+02 1.833319042655012472e-03
6.000000000000000888e-01 3.881056971432693672e+02 1.726517213578591557e-03
6.000000000000000888e-01 4.043008678139274252e+02 1.606558005860240146e-03
6.000000000000000888e-01 4.204960384845854833e+02 1.476572043381133318e-03
6.000000000000000888e-01 4.366912091552434276e+02 1.338731761480620869e-03
6.000000000000000888e-01 4.528863798259014857e+02 1.199378314384606965e-03
6.000000000000000888e-01 4.690815504965595437e+02 1.061893475593507887e-03
6.000000000000000888e-01 4.852767211672176018e+02 9.277303666360169933e-04
6.000000000000000888e-01 5.014718918378756598e+02 8.013805312099002605e-04
6.000000000000000888e-01 5.176670625085337178e+02 6.828055207244677557e-04
6.000000000000000888e-01 5.338622331791916622e+02 5.749081487568067370e-04
6.000000000000000888e-01 5.500574038498497202e+02 4.780138709375044131e-04
6.000000000000000888e-01 5.662525745205077783e+02 3.921248699456059378e-04
6.000000000000000888e-01 5.824477451911658363e+02 3.174584579237902044e-04
6.000000000000000888e-01 5.986429158618238944e+02 2.532887407189786172e-04
6.000000000000000888e-01 6.148380865324818387e+02 1.989577279420412666e-04
6.000000000000000888e-01 6.310332572031398968e+02 1.538536341715836741e-04
6.000000000000000888e-01 6.472284278737979548e+02 1.165817110468172785e-04
6.000000000000000888e-01 6.634235985444560129e+02 8.623403405738557523e-05
6.000000000000000888e-01 6.796187692151139572e+02 6.186079469674952177e-05
6.000000000000000888e-01 6.958139398857720153e+02 4.237527822168874316e-05
6.000000000000000888e-01 7.120091105564300733e+02 2.692098068938419210e-05
6.000000000000000888e-01 7.282042812270881313e+02 1.444292145661570331e-05
6.000000000000000888e-01 7.443994518977461894e+02 4.182561448858638467e-06
6.000000000000000888e-01 7.519186382805517042e+02 0.000000000000000000e+00
7.000000000000000666e-01 1.000000000000000000e+00 1.963205652071211139e-04
7.000000000000000666e-01 1.317388294276107263e+00 2.047428779001568935e-04
7.000000000000000666e-01 1.735511917895711465e+00 1.688731956408721490e-04
7.000000000000000666e-01 2.286343085212486859e+00 1.143802211658414587e-04
7.000000000000000666e-01 3.012001617158050149e+00 6.943385669047493186e-05
7.000000000000000666e-01 3.967975672784720409e+00 4.226328185003555072e-05
7.000000000000000666e-01 5.227364703298952975e+00 3.033373215637317303e-05
7.000000000000000666e-01 6.886469070038136131e+00 2.933154197079882055e-05
7.000000000000000666e-01 9.072153741762710055e+00 3.564412461324481204e-05
7.000000000000000666e-01 1.195154914327138052e+01 4.671806297755897467e-05
7.000000000000000666e-01 1.574483093981135440e+01 6.070029950872803164e-05
7.000000000000000666e-01 2.074205597546375657e+01 7.730726158835707872e-05
7.000000000000000666e-01 2.732534174129574822e+01 9.728762836062850906e-05
7.000000000000000666e-01 3.599808534707732122e+01 1.219410892644630124e-04
7.000000000000000666e-01 4.742345625259191877e+01 1.551330064679680410e-04
7.000000000000000666e-01 6.247510614127965312e+01 2.101174105554144071e-04
7.000000000000000666e-01 8.230397351417914820e+01 3.243905405721548315e-04
7.000000000000000666e-01 1.084262912799903660e+02 5.614406994221809435e-04
7.000000000000000666e-01 1.129050724377930806e+02 6.103122748611467625e-04
7.000000000000000666e-01 1.291170828391172165e+02 7.963693185035407122e-04
7.000000000000000666e-01 1.428395269240308778e+02 9.610295508725460014e-04
7.000000000000000666e-01 1.453290932404413525e+02 9.916839789189202479e-04
7.000000000000000666e-01 1.615411036417654600e+02 1.194037009846924281e-03
7.000000000000000666e-01 1.777531140430896244e+02 1.400592840028484689e-03
7.000000000000000666e-01 1.881751207296551058e+02 1.533316242932176391e-03
7.000000000000000666e-01 1.939651244444137319e+02 1.605117173790237932e-03
7.000000000000000666e-01 2.101771348457378679e+02 1.798930291068438466e-03
7.000000000000000666e-01 2.263891452470620038e+02 1.976991942939605729e-03
7.000000000000000666e-01 2.426011556483861398e+02 2.131495536985412911e-03
7.000000000000000666e-01 2.588131660497102757e+02 2.260424624215573355e-03
7.000000000000000666e-01 2.750251764510344401e+02 2.357428576362701877e-03
7.000000000000000666e-01 2.912371868523585476e+02 2.420993498429017433e-03
7.000000000000000666e-01 3.074491972536826552e+02 2.448512636511007440e-03
7.000000000000000666e-01 3.236612076550068196e+02 2.441572209026132267e-03
7.000000000000000666e-01 3.398732180563309271e+02 2.400802712077378456e-03
7.000000000000000666e-01 3.560852284576550346e+02 2.327239831736360818e-03
7.000000000000000666e-01 3.722972388589791990e+02 2.225806475905636392e-03
7.000000000000000666e-01 3.885092492603033065e+02 2.101434318601219306e-03
7.000000000000000666e-01 4.047212596616274709e+02 1.957331808620354791e-03
7.000000000000000666e-01 4.209332700629515784e+02 1.801446330961817581e-03
7.000000000000000666e-01 4.371452804642757428e+02 1.635906386180549900e-03
7.000000000000000666e-01 4.533572908655998503e+02 1.467210672466421131e-03
7.000000000000000666e-01 4.695693012669240147e+02 1.300139488563150725e-03
7.000000000000000666e-01 4.857813116682481223e+02 1.137063721517573558e-03
7.000000000000000666e-01 5.019933220695722298e+02 9.826375006537226529e-04
7.000000000000000666e-01 5.182053324708963373e+02 8.374744901614070668e-04
7.000000000000000666e-01 5.344173428722205017e+02 7.059911367965172532e-04
7.000000000000000666e-01 5.506293532735446661e+02 5.871636717009824083e-04
7.000000000000000666e-01 5.668413636748687168e+02 4.812483671971828003e-04
7.000000000000000666e-01 5.830533740761929948e+02 3.901444842457653774e-04
7.000000000000000666e-01 5.992653844775170455e+02 3.113700087113034838e-04
7.000000000000000666e-01 6.154773948788412099e+02 2.448024407219038146e-04
7.000000000000000666e-01 6.316894052801653743e+02 1.891408576058215311e-04
7.000000000000000666e-01 6.479014156814894250e+02 1.432820417775416326e-04
7.000000000000000666e-01 6.641134260828134757e+02 1.059451364208776627e-04
7.000000000000000666e-01 6.803254364841377537e+02 7.552564819433100693e-05
7.000000000000000666e-01 6.965374468854618044e+02 5.107642700178790862e-05
7.000000000000000666e-01 7.127494572867860825e+02 3.156496346774549731e-05
7.000000000000000666e-01 7.289614676881101332e+02 1.626880044365569753e-05
7.000000000000000666e-01 7.451734780894342975e+02 4.425891617791571590e-06
7.000000000000000666e-01 7.527004829186205370e+02 0.000000000000000000e+00
8.000000000000000444e-01 1.000000000000000000e+00 1.611094110394753432e-04
8.000000000000000444e-01 1.317411003233483369e+00 1.526083269584876413e-04
8.000000000000000444e-01 1.735571751440653010e+00 1.131798966640626831e-04
8.000000000000000444e-01 2.286461322249124350e+00 6.976549312192085409e-05
8.000000000000000444e-01 3.012209304398775433e+00 3.944273094000057614e-05
8.000000000000000444e-01 3.968317681657223428e+00 2.460084640817214907e-05
8.000000000000000444e-01 5.227905378141214143e+00 2.059776593545628411e-05
8.000000000000000444e-01 6.887300069026739635e+00 2.375239785246877942e-05
8.000000000000000444e-01 9.073404893506554103e+00 3.159376907638164071e-05
8.000000000000000444e-01 1.195340344349807005e+01 4.259541128149199168e-05
8.000000000000000444e-01 1.574754522255336120e+01 5.606189512235695756e-05
8.000000000000000444e-01 2.074598935010867251e+01 7.311199474306833768e-05
8.000000000000000444e-01 2.733099464279783319e+01 9.467295209424538016e-05
8.000000000000000444e-01 3.600615307173723778e+01 1.217311924908934544e-04
8.000000000000000444e-01 4.743490224081573103e+01 1.580668439613838792e-04
8.000000000000000444e-01 6.249126214935523649e+01 2.175303872127490193e-04
8.000000000000000444e-01 8.232667636150870294e+01 3.407150667262622175e-04
8.000000000000000444e-01 1.084580692982934380e+02 5.982069335041641581e-04
8.000000000000000444e-01 1.129420567739465753e+02 6.515465579098913803e-04
8.000000000000000444e-01 1.291593777466158315e+02 8.561898475344827380e-04
8.000000000000000444e-01 1.428838538830314917e+02 1.038172457994351178e-03
8.000000000000000444e-01 1.453766987192850877e+02 1.072152776787739428e-03
8.000000000000000444e-01 1.615940196919543155e+02 1.296994179596510505e-03
8.000000000000000444e-01 1.778113406646235717e+02 1.527494696650007764e-03
8.000000000000000444e-01 1.882367612899109020e+02 1.675617139723078715e-03
8.000000000000000444e-01 1.940286616372928279e+02 1.756681356500345041e-03
8.000000000000000444e-01 2.102459826099620841e+02 1.974189886057667234e-03
8.000000000000000444e-01 2.264633035826313403e+02 2.173750704239761893e-03
8.000000000000000444e-01 2.426806245553005965e+02 2.347940538574531943e-03
8.000000000000000444e-01 2.588979455279698527e+02 2.492352337055742020e-03
8.000000000000000444e-01 2.751152665006391089e+02 2.601799181659596779e-03
8.000000000000000444e-01 2.913325874733083651e+02 2.673545498671792489e-03
8.000000000000000444e-01 3.075499084459776213e+02 2.705282984434178098e-03
8.000000000000000444e-01 3.237672294186468207e+02 2.696766595556588601e-03
8.000000000000000444e-01 3.399845503913161338e+02 2.650395413261619204e-03
8.000000000000000444e-01 3.562018713639853331e+02 2.569483163083952169e-03
8.000000000000000444e-01 3.724191923366546462e+02 2.456717202594747157e-03
8.000000000000000444e-01 3.886365133093238455e+02 2.317395950748500199e-03
8.000000000000000444e-01 4.048538342819931586e+02 2.157412786923569754e-03
8.000000000000000444e-01 4.210711552546623579e+02 1.983511313876149765e-03
8.000000000000000444e-01 4.372884762273316710e+02 1.799196360961341631e-03
8.000000000000000444e-01 4.535057972000008704e+02 1.611431928992836625e-03
8.000000000000000444e-01 4.697231181726701834e+02 1.425752304612862894e-03
8.000000000000000444e-01 4.859404391453393828e+02 1.244819191858130385e-03
8.000000000000000444e-01 5.021577601180085821e+02 1.074211708759657347e-03
8.000000000000000444e-01 5.183750810906778952e+02 9.146883492156345809e-04
8.000000000000000444e-01 5.345924020633470946e+02 7.693462227277621940e-04
8.000000000000000444e-01 5.508097230360164076e+02 6.387089426844333191e-04
8.000000000000000444e-01 5.670270440086856070e+02 5.230030448981602426e-04
8.000000000000000444e-01 5.832443649813549200e+02 4.225349401170886863e-04
8.000000000000000444e-01 5.994616859540241194e+02 3.362718044921228413e-04
8.000000000000000444e-01 6.156790069266934324e+02 2.632805803305637285e-04
8.000000000000000444e-01 6.318963278993626318e+02 2.020893087387842086e-04
8.000000000000000444e-01 6.481136488720318312e+02 1.517467549688514804e-04
8.000000000000000444e-01 6.643309698447011442e+02 1.108023311129956921e-04
8.000000000000000444e-01 6.805482908173703436e+02 7.806589889124864508e-05
8.000000000000000444e-01 6.967656117900396566e+02 5.211988151754766468e-05
8.000000000000000444e-01 7.129829327627088560e+02 3.200362234842196794e-05
8.000000000000000444e-01 7.292002537353781690e+02 1.639430752271504559e-05
8.000000000000000444e-01 7.454175747080473684e+02 4.390348489378873761e-06
8.000000000000000444e-01 7.529470451596438352e+02 0.000000000000000000e+00
9.000000000000000222e-01 1.000000000000000000e+00 1.353643578642944726e-04
9.000000000000000222e-01 1.317420090786683096e+00 1.166526865300873304e-04
9.000000000000000222e-01 1.735595695608392219e+00 7.746627442639799450e-05
9.000000000000000222e-01 2.286508638877384314e+00 4.312343614711542630e-05
9.000000000000000222e-01 3.012292418614378686e+00 2.359675225415110706e-05
9.000000000000000222e-01 3.968454551606992453e+00 1.554889864291717093e-05
9.000000000000000222e-01 5.228121755660909642e+00 1.574602878688604360e-05
9.000000000000000222e-01 6.887632637986627948e+00 2.083786217046994636e-05
9.000000000000000222e-01 9.073905615241663725e+00 2.901304248763161589e-05
9.000000000000000222e-01 1.195414555942146961e+01 3.989419919982451726e-05
9.000000000000000222e-01 1.574863152817025558e+01 5.310070739003313635e-05
9.000000000000000222e-01 2.074756357760807646e+01 7.031677485175061543e-05
9.000000000000000222e-01 2.733325709201491094e+01 9.291826515435429085e-05
9.000000000000000222e-01 3.600938203965802842e+01 1.215703469263056797e-04
9.000000000000000222e-01 4.743948335585863418e+01 1.598824729618873719e-04
9.000000000000000222e-01 6.249772846954861905e+01 2.221844256865523047e-04
9.000000000000000222e-01 8.233576311431420436e+01 3.507194786917436206e-04
9.000000000000000222e-01 1.084707885170506501e+02 6.204250280865777380e-04
9.000000000000000222e-01 1.129568601896647948e+02 6.764225917585400469e-04
9.000000000000000222e-01 1.291763067810012728e+02 8.918237507920452091e-04
9.000000000000000222e-01 1.429015960558360234e+02 1.083652193385084908e-03
9.000000000000000222e-01 1.453957533723377651e+02 1.119663652481609232e-03
9.000000000000000222e-01 1.616151999636742573e+02 1.357064062396537429e-03
9.000000000000000222e-01 1.778346465550107496e+02 1.600653615294845081e-03
9.000000000000000222e-01 1.882614336494413010e+02 1.756925252018576040e-03
9.000000000000000222e-01 1.940540931463472134e+02 1.842507298069225290e-03
9.000000000000000222e-01 2.102735397376837057e+02 2.071647864576808395e-03
9.000000000000000222e-01 2.264929863290201979e+02 2.282108216724137908e-03
9.000000000000000222e-01 2.427124329203566617e+02 2.464634380551688087e-03
9.000000000000000222e-01 2.589318795116931824e+02 2.615775175733882612e-03
9.000000000000000222e-01 2.751513261030296462e+02 2.728907280667308005e-03
9.000000000000000222e-01 2.913707726943661100e+02 2.802031194344729945e-03
9.000000000000000222e-01 3.075902192857026307e+02 2.833315421193885204e-03
9.000000000000000222e-01 3.238096658770390945e+02 2.822544987471308463e-03
9.000000000000000222e-01 3.400291124683755584e+02 2.770875620358700074e-03
9.000000000000000222e-01 3.562485590597120790e+02 2.683383711616840663e-03
9.000000000000000222e-01 3.724680056510485429e+02 2.562990259088343461e-03
9.000000000000000222e-01 3.886874522423850067e+02 2.415098782346223466e-03
9.000000000000000222e-01 4.049068988337215274e+02 2.246083651926349557e-03
9.000000000000000222e-01 4.211263454250579912e+02 2.062246940054874873e-03
9.000000000000000222e-01 4.373457920163945118e+02 1.869070509327020249e-03
9.000000000000000222e-01 4.535652386077309757e+02 1.672279205436533493e-03
9.000000000000000222e-01 4.697846851990674395e+02 1.477277043555176540e-03
9.000000000000000222e-01 4.860041317904039602e+02 1.288109440786863995e-03
9.000000000000000222e-01 5.022235783817404240e+02 1.109918574628404424e-03
9.000000000000000222e-01 5.184430249730769447e+02 9.433964656882423000e-04
9.000000000000000222e-01 5.346624715644134085e+02 7.917963904830789155e-04
9.000000000000000222e-01 5.508819181557498723e+02 6.556256513416811775e-04
9.000000000000000222e-01 5.671013647470863361e+02 5.351512752214431694e-04
9.000000000000000222e-01 5.833208113384229136e+02 4.305843343789805279e-04
9.000000000000000222e-01 5.995402579297593775e+02 3.412310579292559556e-04
9.000000000000000222e-01 6.157597045210958413e+02 2.660143452578366615e-04
9.000000000000000222e-01 6.319791511124323051e+02 2.036165856113295535e-04
9.000000000000000222e-01 6.481985977037687690e+02 1.525453090451889325e-04
9.000000000000000222e-01 6.644180442951052328e+02 1.112470886891618095e-04
9.000000000000000222e-01 6.806374908864418103e+02 7.826693858782729084e-05
9.000000000000000222e-01 6.968569374777782741e+02 5.226764961953193379e-05
9.000000000000000222e-01 7.130763840691147379e+02 3.207254991205226932e-05
9.000000000000000222e-01 7.292958306604512018e+02 1.645147316324058542e-05
9.000000000000000222e-01 7.455152772517876656e+02 4.473179923082584781e-06
9.000000000000000222e-01 7.530457345977653176e+02 0.000000000000000000e+00
1.000000000000000000e+00 1.000000000000000000e+00 1.261436107027112219e-04
1.000000000000000000e+00 1.317422623608319299e+00 1.042648253122536816e-04
1.000000000000000000e+00 1.735602369195027528e+00 6.576257999513508809e-05
1.000000000000000000e+00 2.286521826765727905e+00 3.487583992077538059e-05
1.000000000000000000e+00 3.012315583955392562e+00 1.882755971103147407e-05
1.000000000000000000e+00 3.968492699750740371e+00 1.367658607152643567e-05
1.000000000000000000e+00 5.228182064276082563e+00 1.291850835906967058e-05
1.000000000000000000e+00 6.887725331820556463e+00 1.975147746892416770e-05
1.000000000000000000e+00 9.074045177340519075e+00 2.849744896967193448e-05
1.000000000000000000e+00 1.195435240427236501e+01 3.905529517052482025e-05
1.000000000000000000e+00 1.574893430797491867e+01 5.205372982591167794e-05
1.000000000000000000e+00 2.074800235504738666e+01 6.936053760309020516e-05
1.000000000000000000e+00 2.733388769721811684e+01 9.234839570234493200e-05
1.000000000000000000e+00 3.601028204348425277e+01 1.215558710021229900e-04
1.000000000000000000e+00 4.744076024660259350e+01 1.605345210096947970e-04
1.000000000000000000e+00 6.249953083005244281e+01 2.238050816233426497e-04
1.000000000000000000e+00 8.233829588041672309e+01 3.541518821311295134e-04
1.000000000000000000e+00 1.084743337822166751e+02 6.279458481812337772e-04
1.000000000000000000e+00 1.129609864255604634e+02 6.847756955921933172e-04
1.000000000000000000e+00 1.291810255020511988e+02 9.036089706435500996e-04
1.000000000000000000e+00 1.429065414055324936e+02 1.098606996385287447e-03
1.000000000000000000e+00 1.454010645785419342e+02 1.135181032860974222e-03
1.000000000000000000e+00 1.616211036550326412e+02 1.376670500296509492e-03
1.000000000000000000e+00 1.778411427315234050e+02 1.624244848762384759e-03
1.000000000000000000e+00 1.882683107092674391e+02 1.783095746718531358e-03
1.000000000000000000e+00 1.940611818080141120e+02 1.869975395077459962e-03
1.000000000000000000e+00 2.102812208845048474e+02 2.102610524543679308e-03
1.000000000000000000e+00 2.265012599609955828e+02 2.315936419485108751e-03
1.000000000000000000e+00 2.427212990374863182e+02 2.500815241776603495e-03
1.000000000000000000e+00 2.589413381139770536e+02 2.653467479303349679e-03
1.000000000000000000e+00 2.751613771904677606e+02 2.767534578608758008e-03
1.000000000000000000e+00 2.913814162669585244e+02 2.841362203962653245e-03
1.000000000000000000e+00 3.076014553434492313e+02 2.871199235836783322e-03
1.000000000000000000e+00 3.238214944199399952e+02 2.858527743157711614e-03
1.000000000000000000e+00 3.400415334964307021e+02 2.805363286725115826e-03
1.000000000000000000e+00 3.562615725729214091e+02 2.715279575502336021e-03
1.000000000000000000e+00 3.724816116494121729e+02 2.592074759668298520e-03
1.000000000000000000e+00 3.887016507259028799e+02 2.441396739415050646e-03
1.000000000000000000e+00 4.049216898023936437e+02 2.269447081115363949e-03
1.000000000000000000e+00 4.211417288788843507e+02 2.082943206440627908e-03
1.000000000000000000e+00 4.373617679553751145e+02 1.887514969502067028e-03
1.000000000000000000e+00 4.535818070318658215e+02 1.688724216616442186e-03
1.000000000000000000e+00 4.698018461083565853e+02 1.491555410549894956e-03
1.000000000000000000e+00 4.860218851848472923e+02 1.300457631174559972e-03
1.000000000000000000e+00 5.022419242613379993e+02 1.119198848915012789e-03
1.000000000000000000e+00 5.184619633378288199e+02 9.483758212910873295e-04
1.000000000000000000e+00 5.346820024143194132e+02 7.946620852672396824e-04
1.000000000000000000e+00 5.509020414908102339e+02 6.567137264007886534e-04
1.000000000000000000e+00 5.671220805673009409e+02 5.366375029258785333e-04
1.000000000000000000e+00 5.833421196437916478e+02 4.313653859248147977e-04
1.000000000000000000e+00 5.995621587202824685e+02 3.429155040019513448e-04
1.000000000000000000e+00 6.157821977967731755e+02 2.671337245697660216e-04
1.000000000000000000e+00 6.320022368732638824e+02 2.022240638655299237e-04
1.000000000000000000e+00 6.482222759497545894e+02 1.531813038561460102e-04
1.000000000000000000e+00 6.644423150262452964e+02 1.120455948545697519e-04
1.000000000000000000e+00 6.806623541027361171e+02 7.905405066801304457e-05
1.000000000000000000e+00 6.968823931792268240e+02 5.250143820151019096e-05
1.000000000000000000e+00 7.131024322557175310e+02 3.271443924170506606e-05
1.000000000000000000e+00 7.293224713322082380e+02 1.605707523890871995e-05
1.000000000000000000e+00 7.455425104086990586e+02 4.107954292829370715e-06
1.000000000000000000e+00 7.530732428370697562e+02 0.000000000000000000e+00
