# mx [GeV]: 10000.0
# sigma_p [cm^2]: 1.47910838817e-29
# depth [m]: 10.6
# loc: SUF
# Columns: gamma/pi, v [km/s], f(v, gamma) [s/km]
0.000000000000000000e+00 0.000000000000000000e+00 0.000000000000000000e+00
0.000000000000000000e+00 1.666666666666666644e-02 0.000000000000000000e+00
0.000000000000000000e+00 3.333333333333333287e-02 0.000000000000000000e+00
0.000000000000000000e+00 5.000000000000000278e-02 0.000000000000000000e+00
0.000000000000000000e+00 6.666666666666666574e-02 0.000000000000000000e+00
0.000000000000000000e+00 8.333333333333332871e-02 0.000000000000000000e+00
0.000000000000000000e+00 1.000000000000000056e-01 0.000000000000000000e+00
0.000000000000000000e+00 1.166666666666666685e-01 0.000000000000000000e+00
0.000000000000000000e+00 1.333333333333333315e-01 0.000000000000000000e+00
0.000000000000000000e+00 1.499999999999999944e-01 0.000000000000000000e+00
0.000000000000000000e+00 1.666666666666666574e-01 0.000000000000000000e+00
0.000000000000000000e+00 1.833333333333333204e-01 0.000000000000000000e+00
0.000000000000000000e+00 2.000000000000000111e-01 0.000000000000000000e+00
0.000000000000000000e+00 2.166666666666666741e-01 0.000000000000000000e+00
0.000000000000000000e+00 2.333333333333333370e-01 0.000000000000000000e+00
0.000000000000000000e+00 2.500000000000000000e-01 0.000000000000000000e+00
0.000000000000000000e+00 2.666666666666666630e-01 0.000000000000000000e+00
0.000000000000000000e+00 2.833333333333333259e-01 0.000000000000000000e+00
0.000000000000000000e+00 2.999999999999999889e-01 0.000000000000000000e+00
0.000000000000000000e+00 3.166666666666666519e-01 0.000000000000000000e+00
0.000000000000000000e+00 3.333333333333333148e-01 0.000000000000000000e+00
0.000000000000000000e+00 3.499999999999999778e-01 0.000000000000000000e+00
0.000000000000000000e+00 3.666666666666666408e-01 0.000000000000000000e+00
0.000000000000000000e+00 3.833333333333333037e-01 0.000000000000000000e+00
0.000000000000000000e+00 4.000000000000000222e-01 0.000000000000000000e+00
0.000000000000000000e+00 4.166666666666666852e-01 0.000000000000000000e+00
0.000000000000000000e+00 4.333333333333333481e-01 0.000000000000000000e+00
0.000000000000000000e+00 4.500000000000000111e-01 0.000000000000000000e+00
0.000000000000000000e+00 4.666666666666666741e-01 0.000000000000000000e+00
0.000000000000000000e+00 4.833333333333333370e-01 0.000000000000000000e+00
0.000000000000000000e+00 5.000000000000000000e-01 0.000000000000000000e+00
0.000000000000000000e+00 5.166666666666666075e-01 0.000000000000000000e+00
0.000000000000000000e+00 5.333333333333333259e-01 0.000000000000000000e+00
0.000000000000000000e+00 5.500000000000000444e-01 0.000000000000000000e+00
0.000000000000000000e+00 5.666666666666666519e-01 0.000000000000000000e+00
0.000000000000000000e+00 5.833333333333333703e-01 0.000000000000000000e+00
0.000000000000000000e+00 5.999999999999999778e-01 0.000000000000000000e+00
0.000000000000000000e+00 6.166666666666666963e-01 0.000000000000000000e+00
0.000000000000000000e+00 6.333333333333333037e-01 0.000000000000000000e+00
0.000000000000000000e+00 6.500000000000000222e-01 0.000000000000000000e+00
0.000000000000000000e+00 6.666666666666666297e-01 0.000000000000000000e+00
0.000000000000000000e+00 6.833333333333333481e-01 0.000000000000000000e+00
0.000000000000000000e+00 6.999999999999999556e-01 0.000000000000000000e+00
0.000000000000000000e+00 7.166666666666666741e-01 0.000000000000000000e+00
0.000000000000000000e+00 7.333333333333332815e-01 0.000000000000000000e+00
0.000000000000000000e+00 7.500000000000000000e-01 0.000000000000000000e+00
0.000000000000000000e+00 7.666666666666666075e-01 0.000000000000000000e+00
0.000000000000000000e+00 7.833333333333333259e-01 0.000000000000000000e+00
0.000000000000000000e+00 8.000000000000000444e-01 0.000000000000000000e+00
0.000000000000000000e+00 8.166666666666666519e-01 0.000000000000000000e+00
0.000000000000000000e+00 8.333333333333333703e-01 0.000000000000000000e+00
0.000000000000000000e+00 8.499999999999999778e-01 0.000000000000000000e+00
0.000000000000000000e+00 8.666666666666666963e-01 0.000000000000000000e+00
0.000000000000000000e+00 8.833333333333333037e-01 0.000000000000000000e+00
0.000000000000000000e+00 9.000000000000000222e-01 0.000000000000000000e+00
0.000000000000000000e+00 9.166666666666666297e-01 0.000000000000000000e+00
0.000000000000000000e+00 9.333333333333333481e-01 0.000000000000000000e+00
0.000000000000000000e+00 9.499999999999999556e-01 0.000000000000000000e+00
0.000000000000000000e+00 9.666666666666666741e-01 0.000000000000000000e+00
0.000000000000000000e+00 9.833333333333332815e-01 0.000000000000000000e+00
0.000000000000000000e+00 1.000000000000000000e+00 0.000000000000000000e+00
1.000000000000000056e-01 0.000000000000000000e+00 0.000000000000000000e+00
1.000000000000000056e-01 1.666666666666666644e-02 0.000000000000000000e+00
1.000000000000000056e-01 3.333333333333333287e-02 0.000000000000000000e+00
1.000000000000000056e-01 5.000000000000000278e-02 0.000000000000000000e+00
1.000000000000000056e-01 6.666666666666666574e-02 0.000000000000000000e+00
1.000000000000000056e-01 8.333333333333332871e-02 0.000000000000000000e+00
1.000000000000000056e-01 1.000000000000000056e-01 0.000000000000000000e+00
1.000000000000000056e-01 1.166666666666666685e-01 0.000000000000000000e+00
1.000000000000000056e-01 1.333333333333333315e-01 0.000000000000000000e+00
1.000000000000000056e-01 1.499999999999999944e-01 0.000000000000000000e+00
1.000000000000000056e-01 1.666666666666666574e-01 0.000000000000000000e+00
1.000000000000000056e-01 1.833333333333333204e-01 0.000000000000000000e+00
1.000000000000000056e-01 2.000000000000000111e-01 0.000000000000000000e+00
1.000000000000000056e-01 2.166666666666666741e-01 0.000000000000000000e+00
1.000000000000000056e-01 2.333333333333333370e-01 0.000000000000000000e+00
1.000000000000000056e-01 2.500000000000000000e-01 0.000000000000000000e+00
1.000000000000000056e-01 2.666666666666666630e-01 0.000000000000000000e+00
1.000000000000000056e-01 2.833333333333333259e-01 0.000000000000000000e+00
1.000000000000000056e-01 2.999999999999999889e-01 0.000000000000000000e+00
1.000000000000000056e-01 3.166666666666666519e-01 0.000000000000000000e+00
1.000000000000000056e-01 3.333333333333333148e-01 0.000000000000000000e+00
1.000000000000000056e-01 3.499999999999999778e-01 0.000000000000000000e+00
1.000000000000000056e-01 3.666666666666666408e-01 0.000000000000000000e+00
1.000000000000000056e-01 3.833333333333333037e-01 0.000000000000000000e+00
1.000000000000000056e-01 4.000000000000000222e-01 0.000000000000000000e+00
1.000000000000000056e-01 4.166666666666666852e-01 0.000000000000000000e+00
1.000000000000000056e-01 4.333333333333333481e-01 0.000000000000000000e+00
1.000000000000000056e-01 4.500000000000000111e-01 0.000000000000000000e+00
1.000000000000000056e-01 4.666666666666666741e-01 0.000000000000000000e+00
1.000000000000000056e-01 4.833333333333333370e-01 0.000000000000000000e+00
1.000000000000000056e-01 5.000000000000000000e-01 0.000000000000000000e+00
1.000000000000000056e-01 5.166666666666666075e-01 0.000000000000000000e+00
1.000000000000000056e-01 5.333333333333333259e-01 0.000000000000000000e+00
1.000000000000000056e-01 5.500000000000000444e-01 0.000000000000000000e+00
1.000000000000000056e-01 5.666666666666666519e-01 0.000000000000000000e+00
1.000000000000000056e-01 5.833333333333333703e-01 0.000000000000000000e+00
1.000000000000000056e-01 5.999999999999999778e-01 0.000000000000000000e+00
1.000000000000000056e-01 6.166666666666666963e-01 0.000000000000000000e+00
1.000000000000000056e-01 6.333333333333333037e-01 0.000000000000000000e+00
1.000000000000000056e-01 6.500000000000000222e-01 0.000000000000000000e+00
1.000000000000000056e-01 6.666666666666666297e-01 0.000000000000000000e+00
1.000000000000000056e-01 6.833333333333333481e-01 0.000000000000000000e+00
1.000000000000000056e-01 6.999999999999999556e-01 0.000000000000000000e+00
1.000000000000000056e-01 7.166666666666666741e-01 0.000000000000000000e+00
1.000000000000000056e-01 7.333333333333332815e-01 0.000000000000000000e+00
1.000000000000000056e-01 7.500000000000000000e-01 0.000000000000000000e+00
1.000000000000000056e-01 7.666666666666666075e-01 0.000000000000000000e+00
1.000000000000000056e-01 7.833333333333333259e-01 0.000000000000000000e+00
1.000000000000000056e-01 8.000000000000000444e-01 0.000000000000000000e+00
1.000000000000000056e-01 8.166666666666666519e-01 0.000000000000000000e+00
1.000000000000000056e-01 8.333333333333333703e-01 0.000000000000000000e+00
1.000000000000000056e-01 8.499999999999999778e-01 0.000000000000000000e+00
1.000000000000000056e-01 8.666666666666666963e-01 0.000000000000000000e+00
1.000000000000000056e-01 8.833333333333333037e-01 0.000000000000000000e+00
1.000000000000000056e-01 9.000000000000000222e-01 0.000000000000000000e+00
1.000000000000000056e-01 9.166666666666666297e-01 0.000000000000000000e+00
1.000000000000000056e-01 9.333333333333333481e-01 0.000000000000000000e+00
1.000000000000000056e-01 9.499999999999999556e-01 0.000000000000000000e+00
1.000000000000000056e-01 9.666666666666666741e-01 0.000000000000000000e+00
1.000000000000000056e-01 9.833333333333332815e-01 0.000000000000000000e+00
1.000000000000000056e-01 1.000000000000000000e+00 0.000000000000000000e+00
2.000000000000000111e-01 0.000000000000000000e+00 0.000000000000000000e+00
2.000000000000000111e-01 1.666666666666666644e-02 0.000000000000000000e+00
2.000000000000000111e-01 3.333333333333333287e-02 0.000000000000000000e+00
2.000000000000000111e-01 5.000000000000000278e-02 0.000000000000000000e+00
2.000000000000000111e-01 6.666666666666666574e-02 0.000000000000000000e+00
2.000000000000000111e-01 8.333333333333332871e-02 0.000000000000000000e+00
2.000000000000000111e-01 1.000000000000000056e-01 0.000000000000000000e+00
2.000000000000000111e-01 1.166666666666666685e-01 0.000000000000000000e+00
2.000000000000000111e-01 1.333333333333333315e-01 0.000000000000000000e+00
2.000000000000000111e-01 1.499999999999999944e-01 0.000000000000000000e+00
2.000000000000000111e-01 1.666666666666666574e-01 0.000000000000000000e+00
2.000000000000000111e-01 1.833333333333333204e-01 0.000000000000000000e+00
2.000000000000000111e-01 2.000000000000000111e-01 0.000000000000000000e+00
2.000000000000000111e-01 2.166666666666666741e-01 0.000000000000000000e+00
2.000000000000000111e-01 2.333333333333333370e-01 0.000000000000000000e+00
2.000000000000000111e-01 2.500000000000000000e-01 0.000000000000000000e+00
2.000000000000000111e-01 2.666666666666666630e-01 0.000000000000000000e+00
2.000000000000000111e-01 2.833333333333333259e-01 0.000000000000000000e+00
2.000000000000000111e-01 2.999999999999999889e-01 0.000000000000000000e+00
2.000000000000000111e-01 3.166666666666666519e-01 0.000000000000000000e+00
2.000000000000000111e-01 3.333333333333333148e-01 0.000000000000000000e+00
2.000000000000000111e-01 3.499999999999999778e-01 0.000000000000000000e+00
2.000000000000000111e-01 3.666666666666666408e-01 0.000000000000000000e+00
2.000000000000000111e-01 3.833333333333333037e-01 0.000000000000000000e+00
2.000000000000000111e-01 4.000000000000000222e-01 0.000000000000000000e+00
2.000000000000000111e-01 4.166666666666666852e-01 0.000000000000000000e+00
2.000000000000000111e-01 4.333333333333333481e-01 0.000000000000000000e+00
2.000000000000000111e-01 4.500000000000000111e-01 0.000000000000000000e+00
2.000000000000000111e-01 4.666666666666666741e-01 0.000000000000000000e+00
2.000000000000000111e-01 4.833333333333333370e-01 0.000000000000000000e+00
2.000000000000000111e-01 5.000000000000000000e-01 0.000000000000000000e+00
2.000000000000000111e-01 5.166666666666666075e-01 0.000000000000000000e+00
2.000000000000000111e-01 5.333333333333333259e-01 0.000000000000000000e+00
2.000000000000000111e-01 5.500000000000000444e-01 0.000000000000000000e+00
2.000000000000000111e-01 5.666666666666666519e-01 0.000000000000000000e+00
2.000000000000000111e-01 5.833333333333333703e-01 0.000000000000000000e+00
2.000000000000000111e-01 5.999999999999999778e-01 0.000000000000000000e+00
2.000000000000000111e-01 6.166666666666666963e-01 0.000000000000000000e+00
2.000000000000000111e-01 6.333333333333333037e-01 0.000000000000000000e+00
2.000000000000000111e-01 6.500000000000000222e-01 0.000000000000000000e+00
2.000000000000000111e-01 6.666666666666666297e-01 0.000000000000000000e+00
2.000000000000000111e-01 6.833333333333333481e-01 0.000000000000000000e+00
2.000000000000000111e-01 6.999999999999999556e-01 0.000000000000000000e+00
2.000000000000000111e-01 7.166666666666666741e-01 0.000000000000000000e+00
2.000000000000000111e-01 7.333333333333332815e-01 0.000000000000000000e+00
2.000000000000000111e-01 7.500000000000000000e-01 0.000000000000000000e+00
2.000000000000000111e-01 7.666666666666666075e-01 0.000000000000000000e+00
2.000000000000000111e-01 7.833333333333333259e-01 0.000000000000000000e+00
2.000000000000000111e-01 8.000000000000000444e-01 0.000000000000000000e+00
2.000000000000000111e-01 8.166666666666666519e-01 0.000000000000000000e+00
2.000000000000000111e-01 8.333333333333333703e-01 0.000000000000000000e+00
2.000000000000000111e-01 8.499999999999999778e-01 0.000000000000000000e+00
2.000000000000000111e-01 8.666666666666666963e-01 0.000000000000000000e+00
2.000000000000000111e-01 8.833333333333333037e-01 0.000000000000000000e+00
2.000000000000000111e-01 9.000000000000000222e-01 0.000000000000000000e+00
2.000000000000000111e-01 9.166666666666666297e-01 0.000000000000000000e+00
2.000000000000000111e-01 9.333333333333333481e-01 0.000000000000000000e+00
2.000000000000000111e-01 9.499999999999999556e-01 0.000000000000000000e+00
2.000000000000000111e-01 9.666666666666666741e-01 0.000000000000000000e+00
2.000000000000000111e-01 9.833333333333332815e-01 0.000000000000000000e+00
2.000000000000000111e-01 1.000000000000000000e+00 0.000000000000000000e+00
3.000000000000000444e-01 0.000000000000000000e+00 0.000000000000000000e+00
3.000000000000000444e-01 1.666666666666666644e-02 0.000000000000000000e+00
3.000000000000000444e-01 3.333333333333333287e-02 0.000000000000000000e+00
3.000000000000000444e-01 5.000000000000000278e-02 0.000000000000000000e+00
3.000000000000000444e-01 6.666666666666666574e-02 0.000000000000000000e+00
3.000000000000000444e-01 8.333333333333332871e-02 0.000000000000000000e+00
3.000000000000000444e-01 1.000000000000000056e-01 0.000000000000000000e+00
3.000000000000000444e-01 1.166666666666666685e-01 0.000000000000000000e+00
3.000000000000000444e-01 1.333333333333333315e-01 0.000000000000000000e+00
3.000000000000000444e-01 1.499999999999999944e-01 0.000000000000000000e+00
3.000000000000000444e-01 1.666666666666666574e-01 0.000000000000000000e+00
3.000000000000000444e-01 1.833333333333333204e-01 0.000000000000000000e+00
3.000000000000000444e-01 2.000000000000000111e-01 0.000000000000000000e+00
3.000000000000000444e-01 2.166666666666666741e-01 0.000000000000000000e+00
3.000000000000000444e-01 2.333333333333333370e-01 0.000000000000000000e+00
3.000000000000000444e-01 2.500000000000000000e-01 0.000000000000000000e+00
3.000000000000000444e-01 2.666666666666666630e-01 0.000000000000000000e+00
3.000000000000000444e-01 2.833333333333333259e-01 0.000000000000000000e+00
3.000000000000000444e-01 2.999999999999999889e-01 0.000000000000000000e+00
3.000000000000000444e-01 3.166666666666666519e-01 0.000000000000000000e+00
3.000000000000000444e-01 3.333333333333333148e-01 0.000000000000000000e+00
3.000000000000000444e-01 3.499999999999999778e-01 0.000000000000000000e+00
3.000000000000000444e-01 3.666666666666666408e-01 0.000000000000000000e+00
3.000000000000000444e-01 3.833333333333333037e-01 0.000000000000000000e+00
3.000000000000000444e-01 4.000000000000000222e-01 0.000000000000000000e+00
3.000000000000000444e-01 4.166666666666666852e-01 0.000000000000000000e+00
3.000000000000000444e-01 4.333333333333333481e-01 0.000000000000000000e+00
3.000000000000000444e-01 4.500000000000000111e-01 0.000000000000000000e+00
3.000000000000000444e-01 4.666666666666666741e-01 0.000000000000000000e+00
3.000000000000000444e-01 4.833333333333333370e-01 0.000000000000000000e+00
3.000000000000000444e-01 5.000000000000000000e-01 0.000000000000000000e+00
3.000000000000000444e-01 5.166666666666666075e-01 0.000000000000000000e+00
3.000000000000000444e-01 5.333333333333333259e-01 0.000000000000000000e+00
3.000000000000000444e-01 5.500000000000000444e-01 0.000000000000000000e+00
3.000000000000000444e-01 5.666666666666666519e-01 0.000000000000000000e+00
3.000000000000000444e-01 5.833333333333333703e-01 0.000000000000000000e+00
3.000000000000000444e-01 5.999999999999999778e-01 0.000000000000000000e+00
3.000000000000000444e-01 6.166666666666666963e-01 0.000000000000000000e+00
3.000000000000000444e-01 6.333333333333333037e-01 0.000000000000000000e+00
3.000000000000000444e-01 6.500000000000000222e-01 0.000000000000000000e+00
3.000000000000000444e-01 6.666666666666666297e-01 0.000000000000000000e+00
3.000000000000000444e-01 6.833333333333333481e-01 0.000000000000000000e+00
3.000000000000000444e-01 6.999999999999999556e-01 0.000000000000000000e+00
3.000000000000000444e-01 7.166666666666666741e-01 0.000000000000000000e+00
3.000000000000000444e-01 7.333333333333332815e-01 0.000000000000000000e+00
3.000000000000000444e-01 7.500000000000000000e-01 0.000000000000000000e+00
3.000000000000000444e-01 7.666666666666666075e-01 0.000000000000000000e+00
3.000000000000000444e-01 7.833333333333333259e-01 0.000000000000000000e+00
3.000000000000000444e-01 8.000000000000000444e-01 0.000000000000000000e+00
3.000000000000000444e-01 8.166666666666666519e-01 0.000000000000000000e+00
3.000000000000000444e-01 8.333333333333333703e-01 0.000000000000000000e+00
3.000000000000000444e-01 8.499999999999999778e-01 0.000000000000000000e+00
3.000000000000000444e-01 8.666666666666666963e-01 0.000000000000000000e+00
3.000000000000000444e-01 8.833333333333333037e-01 0.000000000000000000e+00
3.000000000000000444e-01 9.000000000000000222e-01 0.000000000000000000e+00
3.000000000000000444e-01 9.166666666666666297e-01 0.000000000000000000e+00
3.000000000000000444e-01 9.333333333333333481e-01 0.000000000000000000e+00
3.000000000000000444e-01 9.499999999999999556e-01 0.000000000000000000e+00
3.000000000000000444e-01 9.666666666666666741e-01 0.000000000000000000e+00
3.000000000000000444e-01 9.833333333333332815e-01 0.000000000000000000e+00
3.000000000000000444e-01 1.000000000000000000e+00 0.000000000000000000e+00
4.000000000000000222e-01 0.000000000000000000e+00 0.000000000000000000e+00
4.000000000000000222e-01 1.666666666666666644e-02 0.000000000000000000e+00
4.000000000000000222e-01 3.333333333333333287e-02 0.000000000000000000e+00
4.000000000000000222e-01 5.000000000000000278e-02 0.000000000000000000e+00
4.000000000000000222e-01 6.666666666666666574e-02 0.000000000000000000e+00
4.000000000000000222e-01 8.333333333333332871e-02 0.000000000000000000e+00
4.000000000000000222e-01 1.000000000000000056e-01 0.000000000000000000e+00
4.000000000000000222e-01 1.166666666666666685e-01 0.000000000000000000e+00
4.000000000000000222e-01 1.333333333333333315e-01 0.000000000000000000e+00
4.000000000000000222e-01 1.499999999999999944e-01 0.000000000000000000e+00
4.000000000000000222e-01 1.666666666666666574e-01 0.000000000000000000e+00
4.000000000000000222e-01 1.833333333333333204e-01 0.000000000000000000e+00
4.000000000000000222e-01 2.000000000000000111e-01 0.000000000000000000e+00
4.000000000000000222e-01 2.166666666666666741e-01 0.000000000000000000e+00
4.000000000000000222e-01 2.333333333333333370e-01 0.000000000000000000e+00
4.000000000000000222e-01 2.500000000000000000e-01 0.000000000000000000e+00
4.000000000000000222e-01 2.666666666666666630e-01 0.000000000000000000e+00
4.000000000000000222e-01 2.833333333333333259e-01 0.000000000000000000e+00
4.000000000000000222e-01 2.999999999999999889e-01 0.000000000000000000e+00
4.000000000000000222e-01 3.166666666666666519e-01 0.000000000000000000e+00
4.000000000000000222e-01 3.333333333333333148e-01 0.000000000000000000e+00
4.000000000000000222e-01 3.499999999999999778e-01 0.000000000000000000e+00
4.000000000000000222e-01 3.666666666666666408e-01 0.000000000000000000e+00
4.000000000000000222e-01 3.833333333333333037e-01 0.000000000000000000e+00
4.000000000000000222e-01 4.000000000000000222e-01 0.000000000000000000e+00
4.000000000000000222e-01 4.166666666666666852e-01 0.000000000000000000e+00
4.000000000000000222e-01 4.333333333333333481e-01 0.000000000000000000e+00
4.000000000000000222e-01 4.500000000000000111e-01 0.000000000000000000e+00
4.000000000000000222e-01 4.666666666666666741e-01 0.000000000000000000e+00
4.000000000000000222e-01 4.833333333333333370e-01 0.000000000000000000e+00
4.000000000000000222e-01 5.000000000000000000e-01 0.000000000000000000e+00
4.000000000000000222e-01 5.166666666666666075e-01 0.000000000000000000e+00
4.000000000000000222e-01 5.333333333333333259e-01 0.000000000000000000e+00
4.000000000000000222e-01 5.500000000000000444e-01 0.000000000000000000e+00
4.000000000000000222e-01 5.666666666666666519e-01 0.000000000000000000e+00
4.000000000000000222e-01 5.833333333333333703e-01 0.000000000000000000e+00
4.000000000000000222e-01 5.999999999999999778e-01 0.000000000000000000e+00
4.000000000000000222e-01 6.166666666666666963e-01 0.000000000000000000e+00
4.000000000000000222e-01 6.333333333333333037e-01 0.000000000000000000e+00
4.000000000000000222e-01 6.500000000000000222e-01 0.000000000000000000e+00
4.000000000000000222e-01 6.666666666666666297e-01 0.000000000000000000e+00
4.000000000000000222e-01 6.833333333333333481e-01 0.000000000000000000e+00
4.000000000000000222e-01 6.999999999999999556e-01 0.000000000000000000e+00
4.000000000000000222e-01 7.166666666666666741e-01 0.000000000000000000e+00
4.000000000000000222e-01 7.333333333333332815e-01 0.000000000000000000e+00
4.000000000000000222e-01 7.500000000000000000e-01 0.000000000000000000e+00
4.000000000000000222e-01 7.666666666666666075e-01 0.000000000000000000e+00
4.000000000000000222e-01 7.833333333333333259e-01 0.000000000000000000e+00
4.000000000000000222e-01 8.000000000000000444e-01 0.000000000000000000e+00
4.000000000000000222e-01 8.166666666666666519e-01 0.000000000000000000e+00
4.000000000000000222e-01 8.333333333333333703e-01 0.000000000000000000e+00
4.000000000000000222e-01 8.499999999999999778e-01 0.000000000000000000e+00
4.000000000000000222e-01 8.666666666666666963e-01 0.000000000000000000e+00
4.000000000000000222e-01 8.833333333333333037e-01 0.000000000000000000e+00
4.000000000000000222e-01 9.000000000000000222e-01 0.000000000000000000e+00
4.000000000000000222e-01 9.166666666666666297e-01 0.000000000000000000e+00
4.000000000000000222e-01 9.333333333333333481e-01 0.000000000000000000e+00
4.000000000000000222e-01 9.499999999999999556e-01 0.000000000000000000e+00
4.000000000000000222e-01 9.666666666666666741e-01 0.000000000000000000e+00
4.000000000000000222e-01 9.833333333333332815e-01 0.000000000000000000e+00
4.000000000000000222e-01 1.000000000000000000e+00 0.000000000000000000e+00
5.000000000000000000e-01 0.000000000000000000e+00 0.000000000000000000e+00
5.000000000000000000e-01 1.666666666666666644e-02 0.000000000000000000e+00
5.000000000000000000e-01 3.333333333333333287e-02 0.000000000000000000e+00
5.000000000000000000e-01 5.000000000000000278e-02 0.000000000000000000e+00
5.000000000000000000e-01 6.666666666666666574e-02 0.000000000000000000e+00
5.000000000000000000e-01 8.333333333333332871e-02 0.000000000000000000e+00
5.000000000000000000e-01 1.000000000000000056e-01 0.000000000000000000e+00
5.000000000000000000e-01 1.166666666666666685e-01 0.000000000000000000e+00
5.000000000000000000e-01 1.333333333333333315e-01 0.000000000000000000e+00
5.000000000000000000e-01 1.499999999999999944e-01 0.000000000000000000e+00
5.000000000000000000e-01 1.666666666666666574e-01 0.000000000000000000e+00
5.000000000000000000e-01 1.833333333333333204e-01 0.000000000000000000e+00
5.000000000000000000e-01 2.000000000000000111e-01 0.000000000000000000e+00
5.000000000000000000e-01 2.166666666666666741e-01 0.000000000000000000e+00
5.000000000000000000e-01 2.333333333333333370e-01 0.000000000000000000e+00
5.000000000000000000e-01 2.500000000000000000e-01 0.000000000000000000e+00
5.000000000000000000e-01 2.666666666666666630e-01 0.000000000000000000e+00
5.000000000000000000e-01 2.833333333333333259e-01 0.000000000000000000e+00
5.000000000000000000e-01 2.999999999999999889e-01 0.000000000000000000e+00
5.000000000000000000e-01 3.166666666666666519e-01 0.000000000000000000e+00
5.000000000000000000e-01 3.333333333333333148e-01 0.000000000000000000e+00
5.000000000000000000e-01 3.499999999999999778e-01 0.000000000000000000e+00
5.000000000000000000e-01 3.666666666666666408e-01 0.000000000000000000e+00
5.000000000000000000e-01 3.833333333333333037e-01 0.000000000000000000e+00
5.000000000000000000e-01 4.000000000000000222e-01 0.000000000000000000e+00
5.000000000000000000e-01 4.166666666666666852e-01 0.000000000000000000e+00
5.000000000000000000e-01 4.333333333333333481e-01 0.000000000000000000e+00
5.000000000000000000e-01 4.500000000000000111e-01 0.000000000000000000e+00
5.000000000000000000e-01 4.666666666666666741e-01 0.000000000000000000e+00
5.000000000000000000e-01 4.833333333333333370e-01 0.000000000000000000e+00
5.000000000000000000e-01 5.000000000000000000e-01 0.000000000000000000e+00
5.000000000000000000e-01 5.166666666666666075e-01 0.000000000000000000e+00
5.000000000000000000e-01 5.333333333333333259e-01 0.000000000000000000e+00
5.000000000000000000e-01 5.500000000000000444e-01 0.000000000000000000e+00
5.000000000000000000e-01 5.666666666666666519e-01 0.000000000000000000e+00
5.000000000000000000e-01 5.833333333333333703e-01 0.000000000000000000e+00
5.000000000000000000e-01 5.999999999999999778e-01 0.000000000000000000e+00
5.000000000000000000e-01 6.166666666666666963e-01 0.000000000000000000e+00
5.000000000000000000e-01 6.333333333333333037e-01 0.000000000000000000e+00
5.000000000000000000e-01 6.500000000000000222e-01 0.000000000000000000e+00
5.000000000000000000e-01 6.666666666666666297e-01 0.000000000000000000e+00
5.000000000000000000e-01 6.833333333333333481e-01 0.000000000000000000e+00
5.000000000000000000e-01 6.999999999999999556e-01 0.000000000000000000e+00
5.000000000000000000e-01 7.166666666666666741e-01 0.000000000000000000e+00
5.000000000000000000e-01 7.333333333333332815e-01 0.000000000000000000e+00
5.000000000000000000e-01 7.500000000000000000e-01 0.000000000000000000e+00
5.000000000000000000e-01 7.666666666666666075e-01 0.000000000000000000e+00
5.000000000000000000e-01 7.833333333333333259e-01 0.000000000000000000e+00
5.000000000000000000e-01 8.000000000000000444e-01 0.000000000000000000e+00
5.000000000000000000e-01 8.166666666666666519e-01 0.000000000000000000e+00
5.000000000000000000e-01 8.333333333333333703e-01 0.000000000000000000e+00
5.000000000000000000e-01 8.499999999999999778e-01 0.000000000000000000e+00
5.000000000000000000e-01 8.666666666666666963e-01 0.000000000000000000e+00
5.000000000000000000e-01 8.833333333333333037e-01 0.000000000000000000e+00
5.000000000000000000e-01 9.000000000000000222e-01 0.000000000000000000e+00
5.000000000000000000e-01 9.166666666666666297e-01 0.000000000000000000e+00
5.000000000000000000e-01 9.333333333333333481e-01 0.000000000000000000e+00
5.000000000000000000e-01 9.499999999999999556e-01 0.000000000000000000e+00
5.000000000000000000e-01 9.666666666666666741e-01 0.000000000000000000e+00
5.000000000000000000e-01 9.833333333333332815e-01 0.000000000000000000e+00
5.000000000000000000e-01 1.000000000000000000e+00 0.000000000000000000e+00
6.000000000000000888e-01 0.000000000000000000e+00 0.000000000000000000e+00
6.000000000000000888e-01 1.666666666666666644e-02 0.000000000000000000e+00
6.000000000000000888e-01 3.333333333333333287e-02 0.000000000000000000e+00
6.000000000000000888e-01 5.000000000000000278e-02 0.000000000000000000e+00
6.000000000000000888e-01 6.666666666666666574e-02 0.000000000000000000e+00
6.000000000000000888e-01 8.333333333333332871e-02 0.000000000000000000e+00
6.000000000000000888e-01 1.000000000000000056e-01 0.000000000000000000e+00
6.000000000000000888e-01 1.166666666666666685e-01 0.000000000000000000e+00
6.000000000000000888e-01 1.333333333333333315e-01 0.000000000000000000e+00
6.000000000000000888e-01 1.499999999999999944e-01 0.000000000000000000e+00
6.000000000000000888e-01 1.666666666666666574e-01 0.000000000000000000e+00
6.000000000000000888e-01 1.833333333333333204e-01 0.000000000000000000e+00
6.000000000000000888e-01 2.000000000000000111e-01 0.000000000000000000e+00
6.000000000000000888e-01 2.166666666666666741e-01 0.000000000000000000e+00
6.000000000000000888e-01 2.333333333333333370e-01 0.000000000000000000e+00
6.000000000000000888e-01 2.500000000000000000e-01 0.000000000000000000e+00
6.000000000000000888e-01 2.666666666666666630e-01 0.000000000000000000e+00
6.000000000000000888e-01 2.833333333333333259e-01 0.000000000000000000e+00
6.000000000000000888e-01 2.999999999999999889e-01 0.000000000000000000e+00
6.000000000000000888e-01 3.166666666666666519e-01 0.000000000000000000e+00
6.000000000000000888e-01 3.333333333333333148e-01 0.000000000000000000e+00
6.000000000000000888e-01 3.499999999999999778e-01 0.000000000000000000e+00
6.000000000000000888e-01 3.666666666666666408e-01 0.000000000000000000e+00
6.000000000000000888e-01 3.833333333333333037e-01 0.000000000000000000e+00
6.000000000000000888e-01 4.000000000000000222e-01 0.000000000000000000e+00
6.000000000000000888e-01 4.166666666666666852e-01 0.000000000000000000e+00
6.000000000000000888e-01 4.333333333333333481e-01 0.000000000000000000e+00
6.000000000000000888e-01 4.500000000000000111e-01 0.000000000000000000e+00
6.000000000000000888e-01 4.666666666666666741e-01 0.000000000000000000e+00
6.000000000000000888e-01 4.833333333333333370e-01 0.000000000000000000e+00
6.000000000000000888e-01 5.000000000000000000e-01 0.000000000000000000e+00
6.000000000000000888e-01 5.166666666666666075e-01 0.000000000000000000e+00
6.000000000000000888e-01 5.333333333333333259e-01 0.000000000000000000e+00
6.000000000000000888e-01 5.500000000000000444e-01 0.000000000000000000e+00
6.000000000000000888e-01 5.666666666666666519e-01 0.000000000000000000e+00
6.000000000000000888e-01 5.833333333333333703e-01 0.000000000000000000e+00
6.000000000000000888e-01 5.999999999999999778e-01 0.000000000000000000e+00
6.000000000000000888e-01 6.166666666666666963e-01 0.000000000000000000e+00
6.000000000000000888e-01 6.333333333333333037e-01 0.000000000000000000e+00
6.000000000000000888e-01 6.500000000000000222e-01 0.000000000000000000e+00
6.000000000000000888e-01 6.666666666666666297e-01 0.000000000000000000e+00
6.000000000000000888e-01 6.833333333333333481e-01 0.000000000000000000e+00
6.000000000000000888e-01 6.999999999999999556e-01 0.000000000000000000e+00
6.000000000000000888e-01 7.166666666666666741e-01 0.000000000000000000e+00
6.000000000000000888e-01 7.333333333333332815e-01 0.000000000000000000e+00
6.000000000000000888e-01 7.500000000000000000e-01 0.000000000000000000e+00
6.000000000000000888e-01 7.666666666666666075e-01 0.000000000000000000e+00
6.000000000000000888e-01 7.833333333333333259e-01 0.000000000000000000e+00
6.000000000000000888e-01 8.000000000000000444e-01 0.000000000000000000e+00
6.000000000000000888e-01 8.166666666666666519e-01 0.000000000000000000e+00
6.000000000000000888e-01 8.333333333333333703e-01 0.000000000000000000e+00
6.000000000000000888e-01 8.499999999999999778e-01 0.000000000000000000e+00
6.000000000000000888e-01 8.666666666666666963e-01 0.000000000000000000e+00
6.000000000000000888e-01 8.833333333333333037e-01 0.000000000000000000e+00
6.000000000000000888e-01 9.000000000000000222e-01 0.000000000000000000e+00
6.000000000000000888e-01 9.166666666666666297e-01 0.000000000000000000e+00
6.000000000000000888e-01 9.333333333333333481e-01 0.000000000000000000e+00
6.000000000000000888e-01 9.499999999999999556e-01 0.000000000000000000e+00
6.000000000000000888e-01 9.666666666666666741e-01 0.000000000000000000e+00
6.000000000000000888e-01 9.833333333333332815e-01 0.000000000000000000e+00
6.000000000000000888e-01 1.000000000000000000e+00 0.000000000000000000e+00
7.000000000000000666e-01 0.000000000000000000e+00 0.000000000000000000e+00
7.000000000000000666e-01 1.666666666666666644e-02 0.000000000000000000e+00
7.000000000000000666e-01 3.333333333333333287e-02 0.000000000000000000e+00
7.000000000000000666e-01 5.000000000000000278e-02 0.000000000000000000e+00
7.000000000000000666e-01 6.666666666666666574e-02 0.000000000000000000e+00
7.000000000000000666e-01 8.333333333333332871e-02 0.000000000000000000e+00
7.000000000000000666e-01 1.000000000000000056e-01 0.000000000000000000e+00
7.000000000000000666e-01 1.166666666666666685e-01 0.000000000000000000e+00
7.000000000000000666e-01 1.333333333333333315e-01 0.000000000000000000e+00
7.000000000000000666e-01 1.499999999999999944e-01 0.000000000000000000e+00
7.000000000000000666e-01 1.666666666666666574e-01 0.000000000000000000e+00
7.000000000000000666e-01 1.833333333333333204e-01 0.000000000000000000e+00
7.000000000000000666e-01 2.000000000000000111e-01 0.000000000000000000e+00
7.000000000000000666e-01 2.166666666666666741e-01 0.000000000000000000e+00
7.000000000000000666e-01 2.333333333333333370e-01 0.000000000000000000e+00
7.000000000000000666e-01 2.500000000000000000e-01 0.000000000000000000e+00
7.000000000000000666e-01 2.666666666666666630e-01 0.000000000000000000e+00
7.000000000000000666e-01 2.833333333333333259e-01 0.000000000000000000e+00
7.000000000000000666e-01 2.999999999999999889e-01 0.000000000000000000e+00
7.000000000000000666e-01 3.166666666666666519e-01 0.000000000000000000e+00
7.000000000000000666e-01 3.333333333333333148e-01 0.000000000000000000e+00
7.000000000000000666e-01 3.499999999999999778e-01 0.000000000000000000e+00
7.000000000000000666e-01 3.666666666666666408e-01 0.000000000000000000e+00
7.000000000000000666e-01 3.833333333333333037e-01 0.000000000000000000e+00
7.000000000000000666e-01 4.000000000000000222e-01 0.000000000000000000e+00
7.000000000000000666e-01 4.166666666666666852e-01 0.000000000000000000e+00
7.000000000000000666e-01 4.333333333333333481e-01 0.000000000000000000e+00
7.000000000000000666e-01 4.500000000000000111e-01 0.000000000000000000e+00
7.000000000000000666e-01 4.666666666666666741e-01 0.000000000000000000e+00
7.000000000000000666e-01 4.833333333333333370e-01 0.000000000000000000e+00
7.000000000000000666e-01 5.000000000000000000e-01 0.000000000000000000e+00
7.000000000000000666e-01 5.166666666666666075e-01 0.000000000000000000e+00
7.000000000000000666e-01 5.333333333333333259e-01 0.000000000000000000e+00
7.000000000000000666e-01 5.500000000000000444e-01 0.000000000000000000e+00
7.000000000000000666e-01 5.666666666666666519e-01 0.000000000000000000e+00
7.000000000000000666e-01 5.833333333333333703e-01 0.000000000000000000e+00
7.000000000000000666e-01 5.999999999999999778e-01 0.000000000000000000e+00
7.000000000000000666e-01 6.166666666666666963e-01 0.000000000000000000e+00
7.000000000000000666e-01 6.333333333333333037e-01 0.000000000000000000e+00
7.000000000000000666e-01 6.500000000000000222e-01 0.000000000000000000e+00
7.000000000000000666e-01 6.666666666666666297e-01 0.000000000000000000e+00
7.000000000000000666e-01 6.833333333333333481e-01 0.000000000000000000e+00
7.000000000000000666e-01 6.999999999999999556e-01 0.000000000000000000e+00
7.000000000000000666e-01 7.166666666666666741e-01 0.000000000000000000e+00
7.000000000000000666e-01 7.333333333333332815e-01 0.000000000000000000e+00
7.000000000000000666e-01 7.500000000000000000e-01 0.000000000000000000e+00
7.000000000000000666e-01 7.666666666666666075e-01 0.000000000000000000e+00
7.000000000000000666e-01 7.833333333333333259e-01 0.000000000000000000e+00
7.000000000000000666e-01 8.000000000000000444e-01 0.000000000000000000e+00
7.000000000000000666e-01 8.166666666666666519e-01 0.000000000000000000e+00
7.000000000000000666e-01 8.333333333333333703e-01 0.000000000000000000e+00
7.000000000000000666e-01 8.499999999999999778e-01 0.000000000000000000e+00
7.000000000000000666e-01 8.666666666666666963e-01 0.000000000000000000e+00
7.000000000000000666e-01 8.833333333333333037e-01 0.000000000000000000e+00
7.000000000000000666e-01 9.000000000000000222e-01 0.000000000000000000e+00
7.000000000000000666e-01 9.166666666666666297e-01 0.000000000000000000e+00
7.000000000000000666e-01 9.333333333333333481e-01 0.000000000000000000e+00
7.000000000000000666e-01 9.499999999999999556e-01 0.000000000000000000e+00
7.000000000000000666e-01 9.666666666666666741e-01 0.000000000000000000e+00
7.000000000000000666e-01 9.833333333333332815e-01 0.000000000000000000e+00
7.000000000000000666e-01 1.000000000000000000e+00 0.000000000000000000e+00
8.000000000000000444e-01 0.000000000000000000e+00 0.000000000000000000e+00
8.000000000000000444e-01 1.666666666666666644e-02 0.000000000000000000e+00
8.000000000000000444e-01 3.333333333333333287e-02 0.000000000000000000e+00
8.000000000000000444e-01 5.000000000000000278e-02 0.000000000000000000e+00
8.000000000000000444e-01 6.666666666666666574e-02 0.000000000000000000e+00
8.000000000000000444e-01 8.333333333333332871e-02 0.000000000000000000e+00
8.000000000000000444e-01 1.000000000000000056e-01 0.000000000000000000e+00
8.000000000000000444e-01 1.166666666666666685e-01 0.000000000000000000e+00
8.000000000000000444e-01 1.333333333333333315e-01 0.000000000000000000e+00
8.000000000000000444e-01 1.499999999999999944e-01 0.000000000000000000e+00
8.000000000000000444e-01 1.666666666666666574e-01 0.000000000000000000e+00
8.000000000000000444e-01 1.833333333333333204e-01 0.000000000000000000e+00
8.000000000000000444e-01 2.000000000000000111e-01 0.000000000000000000e+00
8.000000000000000444e-01 2.166666666666666741e-01 0.000000000000000000e+00
8.000000000000000444e-01 2.333333333333333370e-01 0.000000000000000000e+00
8.000000000000000444e-01 2.500000000000000000e-01 0.000000000000000000e+00
8.000000000000000444e-01 2.666666666666666630e-01 0.000000000000000000e+00
8.000000000000000444e-01 2.833333333333333259e-01 0.000000000000000000e+00
8.000000000000000444e-01 2.999999999999999889e-01 0.000000000000000000e+00
8.000000000000000444e-01 3.166666666666666519e-01 0.000000000000000000e+00
8.000000000000000444e-01 3.333333333333333148e-01 0.000000000000000000e+00
8.000000000000000444e-01 3.499999999999999778e-01 0.000000000000000000e+00
8.000000000000000444e-01 3.666666666666666408e-01 0.000000000000000000e+00
8.000000000000000444e-01 3.833333333333333037e-01 0.000000000000000000e+00
8.000000000000000444e-01 4.000000000000000222e-01 0.000000000000000000e+00
8.000000000000000444e-01 4.166666666666666852e-01 0.000000000000000000e+00
8.000000000000000444e-01 4.333333333333333481e-01 0.000000000000000000e+00
8.000000000000000444e-01 4.500000000000000111e-01 0.000000000000000000e+00
8.000000000000000444e-01 4.666666666666666741e-01 0.000000000000000000e+00
8.000000000000000444e-01 4.833333333333333370e-01 0.000000000000000000e+00
8.000000000000000444e-01 5.000000000000000000e-01 0.000000000000000000e+00
8.000000000000000444e-01 5.166666666666666075e-01 0.000000000000000000e+00
8.000000000000000444e-01 5.333333333333333259e-01 0.000000000000000000e+00
8.000000000000000444e-01 5.500000000000000444e-01 0.000000000000000000e+00
8.000000000000000444e-01 5.666666666666666519e-01 0.000000000000000000e+00
8.000000000000000444e-01 5.833333333333333703e-01 0.000000000000000000e+00
8.000000000000000444e-01 5.999999999999999778e-01 0.000000000000000000e+00
8.000000000000000444e-01 6.166666666666666963e-01 0.000000000000000000e+00
8.000000000000000444e-01 6.333333333333333037e-01 0.000000000000000000e+00
8.000000000000000444e-01 6.500000000000000222e-01 0.000000000000000000e+00
8.000000000000000444e-01 6.666666666666666297e-01 0.000000000000000000e+00
8.000000000000000444e-01 6.833333333333333481e-01 0.000000000000000000e+00
8.000000000000000444e-01 6.999999999999999556e-01 0.000000000000000000e+00
8.000000000000000444e-01 7.166666666666666741e-01 0.000000000000000000e+00
8.000000000000000444e-01 7.333333333333332815e-01 0.000000000000000000e+00
8.000000000000000444e-01 7.500000000000000000e-01 0.000000000000000000e+00
8.000000000000000444e-01 7.666666666666666075e-01 0.000000000000000000e+00
8.000000000000000444e-01 7.833333333333333259e-01 0.000000000000000000e+00
8.000000000000000444e-01 8.000000000000000444e-01 0.000000000000000000e+00
8.000000000000000444e-01 8.166666666666666519e-01 0.000000000000000000e+00
8.000000000000000444e-01 8.333333333333333703e-01 0.000000000000000000e+00
8.000000000000000444e-01 8.499999999999999778e-01 0.000000000000000000e+00
8.000000000000000444e-01 8.666666666666666963e-01 0.000000000000000000e+00
8.000000000000000444e-01 8.833333333333333037e-01 0.000000000000000000e+00
8.000000000000000444e-01 9.000000000000000222e-01 0.000000000000000000e+00
8.000000000000000444e-01 9.166666666666666297e-01 0.000000000000000000e+00
8.000000000000000444e-01 9.333333333333333481e-01 0.000000000000000000e+00
8.000000000000000444e-01 9.499999999999999556e-01 0.000000000000000000e+00
8.000000000000000444e-01 9.666666666666666741e-01 0.000000000000000000e+00
8.000000000000000444e-01 9.833333333333332815e-01 0.000000000000000000e+00
8.000000000000000444e-01 1.000000000000000000e+00 0.000000000000000000e+00
9.000000000000000222e-01 1.000000000000000000e+00 2.018819206822737554e-06
9.000000000000000222e-01 1.243249486701376583e+00 1.441170137140642463e-06
9.000000000000000222e-01 1.545669286183236402e+00 1.097979700688117032e-06
9.000000000000000222e-01 1.921652546657391936e+00 8.409391183919169450e-07
9.000000000000000222e-01 2.389093542250195767e+00 6.630681026622335107e-07
9.000000000000000222e-01 2.970239320084129719e+00 5.404570658886475214e-07
9.000000000000000222e-01 3.692748510074840063e+00 4.224984376936650585e-07
9.000000000000000222e-01 4.591007689667818248e+00 3.343253929127408567e-07
9.000000000000000222e-01 5.707767953621588397e+00 2.503248171956704717e-07
9.000000000000000222e-01 7.096179578550607658e+00 2.067941358428345809e-07
9.000000000000000222e-01 8.822321618573832680e+00 1.635791357670053259e-07
9.000000000000000222e-01 1.096834682380637460e+01 1.392207716401184315e-07
9.000000000000000222e-01 1.363639155865995178e+01 1.119153018596796123e-07
9.000000000000000222e-01 1.695343680576297274e+01 1.138241014259806081e-07
9.000000000000000222e-01 2.107735160658903339e+01 8.597293096134154812e-08
9.000000000000000222e-01 2.620440656591625483e+01 7.422113007848671654e-08
9.000000000000000222e-01 3.257861501238957658e+01 6.278218031470552647e-08
9.000000000000000222e-01 3.756286710307750099e+01 6.300243414642312797e-08
9.000000000000000222e-01 4.050334639159510886e+01 5.068428885919187186e-08
9.000000000000000222e-01 4.295650955890401690e+01 3.898614912313546952e-08
9.000000000000000222e-01 4.835015201473052571e+01 5.867578445258545928e-08
9.000000000000000222e-01 5.035576461103867985e+01 6.331962381781566688e-08
9.000000000000000222e-01 5.374379447055704162e+01 6.249314664780365391e-08
9.000000000000000222e-01 5.913743692638355753e+01 6.999778552322220761e-08
9.000000000000000222e-01 6.260477850512916120e+01 5.978380148433113036e-08
9.000000000000000222e-01 6.453107938221006634e+01 6.777406165714672061e-08
9.000000000000000222e-01 6.992472183803658936e+01 7.476092633633113393e-08
9.000000000000000222e-01 7.531836429386308396e+01 8.607545262381769645e-08
9.000000000000000222e-01 8.071200674968960698e+01 1.048193572842166033e-07
9.000000000000000222e-01 8.610564920551613000e+01 1.215678142892787524e-07
9.000000000000000222e-01 9.149929166134262459e+01 1.455050451122917495e-07
9.000000000000000222e-01 9.689293411716914761e+01 1.655091305024226203e-07
9.000000000000000222e-01 1.022865765729956706e+02 1.848391128509984785e-07
9.000000000000000222e-01 1.076802190288221652e+02 2.233696473579382144e-07
9.000000000000000222e-01 1.130738614846486882e+02 2.487966095466115752e-07
9.000000000000000222e-01 1.184675039404752113e+02 2.775696882559148020e-07
9.000000000000000222e-01 1.238611463963017059e+02 3.032736712322746097e-07
9.000000000000000222e-01 1.292547888521282289e+02 3.238761941520853184e-07
9.000000000000000222e-01 1.346484313079547519e+02 3.425157312697789861e-07
9.000000000000000222e-01 1.400420737637812465e+02 3.747382277057379055e-07
9.000000000000000222e-01 1.454357162196077695e+02 4.001413188771247969e-07
9.000000000000000222e-01 1.508293586754342925e+02 4.161761976709148728e-07
9.000000000000000222e-01 1.562230011312607871e+02 4.511261804246692361e-07
9.000000000000000222e-01 1.616166435870873102e+02 4.767138726329074670e-07
9.000000000000000222e-01 1.670102860429138332e+02 4.965285183102976400e-07
9.000000000000000222e-01 1.724039284987403278e+02 5.231942843526904812e-07
9.000000000000000222e-01 1.777975709545668508e+02 5.388852380286811319e-07
9.000000000000000222e-01 1.831912134103933738e+02 5.381152578549239630e-07
9.000000000000000222e-01 1.885848558662198684e+02 5.491482958779181240e-07
9.000000000000000222e-01 1.939784983220463914e+02 5.627056059465245169e-07
9.000000000000000222e-01 1.993721407778729144e+02 5.562748737078469969e-07
9.000000000000000222e-01 2.047657832336994090e+02 5.434953858638934070e-07
9.000000000000000222e-01 2.101594256895259321e+02 5.063377899310720553e-07
9.000000000000000222e-01 2.155530681453524551e+02 4.728032387240747776e-07
9.000000000000000222e-01 2.209467106011789497e+02 4.328658877307766629e-07
9.000000000000000222e-01 2.263403530570054727e+02 3.647783289630192708e-07
9.000000000000000222e-01 2.317339955128319957e+02 3.133983561870007402e-07
9.000000000000000222e-01 2.371276379686584903e+02 2.389722100071861728e-07
9.000000000000000222e-01 2.425212804244850133e+02 1.445684924942012532e-07
9.000000000000000222e-01 2.479149228803115079e+02 5.243349201680529422e-08
9.000000000000000222e-01 2.504191140205166732e+02 0.000000000000000000e+00
1.000000000000000000e+00 1.000000000000000000e+00 3.129642841942476137e-06
1.000000000000000000e+00 1.249752408867315312e+00 2.226970971895969287e-06
1.000000000000000000e+00 1.561881083469657261e+00 1.700234853870774381e-06
1.000000000000000000e+00 1.951964646430496719e+00 1.279391958895517357e-06
1.000000000000000000e+00 2.439472518900350551e+00 1.035243716025482805e-06
1.000000000000000000e+00 3.048736656861330108e+00 7.645460970946271099e-07
1.000000000000000000e+00 3.810165980914533623e+00 6.531174805149496885e-07
1.000000000000000000e+00 4.761764112832235440e+00 5.084028799084084658e-07
1.000000000000000000e+00 5.951026170470020915e+00 3.920298077050221944e-07
1.000000000000000000e+00 7.437309291777341791e+00 3.093740613927951025e-07
1.000000000000000000e+00 9.294795202889998720e+00 2.661452949045755611e-07
1.000000000000000000e+00 1.161619269474014260e+01 2.085575811535831100e-07
1.000000000000000000e+00 1.451736480211841140e+01 1.775686745491649725e-07
1.000000000000000000e+00 1.814311163185305986e+01 1.459293485716395084e-07
1.000000000000000000e+00 2.267439746625696628e+01 1.114088701694981949e-07
1.000000000000000000e+00 2.833738285306959170e+01 1.069625297085153482e-07
1.000000000000000000e+00 3.541471248161907681e+01 8.772535156882009446e-08
1.000000000000000000e+00 4.147696003657274844e+01 9.449502480534501091e-08
1.000000000000000000e+00 4.425962223324681588e+01 8.014617283626695703e-08
1.000000000000000000e+00 4.743262609310627198e+01 7.173295534719541039e-08
1.000000000000000000e+00 5.338829214963979553e+01 9.526595008409581806e-08
1.000000000000000000e+00 5.531356950155759478e+01 1.059781349587015962e-07
1.000000000000000000e+00 5.934395820617331907e+01 1.199211793431982881e-07
1.000000000000000000e+00 6.529962426270684261e+01 8.671102164313345377e-08
1.000000000000000000e+00 6.912826672762126634e+01 1.308034599540708406e-07
1.000000000000000000e+00 7.125529031924037326e+01 1.201337678295935290e-07
1.000000000000000000e+00 7.721095637577388970e+01 1.580285807611863998e-07
1.000000000000000000e+00 8.316662243230740614e+01 1.731235047502754304e-07
1.000000000000000000e+00 8.912228848884093679e+01 2.074142222670773150e-07
1.000000000000000000e+00 9.507795454537446744e+01 2.619109334667275322e-07
1.000000000000000000e+00 1.010336206019079839e+02 2.879901923969790190e-07
1.000000000000000000e+00 1.069892866584415145e+02 3.647150498771969944e-07
1.000000000000000000e+00 1.129449527149750310e+02 4.100243979434130976e-07
1.000000000000000000e+00 1.189006187715085474e+02 4.839043089134917831e-07
1.000000000000000000e+00 1.248562848280420781e+02 5.204851287608150313e-07
1.000000000000000000e+00 1.308119508845755945e+02 5.749810981474489976e-07
1.000000000000000000e+00 1.367676169411091109e+02 5.327248247930745638e-07
1.000000000000000000e+00 1.427232829976426274e+02 5.633519994750255239e-07
1.000000000000000000e+00 1.486789490541761722e+02 6.083035392985243619e-07
1.000000000000000000e+00 1.546346151107097171e+02 6.540507421722485457e-07
1.000000000000000000e+00 1.605902811672432335e+02 7.240146524879188999e-07
1.000000000000000000e+00 1.665459472237767500e+02 7.897855103080045771e-07
1.000000000000000000e+00 1.725016132803102664e+02 8.897133109976950488e-07
1.000000000000000000e+00 1.784572793368437829e+02 9.420265062588406195e-07
1.000000000000000000e+00 1.844129453933772993e+02 1.013607478819539256e-06
1.000000000000000000e+00 1.903686114499108157e+02 9.774424697720637080e-07
1.000000000000000000e+00 1.963242775064443322e+02 1.021724263638140354e-06
1.000000000000000000e+00 2.022799435629779055e+02 1.102908367270873116e-06
1.000000000000000000e+00 2.082356096195114219e+02 9.806147273284581338e-07
1.000000000000000000e+00 2.141912756760449383e+02 1.039333732821208092e-06
1.000000000000000000e+00 2.201469417325784548e+02 9.492716104121511905e-07
1.000000000000000000e+00 2.261026077891119712e+02 9.759826789476550699e-07
1.000000000000000000e+00 2.320582738456454877e+02 1.006485398802244800e-06
1.000000000000000000e+00 2.380139399021790041e+02 7.023475122232427465e-07
1.000000000000000000e+00 2.439696059587125205e+02 7.193223625037174212e-07
1.000000000000000000e+00 2.499252720152460938e+02 7.366266183809910387e-07
1.000000000000000000e+00 2.558809380717796103e+02 5.838602868131690666e-07
1.000000000000000000e+00 2.618366041283131267e+02 3.089914895053368033e-07
1.000000000000000000e+00 2.677922701848466431e+02 2.004408007308708526e-07
1.000000000000000000e+00 2.737479362413801596e+02 5.619308227891071637e-08
1.000000000000000000e+00 2.765130669104850085e+02 0.000000000000000000e+00
