1.000000000000000021e-02 0.000000000000000000e+00
1.058372734497953910e-02 5.673258016977221485e-02
1.120152845128676543e-02 1.134651550227949307e-01
1.185539229754500531e-02 1.701977177182536771e-01
1.254742396449868951e-02 2.269302805970433434e-01
1.327985141221163685e-02 2.836628485653821530e-01
1.405503265286894496e-02 3.403954200576636557e-01
1.487546334227493779e-02 3.971279916844938085e-01
1.574378481448759914e-02 4.538605655788641724e-01
1.666279258545660252e-02 5.105931392090681253e-01
1.763544535304193903e-02 5.673257114171404991e-01
1.866487452238823133e-02 6.240582873015050325e-01
1.975439428732122735e-02 6.807908612911055535e-01
2.090751230022291560e-02 7.375234319708384723e-01
2.212794096473654631e-02 7.942560079793810068e-01
2.341960938765750080e-02 8.509885830545620422e-01
2.478667602848903459e-02 9.077211551535281364e-01
2.623354208738681165e-02 9.644537254310060481e-01
2.776486567459475821e-02 1.021186294092017555e+00
2.938557680698921856e-02 1.077918868858109613e+00
3.110089328001285069e-02 1.134651445947613135e+00
3.291633746609622796e-02 1.191384011048930436e+00
3.483775409364973236e-02 1.248116595386909111e+00
3.687132906386333953e-02 1.304849162717785616e+00
3.902360936589492624e-02 1.361581733794573701e+00
4.130152415456218168e-02 1.418314311885262802e+00
4.371240705839727486e-02 1.475046875502799004e+00
4.626401978988358560e-02 1.531779454346670066e+00
4.896457713388654986e-02 1.588512037040275438e+00
5.182277339472749628e-02 1.645244594662881754e+00
5.484781038704555911e-02 1.701977165770461875e+00
5.804942706056269441e-02 1.758709750579306785e+00
6.143793085412726368e-02 1.815442320597325576e+00
6.502423087997889761e-02 1.872174885604951378e+00
6.881987304506956282e-02 1.928907461165666692e+00
7.283707722251230032e-02 1.985640038074481861e+00
7.708877659282899197e-02 2.042372603351751525e+00
8.158865928165427717e-02 2.099105181855943858e+00
8.635121242794631391e-02 2.155837762684499115e+00
9.139176882457925033e-02 2.212570331690303593e+00
9.672655628147480700e-02 2.269302892889303536e+00
1.023727498701947347e-01 2.326035474837222505e+00
1.083485272181930609e-01 2.382768055808480057e+00
1.146731270307449896e-01 2.439500623174001515e+00
1.213669110289608138e-01 2.496233189650257422e+00
1.284514295032911368e-01 2.552965766907850043e+00
1.359494906935694025e-01 2.609698344480627430e+00
1.438852342189572142e-01 2.666430911235876611e+00
1.522842087941962408e-01 2.723163490046196067e+00
1.611734544823708315e-01 2.779896071595620022e+00
1.705815897489883493e-01 2.836628648112392348e+00
1.805389035976449619e-01 2.893361207736648844e+00
1.910774530839019769e-01 2.950093786960293230e+00
2.022311665213138432e-01 3.006826372162044070e+00
2.140359527118740335e-01 3.063558946126268889e+00
2.265298165525408969e-01 3.120291517233439116e+00
2.397529813900325657e-01 3.177024093221945567e+00
2.537480185178058179e-01 3.233756675956739546e+00
2.685599842321276243e-01 3.290489251079049549e+00
2.842365648884843110e-01 3.347221822705396033e+00
3.008282304253303008e-01 3.403954412204721169e+00
3.183883968494374272e-01 3.460687001228286874e+00
3.369735982059588464e-01 3.517419575562232836e+00
3.566436685868554779e-01 3.574152148077406110e+00
3.774619347636523070e-01 3.630884740377355868e+00
3.994954200646950171e-01 3.687617333558810717e+00
4.228150601532800201e-01 3.744349916103026921e+00
4.474959314013439160e-01 3.801082498519242403e+00
4.736174925939491409e-01 3.857815089795093133e+00
5.012638407427224552e-01 3.914547688586092811e+00
5.305239818318220335e-01 3.971280278318054968e+00
5.614921173680883504e-01 4.028012870094094033e+00
5.942679476579098008e-01 4.084745481906217002e+00
6.289569927871889732e-01 4.141478095031730255e+00
6.656709323377871801e-01 4.198210695006476811e+00
7.045279649341462669e-01 4.254943298690345266e+00
7.456531887776309819e-01 4.311675924850289832e+00
7.891790043937004784e-01 4.368408555805547877e+00
8.352455408885335331e-01 4.425141191904838678e+00
8.840011070874198573e-01 4.481873810887183396e+00
9.356026690073312446e-01 4.538606455104009285e+00
9.902163552008728109e-01 4.595339113483249527e+00
1.048017991598545473e+00 4.652071770776456283e+00
1.109193667571205966e+00 4.708804436889368006e+00
1.173940335035152271e+00 4.765537132024008748e+00
1.242466442528597836e+00 4.822269838850554713e+00
1.314992606300937616e+00 4.879002546119708406e+00
1.391752320575314172e+00 4.935735265796726168e+00
1.472992709271168987e+00 4.992468023028728830e+00
1.558975321606876019e+00 5.049200802126906140e+00
1.649976974143897435e+00 5.105933603571378043e+00
1.746290641983335723e+00 5.162666409578266169e+00
1.848226401984091494e+00 5.219399260456768275e+00
1.956112431039216615e+00 5.276132150452132130e+00
2.070296062624417122e+00 5.332865071224545339e+00
2.191144905020150802e+00 5.389598028928731743e+00
2.319048024807435660e+00 5.446331049336095909e+00
2.454417199447525899e+00 5.503064121573764567e+00
2.597688242978086759e+00 5.559797243391231270e+00
2.749322409093904351e+00 5.616530420563214498e+00
2.909807876129216542e+00 5.673263689455430026e+00
3.079661318722564101e+00 5.729997046172193187e+00
3.259429571223973809e+00 5.786730494071250064e+00
3.449691388199812359e+00 5.843464026286310897e+00
3.651059307703076406e+00 5.900197685926387159e+00
3.864181623307914037e+00 5.956931483456590293e+00
4.089744471257137803e+00 6.013665423739506188e+00
4.328474039442308019e+00 6.070399520813618111e+00
4.581138905327957644e+00 6.127133815040482823e+00
4.848552510346916478e+00 6.183868315900723722e+00
5.131575778732782922e+00 6.240603044198913096e+00
5.431119889220885177e+00 6.297338011760950316e+00
5.748149208540930921e+00 6.354073286279466437e+00
6.083684396145717876e+00 6.410808895380863071e+00
6.438805690171274243e+00 6.467544864563517848e+00
6.814656385207560341e+00 6.524281243307554767e+00
7.212446513076064214e+00 6.581018044353841745e+00
7.633456738464551528e+00 6.637755384499534728e+00
8.079042481960556188e+00 6.694493296273272165e+00
8.550638283757734825e+00 6.751231839570762894e+00
9.049762422083562186e+00 6.807971110655639535e+00
9.578021801217412090e+00 6.864711191139014623e+00
1.013711712483548588e+01 6.921452172390966773e+00
1.072884837133817548e+01 6.978194139412705610e+00
1.135512058878709851e+01 7.034937252059783930e+00
1.201795002810862378e+01 7.091681644576974364e+00
1.271947063430908109e+01 7.148427452517107206e+00
1.346194091660013470e+01 7.205174852303882993e+00
1.424775121955197044e+01 7.261924000783663402e+00
1.507943141868376991e+01 7.318675170125853668e+00
1.595965906526671141e+01 7.375428575747841720e+00
1.689126800656137917e+01 7.432184472702634714e+00
1.787725750924218104e+01 7.488943177858540245e+00
1.892080191538071787e+01 7.545705036082672734e+00
2.002526086207562628e+01 7.602470411366295089e+00
2.119419009762982498e+01 7.659239707658464624e+00
2.243135292909794742e+01 7.716013426520521357e+00
2.374073233805807348e+01 7.772792106569781367e+00
2.512654380361454187e+01 7.829576326082456461e+00
2.659324887391412773e+01 7.886366753260698026e+00
2.814556952986914595e+01 7.943164108517500210e+00
2.978850338732988590e+01 7.999969275697897508e+00
3.152733978664991454e+01 8.056783175204371261e+00
3.336767682144279235e+01 8.113606841414114257e+00
3.531543936135442152e+01 8.170441463025145623e+00
3.737689812687334268e+01 8.227288375296815559e+00
3.955868987759041033e+01 8.284149037301284935e+00
4.186783877890187711e+01 8.341025146958607195e+00
4.431177901594588064e+01 8.397918469310502232e+00
4.689837872757566828e+01 8.454831155093428308e+00
4.963596533742496320e+01 8.511765517954891891e+00
5.253335236361608906e+01 8.568724170706243370e+00
5.559986779342494145e+01 8.625710022856832637e+00
5.884538411425184989e+01 8.682726397504151095e+00
6.228035009758322360e+01 8.739776969172417864e+00
6.591582443826904125e+01 8.796865857337230921e+00
6.976351135741789733e+01 8.853997697531713840e+00
7.383579828352941377e+01 8.911177708744792980e+00
7.814579573317840300e+01 8.968411706975464526e+00
8.270737951964252943e+01 9.025706229464081076e+00
8.753523542536417779e+01 9.083068632320946634e+00
9.264490648206481183e+01 9.140507206904349147e+00
9.805284301073010056e+01 9.198031135695744709e+00
1.037764555825650774e+02 9.255650856723315556e+00
1.098341710714249047e+02 9.313378061200710434e+00
1.162454919781798708e+02 9.371225897681458861e+00
1.230310592180062770e+02 9.429209158616176367e+00
1.302127185727410676e+02 9.487344456791813485e+00
1.378135910222445659e+02 9.545650517797586332e+00
1.458581471811954202e+02 9.604148452117158286e+00
1.543722860809669157e+02 9.662862016198012327e+00
1.633834185502134915e+02 9.721818032209322169e+00
1.729205554626132653e+02 9.781046746147062265e+00
1.830144011358708553e+02 9.840582409436116507e+00
1.936974521826771820e+02 9.900463706199149172e+00
2.050041021318668300e+02 9.960734388206308410e+00
2.169707521566018613e+02 1.002144421760807980e+01
2.296359282660602048e+02 1.008264956501848353e+01
2.430404053379262450e+02 1.014441458318114897e+01
2.572273383909922586e+02 1.020681233955627576e+01
2.722424015205051546e+02 1.026992621478139078e+01
2.881339349435465351e+02 1.033385161417304587e+01
3.049531006278571112e+02 1.039869790614196887e+01
3.227540470051350212e+02 1.046459078436809698e+01
3.415940832991061029e+02 1.053167513499332131e+01
3.615338640295962023e+02 1.060011856521657769e+01
3.826375842866154358e+02 1.067011553201170848e+01
4.049731864031167561e+02 1.074189253178850478e+01
4.286125786918165090e+02 1.081571452848098858e+01
4.536318669502766170e+02 1.089189284099927768e+01
4.801115994795765687e+02 1.097079520084888493e+01
5.081370264053861661e+02 1.105285812490404140e+01
5.377983741363267427e+02 1.113860272080280467e+01
5.691911358432181487e+02 1.122865639258800741e+01
6.024163788943835698e+02 1.132377662952150565e+01
6.375810702368045213e+02 1.142488777283026202e+01
6.747984207706577990e+02 1.153312466833058458e+01
7.141882498259424210e+02 1.164989347110365259e+01
7.558773709145909834e+02 1.177694893891918859e+01
8.000000000000003411e+02 1.191650268483418529e+01
